  0.00000000005384425  0.00000000014660667  0.00000000021089284  0.00000000028345914
  0.00000000036340654  0.00000000045810806  0.00000000055140554  0.00000000065178813
  0.00000000075649336  0.00000000086330305  0.00000000097177651  0.00000000108623023
  0.00000000119635161  0.00000000130411874  0.00000000142121764  0.00000000153992450
  0.00000000165567910  0.00000000177325227  0.00000000189531120  0.00000000203463928
  0.00000000217969156  0.00000000231573617  0.00000000244347515  0.00000000255981025
  0.00000000265844399  0.00000000274832282  0.00000000284812322  0.00000000295977083
  0.00000000307873957  0.00000000318099447  0.00000000327923702  0.00000000338168865
  0.00000000348132281  0.00000000359543888  0.00000000372326884  0.00000000385758572
  0.00000000396875799  0.00000000408524560  0.00000000420281432  0.00000000431768040
  0.00000000443702097  0.00000000457022712  0.00000000469956891  0.00000000483161173
  0.00000000496627717  0.00000000511122285  0.00000000527894940  0.00000000546268514
  0.00000000564993879  0.00000000582897634  0.00000000600103963  0.00000000615373429
  0.00000000633005927  0.00000000651885531  0.00000000671071449  0.00000000690205469
  0.00000000709414444  0.00000000729284427  0.00000000750089888  0.00000000773823372
  0.00000000794320381  0.00000000812246344  0.00000000832202346  0.00000000852972043
  0.00000000875172610  0.00000000899103746  0.00000000924147143  0.00000000951199490
  0.00000000980383321  0.00000001008800920  0.00000001035860316  0.00000001061599392
  0.00000001087425262  0.00000001113970147  0.00000001140520200  0.00000001167006267
  0.00000001192716665  0.00000001216474019  0.00000001242377516  0.00000001270422105
  0.00000001299456589  0.00000001330576420  0.00000001366327546  0.00000001405660078
  0.00000001442197775  0.00000001479396496  0.00000001518282920  0.00000001565497374
  0.00000001626227067  0.00000001689749582  0.00000001757780385  0.00000001830559722
  0.00000001920133431  0.00000002035111862  0.00000002125622038  1.00000000000000000
  0.00906863965871765  0.01716054957612853  0.02805875213019531  0.03819219606684080
  0.04608935482669448  0.05218185256845784  0.05842991646523389  0.06499517700807883
  0.07188967575785546  0.07881355191132845  0.08561796452420958  0.09187316873213627
  0.09794025258543615  0.10643177015320594  0.11991961661033411  0.13537492371580209
  0.14950295933861435  0.16183078631714015  0.17212805734944234  0.18096771200594952
  0.19045507687872604  0.20032062340860343  0.21133467443556120  0.22335593525322905
  0.23416514022548579  0.24288083386988663  0.25094091899572607  0.25887488748238585
  0.26768590358628347  0.27628433066435576  0.28384639870044653  0.29138601213227722
  0.30050930562925043  0.31138455156800759  0.32201365759940337  0.33537093858560119
  0.35125946121934443  0.36722199287680435  0.38034659543845994  0.39029810261168807
  0.40031150717170477  0.40963946238976162  0.41835068231881473  0.42849119602370384
  0.43833017769128285  0.44807960192824814  0.45889975506298747  0.47073265981393153
  0.48185253725799193  0.49236734018201134  0.50271876967904872  0.51393672212739594
  0.52734576906285113  0.54126240534133319  0.55486555387583925  0.56770103304740083
  0.58022404131796246  0.59298442529002782  0.60623773397093128  0.62171279336671226
  0.63769146018862399  0.65021970731542977  0.65984903908791681  0.66869542671055548
  0.67826517928342922  0.68833509167310436  0.69832134085834641  0.70974131246557992
  0.72252259882434211  0.73469508680113971  0.74590194415080868  0.75694320443898322
  0.76817769863787544  0.77886088431025613  0.78971286363776394  0.80062208286996750
  0.81074754081201439  0.82194499769135809  0.83430718557181893  0.84613172200422937
  0.85778133972428705  0.86942270538572797  0.87900891444281248  0.88644939158848146
  0.89411636790970883  0.90193072941625041  0.90924324524831446  0.91617652101959646
  0.92345368947068740  0.93101919217823226  0.93737980056068193  0.94623933966458929
  0.95682430703830734  0.96852743785406081  0.98236212738579809  1.00000000000000000
 -0.00001455978375520  0.00060172689343859  0.00286446010292686  0.00633025300836524
  0.01111347568159496  0.01573885257715453  0.02100641830038206  0.02811396094082235
  0.03514070501015600  0.04193333210057567  0.04884302724078480  0.05587828462442693
  0.06340064500799185  0.07209420617115643  0.08262142350444096  0.09382348953201633
  0.10490517628220672  0.11506507667868161  0.12420967310441369  0.13303425110008732
  0.14072858265368435  0.14788843332938681  0.15522404125625500  0.16320360760865302
  0.17301359592399471  0.18305879418342755  0.19301541207172010  0.20115996670283381
  0.20825267595129826  0.21541472828434044  0.22248475114075031  0.22997444698060451
  0.23794305654018577  0.24583167267583056  0.25421636544189613  0.26270066224411415
  0.27059436524835334  0.27759655024230906  0.28392474623302782  0.29016332607398099
  0.29725541076005491  0.30588701289762010  0.31452532691287427  0.32278506134672957
  0.33120576797477114  0.34073543732957440  0.34997049096362370  0.35865275587120332
  0.36907668576909658  0.38103812565913675  0.39388740425708857  0.40697841257067324
  0.42010846472022628  0.43351183621803868  0.44788668707508139  0.46209497783035663
  0.47695788392528771  0.49251938611430407  0.50863014235370507  0.52504477446705433
  0.54145259175576210  0.55713685421417181  0.57159694409535999  0.58487391541405354
  0.59776189455383966  0.61159819993859621  0.62459965471574708  0.63761219035269212
  0.64997470723709494  0.66172121638149117  0.67309971215123998  0.68445515677623392
  0.69618213846551946  0.70857274926945801  0.72064969051827821  0.73136852361544957
  0.74115821645203483  0.75136759973307676  0.76181676805199294  0.77186424895007943
  0.78153299632077311  0.79685385676767406  0.81278858379958041  0.82854097490038359
  0.84336428417348686  0.85703853521971451  0.87066655420499228  0.88405467588498809
  0.89768856401300190  0.91167843536306570  0.92599429276721146  0.94035047110746672
  0.95498791497092950  0.96984116814333698  0.98486378764890004  1.00000000000000000
 -0.00270407985564543  0.01083895219623059  0.02075813557348481  0.03003687084191792
  0.03943585951564063  0.04926779068787497  0.06027439115146545  0.07097866731378211
  0.08295492363426031  0.09548923390454968  0.10806601139656989  0.12135362647031696
  0.13442644106132767  0.14774272169331473  0.15967135211451011  0.17034324577567247
  0.18110168998416712  0.19337707913953431  0.20814877537785800  0.22227425192794112
  0.23509589280492260  0.24562499248504879  0.25531948508721480  0.26402645093226962
  0.27328211689905063  0.28441799272527302  0.29515948941908687  0.30464218379545011
  0.31407337089132653  0.32414169382049235  0.33482553411361410  0.34546863835717956
  0.35575252549255260  0.36691541933259320  0.37857256221144708  0.39116919218200280
  0.40626935202434594  0.41923601439084018  0.43218921458368353  0.44365085085763017
  0.45494469777199481  0.46597422800418897  0.47727938203422837  0.48660278969918486
  0.49418228843831746  0.50247895562044098  0.51180078672791895  0.52200725488031730
  0.53351176801613276  0.54362670636025656  0.55227302998533334  0.55987385190071004
  0.56655925875011870  0.57280182319599715  0.57988333150523830  0.58617820604724880
  0.59156685939285869  0.59739523556751184  0.60626886870527630  0.62027466485856664
  0.63542029255511934  0.64883208661178426  0.66102864996677702  0.67268014729456860
  0.68403423191707102  0.69611190350086538  0.70869959201195054  0.71970050476070846
  0.73025311275952520  0.74029335113993844  0.75046565605532156  0.76012318449876837
  0.76912926612570798  0.77940242253625336  0.79074503267025098  0.80027036354292913
  0.80982766086281976  0.81923516826056464  0.82919513335898420  0.84093684574672245
  0.85417341538797298  0.86558110413601319  0.87769492470019361  0.88940474208203979
  0.90336886157691276  0.91684279742106445  0.92368888359898960  0.93092034846620619
  0.93815538724842162  0.94603160757042193  0.95405805491399276  0.96218980691210898
  0.96991292319879552  0.97716089561283770  0.98563633600864597  1.00000000000000000
 -0.00211604517273841  0.00857187191478410  0.01892638677310021  0.02710418883699147
  0.03521943896538972  0.04329468645541007  0.05293956566204189  0.06377562614104250
  0.07484596526851356  0.08559649049139875  0.09621974609054461  0.10521081621422392
  0.11396695412737720  0.12307170291009560  0.13104817144394504  0.13933648319110062
  0.14771132337017956  0.15479688646217771  0.16232433952983322  0.16972871152891689
  0.17675115712870568  0.18536884114856814  0.19372120315009245  0.20168351474176446
  0.21130217015778757  0.22378761943504452  0.23638362266543930  0.24796145457017621
  0.26256924419577998  0.27368676297092365  0.28275351165177753  0.29115086745504298
  0.29918386127985691  0.30672872454688560  0.31434276259698785  0.32216172694854017
  0.33051267373495696  0.33996786445767302  0.34849722086471385  0.35696595849412305
  0.36659457614963614  0.37873225553689110  0.38750406732767417  0.39875584352595728
  0.40996188253477245  0.42053424352948338  0.43008662341415166  0.43957565131760418
  0.44980475487461441  0.46217700349169805  0.47611001365769751  0.49237527809202020
  0.50823252809090147  0.52284452056353148  0.53626870072129929  0.54893322357171981
  0.56148002942218611  0.57424693111929748  0.58646681334234407  0.59729556583631516
  0.60741536050724398  0.61859916712150975  0.62873457852157388  0.63909258259969504
  0.64827901196871396  0.65797040798977147  0.66843600890536892  0.67933335251578841
  0.69061306756256102  0.70270278863681668  0.71579061320227211  0.72899440741117683
  0.74077426146860270  0.75145401693211722  0.76301641111461838  0.77561977881275324
  0.78794365959809742  0.80000010532975829  0.81158630785770514  0.82260201893558571
  0.83498768571143667  0.84618042459509057  0.85829444484999629  0.86979047447004043
  0.87937928146876465  0.88902506944571458  0.89964208537571833  0.91202403149344335
  0.92225894715838974  0.93348619592570470  0.94524570101992633  0.95714401643432045
  0.96909894049498957  0.98049551906368138  0.99104849141308016  1.00000000000000000
 -0.00183592483069212  0.00830902683015835  0.01859923076236826  0.02954607324228940
  0.04248594065520944  0.05282032501079616  0.06082634003561900  0.06831047276396537
  0.07506614690064900  0.08206831864214981  0.09123544058803866  0.10303532000516276
  0.11567536067638719  0.12978302928485799  0.14486084525380291  0.15923101380549684
  0.17217002196015113  0.18296739588901828  0.19480438903087408  0.20763437365016313
  0.22017763327292031  0.23183884443699090  0.24296403521930768  0.25339525964715071
  0.26264358080689881  0.27232231780610822  0.28251811381728259  0.29264428513492385
  0.30260850823838276  0.31267247999316605  0.32343557990424310  0.33467272108223040
  0.34608499102857421  0.35786451548073783  0.37001632939714962  0.38249568691650671
  0.39557701059915684  0.40948169641287957  0.42405081422948043  0.43638833347803169
  0.44963591721503804  0.46235588040931247  0.47631539668338768  0.49099364585611938
  0.50404091829659270  0.51559206998705065  0.52727642685899989  0.53943807060123539
  0.55148715578473995  0.56225008051220593  0.57440139754557040  0.58701729962536731
  0.59679179910340829  0.60876326613912957  0.62109434323142032  0.63173158758567172
  0.64154750184911979  0.65052071339396667  0.65874390023345641  0.66775767620188853
  0.67798213981907973  0.68924815142170548  0.70149272881465718  0.71395459129985483
  0.72634246719333717  0.73937569552731630  0.75018817325035791  0.75805872306667010
  0.76745596231409119  0.77812421788094510  0.78789794719207684  0.79586335589740653
  0.80296312815575366  0.81074721202398525  0.81793511728968005  0.82510233107978903
  0.83242549476540018  0.83907085401016090  0.84467470940618272  0.85039988959124935
  0.85770684225856364  0.86562221434942110  0.87275920745372715  0.88148769369597124
  0.89238011181675958  0.90273323788892701  0.91202260195016405  0.92138177028188140
  0.93094703842899929  0.94036850498193869  0.94903894827688273  0.95964800297455732
  0.97002196661590145  0.97969700124478565  0.98941832218611447  1.00000000000000000
 -0.00999375409070083  0.11507333596599950  0.18456489604915757  0.22980071671115238
  0.26326094453428595  0.28836432911797921  0.30810611251782649  0.33131641297244763
  0.35967751899217282  0.38537616771262351  0.40640906708879743  0.42455505898401830
  0.43784832157662035  0.45188157962399211  0.46588667036795456  0.48009222737531276
  0.49400679172534478  0.50748976192880324  0.51942051231113151  0.52832602709116472
  0.53629429397190576  0.54486519116462129  0.55347784366008823  0.56201971802745965
  0.56974000722684048  0.57673973067770157  0.58377390734163115  0.59164463022836089
  0.59963516400262518  0.60773572860311564  0.61626115711865248  0.62476394160755500
  0.63251721869196276  0.64017448073593020  0.64730584694018645  0.65556029394534088
  0.66371965848025316  0.67228632899077190  0.68132332269444407  0.68970163511312454
  0.69790817912345715  0.70619487420167970  0.71408488291771310  0.72214415310767854
  0.73047656125375771  0.73852200471300111  0.74578096508432445  0.75270167290251389
  0.75993885218018253  0.76717480529327919  0.77396390403772930  0.78061787953445749
  0.78718741419123373  0.79333213575124262  0.79972565756414649  0.80625068356656482
  0.81198082729827714  0.81452101398147148  0.81753479622155067  0.82057828913407449
  0.82428376299271122  0.82871934152248861  0.83287403590343123  0.83701468564825177
  0.84114032533817973  0.84584116290210332  0.84997158783537852  0.85356950690835531
  0.85716347440549645  0.86106902293465493  0.86586195902113816  0.87110076755241195
  0.87540086366774195  0.88094436210289295  0.88620732856746653  0.89145020710737510
  0.89667457349305835  0.90166114994955371  0.90712157094049228  0.91357016213014119
  0.91966826084099695  0.92512442199338685  0.93036558918940460  0.93523064405873790
  0.93984482488901544  0.94549227889213694  0.95096142257624827  0.95572501796332754
  0.96001904909399283  0.96399002226448016  0.96816797991361714  0.97266557965701150
  0.97729914211753788  0.98266082474674410  0.99006578007920576  1.00000000000000000
 -0.00231137532343525  0.01071565532351811  0.02225336730363169  0.03376913081470415
  0.04485227492681119  0.05598795698541337  0.06639161847541243  0.07676588947435617
  0.08579371733897947  0.09422162740762706  0.10328426147340602  0.11392441127654149
  0.12431537953694433  0.13613412582028278  0.14699055353118864  0.15873732041494892
  0.16773282815706295  0.17383170990499680  0.18123261661893075  0.18934172893395881
  0.19784815793953056  0.20547447708703842  0.21290053766088635  0.22082959851495859
  0.23078223189985539  0.24379814027287774  0.25497753092438274  0.26450543739670923
  0.27457930132681874  0.28436372993427833  0.29230539964349289  0.30028776673450608
  0.30777412899458867  0.31569661037228891  0.32285482004042426  0.32898506228904190
  0.33625862969829645  0.34288306393421164  0.34844180201906316  0.35570708814742635
  0.36743972770586919  0.38347554347232848  0.39529613922909856  0.40638834892383197
  0.41704863306766321  0.42739633392940807  0.43931524427110152  0.45356075945041829
  0.46890801886110994  0.48421339778558842  0.49894801800961647  0.51277348870345540
  0.52750417411498096  0.54250058948228741  0.55721641667281263  0.57166332514853468
  0.58559781734507454  0.59910302062568721  0.61311626873231617  0.62640756067094938
  0.63887111670717467  0.65169072358881852  0.66373268951375863  0.67774543627907924
  0.68956660143343806  0.70042210046487441  0.71067633217256532  0.72192281349373832
  0.73310208973571778  0.74329304952115582  0.75233879083926547  0.76062299254725541
  0.76943400887980007  0.78010199727097729  0.79183560662812624  0.80097404446812837
  0.80896871147920746  0.81718221940651248  0.82616368990384303  0.83413493867159061
  0.84252087429424016  0.85251858945336445  0.86299313137771194  0.87392823367788297
  0.88505330042758679  0.89645940281701397  0.90849832796006147  0.92140540212552624
  0.93394482905719778  0.94597237889593955  0.95698648321649715  0.96482620058248469
  0.97314974920414543  0.98195993690683325  0.99055511171267552  1.00000000000000000
  0.64332085604593603  0.68318199798457757  0.71151362615835767  0.73448586267503946
  0.75655873141564201  0.77667765547684242  0.79367107340340193  0.81076047928625261
  0.82671980757653873  0.84104746473758751  0.85461618047649579  0.86662246035208756
  0.87650908334652511  0.88446422468365993  0.89242974290761379  0.89938644685964142
  0.90529917592305420  0.91013549564041718  0.91441640310591044  0.91862722373430550
  0.92284802344733918  0.92662951982268127  0.93009946207157335  0.93345449742934661
  0.93655339520269998  0.93884980265772278  0.94073601921160910  0.94260412365365032
  0.94449541647363888  0.94621332532431879  0.94779020301225547  0.94926271838755438
  0.95074766679302458  0.95217484911643169  0.95351249874701227  0.95474825501125982
  0.95587024260070341  0.95687693824002529  0.95778169902429156  0.95859963477192145
  0.95932439838835748  0.96003246845564383  0.96069897261146198  0.96138136552812659
  0.96208503066514239  0.96277167597697588  0.96343661957930116  0.96405919480852453
  0.96460768531674279  0.96511167253836505  0.96559116450430083  0.96605093822590660
  0.96647986747606573  0.96691716820480855  0.96735249839575954  0.96774659297332477
  0.96805330696794623  0.96837219195523849  0.96868060603362982  0.96897616739150660
  0.96926566587496943  0.96956262869758092  0.96989304642017737  0.97029301844069771
  0.97184202803849828  0.98209284395478458  0.98241139927647991  0.98264095678315999
  0.98283510252334627  0.98303094752323428  0.98322000719713309  0.98339730212332266
  0.98358589387751338  0.98382289255851652  0.98408196239549051  0.98434695205223621
  0.98461396355616149  0.98489397498124254  0.98517537345749795  0.98545941747060695
  0.98577190443959073  0.98610448726614996  0.98644409060174265  0.98684603616241207
  0.98731146507820822  0.98783521105073713  0.98842384979640541  0.98912792697638285
  0.98991867968354497  0.99079729943653116  0.99173911612531374  0.99279700347752997
  0.99395264488931534  0.99520017704616848  0.99693546512805842  1.00000000000000000
  0.05432846103192183  0.20339192665569941  0.23035559888176366  0.24270693629428952
  0.25504235311436374  0.26765292725839751  0.28042247227040934  0.29051362364105693
  0.29863484957346698  0.30541912102760743  0.31141951846773974  0.31660080521936468
  0.32138612454931259  0.32685225037564536  0.33294018598859781  0.33896584810229186
  0.34457923204348179  0.34979507530229592  0.35500706442956798  0.36026710230669418
  0.36523011468482408  0.36964490242040665  0.37403771175836703  0.37925407090376173
  0.38602384221788050  0.39331442537507888  0.40060916543070096  0.40731409474169589
  0.41327606750154394  0.41782994012013025  0.42139886924537140  0.42527376868973149
  0.42957240218004172  0.43431254070881453  0.43873012647715426  0.44281378396863291
  0.44668586923908937  0.45061303035704087  0.45451610255068808  0.45845674892203164
  0.46227257693135143  0.46562844539752085  0.46840132109267957  0.47100775601685174
  0.47346834956362555  0.47718543916699657  0.48167249498088432  0.48671934092791685
  0.49134497580043096  0.49644918706250168  0.50123063794219269  0.50653529692238275
  0.51235793688584608  0.51771941275067812  0.52332680931957654  0.52929654538351478
  0.53569963392126974  0.54236020278474495  0.54886142292762297  0.55508556112305596
  0.56097064804432084  0.56695327626511127  0.57332461601471307  0.58000456796866062
  0.58637744003995484  0.59309085594997113  0.59985755431793697  0.60714854983362332
  0.61583122505848142  0.62261554143895803  0.62846627623162366  0.63456062331376062
  0.64054944279472470  0.64659628654131607  0.65406855424272514  0.66269650495274968
  0.67144011339258047  0.68036820414666233  0.68968330173973780  0.69963372026710990
  0.71070255160774276  0.72339835474479486  0.73740033942889915  0.75154443280850047
  0.76545852089945654  0.77955922046679604  0.79180096542558009  0.80110874142658406
  0.81004540057820562  0.81718034498277681  0.82619099123615702  0.83699282002938080
  0.84719251765536485  0.87098658624377701  0.93178807655278284  1.00000000000000000
   2.3709529946880568E-022  -1.0000000000000000     
 T F F F F F F F F F F F F F F F T F T F T F T F T F T F T F T F T F T F T F T F F F F F F F F F T F T F T F T F T F T F T F T F T F F F F F F F F F F F F F F F T F T F T F T F T F T F T F T F T F T F T F T F F F F F F F F F T F T F T F T F T F T F T F T F
  <DiscreteSampler_grid>
  grouped_processes
  1 # 1 for a reference and 2 for a running grid.
  10 # Attribute 'min_bin_probing_points' of the grid.
  1 # Attribute 'grid_mode' of the grid. 1=='default',2=='initialization'
  0.0000000000000000 # Attribute 'small_contrib_threshold' of the grid.
  0.5000000000000000 # Attribute 'damping_power' of the grid.
 # binID   n_entries weight   weight_sqr   abs_weight
    13   10   2.329264388782174E-013   2.768515110797811E-025   2.329264388782174E-013
    14   10   2.329264388782609E-013   2.768515110799244E-025   2.329264388782609E-013
    25   10   1.806649082646699E-013   1.756134360646900E-025   1.806649082646699E-013
    26   10   1.806649082646690E-013   1.756134360646874E-025   1.806649082646690E-013
  </DiscreteSampler_grid>
