  0.00000000005587709  0.00000000013687001  0.00000000020195479  0.00000000026557696
  0.00000000032973057  0.00000000039775746  0.00000000047151673  0.00000000054858338
  0.00000000063245324  0.00000000071953725  0.00000000080689939  0.00000000089708170
  0.00000000098872564  0.00000000108881688  0.00000000119278217  0.00000000129450813
  0.00000000139575742  0.00000000149812609  0.00000000160291231  0.00000000171411698
  0.00000000183538259  0.00000000195981726  0.00000000207849441  0.00000000219386625
  0.00000000230416595  0.00000000242059505  0.00000000253751243  0.00000000266220812
  0.00000000279389896  0.00000000292038214  0.00000000304446999  0.00000000317255444
  0.00000000329980142  0.00000000342924625  0.00000000356290407  0.00000000369584940
  0.00000000383178141  0.00000000396791540  0.00000000411086270  0.00000000425699428
  0.00000000440496720  0.00000000455428832  0.00000000470700943  0.00000000485937771
  0.00000000500890058  0.00000000515915795  0.00000000531646077  0.00000000548385590
  0.00000000565105069  0.00000000581662748  0.00000000598433836  0.00000000615971520
  0.00000000634019819  0.00000000652311299  0.00000000670850086  0.00000000689688678
  0.00000000708962650  0.00000000728421930  0.00000000747634943  0.00000000766674781
  0.00000000785796622  0.00000000804538819  0.00000000824196517  0.00000000844266739
  0.00000000864639271  0.00000000885035484  0.00000000906763228  0.00000000929423521
  0.00000000952032164  0.00000000974743734  0.00000000998084695  0.00000001022356727
  0.00000001047357789  0.00000001072154186  0.00000001097176025  0.00000001122502754
  0.00000001147350840  0.00000001176270272  0.00000001208311312  0.00000001242468938
  0.00000001277975652  0.00000001314041623  0.00000001350457571  0.00000001387580655
  0.00000001424837729  0.00000001463376085  0.00000001502310179  0.00000001546446411
  0.00000001604501892  0.00000001672385743  0.00000001745704497  0.00000001826609113
  0.00000001920835840  0.00000002049223861  0.00000002126224033  1.00000000000000000
  0.00960167264366986  0.01576622973698325  0.02435516319001662  0.03387536810756009
  0.04379668241845262  0.05416333138427225  0.06447204606132430  0.07432834797624843
  0.08431004830179956  0.09485578286656510  0.10580116751931093  0.11663647433448746
  0.12710309194456168  0.13742936692131105  0.14775337623097548  0.15795834130319450
  0.16808397650752130  0.17826704648779745  0.18842564933907838  0.19825024681966402
  0.20790905679118954  0.21782567367551076  0.22799208905698182  0.23802462412507736
  0.24778034699837406  0.25769354897711672  0.26780829748478968  0.27818856841646794
  0.28833967669606642  0.29856403874825249  0.30877532849622397  0.31897518171823819
  0.32958525723479959  0.34051531906593441  0.35186200707940524  0.36352584972026741
  0.37483238166086796  0.38605211044434645  0.39712153365621106  0.40797721305041157
  0.41880178206635665  0.42939760538098715  0.43972333574056494  0.44993392766027707
  0.46023658222563890  0.47100720875603397  0.48152304019593783  0.49188693241864218
  0.50254644484314326  0.51403609359206559  0.52483605179400938  0.53521423397731605
  0.54535339867074462  0.55597589398863612  0.56623645952723711  0.57632663380132709
  0.58655603520382293  0.59718213881134830  0.60766036513319355  0.61869971748013752
  0.62976948488429407  0.64154494221902902  0.65206245906269023  0.66208326580721710
  0.67233018753013341  0.68320497966331051  0.69409787517139021  0.70470910358971528
  0.71525721701743872  0.72607054214278433  0.73674535557966481  0.74741817662677434
  0.75826647338145292  0.76906973946729018  0.77994980740348607  0.79089917962051237
  0.80117630632611425  0.81119317742088026  0.82113123410886246  0.83083130353007606
  0.84019553355360554  0.84975705811710800  0.85968512533824570  0.87105721331995645
  0.88226357073603690  0.89419677951168453  0.90472404607444634  0.91449662367514706
  0.92452529739941169  0.93485075290322439  0.94571900171949830  0.95635710401957352
  0.96642415909337642  0.97671039638164447  0.98737621363016626  1.00000000000000000
 -0.00247508222456093  0.01067040217492977  0.02196887449833672  0.03318607645428123
  0.04419618461841238  0.05480604674094994  0.06583812801902035  0.07637210261353103
  0.08702332661663638  0.09806854033547302  0.10944526036998649  0.12162794786289731
  0.13275764713637361  0.14404118738615754  0.15464750943780536  0.16517721414978134
  0.17542681606919810  0.18626244934888819  0.19758545787393328  0.20874567763612856
  0.21972841658641706  0.23060879711472240  0.24150916114461884  0.25238823314324221
  0.26317237547599920  0.27367135609538651  0.28380602086164047  0.29404865038703470
  0.30444310773960603  0.31529240417323690  0.32602854096075279  0.33685075259320324
  0.34776145877458553  0.35878337809659755  0.36948483972590562  0.38007583582284493
  0.39081211964165280  0.40154137217019303  0.41210860020019385  0.42281117317822298
  0.43383079001474967  0.44504712794381002  0.45656131481308010  0.46868930477796544
  0.48097842572467869  0.49277318061488379  0.50397111725266841  0.51469543824507291
  0.52470781698385782  0.53406577822644696  0.54351463800386579  0.55318071522648604
  0.56272742419471222  0.57214107205124110  0.58173408902868984  0.59215421643705657
  0.60285876808137029  0.61333391024595119  0.62384031694630626  0.63447916798735837
  0.64508687188859382  0.65528568332314363  0.66529847085008742  0.67560818422830360
  0.68655375090863424  0.69762285399783797  0.70859774969202938  0.71941396681012881
  0.72995833987439829  0.73939833615213835  0.74907024146395806  0.75898831545953771
  0.76890015920416899  0.77897305881148948  0.78860562180995675  0.79912727685404694
  0.80984730625629731  0.82081052958243439  0.83175460292209269  0.84261904449461378
  0.85298414192035266  0.86308762993154486  0.87335773339358991  0.88326373608187558
  0.89307208031190322  0.90264285403472855  0.91229924576705357  0.92230798764015920
  0.93211066066062243  0.94231496713216945  0.95245848052986626  0.96312335910195612
  0.97305547042101825  0.98240639438174893  0.99117894103567228  1.00000000000000000
 -0.00334077013231977  0.01027212096225861  0.02178486150611874  0.03288863782964815
  0.04386835581479181  0.05447228763696819  0.06461984936539519  0.07441740890025640
  0.08441634023902109  0.09448646894974363  0.10462320966289115  0.11536150593783959
  0.12650999395136547  0.13765119244242838  0.14885011265667297  0.15990656903221051
  0.17034604458864214  0.18040027241354345  0.19060814817982977  0.20138477049744063
  0.21196434302456005  0.22204779746115347  0.23241382948051750  0.24239179693835922
  0.25223462924019302  0.26205206528228897  0.27206917948361697  0.28242057455655672
  0.29296040991436334  0.30379334746457015  0.31441795165214831  0.32466807887354565
  0.33508928112351510  0.34646221647149561  0.35809201640576438  0.36937413371858230
  0.38030128575131344  0.39074662826981738  0.40078171223326908  0.41048728960167291
  0.41988242276790666  0.42926202946710051  0.43939313990668460  0.45017800812242209
  0.46144008096993078  0.47255953212542384  0.48327015120741706  0.49402657593923471
  0.50427212071405469  0.51379776813059819  0.52323623875172320  0.53254892868573556
  0.54266794166998200  0.55305371018647564  0.56413225957186841  0.57593452051086103
  0.58732910084413548  0.59819158102854031  0.60871767672295696  0.61910252368274432
  0.62971479157556609  0.64060865973876846  0.65165170171475373  0.66261901414819790
  0.67343413205931468  0.68396669658389708  0.69408279764265923  0.70386122326513789
  0.71302589837756192  0.72179912258647561  0.73048350476565571  0.74005509027358696
  0.74959820010836797  0.75942810010546735  0.76951678792779143  0.78055968956277988
  0.79203261431854077  0.80302365277359544  0.81338739267825955  0.82334639184159053
  0.83335602076325666  0.84379202918257068  0.85450339524475682  0.86495723955651116
  0.87514431473576526  0.88578899685522638  0.89725438572125149  0.90905071972009766
  0.92034992301406227  0.93121345158354507  0.94216788008180619  0.95354303981633515
  0.96540274517333524  0.97698987841538232  0.98871085843300777  1.00000000000000000
 -0.00285592354989472  0.01042057684139181  0.02250745868984749  0.03545897253648654
  0.04724683154266699  0.05758741236977089  0.06734256325818232  0.07712633217574939
  0.08708877677531986  0.09690904191801505  0.10664504399493731  0.11631639902906693
  0.12581548092912370  0.13542656872490361  0.14590077598406476  0.15719418455402814
  0.16822636360236998  0.17844953376871922  0.18839936435837121  0.19832908849882488
  0.20791961703878367  0.21723470107650431  0.22665598252051045  0.23703548337442673
  0.24780125246269960  0.25814501871147971  0.26836129633078404  0.27891317099110324
  0.28972835317082746  0.30046575658389263  0.31154032914198476  0.32291849283389640
  0.33439898320206812  0.34544370486678161  0.35634731904914158  0.36662081789465084
  0.37748355534534722  0.38797294277012773  0.39850045295453845  0.40892352793980169
  0.41953795345670403  0.43062930591588700  0.44222055300232316  0.45375176753651203
  0.46468399570232627  0.47530379986771926  0.48604444355215248  0.49702923408077510
  0.50748750738346970  0.51768066943664770  0.52776816300519092  0.53786216766153494
  0.54798897356186460  0.55794776473177143  0.56776916837324265  0.57753179438440949
  0.58770155738610519  0.59835597136571883  0.60929766572328192  0.62043057801324797
  0.63157965305360952  0.64309594571267925  0.65509503120798063  0.66661313609387107
  0.67707248422105282  0.68681956311765258  0.69722519691080620  0.70731761303695795
  0.71800173209551843  0.72815895778688400  0.73859775606343359  0.74921100478137381
  0.75990874796709740  0.77066241297863303  0.78089041002150894  0.79126235010593116
  0.80247431925445623  0.81340513915915391  0.82383147617499541  0.83378630143590615
  0.84318023019061095  0.85244269843438558  0.86181022894575865  0.87125121362370639
  0.88149054773499580  0.89169329193672464  0.90263614966521477  0.91370990495576332
  0.92516605648585026  0.93610866347879018  0.94699504934670420  0.95761936668022540
  0.96778522304433301  0.97821025992854282  0.98864482389414943  1.00000000000000000
 -0.00246651363576401  0.00909361409964357  0.01800893099357398  0.02732584822099426
  0.03641996277291096  0.04626212692165936  0.05673212756596489  0.06707886111182289
  0.07756634861080149  0.08789476048704645  0.09890039395692987  0.10970076004552981
  0.12081359951296189  0.13146597813148012  0.14237477631071291  0.15342760418414891
  0.16495641539882872  0.17639969822408447  0.18785295200871946  0.19969071393559043
  0.21189964428076044  0.22420961105896314  0.23659058116972814  0.24862760078759219
  0.26040827675235484  0.27278105737982300  0.28524295776488118  0.29672644074113885
  0.30717488366865803  0.31722020725217842  0.32754943792299340  0.33821407135285114
  0.34955228878760869  0.36050399380883602  0.37107624464422229  0.38148605343848774
  0.39183178987244449  0.40209051755332931  0.41211289148149327  0.42223923210998926
  0.43270395118571525  0.44375155329447946  0.45544099909831642  0.46710463828379145
  0.47844369027055006  0.48943491907357961  0.50051969599075108  0.51110529064258015
  0.52196796628171382  0.53353873824442699  0.54534353012055925  0.55643377559767926
  0.56738411062998373  0.57784793818875113  0.58929213596729713  0.60073259293405123
  0.61187393874835672  0.62306399832421211  0.63417434724404687  0.64545670899718688
  0.65598289529836162  0.66697785411476895  0.67871623385845992  0.69090230710143163
  0.70304658551439725  0.71479903039941961  0.72584559073819255  0.73610552024515019
  0.74594209378387566  0.75472609717327932  0.76312016960534623  0.77185503385319854
  0.78031503937661273  0.78854989300317702  0.79666269628447239  0.80485222757700370
  0.81320660529651989  0.82223831008419357  0.83142352626450111  0.84126020366293175
  0.85170252129722179  0.86234654812077205  0.87298612975225232  0.88333373526903447
  0.89364793462076308  0.90357328407814275  0.91369184187387331  0.92286052282687014
  0.93210242904930385  0.94170189771470525  0.95212209715716600  0.96229021677181215
  0.97207429181153071  0.98105149569739780  0.99071684475392019  1.00000000000000000
  0.00230093365082369  0.11527204938012121  0.17460054742652412  0.21731552697846113
  0.25092762013507258  0.27794520523785260  0.30194318942998222  0.32357740786903388
  0.34379979933339699  0.36257818391785646  0.38007658852188841  0.39669524083098590
  0.41376493955615667  0.42958809647182672  0.44396990982521167  0.45739497555924963
  0.47020449751197013  0.48299626154118575  0.49603528777189071  0.50845294012951203
  0.52015222448997200  0.53112647068127661  0.54161712762687730  0.55181038442971497
  0.56179193570319852  0.57163013562672560  0.58150212523784961  0.59073418128620214
  0.59974657843167556  0.60825255208276885  0.61666793253047092  0.62506173059793679
  0.63349762307653634  0.64170376615313351  0.64992458869994285  0.65818442992666160
  0.66634416939888619  0.67433834447210539  0.68206165059715829  0.68952810010259769
  0.69644617041543866  0.70340936436914880  0.71022678070526979  0.71701700786137657
  0.72353839704873835  0.73043699223460923  0.73767760647400682  0.74486421980766859
  0.75169483137901394  0.75825337328884290  0.76477643811371365  0.77111212717554645
  0.77728854034859807  0.78339098534010831  0.78941606483492766  0.79543556168655061
  0.80124176934593838  0.80695134352561027  0.81266272052251753  0.81852514142125710
  0.82455363729277575  0.83067916973796763  0.83682096039089038  0.84290295656296865
  0.84901319972121880  0.85506521989602136  0.86074661295905053  0.86607378074599795
  0.87113960592979900  0.87601159443142174  0.88054800923049703  0.88518392216655650
  0.88983247252096787  0.89449761214893142  0.89916185167067419  0.90383286543599783
  0.90852242520001303  0.91316055671581464  0.91769953022050355  0.92223126725494986
  0.92679197000409164  0.93150421002042194  0.93629953555691903  0.94110287505017598
  0.94583675142017898  0.95055694917038069  0.95522567202836683  0.95978419643200130
  0.96417083072358611  0.96837705173722899  0.97243078588017073  0.97635738224376267
  0.98042697739077178  0.98405285035841750  0.98623506145382556  1.00000000000000000
 -0.00220663182260418  0.00912203288030343  0.01813406784770479  0.02807419026790661
  0.03816968573058286  0.04910715067630465  0.05980154159000852  0.07034993989567503
  0.08146832392277720  0.09246308822790417  0.10326745990276538  0.11408332692595370
  0.12491289670184326  0.13511755966071184  0.14479450428350696  0.15466560284066239
  0.16475770621323249  0.17533021034236335  0.18541336409898529  0.19600464892419597
  0.20726071632262300  0.21841986732135646  0.22930694578866928  0.23939141751411380
  0.24944815260924166  0.25950017078101434  0.26946557780986918  0.27903096508132480
  0.28880720549281064  0.29922987507277637  0.30983689446142398  0.31995426181808007
  0.32995231929180019  0.34052351502729095  0.35104109063756445  0.36091212410127133
  0.37060997090604814  0.38070491729159578  0.39105320003916272  0.40134516334503179
  0.41194710984032684  0.42352617450834068  0.43563895893299798  0.44675514069976552
  0.45701308778747418  0.46696354020824621  0.47681474668408175  0.48653954971230418
  0.49633294605059020  0.50660905385598232  0.51743477299278573  0.52864843228483671
  0.53994751580416844  0.55127187913725240  0.56247686483767922  0.57319125434131579
  0.58363821445814601  0.59386704465934304  0.60403251945770653  0.61428323199806645
  0.62458952743114504  0.63521365271924823  0.64560560823300261  0.65584443158110428
  0.66614421745453767  0.67695643050468901  0.68775654614281800  0.69781342629418386
  0.70742977742698521  0.71723279622032210  0.72727597681594625  0.73749074793991309
  0.74768620140901965  0.75817994595197291  0.76854638324591618  0.77859451801769908
  0.78848997204574323  0.79839853984642062  0.80850592856761938  0.81907696102387684
  0.82963369406249809  0.84029955289099156  0.85131959133622970  0.86280069430318862
  0.87440874896534904  0.88572495236348114  0.89687117085056534  0.90787144729600777
  0.91897405964748424  0.93064888976946814  0.94235644443218292  0.95404666610870814
  0.96524501053304690  0.97696477889235245  0.98828754531266672  1.00000000000000000
  0.02465825588196143  0.03140906804671248  0.04072077149181729  0.05047958921859252
  0.06055746369278419  0.07072324546028530  0.08046078422943533  0.09007497359266117
  0.10004429130580494  0.11070897921352756  0.12209781533988304  0.13261729965798463
  0.14290012402296798  0.15286118023483347  0.16248090445027774  0.17164415622444906
  0.18074604913934009  0.19005018430216514  0.19992001535594234  0.20986657563054525
  0.21965091524848857  0.22886274402771670  0.23848396894272628  0.24845941698920224
  0.25928286308186060  0.27049656598047722  0.28080525022961089  0.29101907603090688
  0.30171728359311667  0.31306674192023870  0.32459769007877598  0.33599574772448937
  0.34708717572039344  0.35741135079179803  0.36736985212864887  0.37759350644338990
  0.38766686540050416  0.39770183414760385  0.40774783615935739  0.41806383477774306
  0.42837931789075279  0.43847442028418476  0.44834824998335293  0.45822427375910751
  0.46829628749926344  0.47857636825182170  0.48910966822094404  0.49954671013385604
  0.50994370435252834  0.52061709858294769  0.53180493305970467  0.54303868389184762
  0.55384446978509938  0.56405684348334129  0.57375553941296242  0.58359022552876461
  0.59384571272002296  0.60443192456908890  0.61494144990202193  0.62528257793488695
  0.63477271035346916  0.64375913734710488  0.65249526912220068  0.66115437954904488
  0.67032143487110363  0.67942926639018786  0.68923135465882968  0.69987774287917481
  0.71053124167929138  0.72075138160473551  0.73114163408409860  0.74090569928775318
  0.75008224330605566  0.75895582557331143  0.76808098303484262  0.77787748687005676
  0.78784821120129644  0.79869567611382086  0.80985384162436269  0.82081585011844282
  0.83179507283082865  0.84276038450130375  0.85320094223641485  0.86273728173622666
  0.87196920243701259  0.88140794955229607  0.89143819530827084  0.90186329225546180
  0.91238966796766552  0.92280918423867087  0.93255998904509996  0.94276892289243575
  0.95407228760461571  0.96425737262764311  0.97104188061408980  1.00000000000000000
  0.06237779566926960  0.19935591445915746  0.23556609352682112  0.26417243628373482
  0.28536588325845835  0.30353695607208647  0.32105835253303766  0.33738866580418664
  0.35277526521622027  0.36661231234870229  0.38025126845069857  0.39292636522511371
  0.40509605969580020  0.41700940426424649  0.42855900318881113  0.44010980826822993
  0.45179475300780908  0.46300293353711175  0.47371230427391442  0.48436920013611379
  0.49532515669239868  0.50620130557915943  0.51687629444132255  0.52738863220505017
  0.53772388821226313  0.54769681129437198  0.55718716139366475  0.56627118342021887
  0.57506539654903632  0.58368000915622087  0.59221562119944648  0.60084796318598732
  0.60949519197772117  0.61792633141237496  0.62622100579027151  0.63442830646459836
  0.64262490939203354  0.65077588078052084  0.65879075852129432  0.66661816195372636
  0.67425472290263244  0.68177189780958525  0.68880162161221115  0.69512525660958902
  0.70121171550831718  0.70734841581887731  0.71344576651159175  0.71941212480091243
  0.72512840641881615  0.73054302327591270  0.73562240889382480  0.74058743606831201
  0.74566384663629848  0.75070424323687590  0.75561608322661300  0.76041715652495723
  0.76521013271197535  0.76998781119303217  0.77461391368857979  0.77904777991950791
  0.78336500240790752  0.78752159643988306  0.79157211084130896  0.79561013546932391
  0.79970662241097179  0.80391022192682249  0.80825138696110888  0.81242972242168776
  0.81605749715182652  0.81951797743207699  0.82309130634625760  0.82695101607501575
  0.83095133087503681  0.83478215041496373  0.83835640096748709  0.84178962660684820
  0.84511293523544051  0.84859477650769932  0.85222745165649560  0.85605721419109027
  0.86017524416341373  0.86465126558083338  0.86898077097084170  0.87281496241633050
  0.87706949479261531  0.88232175921310607  0.88793334044908045  0.89399556220044829
  0.90048603630244606  0.90753570219061930  0.91451562134375164  0.91880405303958657
  0.91962437363706839  0.92538158279089566  0.93268087856403659  1.00000000000000000
   1.4458705798319001E-016  -1.0000000000000000     
 F F F F F F F F F F F F F F F F T F T F F F T F F F F F F F F F T F T F F F T F F F F F F F F F T F T F T F T F T F T F T F T F F F F F F F F F F F F F F F F F T F T F F F T F F F F F F F F F T F T F F F T F F F F F F F F F T F T F T F T F T F T F T F T F
  <DiscreteSampler_grid>
  grouped_processes
  1 # 1 for a reference and 2 for a running grid.
  10 # Attribute 'min_bin_probing_points' of the grid.
  1 # Attribute 'grid_mode' of the grid. 1=='default',2=='initialization'
  0.0000000000000000 # Attribute 'small_contrib_threshold' of the grid.
  0.5000000000000000 # Attribute 'damping_power' of the grid.
 # binID   n_entries weight   weight_sqr   abs_weight
    13   10   2.067168451431409E-006   1.974739069017139E-011   2.067168451431409E-006
    14   10   2.067168451431437E-006   1.974739069017195E-011   2.067168451431437E-006
    25   10   1.114622729348732E-006   5.270303816834273E-012   1.114622729348732E-006
    26   10   1.114622729348730E-006   5.270303816834264E-012   1.114622729348730E-006
  </DiscreteSampler_grid>
