  0.00000000025059976  0.00000000032593303  0.00000000040839951  0.00000000048978554
  0.00000000055111917  0.00000000061571794  0.00000000067593412  0.00000000073867120
  0.00000000083208070  0.00000000091590230  0.00000000101873244  0.00000000112724410
  0.00000000121342944  0.00000000128972227  0.00000000137556367  0.00000000146630687
  0.00000000156281677  0.00000000166053729  0.00000000178400287  0.00000000193656045
  0.00000000209448182  0.00000000227560313  0.00000000246852215  0.00000000264463352
  0.00000000280205216  0.00000000294630660  0.00000000310133618  0.00000000328680256
  0.00000000346353475  0.00000000358673596  0.00000000369987189  0.00000000380990443
  0.00000000390749338  0.00000000399790249  0.00000000408514839  0.00000000418405136
  0.00000000429631852  0.00000000441091919  0.00000000453723079  0.00000000468739146
  0.00000000483823864  0.00000000497613123  0.00000000510758710  0.00000000523709974
  0.00000000536947886  0.00000000549688166  0.00000000561762391  0.00000000574246815
  0.00000000588596003  0.00000000604136892  0.00000000620045439  0.00000000635175720
  0.00000000649388607  0.00000000663314545  0.00000000677117234  0.00000000692216340
  0.00000000708711623  0.00000000724658018  0.00000000739855880  0.00000000758496140
  0.00000000780065835  0.00000000801660003  0.00000000823879333  0.00000000846372001
  0.00000000868657402  0.00000000891605318  0.00000000915493598  0.00000000938716536
  0.00000000958134829  0.00000000975458405  0.00000000993889617  0.00000001013494810
  0.00000001033663092  0.00000001053430481  0.00000001077361228  0.00000001104905774
  0.00000001132975527  0.00000001161151940  0.00000001191279393  0.00000001220050047
  0.00000001257847235  0.00000001303121244  0.00000001351799436  0.00000001397151942
  0.00000001434611270  0.00000001470844641  0.00000001509926386  0.00000001552020732
  0.00000001600917030  0.00000001661284713  0.00000001745909963  0.00000001857421465
  0.00000001999367780  0.00000002228865347  0.00000002361129729  1.00000000000000000
  0.00880580726156458  0.01708195837296360  0.02775709888849331  0.03969564878843226
  0.05049786699314265  0.06052602764222968  0.07045084397793606  0.08047929006176953
  0.09040040092557494  0.10066781429625513  0.11374514101138021  0.12788775711590131
  0.14030174227601869  0.15316366611707746  0.16597130906031060  0.17808664523629758
  0.19115557876698358  0.20536043172907492  0.21901984838352456  0.23209345852482643
  0.24275588041190929  0.25422853888327107  0.26504556412159530  0.27692115688263746
  0.28988624169885940  0.30229738209199242  0.31370895218576494  0.32551285898368970
  0.33617291279781192  0.34676383321942100  0.35776802582746536  0.36813231040140176
  0.37777541384152941  0.38620532552110548  0.39398721457133579  0.40237643649009014
  0.41186096779725473  0.41923442081893042  0.42613933629664918  0.43321933772370425
  0.44056598743009640  0.44859498506553935  0.45786640149548358  0.46500093658567720
  0.47136931063210957  0.47759844928645717  0.48414286199401774  0.49035578299947330
  0.49707453499393278  0.50289054241479303  0.50817568663319268  0.51443222725265347
  0.52122370928366990  0.52833614777588556  0.53516871122427978  0.54081327180109684
  0.54657395080091609  0.55262331340389714  0.55859985998564077  0.56480920595006656
  0.57479529851306299  0.58599403373875592  0.59706083402303423  0.60958377051032919
  0.62363261341278253  0.63701731928900207  0.64989857525221939  0.66232834508598493
  0.67311275040755669  0.68110083419688328  0.68943346169264141  0.69781933976108534
  0.70798100313707224  0.71900275442863670  0.72983187045176179  0.74353293729934933
  0.75814898764254945  0.77308151939627368  0.78689833817908650  0.80031764847035380
  0.81235533537577564  0.82173420572477940  0.83020428960111314  0.83894402321322392
  0.84780329305314417  0.85636741091905810  0.86493314821212919  0.87377171864997960
  0.88554728046506570  0.89958663937839511  0.91451272442961196  0.92751237916251861
  0.94161079115657231  0.95688510983572672  0.97438597089609702  1.00000000000000000
 -0.00000013807124076  0.00007181404889216  0.00053074138809635  0.00164166882993582
  0.00353047724148477  0.00614919231077433  0.00961586759991595  0.01398472101814875
  0.01800644854355181  0.02218293989761973  0.02765290885526651  0.03403402805326243
  0.04070678116157667  0.04715039847971572  0.05375297243065007  0.06085899418158285
  0.06859479522858661  0.07754409745685306  0.08676123273840172  0.09393123531818856
  0.10094082223831782  0.10872770390621556  0.11719908518000247  0.12571242562447035
  0.13422429017505061  0.14323067935244985  0.15248802604756040  0.16258780995162272
  0.17604830223842100  0.18871897900110510  0.20100164213958979  0.21301594117854633
  0.22382200078534237  0.23263081513178688  0.24203530030721451  0.25540627693681961
  0.27020259401174773  0.28409659690995648  0.29508694756417758  0.30450736467399431
  0.31182541439683675  0.31916696912155251  0.32631711432067712  0.33369034428175176
  0.34212390037646362  0.35087636548215539  0.35929042539570399  0.36720260023996121
  0.37510772983662954  0.38303573229779642  0.39110458486013738  0.40002167440913244
  0.40899725174722407  0.41798207436074453  0.42636516591988310  0.43458280030158492
  0.44282427849995099  0.45153045114600054  0.46025879844998274  0.46890318521035845
  0.47823155752684104  0.48834093283668467  0.49864378975638679  0.50872178824019842
  0.51863057983725880  0.52832377040638323  0.53806702364397629  0.55228958692500729
  0.57491576353923313  0.59702496128279814  0.61852823722487205  0.63930306649702662
  0.65729849246003658  0.67495870231232347  0.69188188126254691  0.70531643231666474
  0.71918681575155174  0.73314386775593743  0.74729525104524341  0.76220155697904002
  0.77791820385680699  0.79205746631756624  0.80564444960214410  0.81880249348444500
  0.83392569179753340  0.85023314660300864  0.86658095543101887  0.88267557237889360
  0.89702983803162328  0.91125813276633694  0.92511663509644348  0.93875771101199168
  0.95380500690891457  0.96900030863523368  0.98438024698663729  1.00000000000000000
 -0.00156117227250977  0.00739111531769164  0.01574652362499303  0.02205426474871208
  0.02739433704944741  0.03253766435018841  0.03762970468883317  0.04340244535801206
  0.04914249878083835  0.05431971299693600  0.05886516402736174  0.06450756744771595
  0.07213585898961018  0.07926952196943556  0.08943252063167861  0.10161123972713546
  0.11320692007263386  0.12438341398586701  0.13785046513510260  0.15198829929251165
  0.16401924947963090  0.17456219454615277  0.18501493733115304  0.19703836049403167
  0.20840952453198397  0.21863989789547128  0.22845841397924688  0.24154632153545991
  0.25243727728199128  0.26221674551280288  0.27138055819086138  0.28046470650468858
  0.29021328582388906  0.30106843064460004  0.31570977935100636  0.33380524749185797
  0.35226629376411844  0.37007734722833008  0.38758610288090556  0.40491968945744417
  0.42033665495858197  0.43627412380953995  0.44905038549829979  0.46084907831015853
  0.47233148335345398  0.48358379849637007  0.49681288968146281  0.51148266756085148
  0.52344785027093088  0.53443207042850183  0.54467009185351778  0.55426935834814717
  0.56268674633030691  0.57146252883982895  0.58136232453958792  0.59638519590207573
  0.61058034523976235  0.62137118092374477  0.63050304226943044  0.63881720348164606
  0.64655725678475262  0.65558272142961416  0.66471666660300555  0.67462752160347217
  0.68633930187868375  0.69866418454502610  0.71036077370138151  0.72073172225581472
  0.73031262713469114  0.74058919383566035  0.75055146842758280  0.76223493438053957
  0.77510148251584099  0.78901495179451042  0.80391618849222579  0.81912959069632152
  0.83274812415085619  0.84379788003968192  0.85319745456148488  0.86142050812477655
  0.87034884065275664  0.88055958529863509  0.89035978313429642  0.89859793250249076
  0.90747647089848327  0.91749888767667931  0.92778458305692857  0.93706232247343413
  0.94531915764873509  0.95317271426226446  0.96066374237054597  0.96791372374121865
  0.97496105391102239  0.98196190446887699  0.98872512202948282  1.00000000000000000
 -0.00472369599210961  0.01756115314897743  0.03563859224910718  0.05138311187863429
  0.06569996243441206  0.07947967224715426  0.09307933903860954  0.10674320910181946
  0.11783625544970465  0.12926335651898618  0.13821125687151420  0.14722817414980241
  0.15600922626732816  0.16574741659542438  0.18055148221208425  0.19444034009265398
  0.20673207866957435  0.21789955576342812  0.22888864606066586  0.23807256604900370
  0.24877522720995293  0.25860224903305823  0.26753206531942370  0.27594206467994137
  0.28483182021148218  0.29455838491747655  0.30477469530399748  0.31517183002496824
  0.32643214212164534  0.33439823320752954  0.34004884550064746  0.34788784845136161
  0.35622820883786976  0.36397418364913114  0.37084415322914954  0.37721969354965779
  0.38379946266019294  0.39198090744057634  0.40215179322805472  0.41251197940186662
  0.42294207236195142  0.43328861843137423  0.44316618834102600  0.45160384814948795
  0.45983815551627594  0.46755446458439986  0.47506862502718350  0.48371205589687422
  0.49555157227786428  0.50716164190503255  0.51803459258300799  0.52912265677701042
  0.54241890016873595  0.55516971991186459  0.56934086092211089  0.58800791730982127
  0.60190452324375188  0.60875166936728298  0.61385468506094965  0.62014149335837643
  0.62584590448746102  0.63220846772593087  0.63904822237582715  0.64515834849165266
  0.65073422786079560  0.65576701960530115  0.66143398142046039  0.66843318704616095
  0.67704590054136626  0.68577923092010784  0.69127110237081779  0.69699080619934850
  0.70269867949418885  0.70829953225280218  0.71518707877379273  0.72556267603231628
  0.73830137411730645  0.74979945459461694  0.76020049423913039  0.76844488101885045
  0.77659706875113643  0.78535083066670786  0.79634679524936614  0.81087546147501133
  0.82693839922153078  0.84361490983660048  0.86051275056795895  0.87709233588444102
  0.89260908368755776  0.90754862240969525  0.92175669180171271  0.93449046937583169
  0.94876132131139568  0.96375042342807937  0.97952348691432523  1.00000000000000000
 -0.00392980557190870  0.01404560628194913  0.03274697447307800  0.04331319078471158
  0.05302701957581482  0.06184757762241896  0.07035911460012814  0.08007286122154648
  0.08742100513715530  0.09237404253726686  0.09738950782238873  0.10193540975119980
  0.10662651837249390  0.11269275453528621  0.11886776329970788  0.12533799969923190
  0.13090186994615766  0.13580153802448278  0.14130673366082311  0.14806573081064667
  0.15717946966494034  0.16568545520401559  0.17789352783206014  0.19089473948524588
  0.20404485352539758  0.21719969322700400  0.22944477171253749  0.24058926102291212
  0.25202302638386259  0.26377230773837534  0.27734299787580785  0.29350279697848886
  0.31097672863465953  0.32621045328117754  0.33819568817995177  0.34906031749853683
  0.35949608097266722  0.36934096643419367  0.37901915611570253  0.38949381296699254
  0.40340095077035359  0.41850991860483194  0.43147892473473953  0.44324871092275209
  0.45580598611792400  0.46772685628236427  0.48298982390791129  0.49884803825904928
  0.51272548572645560  0.52554432397185813  0.53806264224852063  0.54949854263326425
  0.56040168799769430  0.57063508652909001  0.58057819130482224  0.59048692431820926
  0.59995391989591662  0.61055469024107412  0.62272180112930253  0.63525822648066255
  0.64906151674704315  0.66336247913213342  0.67706499073032100  0.69024044525911665
  0.70301284596598512  0.71472803729017953  0.72835327985718101  0.74116262028214286
  0.75751854119710693  0.77059541710376689  0.77790404119936674  0.78479566822268487
  0.79170369167770327  0.79862447064482667  0.80645075792308962  0.81503440647629577
  0.82099713166955590  0.82465767607730278  0.82831323596095152  0.83156007651602548
  0.84023264096184980  0.85577801656500341  0.86934613110016523  0.88163476188473000
  0.89446822220977806  0.90687096870530959  0.91861338981537077  0.92969468452108250
  0.93947595028473763  0.94843493919879618  0.95785325628999618  0.96705962836197390
  0.97588999454297620  0.98352700180305108  0.99162504837424437  1.00000000000000000
  0.00415772109304067  0.11914008480652361  0.18203520753338140  0.22952163491779748
  0.26717327122503626  0.29857191378384235  0.32210290407389125  0.34007385268923718
  0.35773254945814292  0.37402308755674607  0.39266070224022626  0.41316360101801541
  0.43299706401570165  0.44912592135497637  0.46221744949322158  0.47551728796488263
  0.48846743487675814  0.50304244974710433  0.51837369706837166  0.53278217324259647
  0.54793932116765309  0.56120500354336023  0.57007317893261256  0.57724256851819533
  0.58346705322294756  0.58970572152345646  0.59678898181222151  0.60364349467502854
  0.61012875521438359  0.61747605475883238  0.62488052592089260  0.63479595951660084
  0.64761747426506411  0.65834661595060862  0.66771325071141674  0.67584881661102836
  0.68366719333719606  0.69222564341057535  0.70039782744566637  0.70715008565192006
  0.71303169856034609  0.71907034655084623  0.72560613167738952  0.73363024482086137
  0.74240518952179735  0.75033692022848519  0.75803979759625784  0.76563114124717502
  0.77331535696717890  0.78142669431841882  0.78968645736930598  0.79812985246572321
  0.80680045575031156  0.81472064366730135  0.82265947683253771  0.82990530233050841
  0.83576903427910498  0.84051211983104024  0.84489120646553018  0.84908096182718551
  0.85365446332958628  0.85821696172942263  0.86234274096483543  0.86614563255004218
  0.86999246687610499  0.87444828917830819  0.87976322655441297  0.88472769667522055
  0.88882602331863170  0.89253369186736153  0.89609664953973023  0.90027583905985564
  0.90482306860338979  0.90912018190609289  0.91405593497144144  0.91856053178792485
  0.92239132865407047  0.92589355292579545  0.92935685627440556  0.93289224296005324
  0.93760766502574389  0.94179577441821138  0.94511038558551730  0.94831679035184591
  0.95145034084590385  0.95397183282245457  0.95637336665321049  0.95909192282388378
  0.96184344812163458  0.96492288906555157  0.96835750975960055  0.97239723039548320
  0.97675062070248519  0.98626234080163799  0.99441430686020760  1.00000000000000000
 -0.00387299156803167  0.01478448149142272  0.03182141952443297  0.04820504631487770
  0.06260858927114137  0.07438420785804242  0.08439703285114358  0.09327790598146450
  0.10262558812220721  0.11280113349081676  0.12258004349822302  0.13158647118344075
  0.14053223272266857  0.15027179786874623  0.16095757493616578  0.17359156021739536
  0.18674552057703570  0.19597670877512671  0.20464551402321268  0.21284870719925411
  0.22101303491330732  0.22915219588683233  0.23694923409175889  0.24504932562856510
  0.25751380572894278  0.27163202728939040  0.28406348421642985  0.29436553832510015
  0.30288965186764316  0.31268439945923659  0.32192201184482416  0.32940473473126897
  0.33646689025378274  0.34404362365790719  0.35253012797016459  0.36342010139225545
  0.37427346489538066  0.38391110243292853  0.39367802169745930  0.40518993461245023
  0.41823524152639474  0.43053935164911850  0.44446675008869529  0.45861997623590417
  0.46910763402456274  0.47807342968091876  0.48751691877188935  0.49831715367313073
  0.51065923456689033  0.52371853073254160  0.53708861234284100  0.55174305795523426
  0.56636796768450137  0.57645694065544073  0.58492787127127377  0.59111912905242081
  0.59774667692498562  0.60450958068853633  0.61076761865369500  0.61758804517516208
  0.62568779144524223  0.63373626159905860  0.64268515829099704  0.65682086776201232
  0.67477894659858106  0.69168822551803988  0.70651732516654631  0.71840021661165998
  0.72867327976179896  0.74047619294979938  0.75287251857595172  0.76551879451768079
  0.77927684070955638  0.79231467186175164  0.80475566955506728  0.81359220758710937
  0.82010727181528509  0.82619090091739766  0.83164283453989707  0.83770112464420510
  0.84413954015331683  0.85031662109804229  0.85645622484390849  0.86323791260183547
  0.86970833915912349  0.87726637739004221  0.88846575816192164  0.90268171547092668
  0.91430151757337308  0.92513229801632568  0.93555688216552402  0.94665663111954135
  0.95849615746861583  0.96959561594547083  0.98230345928805507  1.00000000000000000
  0.64414254531473902  0.67924049925899910  0.70646289714389043  0.73317161493297267
  0.75615155143374457  0.77608472947958551  0.79500080810873497  0.81365868430112021
  0.82776863300425840  0.83829786879607726  0.84853340788291132  0.85975959540819746
  0.86962859655531288  0.87877327830165719  0.88777687855565623  0.89688691977012824
  0.90443539711888576  0.91134330454452694  0.91680780808191498  0.92051880373592576
  0.92385512989575058  0.92795440591750145  0.93193391279142179  0.93483333264247392
  0.93701877654089594  0.93907259999416337  0.94098915348981893  0.94324513050030001
  0.94559264609339222  0.94770511157126580  0.94969065174363176  0.95163569394164782
  0.95344089720613157  0.95514041279248563  0.95687717804914163  0.95829336071916293
  0.95922792560819625  0.96002784065582447  0.96081203405142079  0.96152646315875012
  0.96223072411276189  0.96291374488996351  0.96357477909916123  0.96417595156828961
  0.96469070412966307  0.96511096749662173  0.96557091488043534  0.96604645925791677
  0.96646902030610382  0.96681066790456971  0.96713954594049534  0.96747875793388860
  0.96782586444772567  0.96817099422786368  0.96849846345757362  0.96879747788930470
  0.96909346036004151  0.96938738330605778  0.96967711564620318  0.96999021493646942
  0.97033566356094092  0.97083513561436274  0.98131703573676987  0.98196133069619762
  0.98240873968155951  0.98278024617205861  0.98305435614818404  0.98334315585989640
  0.98365492516598940  0.98397192149637924  0.98429013747744065  0.98460829869982358
  0.98492030116938034  0.98524550882266793  0.98558715062472557  0.98594951485400339
  0.98633180408101762  0.98674414682400624  0.98723428704755334  0.98773318338637406
  0.98822056900987265  0.98872521671568459  0.98927901323066880  0.98986170899172610
  0.99049146204759431  0.99112748977131582  0.99182627579055793  0.99258526303712269
  0.99310118875131703  0.99365349466914077  0.99421409431888974  0.99478778502179921
  0.99561687476868532  0.99673370133982031  0.99808662166990281  1.00000000000000000
  0.01053569578746579  0.23483709509011325  0.26267678496359254  0.28481678688890444
  0.30403283045725071  0.32307358414311188  0.33951117082752352  0.35204477157483266
  0.36425702487943573  0.37569077184306243  0.38677611676915813  0.39774428387188465
  0.41140931238426881  0.42697183534131078  0.44356768218624132  0.45803469306398892
  0.46932808484149308  0.47948421802657187  0.48872970574244345  0.49737821498638335
  0.50654269054545875  0.51678152557475665  0.52735234330889547  0.53769034817632444
  0.54837127026491972  0.55965033155294042  0.57002063885944587  0.57925990263832472
  0.58783596041974173  0.59633717241505868  0.60553960417192709  0.61612812130735628
  0.62662611413384317  0.63777122739249126  0.64717601697649596  0.65455026032953567
  0.66089831107316577  0.66674756695267923  0.67232401229985517  0.67736591763877252
  0.68229204924191811  0.68691950596963147  0.69216175647362588  0.69778864943922381
  0.70352223905731670  0.70928203937070555  0.71521392607567824  0.72168463153491269
  0.72778933953373748  0.73048574220647888  0.73341942959210638  0.73634438798911073
  0.73932353734300615  0.74241731155170609  0.74566949837115859  0.74848788194143845
  0.75121811112480863  0.75403929675177106  0.75685589119541419  0.75933603411180994
  0.76172919648039494  0.76412726200478853  0.76679342595729028  0.76961706679009134
  0.77225236422019439  0.77506943872625744  0.77799801962506365  0.78073087150975606
  0.78343480485681538  0.78620167831751653  0.78893781054613954  0.79157055196443216
  0.79508643415136249  0.79894660641331094  0.80262720629781770  0.80580877336177936
  0.80821462853667836  0.81392338920623120  0.82164815685200987  0.82932255085616213
  0.83738605729302751  0.84568504240773890  0.85409235885858836  0.85794043094935846
  0.85819820689081083  0.85849712062576089  0.86132838730363281  0.86604076985227674
  0.86979431715801991  0.87295587001744079  0.87604602324681580  0.87901710661674026
  0.88176984924503754  0.88908419458901877  0.89963804889161314  1.00000000000000000
   9.4745765646889771E-020  -1.0000000000000000     
 F F F F F F F F F F F F F F F F T F T F T F T F F F F F F F F F T F T F T F T F T F T F T F T F T F T F T F T F T F T F T F T F F F F F F F F F F F F F F F F F T F T F T F T F F F F F F F F F T F T F T F T F T F T F T F T F T F T F T F T F T F T F T F T F
  <DiscreteSampler_grid>
  grouped_processes
  1 # 1 for a reference and 2 for a running grid.
  10 # Attribute 'min_bin_probing_points' of the grid.
  1 # Attribute 'grid_mode' of the grid. 1=='default',2=='initialization'
  0.0000000000000000 # Attribute 'small_contrib_threshold' of the grid.
  0.5000000000000000 # Attribute 'damping_power' of the grid.
 # binID   n_entries weight   weight_sqr   abs_weight
    13   10   1.059571646128404E-012   8.536344014649409E-024   1.059571646128404E-012
    14   10   1.059571646128381E-012   8.536344014649166E-024   1.059571646128381E-012
    16   10   8.333252505892785E-013   4.249247407963461E-024   8.333252505892785E-013
    17   10   8.333252505892700E-013   4.249247407963451E-024   8.333252505892700E-013
  </DiscreteSampler_grid>
