  0.00000000005500563  0.00000000015677342  0.00000000023301715  0.00000000030034715
  0.00000000037473824  0.00000000044568445  0.00000000052430473  0.00000000060775653
  0.00000000069198226  0.00000000077782145  0.00000000088877722  0.00000000101065839
  0.00000000110053315  0.00000000117357776  0.00000000124850527  0.00000000133738375
  0.00000000144166644  0.00000000154401383  0.00000000164131261  0.00000000173824768
  0.00000000185676016  0.00000000194885654  0.00000000201759895  0.00000000208403478
  0.00000000215001491  0.00000000222864720  0.00000000232159446  0.00000000251294027
  0.00000000268323628  0.00000000282426479  0.00000000296060724  0.00000000310680006
  0.00000000327397822  0.00000000345017172  0.00000000363893302  0.00000000383581634
  0.00000000402338064  0.00000000419608050  0.00000000435804193  0.00000000453592678
  0.00000000470904187  0.00000000489809681  0.00000000508477969  0.00000000526752143
  0.00000000543920341  0.00000000559076533  0.00000000577332101  0.00000000592090921
  0.00000000606606462  0.00000000621924465  0.00000000635611722  0.00000000648067860
  0.00000000661160852  0.00000000675944776  0.00000000690266201  0.00000000703541045
  0.00000000720177725  0.00000000738185412  0.00000000758899293  0.00000000782904405
  0.00000000806737670  0.00000000826321110  0.00000000842562046  0.00000000856079101
  0.00000000871914657  0.00000000888573680  0.00000000908503990  0.00000000932862138
  0.00000000960324981  0.00000000987946936  0.00000001014150800  0.00000001040403203
  0.00000001068152595  0.00000001096087752  0.00000001122694129  0.00000001148770673
  0.00000001174899986  0.00000001198692392  0.00000001225012129  0.00000001251625722
  0.00000001276328651  0.00000001300333337  0.00000001325407935  0.00000001349237066
  0.00000001375428447  0.00000001406958293  0.00000001441371374  0.00000001479418864
  0.00000001530264767  0.00000001598377382  0.00000001682283640  0.00000001780024399
  0.00000001895257004  0.00000002041456676  0.00000002117373605  1.00000000000000000
  0.00975181008528287  0.01682838750488999  0.02762668562205817  0.04008150468489148
  0.05322298672119180  0.06481667902362283  0.07526195639709422  0.08583005116771820
  0.09803369722396221  0.11045262790448242  0.12365106157134496  0.13684446044954218
  0.14880208628205022  0.15837800699917162  0.16684124176277992  0.17526138333964233
  0.18407898408206147  0.19415322841656857  0.20391325048797820  0.21348141466996354
  0.22080830152786629  0.22984440619263738  0.23804227712710407  0.24494057700936125
  0.25198546359250995  0.25916440197890422  0.26624111799330386  0.28092711856874991
  0.29444263031837981  0.30736339833342580  0.31810177928941163  0.32923852198213682
  0.33877036442163405  0.34694759550015869  0.35459463430247529  0.36265568260822406
  0.37201820985304374  0.38556393931394511  0.40233158546226205  0.41674566439079386
  0.42850142587680140  0.44033648932855429  0.44965873590477107  0.46075441129049938
  0.47187197267256442  0.48176178270919073  0.49410929452313368  0.50755488203440657
  0.52534407797402327  0.54111145667316585  0.55613958570804922  0.57055962559794871
  0.58426255045760400  0.59724430429540631  0.61051351431562995  0.62368755384495034
  0.63756388261537822  0.65135051189055249  0.66383721868484535  0.67548936137438587
  0.68762216532723175  0.69851082839749501  0.71028924223640921  0.72386302006343450
  0.73914932674108980  0.75426618340157658  0.76872178714672434  0.78280304666935951
  0.79356034502256190  0.79888214461708029  0.80528861607508295  0.81159854757434069
  0.81849395237707145  0.82495566858802083  0.82950364812099664  0.83363597343045004
  0.83868649596762024  0.84436920811461524  0.84958984597137732  0.85382987666097498
  0.86309142443507192  0.87421489694193610  0.88311715125372992  0.89053231767025920
  0.89788277977594189  0.90527329007168811  0.91256140305693445  0.91988672366890334
  0.92721409923775810  0.93433427020127446  0.94194889320471842  0.95116800315661387
  0.96174219795518856  0.97465650636734946  0.98718555193073632  1.00000000000000000
 -0.00000014655761069  0.00006480594773118  0.00055002358091424  0.00156071442568941
  0.00359665348950457  0.00633962051865994  0.01011843744856000  0.01465491991041697
  0.01968861645692290  0.02430001441215755  0.02836174997029938  0.03213348766266337
  0.03710114499403202  0.04307356991241101  0.04832276728742056  0.05382323027791408
  0.05964187496851708  0.06606672773047469  0.07330084204092857  0.08090071963731384
  0.08938532550531668  0.09777072236295062  0.10586729827855491  0.11470557217043560
  0.12424884686762225  0.13474163410567391  0.14685566397006242  0.15958032898765484
  0.17282635317400299  0.18372447084009180  0.19522010574450294  0.20721976286589219
  0.21961105625525645  0.23408997531177675  0.24962696709880497  0.26530056493550291
  0.27994742831073061  0.29249140303609239  0.30276327465885022  0.31117833481127366
  0.31928230963785759  0.32776548227975161  0.33732502356054794  0.34792410717970773
  0.35880773327535809  0.36926407860310523  0.37970679585799244  0.39018881661396543
  0.40027419199062542  0.40935428563736798  0.41796953093619255  0.42671400782510982
  0.43590743966010814  0.44550726844331107  0.45515475881587408  0.46487223846911407
  0.47239569273391752  0.48045218725782590  0.48849898272178927  0.49613533216107281
  0.50554528169492630  0.51812435288686898  0.53204716764343840  0.54621410116306002
  0.56019335910496459  0.57444822616966118  0.58854676678048856  0.60393515004061382
  0.62049078484021924  0.63652857894956061  0.65043449055015179  0.65920005309572338
  0.66889612388247455  0.67987519348164027  0.69235889199146927  0.70548155474183283
  0.71535805365134919  0.72516658773112885  0.73532523159937269  0.74544758439814296
  0.75549993696490747  0.76540513606308591  0.77497614490451205  0.78502127361968665
  0.79492033324752753  0.80426206512959542  0.81948616390730189  0.84115163584379637
  0.86379929533254174  0.88399697282858869  0.90355911925847676  0.92315284893928451
  0.94225702321124405  0.96189987938063837  0.98130918084744456  1.00000000000000000
 -0.00098738442614443  0.00565484709992509  0.01126356080819783  0.01707174055508091
  0.02177716739558120  0.02700354483384651  0.03277038155085716  0.03919121624820619
  0.04711285646960037  0.05357187166150915  0.05897124722362521  0.06629233984619314
  0.07732520105849366  0.08796116016208051  0.09805515879827048  0.10965940303498789
  0.12230690945814757  0.13321839802653226  0.14345555625820416  0.15611323903533633
  0.17126367221247588  0.18289487556454967  0.19224843825200186  0.20032423466436861
  0.20811675400669177  0.21658980238832307  0.22655795090825540  0.23804817527173677
  0.25006745143170883  0.26231605357700549  0.27530588242090837  0.28901541655219570
  0.30219511072216620  0.31523403279180595  0.32804911991592184  0.34067944349943374
  0.35292305251636141  0.36393578818584960  0.37034851852079603  0.37493836297973931
  0.38065716567817193  0.38602479151184155  0.39125951827537775  0.39711813017092701
  0.40296040816534062  0.41223626588686585  0.42563179793461281  0.43983280971471361
  0.45366723432511769  0.46649655277573399  0.47981817680058847  0.49388135334962102
  0.50733081627454335  0.52094416780012132  0.53527252483390908  0.54757974301524781
  0.56063687781619131  0.57192489164146421  0.58272245991905380  0.59296117944202686
  0.60276868549169216  0.61108396840239376  0.61881616657573757  0.62645252163229259
  0.63529571010716768  0.64493868206507388  0.65338499762816593  0.66102536042098592
  0.66854094943921982  0.67696229824058074  0.68571129822502330  0.69418370596550460
  0.70185706347633314  0.70733883334462266  0.71691632617353906  0.72820727713999345
  0.73976718044083156  0.75189067263256293  0.76560478846279667  0.78137634568640257
  0.79707495092894043  0.81045448891050254  0.82173085937568668  0.83298488364779488
  0.84506651190263693  0.85911104692648221  0.87204374005647034  0.88410258864278979
  0.89628621906929795  0.91038721596927785  0.92834854927006827  0.94809782945040399
  0.96793294669308771  0.98055032079497650  0.99088510115495043  1.00000000000000000
 -0.00377430604354392  0.01110853740072938  0.02317603065036473  0.03409280586334552
  0.04519928964761469  0.05714572944346326  0.07007566632279702  0.08471805450036941
  0.10042069154803068  0.11647101093936804  0.13177646494570680  0.14438100434274476
  0.15343902243748139  0.16083433526931176  0.16879954066064720  0.17727646690947871
  0.18566281413183189  0.19317107090987037  0.20055703190294291  0.20871715936121116
  0.21990725419858448  0.23117626323077162  0.24190618731038027  0.25287561689091786
  0.26530507719700253  0.27837867166916597  0.29163304814770030  0.30572651090679520
  0.31997945206611278  0.33299891609117016  0.34609228631198796  0.35733314575443359
  0.36765753589844552  0.37953448765298553  0.39180990822496703  0.40322025807938622
  0.41158097409778166  0.42074766229169236  0.43112946601477831  0.44129403151908275
  0.45180712123445577  0.46295140968486020  0.47484814506208101  0.48744890656122508
  0.50296336525348839  0.51738097160591290  0.52844961464178253  0.53900991663462017
  0.55046783676814970  0.56332125426425139  0.57758359778103618  0.59218946886133061
  0.60653512700709922  0.61889403289761769  0.62928650527233998  0.63915401138427630
  0.64942462724118610  0.66020704237410732  0.67383736945944472  0.68762264018301167
  0.69843822961200841  0.70769536361238006  0.71759019652449296  0.72830049921008644
  0.73981129227028575  0.75023302434548012  0.75875811910745627  0.76732774400022552
  0.77418478201314989  0.78295886616096766  0.79068570542185290  0.79580951617237072
  0.80221832108798408  0.81080457604078338  0.81853886070617510  0.82383221080840652
  0.82855122627590638  0.83368493351567752  0.84003088188228492  0.84716053683110037
  0.85490838913836242  0.87043731935737700  0.88238939099331160  0.89157750185320406
  0.90158756701301901  0.90970039615954412  0.91649180072933367  0.92250701860915008
  0.92864178147666054  0.93472328166956953  0.94185586471391836  0.94909577056153882
  0.96039634192434364  0.97484175595619660  0.98832521140990914  1.00000000000000000
 -0.00182025398210066  0.00924839119722760  0.01765153535882423  0.02599959330356130
  0.03440058148164445  0.04286757882500606  0.05529190149495912  0.07004922354663079
  0.08384294473163362  0.09649075508598483  0.10978379695454533  0.12512889823244952
  0.14095742378967788  0.15411345906845306  0.16488174373338088  0.17446612884094329
  0.18366061765435476  0.19173638152444947  0.19952157832338183  0.20727360855787505
  0.21492501368115488  0.22379463358225193  0.23465909443075583  0.24544973558557942
  0.25824720698555181  0.27388980245824773  0.28990908955107497  0.30363924446492524
  0.31520438302321691  0.32595478364327374  0.33754629787010576  0.35089390111128538
  0.36562963697968642  0.37980185807942107  0.39199226658172998  0.40187153437122591
  0.41244624463080715  0.41930410261433271  0.42488901551469005  0.43053061378459373
  0.43755501415540038  0.44455255181868786  0.45165024896687517  0.45943831154640924
  0.46724668458761276  0.48170307343275426  0.49594189078285722  0.51018234063825962
  0.52264808611251989  0.53292772886885464  0.54223783252645508  0.55163587992920227
  0.56232681036902910  0.57050290698589801  0.57706902566277574  0.58336254915669095
  0.58955205845386183  0.59585854014944517  0.60318552208834275  0.61006461959007852
  0.61550164629317794  0.62082729834229178  0.62756693036790601  0.63588670865766272
  0.64452766686869489  0.65438531290784396  0.66491072412459040  0.67624212872308032
  0.68807574477642197  0.69946411793119878  0.71071964702609591  0.72149940565643356
  0.73359503811574589  0.74564227314093845  0.75591272596436643  0.76593105810225559
  0.77627531274010686  0.78733119940213436  0.79837898890458281  0.80795714828329657
  0.81880535521590325  0.83020535658615169  0.84198983222489709  0.85443425857561639
  0.86293786102554670  0.87209634303707395  0.88179900019530244  0.89179806755114799
  0.90212503111957831  0.91298973146429940  0.92444184433909438  0.93700557243873817
  0.95134286848623317  0.96653905599538459  0.98186667386838522  1.00000000000000000
  0.01587656096551288  0.01855822808418103  0.02150096669444256  0.02566977923127373
  0.02959024913286441  0.03270509635906649  0.03459663491178367  0.03661506988756708
  0.03844792976035632  0.04051878856793631  0.04334363724924076  0.04630367492709344
  0.05004103000838347  0.05348980390761267  0.05664630097755610  0.05989630121312636
  0.06336458670057613  0.06649712538722004  0.06908682745916737  0.07166124526412511
  0.07481639125458135  0.07843385155621979  0.08169765749247203  0.08527691549723423
  0.08999466964273825  0.09459956967427083  0.09934692444562535  0.10427461232413511
  0.10894123368302044  0.11367198797560529  0.11853672808833957  0.12384365472468931
  0.12993997779208999  0.13597465151856497  0.14193339666083749  0.14860896841156296
  0.15664539291903390  0.16449255489852721  0.17200215647190908  0.17937293242311514
  0.18719352241638140  0.19529811979114950  0.20390795317562269  0.21269290227985918
  0.22154570382281483  0.23033411668247936  0.23759792086749998  0.24326822687405231
  0.24844597814382383  0.25369605746626167  0.25969359589608698  0.26698219011589269
  0.27392366203074436  0.28071717112064953  0.28698250268858755  0.29412330168818779
  0.30254642688596384  0.31142440736715438  0.32130565162032720  0.32785370202318642
  0.33316262736835134  0.33868625845581896  0.34412088857991940  0.34969727618319008
  0.35490907650317521  0.36060279732358524  0.36922626112632623  0.38093120407688524
  0.39249305347204977  0.40300787055243642  0.41255353596428279  0.42190168448481613
  0.43138294171681119  0.44207759665488239  0.45403690269101349  0.46724410709816300
  0.48238304906646379  0.49665039624938900  0.50978985259612830  0.52291089624708209
  0.53591944301904149  0.54926804169244903  0.56423009481985786  0.58054730006928223
  0.59680056613636834  0.61688473233376506  0.64250900253126442  0.66741534593736851
  0.69084042071163254  0.71769071338307255  0.75054344332553680  0.78990902232548676
  0.83110238013554250  0.87147775161556007  0.91880620796256229  1.00000000000000000
 -0.00403139505844529  0.01716214496851522  0.02766426736745551  0.03581743365992152
  0.04321526482445356  0.05075473588066315  0.05844203007074058  0.06529163498855688
  0.07130392846963730  0.07718777680733946  0.08524053036629639  0.09471059625704802
  0.10418507732224451  0.11258855810662836  0.12060211705816071  0.12988874602180112
  0.13947848207374722  0.15084127226582414  0.16440009148568682  0.17388450497349284
  0.18030497167036869  0.18638455336243612  0.19169969340899934  0.19676896795227647
  0.20174225727986547  0.20608550507396237  0.21420251972002932  0.22354887613586452
  0.23385387634204477  0.24630121839709099  0.26374609325056020  0.28306338127445024
  0.29652686493075858  0.30924126718303663  0.32157301507331038  0.33499350550506035
  0.34872644368195882  0.36763673241268630  0.38341349680291514  0.39731374358475746
  0.40934256974884131  0.42032003748931118  0.43124705100705352  0.44214872343974609
  0.45245867134705714  0.46271632760026937  0.47451344383835747  0.48635417020357757
  0.49835054691781672  0.51198782648612762  0.52552394527706481  0.53821777082633848
  0.55113343772573420  0.56394319573664908  0.57672552370625352  0.58897275586865871
  0.60092415936321286  0.61299350108879402  0.62453794467286561  0.63428224391331711
  0.64487062747500024  0.65619333384375256  0.67064063970820920  0.68645233690527852
  0.69828842069444264  0.70943698445195691  0.71967690750365210  0.72871966019586887
  0.73657593557616519  0.74386751172474230  0.75255302355640274  0.76318353366027381
  0.77518584853912198  0.78765324136958281  0.80117103123110678  0.81504323538000401
  0.82660445109936709  0.83443652196896889  0.83978096022898574  0.84404899712381187
  0.84888257158197888  0.85405889000575064  0.86044805080224718  0.86745760948014283
  0.87417210344224083  0.88050437555002337  0.88643996077598375  0.89362123453038100
  0.90575958143648061  0.92551681066684044  0.94401700307894665  0.96058076771765122
  0.97173717951576821  0.98197338288916536  0.99137675473944420  1.00000000000000000
  0.64555678193132693  0.67682225230205639  0.69860390845345832  0.71558213365225720
  0.73108195220307248  0.74682198278117862  0.76408868629172766  0.77975681292849952
  0.79380390795716715  0.80794046597886371  0.81940569772182481  0.82938267399020427
  0.83981352113501284  0.84894495386544477  0.85775032900468806  0.86575380915739675
  0.87362167688448933  0.88112828083449579  0.88837316496900465  0.89458908497585921
  0.89964486775153230  0.90434814040830391  0.90936818043583201  0.91446351869519660
  0.91834016448252820  0.92078750436005286  0.92318986214997245  0.92574960914302107
  0.92837759762079297  0.93102783506015996  0.93363427374794572  0.93643532864485524
  0.93897120680031754  0.94109454505322654  0.94301658609538375  0.94487003750965892
  0.94674696083866394  0.94865443978695485  0.95057012279478703  0.95232840552535958
  0.95383130017407869  0.95529895687175392  0.95662938845319889  0.95791442995799225
  0.95901562333124879  0.95982661251422063  0.96055021739444413  0.96126262443708277
  0.96184973134379559  0.96247416929051866  0.96312609681848138  0.96378707653202211
  0.96447103656855471  0.96510743281716427  0.96568941488528748  0.96622684525087799
  0.96672065666368612  0.96719884305336756  0.96766381284019887  0.96807405970091387
  0.96847928377699521  0.96888383176857551  0.96927889260791755  0.96971833022871901
  0.97025979591478551  0.98187636845274784  0.98224985935806763  0.98252514384825107
  0.98277524475691003  0.98301424645807156  0.98324432866907208  0.98347029744137138
  0.98369145358924692  0.98391039374597056  0.98413601704617193  0.98438544325216715
  0.98466845149762561  0.98495527290044393  0.98525154027048190  0.98557644735106520
  0.98594701647626504  0.98632233992725160  0.98674216415577742  0.98720423307489691
  0.98770506244031164  0.98826911095027015  0.98886513900888495  0.98958776478435728
  0.99034171160927886  0.99110232589554448  0.99190909311162645  0.99300347069418016
  0.99427225116620632  0.99573268349145672  0.99751890629017181  1.00000000000000000
  0.09510070273393491  0.12264546491249093  0.14057542942162088  0.15823833960450906
  0.17230169167417270  0.18610150231116260  0.19550585306460738  0.20322061033261951
  0.21046355885340368  0.21824678693828456  0.22610878786261343  0.23193339604211172
  0.23627005420355185  0.24096287686622317  0.24577378333660674  0.25007519921995003
  0.25368025767441321  0.25726270840803572  0.26096671259132348  0.26450131251172543
  0.26823165749245265  0.27164544873504859  0.27488939516761168  0.27818861197514699
  0.28137763696684714  0.28442471521070917  0.28766604598796081  0.29166296869733910
  0.29704887451339884  0.30225303261476438  0.30721729727856367  0.31205597364912541
  0.31859498459386304  0.32520132069242791  0.33206136260124014  0.33846763929036949
  0.34495181925569940  0.35105892582700771  0.35598700565351610  0.36039393474934878
  0.36468870087615779  0.36886461287907435  0.37290360514657617  0.37735576240616286
  0.38225736288378376  0.38642510483261944  0.38939247092355062  0.39264053404299420
  0.39601880024116448  0.39978616008621304  0.40450312933783478  0.40884548953742317
  0.41448846481662649  0.42018301615934922  0.42541505213544800  0.43037065361441629
  0.43569822153138116  0.44100666332512284  0.44674767439080515  0.45300294307634037
  0.45919330030248773  0.46584012130988034  0.47292642191821266  0.48031968056096330
  0.48755765029631393  0.49386718980910538  0.50003488935243035  0.50616760029885577
  0.51225020450727332  0.51954190104816456  0.52786780608347206  0.53732627922650911
  0.54747081260571162  0.55419772594409000  0.56100534297858329  0.56702944704284197
  0.57304651107769089  0.57986393712529960  0.58761054943752622  0.59496777860045691
  0.60342425353084439  0.61255317560694589  0.62184387313213896  0.63111166216613668
  0.64053083294986846  0.65100142168347241  0.66241106583373710  0.67457466457321646
  0.68747634465725782  0.70165369970981428  0.71895502459424954  0.73756329112107089
  0.76847741325173125  0.82084662871756908  0.92559841975102841  1.00000000000000000
   5.3067782562085254E-026  -1.0000000000000000     
 F F F F F F F F F F F F F F F F T F T F T F T F T F F F F F T F T F T F T F T F F F F F F F F F T F T F T F T F T F T F T F T F F F F F F F F F F F F F F F F F T F T F T F T F T F F F T F T F T F T F T F T F F F F F F F F F T F T F T F T F T F T F T F T F
  <DiscreteSampler_grid>
  grouped_processes
  1 # 1 for a reference and 2 for a running grid.
  10 # Attribute 'min_bin_probing_points' of the grid.
  1 # Attribute 'grid_mode' of the grid. 1=='default',2=='initialization'
  0.0000000000000000 # Attribute 'small_contrib_threshold' of the grid.
  0.5000000000000000 # Attribute 'damping_power' of the grid.
 # binID   n_entries weight   weight_sqr   abs_weight
    13   10   1.549246260930580E-018   1.329927624129622E-035   1.549246260930580E-018
    14   10   1.549246260930647E-018   1.329927624129688E-035   1.549246260930647E-018
    25   10   2.565986760640794E-018   3.467667351165512E-035   2.565986760640794E-018
    26   10   2.565986760640032E-018   3.467667351160713E-035   2.565986760640032E-018
  </DiscreteSampler_grid>
