  0.00000000005679306  0.00000000013374938  0.00000000019678661  0.00000000025958733
  0.00000000032853882  0.00000000040112476  0.00000000047676103  0.00000000055098268
  0.00000000062769784  0.00000000070782183  0.00000000078877615  0.00000000087217549
  0.00000000095617247  0.00000000104445873  0.00000000113872369  0.00000000123206563
  0.00000000133142980  0.00000000144180233  0.00000000155376162  0.00000000166146654
  0.00000000177531919  0.00000000189834763  0.00000000202334166  0.00000000214262788
  0.00000000226044446  0.00000000238240200  0.00000000250724401  0.00000000263271077
  0.00000000275985343  0.00000000288843031  0.00000000302021739  0.00000000316039956
  0.00000000330195034  0.00000000344771018  0.00000000360126994  0.00000000375821283
  0.00000000391548506  0.00000000407296600  0.00000000422773411  0.00000000437721940
  0.00000000452472324  0.00000000467133265  0.00000000481639020  0.00000000496251771
  0.00000000511357533  0.00000000527389182  0.00000000543947641  0.00000000560461759
  0.00000000576731165  0.00000000592946127  0.00000000609583724  0.00000000626271145
  0.00000000643138096  0.00000000659202705  0.00000000675606483  0.00000000692326810
  0.00000000709577806  0.00000000727266869  0.00000000744926677  0.00000000762583747
  0.00000000780624146  0.00000000798390379  0.00000000817522087  0.00000000836623964
  0.00000000856851251  0.00000000877131785  0.00000000900286615  0.00000000925273876
  0.00000000949675034  0.00000000973296412  0.00000000996733094  0.00000001019912595
  0.00000001043585333  0.00000001068956648  0.00000001094452871  0.00000001120172521
  0.00000001146262475  0.00000001173812567  0.00000001204300188  0.00000001237916356
  0.00000001271978587  0.00000001307512647  0.00000001343269522  0.00000001380642607
  0.00000001418765543  0.00000001458385433  0.00000001498305214  0.00000001545912453
  0.00000001600541562  0.00000001661339715  0.00000001729805822  0.00000001809401241
  0.00000001910675099  0.00000002048272111  0.00000002123154842  1.00000000000000000
  0.00899630930319946  0.01762527994149264  0.02876456803819753  0.04052580991381424
  0.05158084188370152  0.06279619320339486  0.07293575644092937  0.08292624688791379
  0.09334415729321878  0.10455735519984734  0.11622436272263684  0.12880245488235850
  0.14187855874059715  0.15481281566585386  0.16744424471180588  0.17979867415403775
  0.19126988996583105  0.20198778467811310  0.21270871736235264  0.22339935002892114
  0.23373659692042886  0.24408231814460962  0.25456465471378187  0.26543611012659463
  0.27604172621287998  0.28605565751423467  0.29587385196917204  0.30596195814735194
  0.31657123539431420  0.32757045772208826  0.33864649552131915  0.34988627894850138
  0.36011290087905840  0.36974531289597357  0.37944144118102358  0.38910041333219580
  0.39904103311616951  0.40886903527622220  0.41897999293672938  0.42956352944971687
  0.44041325680391441  0.45140679417922830  0.46174392683306431  0.47067763243873501
  0.47976933121802690  0.48909867738483781  0.49840545953086046  0.50691437390665262
  0.51514855687538919  0.52366505450770007  0.53257330326728358  0.54168554632797772
  0.55136021401197088  0.56052270661922809  0.57061571931955135  0.58097644013391336
  0.59169163135954250  0.60249539250664763  0.61301016043811696  0.62311432826262281
  0.63317897046273197  0.64326966604238256  0.65355593198321527  0.66359192050490767
  0.67360804982991129  0.68383843961303181  0.69427730984731528  0.70486967461402206
  0.71516051523321600  0.72518243088637457  0.73505087249633461  0.74511663653059290
  0.75520902076262442  0.76542082323317517  0.77553177607880963  0.78595705535478988
  0.79696269456629854  0.80821561976268985  0.81903473889225220  0.82982426070724780
  0.84123528027486394  0.85285746818950170  0.86442419696594452  0.87610335323139354
  0.88770408717537264  0.89875796123389373  0.90896230449251270  0.91930992095974051
  0.93003491244626846  0.94047472535936449  0.95079144289526385  0.96140876564366773
  0.97148937608017416  0.98078996234716354  0.99119846981692594  1.00000000000000000
 -0.00272891082489733  0.01100762011169009  0.02275141457810996  0.03429234985135728
  0.04603167346407541  0.05785900216808862  0.07002699410706087  0.08238046450313570
  0.09352369740849208  0.10497410746717828  0.11642686659485135  0.12844969204769829
  0.13989783048635909  0.15115621556497968  0.16260056003429169  0.17381767417716162
  0.18491681162324564  0.19588784190364442  0.20678589345326528  0.21765853654978728
  0.22868873756393238  0.23999263518417574  0.25159474118089808  0.26219790420272787
  0.27336579364062097  0.28450311510127418  0.29548487544745144  0.30565645344322007
  0.31565617737491247  0.32582924367890154  0.33610633411070318  0.34617476931143143
  0.35657642964288450  0.36669568861745411  0.37670149536359987  0.38632279452142881
  0.39574940939624881  0.40536106788558574  0.41523729077185140  0.42561145351397806
  0.43574163854432763  0.44531264405160381  0.45492035782606299  0.46493034749044992
  0.47567829883024398  0.48672094382815073  0.49786299457409394  0.50913582323641726
  0.52064900283497229  0.53267085480306087  0.54517552113381462  0.55754007300964137
  0.56946174374887881  0.58146264781987533  0.59365399782040140  0.60595324494000480
  0.61785420718825657  0.62819255333786450  0.63814015092037424  0.64803796869743269
  0.65812258208725571  0.66776887603364754  0.67675824025885378  0.68556953472817217
  0.69510327610852796  0.70483859665942905  0.71428651948196153  0.72340342424763349
  0.73272168507751245  0.74207404002251220  0.75162575101245610  0.76097187772015917
  0.77081419324414968  0.78160401887964126  0.79222153434374409  0.80207451193304102
  0.81155765537337843  0.82094094310165955  0.83040706621085580  0.83971118631396502
  0.84903935441795808  0.85952321781291852  0.87084210137425977  0.88118757473408527
  0.89067827528504828  0.90028537683416221  0.91013938944760486  0.91993871105270453
  0.92972618250423988  0.93958495516471841  0.94981510998144214  0.95998430074104502
  0.96981958359769327  0.97980707665521649  0.98984497195827159  1.00000000000000000
 -0.00190743589373819  0.00916130350731245  0.01910930120689837  0.02911793377132835
  0.03952241427097977  0.04949500325048234  0.05934414181795100  0.06906231280829742
  0.07909266387647100  0.08886197745119240  0.09858401907318945  0.10833114744701203
  0.11856660838385703  0.12858747262221853  0.13885163825960400  0.14906125077623414
  0.15961036526565950  0.16994494315634898  0.17989473141704651  0.19006820611459738
  0.20118944867552541  0.21263880093965618  0.22376203111356774  0.23465823132354169
  0.24537195386098129  0.25570364677944563  0.26575529815300031  0.27607021021942596
  0.28667138707616435  0.29711587361689856  0.30726708313255841  0.31796149594614403
  0.32850935380918217  0.33889505516894242  0.34873317716343488  0.35916861063299982
  0.36972141113046592  0.38054777106186022  0.39155123079105786  0.40266598337728282
  0.41413526377488341  0.42550348605256183  0.43721128826289174  0.44850958186604567
  0.45957701702355797  0.47095846329252244  0.48265243027942534  0.49479901865771242
  0.50686132074011947  0.51818362811645979  0.52881347283884839  0.53923104422732104
  0.54981692966382512  0.56048121589524658  0.57132993331586757  0.58273483275970783
  0.59419781622920109  0.60499988600311849  0.61512596061706393  0.62535053583658684
  0.63592379956865297  0.64651326217867799  0.65715921108921782  0.66749394738906087
  0.67754843503207973  0.68769726492078997  0.69819789905130936  0.70856268380769016
  0.71828593714910671  0.72771947790375757  0.73748067916966220  0.74745637742877113
  0.75754207812241869  0.76726839430481564  0.77812986448763433  0.78900816849076150
  0.80019727052750589  0.81123591664894257  0.82213116878022663  0.83258589366997149
  0.84280945280268538  0.85328181774276302  0.86379335598723450  0.87458857357530828
  0.88513048788070114  0.89531602664862153  0.90540261605678873  0.91561886614428867
  0.92731695562319771  0.93981889527027962  0.95062252413070947  0.96098516447299820
  0.97054965924807768  0.98017789810675893  0.98985898632852565  1.00000000000000000
 -0.00297720479274097  0.01121218082169242  0.02218580754252292  0.03307601098765500
  0.04455603389154899  0.05643389797617368  0.06706112407904226  0.07671958984662691
  0.08634376775427859  0.09621076503974775  0.10618701620811885  0.11588704485381987
  0.12548681871530665  0.13567293219792015  0.14576910162515638  0.15584828187340122
  0.16594321665087305  0.17672311413951428  0.18808198681025609  0.19991831811092350
  0.21112443628643032  0.22149920261879016  0.23155840117773940  0.24200707972570240
  0.25270414075856446  0.26309340976677031  0.27373382213612851  0.28510378377989110
  0.29663259973783229  0.30793571441080148  0.31968884680563020  0.33147963157178606
  0.34283838345038931  0.35346727087252594  0.36435241964904652  0.37535890756829560
  0.38681688854592450  0.39828247449613330  0.40974550499462115  0.42090778459916472
  0.43155593337803555  0.44287232260591636  0.45380081334309019  0.46450053953943665
  0.47396648985228695  0.48475341125052218  0.49509213963291904  0.50627659779774092
  0.51673820552938599  0.52781604630215229  0.53915280125362708  0.55073951159900492
  0.56229424669646189  0.57352360738600805  0.58434421222518140  0.59477566559711736
  0.60507009679209622  0.61552186758061023  0.62628202637907737  0.63758396403439110
  0.64856463893460203  0.65811010009121440  0.66788636490410291  0.67774267628794205
  0.68772834197823229  0.69712523282525563  0.70658261196029692  0.71620121662742264
  0.72604334399959980  0.73613915393789964  0.74654653518569680  0.75679245730887124
  0.76655970776003646  0.77668712818619956  0.78718347872117767  0.79713019077148772
  0.80591170598610173  0.81452596382354736  0.82341229648026526  0.83278331531078564
  0.84215438154132416  0.85112838814635350  0.86166320582122446  0.87237604378544564
  0.88222946708883632  0.89188239476866271  0.90190901510956567  0.91287325684321452
  0.92381770499460469  0.93495496646689980  0.94603031239483704  0.95750210197242580
  0.96842643194384792  0.97930749321208999  0.98981522132954469  1.00000000000000000
 -0.00226915226092883  0.00932624264317881  0.01939389053204375  0.03005611608805366
  0.04102654928768363  0.05310988584237578  0.06482214904001672  0.07591633511639898
  0.08748951513192586  0.09902617552325804  0.10979735046302389  0.11975261318907832
  0.12970073523108891  0.13937238846339217  0.14968718067583836  0.15973363328395035
  0.16984459933299625  0.17907531534882998  0.18798248580579116  0.19834208459949554
  0.20880305528759643  0.21938949806808547  0.23029755519714815  0.24122276806608139
  0.25250309121363168  0.26296817131993772  0.27408142618513198  0.28544726292824446
  0.29636627810740518  0.30635562463022104  0.31646277578858983  0.32729214999660444
  0.33871283259562346  0.35032370783145272  0.36256691941797886  0.37484959500284865
  0.38624382467466645  0.39698486284705986  0.40745037725157962  0.41802416064697756
  0.42903922345825507  0.44017547827418496  0.45099244362600860  0.46156612414785991
  0.47204204069247413  0.48257530186128506  0.49320336975452206  0.50401793525886573
  0.51512192862414419  0.52630348282165262  0.53748743439208346  0.54870748202965480
  0.55989131929036207  0.57216117736911509  0.58482582668651417  0.59629248329453188
  0.60719533405718651  0.61729225315217973  0.62727466533243059  0.63600300761298245
  0.64527553017289641  0.65469409200408646  0.66411664188684005  0.67371364021854940
  0.68352011053600814  0.69369717669847586  0.70369230852418763  0.71335549813621457
  0.72288081590236886  0.73263437183895463  0.74266753550992937  0.75267570112484428
  0.76296220596053832  0.77308250272614087  0.78314938955967284  0.79330140980381691
  0.80391071819569004  0.81468256551115281  0.82532507167071867  0.83592768736149758
  0.84711511552368568  0.85782198278361166  0.86851120808433924  0.87884173048645242
  0.88928970261939022  0.89978734350546119  0.91001483198466604  0.92053165324059250
  0.93126819445573783  0.94187796006472102  0.95214149252510405  0.96209058756254640
  0.97190488727855506  0.98153015553171807  0.99069195847064973  1.00000000000000000
  0.00173048433707658  0.11866854777085682  0.18082949907332813  0.22372542859457017
  0.25685866233621296  0.28358279899517397  0.30763126272379371  0.33058323701949732
  0.35267614600625929  0.37292344701440250  0.39176644237772285  0.40825006664052504
  0.42331041142808090  0.43815829908206216  0.45283332334227039  0.46798108035277919
  0.48268554827317040  0.49671320377387396  0.50926103462763672  0.52121942525753062
  0.53194336865229563  0.54275013558793417  0.55309080445975622  0.56333268822547167
  0.57287093408566159  0.58238394627231571  0.59180797278545194  0.60103329697873409
  0.60974043144729595  0.61869678421021967  0.62757942328622485  0.63678752564741348
  0.64573216845387527  0.65397866624911039  0.66166431932989489  0.66898920960782426
  0.67616909635480027  0.68346997797743658  0.69097546825519174  0.69854207672289548
  0.70582410255294414  0.71326393110501096  0.72069760437603203  0.72819300042340984
  0.73557565177144102  0.74272574916445289  0.74974441135452119  0.75690154724139358
  0.76419329637091327  0.77153535551555408  0.77860448565111984  0.78548853396331608
  0.79231234272860951  0.79904511082632768  0.80576292659776338  0.81224973705815895
  0.81854375830764048  0.82479471266159865  0.83090223162025356  0.83672643619657927
  0.84222057674149953  0.84766339411021319  0.85324293057697098  0.85889990293425311
  0.86465911199053258  0.87043423389431440  0.87597156660377806  0.88095656545690870
  0.88575976276332113  0.89055886150209940  0.89516031927763740  0.89964418206190411
  0.90409077713287189  0.90857529341149967  0.91307414476442206  0.91737680135705502
  0.92150555088262931  0.92558411164730570  0.92960332565210824  0.93358095827551602
  0.93757576511727136  0.94159315561515255  0.94546204662495559  0.94913193134399965
  0.95267740876559948  0.95635207566485214  0.96021581058849659  0.96408865307264524
  0.96786203943199500  0.97146665342708516  0.97513888358626599  0.97861212541611209
  0.98187514019398181  0.98435874529630474  0.98727152731995049  1.00000000000000000
 -0.00176150667411114  0.01006605197949176  0.02057428878766646  0.03129054185543263
  0.04184958466876407  0.05203117618804073  0.06234900437821467  0.07316062866451258
  0.08418796154093025  0.09565195988220501  0.10759813947472484  0.11917355985920142
  0.13057232961688128  0.14096665026144664  0.15134996573756235  0.16179193095690136
  0.17259732002289166  0.18323944975677556  0.19358158678450546  0.20374400625610001
  0.21429345419262924  0.22430517201612052  0.23392604997842664  0.24288040267501357
  0.25258239351212408  0.26285095502593153  0.27353638797039215  0.28417889761906207
  0.29518389319783767  0.30640545055216578  0.31715325060194471  0.32783733235949031
  0.33856941687903208  0.34868030913488013  0.35859015320785703  0.36859035397124273
  0.37923134142839721  0.38993825917969954  0.40043415351064626  0.41095756692632063
  0.42180853758098436  0.43312061884616088  0.44508216460250760  0.45721355338441722
  0.46899789070650066  0.48002867501124413  0.49065661312501874  0.50138106695627771
  0.51264777021920949  0.52454287478076012  0.53644379989326574  0.54867317795871373
  0.56053572849072120  0.57149011074902301  0.58188248568887380  0.59155348297408661
  0.60164309184811549  0.61179166443247179  0.62171965916762018  0.63154698365804796
  0.64157067823463321  0.65239081320871728  0.66327870207312911  0.67364711621629791
  0.68391976721115133  0.69454292705056297  0.70528327595619833  0.71616091068237842
  0.72699823994072033  0.73693409278015820  0.74633363138841080  0.75564215427360859
  0.76487095519639436  0.77387677200386118  0.78270836100332197  0.79213478146842464
  0.80262661746974318  0.81319307839611132  0.82351356194261283  0.83378935840485591
  0.84415944592141146  0.85492069908893353  0.86560716628032253  0.87593793459915648
  0.88579007063460224  0.89575219795935446  0.90661540438264432  0.91740793680159249
  0.92727076537633679  0.93702678717452692  0.94722682562010641  0.95819465038936080
  0.96906538323553026  0.97902516806574824  0.98958203823424129  1.00000000000000000
  0.02434790612661333  0.03283459371404255  0.04305598840818816  0.05185432299981788
  0.06005169987547208  0.06824407108718078  0.07692007631413382  0.08567363113282575
  0.09404179006860097  0.10247506958795727  0.11190870271705863  0.12219330516436573
  0.13210541319033753  0.14136337605854105  0.15080131140506564  0.16060528803687960
  0.17070140530762640  0.18101136171211824  0.19174285463976759  0.20280725374295833
  0.21368898821493398  0.22492513669675826  0.23605245861949706  0.24715283722035836
  0.25773197423014499  0.26806077609317186  0.27788542264017269  0.28744909951948411
  0.29696831974951543  0.30669684738336206  0.31639737867622597  0.32576810161431813
  0.33470630628843812  0.34383423422447906  0.35356212195862330  0.36362396895887894
  0.37307820645493661  0.38283079040992735  0.39267635493162073  0.40263513861317352
  0.41288545383956365  0.42387701211037665  0.43579175323049185  0.44713853809321780
  0.45844152101824537  0.46940529374455153  0.48043082213268395  0.49061645275098259
  0.50075061669266974  0.51033702816577753  0.51979962553633596  0.52990807957077590
  0.54002068321407015  0.55024220176792393  0.56061157978621268  0.57010846446847074
  0.57981136698282809  0.58920070886663012  0.59886958930242462  0.60866649178271126
  0.61838123657983723  0.62873317346034674  0.63977656961785923  0.65085735670246403
  0.66206106050643543  0.67289254170518287  0.68347099874034978  0.69364517714163787
  0.70361879408743877  0.71325514982425153  0.72267680321868732  0.73216029888448075
  0.74188749811102206  0.75184619552344112  0.76238101926479884  0.77353114514089338
  0.78515835147888868  0.79644343670954254  0.80722651282875690  0.81804324747352208
  0.82861333687725236  0.83870984680251159  0.84835932210237053  0.85809444380572397
  0.86849234697533906  0.87912443951058661  0.88973432521958962  0.89989340688154806
  0.90959481779365248  0.91998580576664279  0.93090938705144399  0.94167531197444732
  0.95260587216521297  0.96320769738117229  0.97163265102153473  1.00000000000000000
  0.07641796017519425  0.24177540292611163  0.27424969392685733  0.29954290800303157
  0.32143467882305743  0.33960938322522255  0.35594643515778879  0.37084310562925593
  0.38547381882467646  0.39992560653239623  0.41397740883959722  0.42678356746778390
  0.43920599012445144  0.45153440529121081  0.46351377469871780  0.47488289707825104
  0.48562007384751282  0.49605271227267000  0.50678201071127937  0.51780457002404456
  0.52862683242241193  0.53881618493977346  0.54858585823077655  0.55816453095930807
  0.56728720619959649  0.57625320627461940  0.58518687666175184  0.59416160177643507
  0.60283576501016356  0.61116506592900566  0.61928087814250632  0.62736011143747872
  0.63546586480318257  0.64346796489851010  0.65113657308549633  0.65825398810039759
  0.66518003150341876  0.67149318736637076  0.67764710892450153  0.68403541692043290
  0.69012111003584486  0.69577716540001433  0.70139707097250104  0.70710607159184069
  0.71263870698782239  0.71799869869935928  0.72323978249642151  0.72852980561936920
  0.73379855299226593  0.73884994748669774  0.74357026152583350  0.74806017766208710
  0.75251223735330031  0.75692088767622756  0.76137907458485132  0.76572169590653749
  0.77005188701741012  0.77395516090668881  0.77779842254349407  0.78153777744054687
  0.78515555587691221  0.78874620443353727  0.79234798076447377  0.79594060165432245
  0.79930230355227783  0.80258254305790855  0.80590528125502647  0.80949270484252622
  0.81322390942325551  0.81667622929947092  0.81995974383894876  0.82311661803577840
  0.82633082997413587  0.82957097117238177  0.83276588636159998  0.83582760354522312
  0.83891599528473326  0.84217062216097216  0.84599352533673100  0.85009622128689621
  0.85380753493811701  0.85726843200671843  0.86055037360986930  0.86414739688198416
  0.86797442132726210  0.87207039108206330  0.87606228056551638  0.88011674996201605
  0.88404872497456632  0.88790816432870823  0.89204886364275149  0.89570541553479543
  0.89938027601945048  0.90607255552433974  0.91315595326464505  1.00000000000000000
   1.5235523353365394E-017  -1.0000000000000000     
 F F F F F F F F F F F F F F F F T F F F F F T F F F F F F F F F T F T F T F T F F F F F F F F F T F T F T F T F T F T F T F T F F F F F F F F F F F F F F F F F T F F F F F T F F F F F F F F F T F T F T F T F F F F F F F F F T F T F T F T F T F T F T F T F
  <DiscreteSampler_grid>
  grouped_processes
  1 # 1 for a reference and 2 for a running grid.
  10 # Attribute 'min_bin_probing_points' of the grid.
  1 # Attribute 'grid_mode' of the grid. 1=='default',2=='initialization'
  0.0000000000000000 # Attribute 'small_contrib_threshold' of the grid.
  0.5000000000000000 # Attribute 'damping_power' of the grid.
 # binID   n_entries weight   weight_sqr   abs_weight
    13   10   9.553178593546782E-008   4.029237411308901E-014   9.553178593546782E-008
    14   10   9.553178593547815E-008   4.029237411310700E-014   9.553178593547815E-008
    25   10   1.281316077298579E-007   6.495897845005848E-014   1.281316077298579E-007
    26   10   1.281316077298583E-007   6.495897845005881E-014   1.281316077298583E-007
  </DiscreteSampler_grid>
