  0.00000000024149286  0.00000000037979425  0.00000000047339561  0.00000000056383472
  0.00000000063897780  0.00000000071868551  0.00000000080021125  0.00000000088318633
  0.00000000096801746  0.00000000105333127  0.00000000113401646  0.00000000120995151
  0.00000000130253500  0.00000000140673770  0.00000000151724728  0.00000000163839840
  0.00000000177238911  0.00000000190644203  0.00000000203333567  0.00000000215335090
  0.00000000227161607  0.00000000239307860  0.00000000251600475  0.00000000263774013
  0.00000000275902704  0.00000000288047848  0.00000000299701390  0.00000000311354307
  0.00000000322582847  0.00000000334292500  0.00000000345248662  0.00000000356837078
  0.00000000369015671  0.00000000380799025  0.00000000393188565  0.00000000405519896
  0.00000000419000914  0.00000000431793036  0.00000000444931414  0.00000000458241299
  0.00000000472115725  0.00000000486323006  0.00000000502066343  0.00000000516526910
  0.00000000531090116  0.00000000545388905  0.00000000559697735  0.00000000574867859
  0.00000000591535368  0.00000000606426682  0.00000000622959340  0.00000000638990464
  0.00000000655511419  0.00000000672561465  0.00000000688825962  0.00000000704655084
  0.00000000719282633  0.00000000735268848  0.00000000752903502  0.00000000772251768
  0.00000000794081329  0.00000000818599627  0.00000000841466437  0.00000000864081326
  0.00000000886943310  0.00000000909822132  0.00000000932952769  0.00000000956316819
  0.00000000979668533  0.00000001003661041  0.00000001025987527  0.00000001048164157
  0.00000001071930258  0.00000001096749086  0.00000001122910422  0.00000001148793292
  0.00000001175074729  0.00000001201428469  0.00000001231381284  0.00000001265414083
  0.00000001300524661  0.00000001335892564  0.00000001371523405  0.00000001407806850
  0.00000001444237867  0.00000001480049025  0.00000001519287810  0.00000001560802304
  0.00000001610573504  0.00000001675967691  0.00000001749541563  0.00000001837010491
  0.00000001948291794  0.00000002149030304  0.00000002397196796  1.00000000000000000
  0.00943896005828380  0.01790036575732758  0.02894566822770902  0.03894214299098570
  0.04765188582897342  0.05731130809999436  0.06676615673471196  0.07608171950976859
  0.08560104222559527  0.09478620116038292  0.10518394040421133  0.11531267103029000
  0.12540256277464543  0.13561143011643426  0.14673656581976752  0.15878344396434169
  0.17244055256607568  0.18670678979027433  0.19978348975155952  0.21087402790261248
  0.22102772067616325  0.23093507677387332  0.24078305790675184  0.25022543386097523
  0.25988658490225686  0.27045325326527669  0.28212737859237003  0.29354613532111401
  0.30412659278236676  0.31462436860463261  0.32567893745397558  0.33662177990968595
  0.34700145184570930  0.35767082839053904  0.36930733175206337  0.38116097507650248
  0.39332161176413832  0.40555564469022176  0.41779225302316214  0.42881505957077531
  0.43918242202713248  0.44896897569948263  0.45965599982481165  0.46936679485450916
  0.48011442898548229  0.49121176451985954  0.50300152437013446  0.51396326837438422
  0.52581357787535155  0.53787856871657180  0.54845311449605250  0.55795363375011775
  0.56736310464473472  0.57687794489402500  0.58679756792434867  0.59563690036536809
  0.60490070052135914  0.61684233266052568  0.62839511857092611  0.63814284770322338
  0.64760475856591559  0.65750675408071613  0.66749004134480394  0.67633179670829646
  0.68528205950550614  0.69518446834162662  0.70515454919336684  0.71548748541169405
  0.72672958387809550  0.73887953108881355  0.75130673327687270  0.76344359314653898
  0.77507292495736912  0.78553191752648310  0.79526341481651341  0.80495719135054478
  0.81490660026158768  0.82465905847230014  0.83401923395228783  0.84346930303377765
  0.85358937019231229  0.86443389425150607  0.87634073557127801  0.88923778634830175
  0.90119309369347766  0.91070283998592938  0.91938072833394879  0.92780826602097344
  0.93623357803873941  0.94459185234280452  0.95245824586800731  0.96074187178313686
  0.97251438482628139  0.98214252709986027  0.99128089213386728  1.00000000000000000
 -0.00001238970495134  0.00063746240030088  0.00276742038096257  0.00613118549565574
  0.01011383997085649  0.01363763611569034  0.01810566886964821  0.02443323422441151
  0.03140752349436148  0.03835358093870809  0.04569305688912395  0.05225262649628103
  0.05818069547353591  0.06450766985906277  0.07089392677238136  0.07747167426576396
  0.08431578248691360  0.09237345658852353  0.10172905247708668  0.11204259507005306
  0.12321870765278906  0.13436980568324328  0.14438227973439446  0.15313499607433700
  0.16192152495009790  0.17082430991112946  0.17931434250030992  0.18864297870722785
  0.19816368319122205  0.20740010078983032  0.21606728781942694  0.22501586206902921
  0.23311645553927690  0.24257681980784826  0.25334782749194784  0.26449246581611879
  0.27343297342248440  0.28265257712312042  0.29161746790297544  0.29988263422163725
  0.30779912190784620  0.31614925846373038  0.32541107367391531  0.33418298054519002
  0.34354187952308812  0.35356554381763589  0.36312245235710522  0.37261133176397776
  0.38219956087429235  0.39159142740673014  0.40090633293915262  0.41047028862708346
  0.42054694005692650  0.43102251134767500  0.44103730835778399  0.45157852246999641
  0.46216084331030260  0.47268164406139107  0.48391811740109919  0.49586241494321542
  0.50814215490883374  0.52033521425308704  0.53168331466147456  0.54550927592649134
  0.56119308346542396  0.57742361582051926  0.59392720776381025  0.60806687978751095
  0.62236990173472539  0.63629103320360636  0.64955792782525268  0.66237677110562199
  0.67517645247398661  0.68826525306912090  0.70121987170408029  0.71403986370114825
  0.72693821213217347  0.74041738613431418  0.75433485647857013  0.76820685526537102
  0.78146804300280948  0.79627674538321336  0.81125332685429496  0.82619176501008595
  0.84099260030200984  0.85550830045370996  0.87056894902681359  0.88561558517515448
  0.90063563419880266  0.91551777402882695  0.92977189893730605  0.94470880226767562
  0.95900575704673918  0.97286046995113906  0.98658655829226127  1.00000000000000000
 -0.00336933708843961  0.01341116777460109  0.02629382401358839  0.03685832330498807
  0.04714086942918189  0.05729679939217285  0.06676743382783761  0.07630797271482116
  0.08666035791169198  0.09845877896939960  0.11057929445335836  0.12211929332126793
  0.13276293854167046  0.14316415171199218  0.15421222149202746  0.16478860416067576
  0.17566352919193587  0.18505810098103392  0.19473061891183985  0.20478689308518211
  0.21357666409368761  0.22269828299530611  0.23313835169873320  0.24309771251849543
  0.25208696510653661  0.25942226570889709  0.26772587715883817  0.27689006115975184
  0.28739363923777733  0.29781713380818226  0.30855060868702444  0.32072563371884749
  0.33463896940360072  0.34694872768919821  0.35735447926310615  0.36685532478055216
  0.37575463099922601  0.38607128473450331  0.39748791540302886  0.41001082143387446
  0.42344298609736553  0.43663614408855506  0.44845222019429237  0.45955491318886349
  0.47007165136889723  0.48037011185127959  0.49024462450480588  0.49983675687841095
  0.50971352470220854  0.51984075033794686  0.53140010277346239  0.54307212435694729
  0.55565061173665575  0.56449820020848485  0.57304176498315618  0.58118288716636313
  0.59095009628141093  0.60145039170143044  0.61242349076829539  0.62347468291785690
  0.63560189731971872  0.64627933762375855  0.65571506734998841  0.66432397612590099
  0.67262874626921010  0.68147590826843052  0.68996273654404350  0.69871944119555551
  0.70788768167569549  0.71827241381383344  0.72846557941969703  0.73814786897717122
  0.74773285734375305  0.76115634923754616  0.77541549747388472  0.78884591253177372
  0.80110450671113831  0.81285974749352718  0.82501663418305271  0.83664015756540833
  0.84685502335716156  0.85616517249317170  0.86521400750543842  0.87391049306082791
  0.88252334071709271  0.89199682508962241  0.90342234181488035  0.91643252610573156
  0.92992990715189039  0.94290326123654633  0.95461589676973002  0.96343443686515229
  0.97150376092537960  0.98055675969955369  0.99030336243842565  1.00000000000000000
 -0.00415717235059250  0.01436839812557549  0.02795970893853189  0.03895948926823894
  0.04862308601471253  0.05794800856436376  0.06825739370494088  0.07861484275131025
  0.08933530781270456  0.10071218191264587  0.11058750849432133  0.11831680043308802
  0.12553532983226462  0.13462098295126285  0.14441607658990202  0.15255909493483075
  0.15993814127210149  0.16812556918529470  0.17814666157245676  0.18925836859042008
  0.20086122163513120  0.21269622124231108  0.22139588831837542  0.23018176244509206
  0.23918253151504570  0.24985633611886301  0.26313344252225146  0.27758607833261423
  0.29122001513198581  0.30284857678195365  0.31399125563737335  0.32514266147053855
  0.33612277979191224  0.34809488989903020  0.36001857038922219  0.37113149519420868
  0.38131488000535313  0.39078471773920614  0.39997519076443266  0.41029399310187892
  0.41958789636833699  0.42883563843983907  0.44017659514854024  0.45301065752029118
  0.46532924349525284  0.47555130156788983  0.48450325237498953  0.49304529418992316
  0.50248356446402087  0.51308430203334288  0.52216324862074359  0.53230558173199938
  0.54190245524366276  0.55163078020811962  0.56198369752161614  0.57234223419887675
  0.58209237475349607  0.59210550146687824  0.60250542927457540  0.61256039210569235
  0.62228217008082221  0.63235827811523648  0.64281784836540290  0.65387594791335069
  0.66465011500921323  0.67441867666603117  0.68399410260651905  0.69302960400964020
  0.70353904641750831  0.71305236041070830  0.72188849954900081  0.73095802867597615
  0.74033867118773711  0.74970912603614792  0.75978595990986020  0.77102536312851766
  0.78128866190475554  0.79139140514311812  0.80294618383318295  0.81625278789856914
  0.82875523237244242  0.83962207016922419  0.85045989487042750  0.86160920371430616
  0.87320204353791009  0.88491415950210894  0.89613928470082538  0.90645709347686065
  0.91636646039594105  0.92656419677120760  0.93656614333816657  0.94689635414949036
  0.95836191939726312  0.97134743390323941  0.98555699857258605  1.00000000000000000
 -0.00164734486520851  0.00806877069430227  0.01828780344356515  0.02852313233266338
  0.04025857321198468  0.05254348454174237  0.06445239490125466  0.07628689840989461
  0.08729250960990244  0.09886570521286703  0.10841073619849684  0.11785085122430793
  0.12727570843461655  0.13844764080647337  0.15060215285200806  0.16362372051086355
  0.17439321179115766  0.18666727083817075  0.19837713513019301  0.21017510089500685
  0.22192853105353441  0.23325670566494144  0.24494001214757155  0.25609353542856134
  0.26725596063654955  0.27856437767607400  0.29109429445983265  0.30339738076573664
  0.31539630644816113  0.32601980356634003  0.33514117318567677  0.34404610052796053
  0.35383748657485564  0.36489361157636524  0.37630394737802553  0.38805116071190199
  0.40039291216283529  0.41318130731448388  0.42572164091411335  0.43780273136621672
  0.44952518754098097  0.46093419045976125  0.47183448801026240  0.48168073541994488
  0.49202464508402594  0.50169543750208379  0.51100440687931969  0.52051930833056281
  0.52934176075229278  0.53753946848809442  0.54669505109540839  0.55605212802572523
  0.56528589579664434  0.57465632931444166  0.58398505327290928  0.59306310727507761
  0.60205801089396005  0.61078145733092504  0.61982002791490032  0.62930755755595402
  0.64007160826500809  0.65133871271563426  0.66309136462767659  0.67398775132837596
  0.68475740371223681  0.69544597937539809  0.70534579868866609  0.71545761625104376
  0.72531924907472645  0.73805582570429984  0.75132815619619520  0.76092367578156928
  0.76979683971855661  0.77739675450327161  0.78533465501422628  0.79438290987158722
  0.80402368706487515  0.81287700791393913  0.82251567706363216  0.83340806744301521
  0.84522792320462392  0.85735580438141457  0.86921553451415789  0.87999495707753872
  0.88971924203720465  0.89929160233522198  0.90946701006594621  0.91902161926529902
  0.92961591173052327  0.94078196969638506  0.95209650109371324  0.96198913384602913
  0.97108646501169360  0.98016603655527690  0.98986477677102680  1.00000000000000000
  0.00466960534755946  0.01092711654695700  0.01622486703936390  0.02125858596506044
  0.02672567551348669  0.03210503456748971  0.03765278222233930  0.04330764802961672
  0.04852213284391937  0.05398440790550414  0.05956469278848370  0.06487105074474497
  0.06955615876343690  0.07399263822383859  0.07850110259202815  0.08310021515218720
  0.08764988014961372  0.09253582722588036  0.09773587947740092  0.10285280981669480
  0.10805871403447213  0.11320300458191374  0.11829022126467656  0.12335404670083921
  0.12876888010572415  0.13466753745638985  0.14068336204353635  0.14641606770888635
  0.15170607876416400  0.15691088327259370  0.16277648692411625  0.16790922791908569
  0.17311627283087597  0.17845733369513991  0.18386762476335380  0.18994202444104311
  0.19560842072236617  0.20085363488347641  0.20571059130309055  0.21068454026310351
  0.21628540909604924  0.22276497615202726  0.22977855097691602  0.23678141621444312
  0.24381082888869507  0.25061063249286286  0.25712293211724002  0.26382422144750078
  0.27059066666806936  0.27751389071933424  0.28518437478843739  0.29257103562873965
  0.29968638277268861  0.30717100354452914  0.31397266648351851  0.32056109656607884
  0.32724220845026780  0.33443190856140026  0.34256688840370053  0.35150532607812862
  0.36029606718667317  0.36846012386575716  0.37625025558867869  0.38405327020099556
  0.39218271999809068  0.40080376963830744  0.41002073429352137  0.41961834015732813
  0.42967949058318200  0.44018401135295110  0.45097045135208141  0.46250007654119152
  0.47455939069023934  0.48696023646288700  0.49911462819873503  0.51077363767483175
  0.52311506929701956  0.53683454028141520  0.55066715729005355  0.56384092388584184
  0.57618649847473813  0.58907269962048703  0.60332985363114155  0.61703022923100281
  0.62875023640012884  0.64531451905539283  0.65610035266670852  0.67326260664528448
  0.69117896676920099  0.71054638632180844  0.73359526217009774  0.75903789165074242
  0.79467137004096289  0.83815114916129785  0.88562808114441682  1.00000000000000000
 -0.00407679634581101  0.01283049065505674  0.02704522158704360  0.03957993521619302
  0.05106660977668931  0.06203196228852542  0.07292911530508787  0.08261800884117280
  0.09083636762286487  0.09903809879057664  0.10819858848837381  0.11786014732396248
  0.12938826170658443  0.14152252113171862  0.15432937837874597  0.16793889763017888
  0.18010517365169024  0.18982367572517164  0.19968493637284174  0.20918603578088571
  0.21752236395207977  0.22664265651839985  0.23760308112638920  0.24907561747176094
  0.25928744277947002  0.26865381985801307  0.28128497944880670  0.29349128005623537
  0.30328099814922094  0.31278472644322691  0.32274218361404627  0.33252140218294646
  0.34260931814883705  0.35338654917167284  0.36527192126161168  0.37759698822385346
  0.39001431160339434  0.40200176950363015  0.41315868106045223  0.42431600978454553
  0.43577924790673916  0.44680506328551561  0.45769433813965965  0.46833117231983062
  0.47973323127365147  0.49120565251061260  0.50332570522053410  0.51593836016029215
  0.52777166095046590  0.53925802709349768  0.54932195910496906  0.55839934602814822
  0.56764219435361452  0.57731397979015708  0.58699707083795938  0.59627616383751048
  0.60596759502599717  0.61682540285521104  0.63091569166706540  0.64503010552522932
  0.65945416979931382  0.67393927519033436  0.68769655354134362  0.70024540436736304
  0.71178276248969419  0.72256547931829895  0.73267224610555193  0.74241361514504134
  0.75138168070524969  0.76027236852914393  0.77038071392899976  0.78021198139001191
  0.78860660622673762  0.79599945010528317  0.80372422532441046  0.81194288857676677
  0.82053815789422269  0.82945169261592444  0.83945398850362662  0.84811124263198745
  0.85534388795832883  0.86175424146421031  0.86894452759151530  0.87695178722151013
  0.88701691623948753  0.89724187505009423  0.90684161319216783  0.91589552379093708
  0.92545852137865048  0.93582279619061426  0.94585321510925091  0.95758569115574699
  0.96927873645751850  0.97968111462335195  0.98940252962353903  1.00000000000000000
  0.64352661367561315  0.68887303215304208  0.72127160354052977  0.74544211676192662
  0.76587674997768140  0.78506285773499584  0.80496406045589974  0.82243160798275716
  0.83690259688911384  0.84985191897506984  0.86121004657106215  0.87218270837756262
  0.88183017174546885  0.88969395546898100  0.89642793027818368  0.90222595932970939
  0.90816638694456853  0.91379978503892534  0.91839467441963329  0.92202090460670050
  0.92542310650153470  0.92869156461001534  0.93166044590073460  0.93430394948543283
  0.93674992665519174  0.93903353139563361  0.94127247709424722  0.94327399558843095
  0.94512892882873067  0.94682807306355565  0.94843651357548864  0.94992631312236619
  0.95125194463636475  0.95256537215567316  0.95387624503035340  0.95514189912360981
  0.95631598709655563  0.95739680913146874  0.95838007471568776  0.95921609735571445
  0.95995480537655753  0.96062585565960579  0.96126894407557184  0.96189910885757890
  0.96249830143090653  0.96305585675515182  0.96360192656836852  0.96415049258955732
  0.96469149042750024  0.96522511569266756  0.96577556747713922  0.96626196609802140
  0.96672118652195660  0.96715077569379670  0.96755523489964157  0.96794868050880800
  0.96832379407110691  0.96868597854229010  0.96903296632017244  0.96935749783285785
  0.96968032409598826  0.97003400494931502  0.97047653634570208  0.97132978307266893
  0.98216985635510934  0.98237093163954847  0.98254578695725892  0.98270083104698813
  0.98286409686315857  0.98303773613075285  0.98322240826337315  0.98341136692689435
  0.98360513035324026  0.98380542932026105  0.98401823333401706  0.98425109171906611
  0.98452664448791627  0.98483243479008697  0.98514557970346295  0.98548591682300235
  0.98587934947632816  0.98629865419844664  0.98672984867852909  0.98717892231958360
  0.98763897080169938  0.98811440812895790  0.98869152535358373  0.98929791602200934
  0.98996298213351375  0.99075562093820435  0.99172243944962024  0.99283808802569984
  0.99409478065844081  0.99556102401504909  0.99745328736128869  1.00000000000000000
  0.07340010824984665  0.14830974558215743  0.16612076947982010  0.17686133931008394
  0.19096684349683585  0.20165788189636716  0.20908953768779218  0.21577346614998483
  0.22304598019215688  0.23032242827463037  0.24022785808192390  0.25172419945860752
  0.26329157419581395  0.27401787096320968  0.28268414072358067  0.29038830875068311
  0.29783959533226917  0.30561238807197011  0.31519158546767756  0.32609113338258949
  0.33674399998041094  0.34816684229370493  0.35946709850315911  0.36953187916846270
  0.37885496711440569  0.38755415289259293  0.39576541041533403  0.40375037747460785
  0.41109029829108046  0.41788858748968705  0.42429465577678249  0.43130678188310573
  0.43858460429424456  0.44606893712598189  0.45344798891181015  0.46049074915446936
  0.46766555249121283  0.47458846135012900  0.48137981844075167  0.48784608974168009
  0.49416171194356245  0.50000708489877954  0.50530580836047156  0.51034993143911656
  0.51530407522397337  0.52013185629136538  0.52493859656689235  0.52982251593120799
  0.53475676156754104  0.53969545422583187  0.54490170151607809  0.55069234544979118
  0.55677537306706859  0.56292796822152469  0.56901017621852024  0.57509612106783226
  0.58114159655200270  0.58715603848136011  0.59328806819077740  0.59955547106801177
  0.60592493805552605  0.61238478688588549  0.61900618158344678  0.62580627242845754
  0.63213658879794676  0.63816438281908494  0.64392410772766140  0.64939321351075441
  0.65445679009533186  0.65942116142531859  0.66464557390770751  0.67032874774550688
  0.67657869468398835  0.68318849369793488  0.68962146887861242  0.69579659218911094
  0.70207679521646338  0.70894087161437291  0.71597420028018011  0.72269267180786434
  0.72964003158352031  0.73723047794809604  0.74538194859890872  0.75292241919111347
  0.75760415997531305  0.76306250727997549  0.76821345466075719  0.77321878220052020
  0.77915869820670536  0.78555016521990984  0.79232983921331646  0.79990966822454190
  0.81282308947628601  0.83758104945217793  0.86985084381516309  1.00000000000000000
   4.0467149907353592E-031  -1.0000000000000000     
 T F F F F F F F F F F F F F F F T F T F T F T F F F F F F F F F T F T F T F T F T F T F T F T F T F T F T F T F T F T F T F T F T F F F F F F F F F F F F F F F T F T F T F T F F F F F F F F F T F T F T F T F T F T F T F T F T F T F T F T F T F T F T F T F
  <DiscreteSampler_grid>
  grouped_processes
  1 # 1 for a reference and 2 for a running grid.
  10 # Attribute 'min_bin_probing_points' of the grid.
  1 # Attribute 'grid_mode' of the grid. 1=='default',2=='initialization'
  0.0000000000000000 # Attribute 'small_contrib_threshold' of the grid.
  0.5000000000000000 # Attribute 'damping_power' of the grid.
 # binID   n_entries weight   weight_sqr   abs_weight
    13   10   1.523019653895290E-023   7.074549584265438E-046   1.523019653895290E-023
    14   10   1.523019653895287E-023   7.074549584265416E-046   1.523019653895287E-023
    16   10   8.565690553153569E-024   2.179624474750268E-046   8.565690553153569E-024
    17   10   8.565690553153682E-024   2.179624474750358E-046   8.565690553153682E-024
  </DiscreteSampler_grid>
