  0.00000000021625320  0.00000000069284555  0.00000000106438682  0.00000000137920968
  0.00000000164343793  0.00000000187195758  0.00000000210046383  0.00000000232868437
  0.00000000254796119  0.00000000275896613  0.00000000301968063  0.00000000323692546
  0.00000000349071432  0.00000000365928492  0.00000000378486625  0.00000000391572488
  0.00000000404085069  0.00000000415302992  0.00000000424998602  0.00000000434563081
  0.00000000442782327  0.00000000458299669  0.00000000477108087  0.00000000495298910
  0.00000000513785650  0.00000000531327142  0.00000000548470975  0.00000000566622549
  0.00000000586131993  0.00000000606955618  0.00000000629285910  0.00000000650412801
  0.00000000670109047  0.00000000690846378  0.00000000720604206  0.00000000742986105
  0.00000000757468931  0.00000000768456047  0.00000000778513256  0.00000000788578719
  0.00000000799863777  0.00000000814447476  0.00000000830509793  0.00000000842992912
  0.00000000854137859  0.00000000865404895  0.00000000878764990  0.00000000892597932
  0.00000000905363721  0.00000000919103156  0.00000000929742961  0.00000000940991144
  0.00000000952233603  0.00000000962101772  0.00000000974086013  0.00000000986796508
  0.00000000999638950  0.00000001013921041  0.00000001027948282  0.00000001041618533
  0.00000001055430774  0.00000001070139755  0.00000001088634816  0.00000001111881625
  0.00000001135712976  0.00000001157207751  0.00000001177865884  0.00000001199901112
  0.00000001221057222  0.00000001239631276  0.00000001257164777  0.00000001274695871
  0.00000001292240434  0.00000001309965599  0.00000001327709241  0.00000001346043237
  0.00000001362157696  0.00000001380229762  0.00000001399890985  0.00000001421722115
  0.00000001444895313  0.00000001466029381  0.00000001487532037  0.00000001510373111
  0.00000001532610627  0.00000001559333089  0.00000001581498279  0.00000001631233538
  0.00000001711320923  0.00000001798961213  0.00000001886598044  0.00000001975559387
  0.00000002084119723  0.00000002258574643  0.00000002366962021  1.00000000000000000
  0.00936608891778825  0.01654637999298631  0.02097761974137601  0.02784082930230589
  0.03523120590813013  0.04656775978560716  0.06093796258790279  0.07550241965121908
  0.09018032037679041  0.10542017483467338  0.12055000393050386  0.13750631731584392
  0.15073723558346405  0.16318013755968000  0.17715821225690018  0.18790767629127361
  0.19530916809758769  0.20227033555537649  0.20713974111361347  0.21200287204563176
  0.21723428706017700  0.22291262656365904  0.22922166747325107  0.23641194083541833
  0.24281914227601745  0.24815185287250865  0.25719135458833614  0.26800543107843616
  0.27870891590641317  0.29084462605245420  0.30201059708462064  0.31197488670024087
  0.32217019002456160  0.33116188008787473  0.33973934190666577  0.34738378763570371
  0.35362293397903366  0.36378055699816736  0.37582173739622754  0.38908220278689337
  0.40251004993750711  0.41363311918794859  0.42292749185473794  0.43068151831648027
  0.43840756235742417  0.44634182399924544  0.45880916237077241  0.47131723798910141
  0.48298217779322716  0.49504434344396275  0.50721002130527459  0.51743004167503925
  0.52625271538047347  0.53660352318886284  0.54711032550076344  0.55781328157296084
  0.56986602461570446  0.58391984865438695  0.59940134462465666  0.61597474014405529
  0.63278750059578992  0.65007145748782103  0.66759536951568976  0.68491349614895436
  0.69950908536308387  0.71294380763447096  0.72404767840715822  0.73755106482061894
  0.74963002657604805  0.75995085147747632  0.76957516221302202  0.77921933510246910
  0.78623580667925452  0.79518083458998801  0.80835534845245527  0.82100383809240840
  0.83116563966877222  0.83765357503423488  0.84251995414664049  0.84820348413106117
  0.85552598112208034  0.86316410078535855  0.86952757874173570  0.87560870647982525
  0.88167565073269194  0.88812973574286713  0.89676369084809393  0.90854103692623989
  0.92036046695140628  0.93108990785561863  0.94096382217719921  0.94981430440076786
  0.95776172550540128  0.96920190796846017  0.98343768198917936  1.00000000000000000
 -0.00000023234619231  0.00010249498422010  0.00069147047021833  0.00179863858155235
  0.00402182978223168  0.00679913562584201  0.01022260421928850  0.01526351610824219
  0.02015337403932149  0.02465614064881545  0.02846672339122419  0.03256974119377411
  0.03707578823181633  0.04138849007825093  0.04509286126622518  0.05011839077700897
  0.05801309509775234  0.06778131358269474  0.07906261872951142  0.09063383125190227
  0.10160344273143801  0.11254397433885109  0.12371935639142057  0.13604514351451955
  0.14706854027273988  0.15732153379276323  0.16817302023333119  0.18032657177761241
  0.19400326259795350  0.20469845769853989  0.21320037384675605  0.22187511219282199
  0.23043426660363017  0.23876271202102892  0.24766030360925753  0.25697712998563987
  0.26532698490874190  0.27293893792253127  0.28071590471913505  0.28851562478860948
  0.29723513217169167  0.30644385587685402  0.31625457673282270  0.32667489068121780
  0.33792063441909836  0.34851931907948791  0.35549140932999024  0.36196481955228416
  0.37769948626172994  0.39251357021303235  0.40710605212834988  0.42206582511369162
  0.43807322335690874  0.45295300416440631  0.46453396077388664  0.47439052332308429
  0.48403113784626550  0.49470062378356883  0.50595058922009373  0.51490860286023621
  0.52449698300246306  0.53413743728128316  0.54374251122967465  0.55396822322572259
  0.56634167365598420  0.58117968756171912  0.59730268234740935  0.61184438724086487
  0.62669779860488073  0.64097902447455424  0.65307706563980417  0.66378663672679117
  0.67418198502855342  0.68461884983950894  0.69665779709259634  0.71004306345434276
  0.72379915564757591  0.73780648425213691  0.75187290496184611  0.76415466226752349
  0.77617159285397619  0.78747697507049386  0.79815033970009530  0.80848343888042717
  0.82380366783111891  0.83994107654451866  0.85657737219678287  0.87170400351485666
  0.88738831303703780  0.90332285268491819  0.91787574577389708  0.93286557815277893
  0.94846923369248637  0.96468591659166025  0.98169020653251826  1.00000000000000000
 -0.00340377407265441  0.01520011549271565  0.02374766681861676  0.03003988064599879
  0.03513392108755566  0.04040742184915009  0.04733500238138346  0.05389134802870803
  0.05851600840841040  0.06268491786047702  0.06763338420653700  0.07428371177148288
  0.08128729079135995  0.09391674811048338  0.10831762916865796  0.12178155187727165
  0.13261093001493565  0.14261760994731737  0.14819286802143458  0.15337215374353264
  0.16005212371816224  0.16707196258533646  0.17436755687946262  0.18219072044441004
  0.18999588881348645  0.19739723985521740  0.20397055715747461  0.20901292168334493
  0.22299496040055494  0.23653530393854516  0.24833773804551179  0.26260097762932211
  0.27345767268239485  0.28471571503360388  0.29646997603821174  0.30765448394617867
  0.31945099533578974  0.33281259708279926  0.34867415494377818  0.36228518129891363
  0.37326862060312194  0.38389852095574961  0.39525166498689490  0.40799585654769938
  0.42270755937337690  0.44045517037916360  0.45320525425163699  0.46049646360844687
  0.46621447370290436  0.47183632635475437  0.47774237867516572  0.48427569099131845
  0.49046701133469361  0.49601250262747454  0.50184499846440600  0.51304658357678690
  0.52294224374875631  0.53309814642626563  0.54500843413374467  0.55606035872572146
  0.57137528663793236  0.58702970535732080  0.60221603889573505  0.61650799443582405
  0.62881463407421889  0.63941133247252979  0.64823796000594824  0.65598523377116125
  0.66398606708484997  0.67242034017477892  0.68103301645997794  0.69063930051818989
  0.70270175438382110  0.71458200161519714  0.73022805360956222  0.74388311981132382
  0.75989105481028718  0.77560119019623464  0.78960006024140816  0.80227229355993590
  0.81428283990320383  0.82594854790740646  0.83926234656244891  0.85229174088444026
  0.86464561048136124  0.87951880220037926  0.89391381816112714  0.90701531829402848
  0.91921748030394557  0.93070202744161834  0.94153362280592656  0.95288562190391579
  0.96507012686541827  0.97637546893840932  0.98788841199142208  1.00000000000000000
 -0.00578189523004818  0.01937790445388886  0.03714723756837237  0.05363048006659317
  0.06788203829271143  0.07800769840578735  0.08740514529260959  0.09656836870097510
  0.10652699656526053  0.11675604347948917  0.12764642912685151  0.13956195931584334
  0.15302191243074034  0.16688953708142540  0.18073755758452312  0.19605017828597360
  0.21098038492466739  0.22475411307339208  0.23897903886561767  0.25048845018835392
  0.25753664359962763  0.26362643308127437  0.27026459376114859  0.27680391057507225
  0.28225866456860510  0.28708005839612605  0.29226288590794486  0.29763786688825405
  0.30246586667831615  0.30702967217989013  0.31305661934294698  0.32795015828698948
  0.34186696070893402  0.35423004577536643  0.36488114426379481  0.37448016191080713
  0.38320935590836519  0.39116596145123367  0.40111990051690138  0.41093645387172650
  0.41970390329597301  0.43033955507286953  0.44347159633825362  0.45728802004775354
  0.46950946943339739  0.48121508704956828  0.49387479325624528  0.50691308792520606
  0.51845351601278200  0.53109111349213567  0.54230025050452046  0.55258307406148410
  0.56184084921014188  0.57358594250767592  0.58667491900191970  0.59967959098427615
  0.61317016979967742  0.62898765734060136  0.64268798572494379  0.65486262123613093
  0.66509760559777231  0.67425858158293284  0.68410385083211145  0.69480231007599225
  0.70737585161566807  0.72435479928434088  0.74229938187522204  0.75658122078466972
  0.76955651910262635  0.78423353446941080  0.80103403984074362  0.81400084616796864
  0.82117096982296767  0.82547920572706934  0.83079975140106554  0.83604591241545789
  0.84053980975984510  0.84439294335828874  0.85394395953201596  0.86593802421786470
  0.87670791043320540  0.88390456400518669  0.88948861105142796  0.89590446506202992
  0.90234994590831452  0.90717602425344401  0.91283645166120586  0.91840551258170144
  0.92381422509996514  0.92919194319674514  0.93513496349662240  0.94511904787222634
  0.96124459235351745  0.97512340524690699  0.98789474683249834  1.00000000000000000
 -0.00253106260470589  0.01482374347095356  0.02892624103901507  0.04339506797671840
  0.05732209232744149  0.07013370256348653  0.08390626685531809  0.09560939336118822
  0.10712394206418382  0.11941060800946210  0.12963738376301123  0.14099635541614983
  0.15400596351456541  0.16668125165416647  0.17817320384677207  0.19218334128770709
  0.20911125028242458  0.22471507174813291  0.23668609226643217  0.24641459731786000
  0.25643601428964052  0.26634106568127153  0.27461931968877235  0.28020351333042331
  0.28797898141449435  0.29822233270987725  0.31021149421431049  0.32234147549573977
  0.33384158755716797  0.34511838631148412  0.35540865487270357  0.36416728247963853
  0.37279414291066776  0.38282737327064131  0.39472807502095497  0.40803598080649073
  0.42242457369663688  0.43634319066254534  0.44830835690061754  0.45880274952920991
  0.46876692001070414  0.47918647301378337  0.48799204833398557  0.49942443944688958
  0.50942586142690582  0.51825571492712763  0.52742930900631846  0.53616665177647349
  0.54546462511165816  0.55554053169732698  0.56541537245595774  0.57456933289082945
  0.58412571777509725  0.59490225920296635  0.60616269460485395  0.61828201988853082
  0.63074199307670997  0.64318597013383338  0.65597836660039155  0.66897607251488789
  0.68128508159408530  0.69316510126588993  0.70358640221250890  0.71379993995089930
  0.72314590067005335  0.73164479541472704  0.74058120284953233  0.75160769024187668
  0.76449634149521351  0.77789750526789880  0.79156793437978268  0.80465253328349673
  0.81855092585874178  0.83437051592531231  0.85100133252690890  0.86681831289118494
  0.87714649233992359  0.88206709298648478  0.88589083121403700  0.89037224866114228
  0.89495081941773147  0.89970391267183170  0.90399489662270172  0.90878173757891523
  0.91458752127277898  0.91969594642251407  0.92409508958304099  0.92821936656479054
  0.93294744226260551  0.93699794601641506  0.94574434441322441  0.95710403353514173
  0.96796634046121299  0.97831998190347202  0.98852933543925259  1.00000000000000000
  0.00339899607492351  0.01181996544025498  0.01622478643175342  0.01992632199839258
  0.02305922987896082  0.02684435370218792  0.03081088394314553  0.03517691537407031
  0.04004244633520114  0.04520898497951401  0.05069741893299782  0.05638335662677677
  0.06149145791348609  0.06679137757905311  0.07241483576305770  0.07862787327440614
  0.08424758579892003  0.08854199779215424  0.09246083785806003  0.09636415576189516
  0.09998151318431844  0.10372431978418956  0.10618480590290807  0.10822652881296810
  0.11168151250661530  0.11511830929809430  0.11938858337660750  0.12419214439139954
  0.12840047637004429  0.13113217643046260  0.13379927525067162  0.13705347246826227
  0.14126948256896715  0.14371558590440378  0.14631893154076389  0.14889917260987018
  0.15263215826037946  0.15695042346834023  0.16088869452713334  0.16445780632347420
  0.17004772159226100  0.17849668996926205  0.18663509687725782  0.19547034506570998
  0.20497179591188502  0.21380757514221579  0.22228082178185984  0.22963695717381505
  0.23736575930154682  0.24430352172694508  0.25154205000888125  0.25883228737664560
  0.26638695584856287  0.27584386934739907  0.28572954060518985  0.29428847042591799
  0.29847731778150666  0.30468879486719952  0.30976593200414332  0.31475844006579118
  0.32048379273919758  0.32741172982729694  0.33445288678396951  0.34132979744959618
  0.34797592270304267  0.35309651026965189  0.36235231486802943  0.37071429480542190
  0.37967157142129088  0.38873064941106772  0.39772901757792634  0.40792154665003005
  0.41958911342092342  0.43237432851408736  0.44473204182568193  0.45965010693924135
  0.47087309054784537  0.48370301452521747  0.49694876451486963  0.51065920465178616
  0.52433412674565438  0.53906356727429561  0.55561867046617774  0.56933444040537451
  0.58285923582888455  0.59881962323769544  0.61806084128788819  0.63892528605965804
  0.65839973968536858  0.67906030552814922  0.70533089397036508  0.74357542549978761
  0.78603749032656811  0.82670758537048139  0.87864319292608906  1.00000000000000000
 -0.00230165782044178  0.01139986621406162  0.02460005920663205  0.03731749620249258
  0.05123771796261363  0.06212795986802060  0.07204924307176533  0.08167646448598880
  0.09204702455901011  0.10288229467154002  0.11382570347825338  0.12761844939033401
  0.14516392278786375  0.16528675138660487  0.18215146506291585  0.19544055504659469
  0.20761109446961193  0.22026080915452109  0.23236280482808655  0.24271079840937684
  0.25182578037163911  0.26083085666688410  0.27072929979326099  0.27937893406242531
  0.28770708113270244  0.29673433333927990  0.30773145539559393  0.31963372397987971
  0.32883411514189986  0.33929027908463066  0.35105770153895494  0.36404831674929350
  0.38137381982512675  0.39726646881985006  0.41087834401023982  0.42315910447560012
  0.43245262197598688  0.43887212165800682  0.44535461064256721  0.45197700289459852
  0.45840683784551800  0.46574479520223244  0.47359457888042011  0.48460420485712519
  0.49755673503039277  0.50890811732977526  0.51990042334443187  0.52948731809158633
  0.54056677270947662  0.55217039473343155  0.56347927229127481  0.57368085779003664
  0.58433723288712502  0.59765350509045112  0.61360993744504777  0.63613242356939026
  0.65395530649614253  0.66652010049928123  0.67735609258354135  0.68790884622614190
  0.70071479705829132  0.71359895466865986  0.72676133957165912  0.73957534266365310
  0.75103128949336961  0.76159252820114720  0.77191005159044712  0.78156038637078362
  0.79097326649781141  0.80268636620863942  0.81264678682609426  0.82094756077694953
  0.83181260298598003  0.84447248352477178  0.85951198816057717  0.87305856629461198
  0.87967634924923510  0.88411558621112474  0.88869731754102288  0.89480660539950585
  0.90040737115805280  0.90576879470972338  0.91186043835040553  0.91709958493313393
  0.92124309633490575  0.92562866611144468  0.93112633231531250  0.93683121472532005
  0.94226849456448925  0.94792642730703602  0.95305799341283859  0.95849178395428969
  0.96833336582755503  0.97869725232767124  0.98990873602416818  1.00000000000000000
  0.64765598464385765  0.67731416523517118  0.69870481461804013  0.71963471455302208
  0.73578628548477987  0.74995174818951360  0.76474051047753289  0.78350068746356893
  0.80089092494009084  0.81430390640903250  0.82507661286705647  0.83431590757246987
  0.84500613574132277  0.85676026830985408  0.86675456178003829  0.87620095805835607
  0.88493783946952276  0.89259934826159826  0.89960927367081334  0.90614419029139659
  0.91236915217988257  0.91818017447298683  0.92363212622298152  0.92802655205658457
  0.93190277592088577  0.93562146890550479  0.93850593417056483  0.94025056870284185
  0.94200724564220828  0.94340476742110724  0.94425398350766909  0.94487316209524108
  0.94550886180952787  0.94616444674008471  0.94685670321188198  0.94756544916016294
  0.94827643665926631  0.94987397633142656  0.95128539422159120  0.95272072760165660
  0.95414360634716500  0.95546020831008471  0.95667214028841763  0.95768997875242567
  0.95860074442066878  0.95948327301978498  0.96030948314582354  0.96111722793357668
  0.96191513994404110  0.96268481106662795  0.96341835211951576  0.96407812769147017
  0.96467732126564232  0.96522921725011068  0.96575927370735459  0.96631233056617061
  0.96682384348842465  0.96728600433586998  0.96770806097276563  0.96809410479329483
  0.96847898402018040  0.96886275594976023  0.96924013382016960  0.96962339273860954
  0.97005616429573893  0.97056377184327625  0.98107314550238356  0.98202926534790635
  0.98244026804676987  0.98277559190357777  0.98306962978867807  0.98335203253510184
  0.98362595910173767  0.98386784785599679  0.98411195406331564  0.98436160232816150
  0.98460949749475357  0.98485561754815232  0.98516061320417347  0.98549841743853983
  0.98587523264280486  0.98631146528207159  0.98680386330773961  0.98737620765732315
  0.98800390804998373  0.98866833820394584  0.98934400309014159  0.99000414904533707
  0.99067574192128871  0.99139411144697343  0.99233345604083567  0.99351809850503792
  0.99469106210527825  0.99585510427141544  0.99735508204227352  1.00000000000000000
  0.13264229880692821  0.14336887988458313  0.15575429155550483  0.16592820389988672
  0.17618916944286139  0.18788548306988542  0.19799433617129886  0.20713534120519261
  0.21419716981898410  0.21917306861704053  0.22291633444815551  0.22660478946639434
  0.23028154313291041  0.23468001707788244  0.23867382217020430  0.24264591814927605
  0.24680149742304797  0.25237556140119555  0.26002866607011299  0.26738812839472942
  0.27346128961622296  0.27919949388351156  0.28458931783483976  0.28975336660925827
  0.29424862914916033  0.29849361209735847  0.30262108872348265  0.30692177561399558
  0.31143900337695268  0.31615527283142852  0.32068793705976101  0.32481865410537863
  0.32888206813768700  0.33316787135905218  0.34024354300172299  0.34900309030141208
  0.35743952944632562  0.36564962154242664  0.37419303660104603  0.38220072098328423
  0.38724883896721940  0.39265432945594825  0.39766785786595149  0.40252298375521334
  0.40702186691792630  0.41184783680036430  0.41682691648371339  0.42078913411323265
  0.42506529356258804  0.42915126297905204  0.43188240580467646  0.43516025991076085
  0.43790436037280378  0.44105095438609576  0.44514243371888845  0.44961991218035702
  0.45436914959173397  0.45891430028287999  0.46294868190033450  0.46665691649892310
  0.47064006846361406  0.47482263733391694  0.48018762369322476  0.48795790110838028
  0.49661565053681672  0.50482181353596278  0.51225746632743840  0.51895154419892398
  0.52530461425124431  0.53174679612042264  0.53881076053603505  0.54598932284434365
  0.55341554683796479  0.56074368565944710  0.56829067806002453  0.57584101103695395
  0.58366217755123806  0.59369984756966154  0.60335579866837041  0.61427257960850057
  0.62490429561306671  0.63386485672081261  0.64382856922431309  0.65311557217361560
  0.66122044583538708  0.66814779042320249  0.67514797107170899  0.68225562115296801
  0.69016754095326460  0.70073823471217567  0.71174026821086500  0.72370319322933752
  0.73896869562824496  0.75568635193153610  0.78466813945195590  1.00000000000000000
   8.1492970652234435E-030  -1.0000000000000000     
 F F F F F F F F F F F F F F F F T F T F T F T F T F F F F F T F T F T F T F T F F F F F F F F F T F T F T F T F T F T F T F T F F F F F F F F F F F F F F F F F T F T F T F T F T F F F F F T F T F T F T F T F F F F F F F F F T F T F T F T F T F T F T F T F
  <DiscreteSampler_grid>
  grouped_processes
  1 # 1 for a reference and 2 for a running grid.
  10 # Attribute 'min_bin_probing_points' of the grid.
  1 # Attribute 'grid_mode' of the grid. 1=='default',2=='initialization'
  0.0000000000000000 # Attribute 'small_contrib_threshold' of the grid.
  0.5000000000000000 # Attribute 'damping_power' of the grid.
 # binID   n_entries weight   weight_sqr   abs_weight
    13   10   1.187245775560368E-023   1.045976071059503E-045   1.187245775560368E-023
    14   10   1.187245775560348E-023   1.045976071059467E-045   1.187245775560348E-023
    16   10   3.716727332233813E-023   1.135927858182937E-044   3.716727332233813E-023
    17   10   3.716727332233809E-023   1.135927858182937E-044   3.716727332233809E-023
  </DiscreteSampler_grid>
