  0.00000000005590799  0.00000000013757186  0.00000000020069747  0.00000000026610497
  0.00000000033314897  0.00000000040319987  0.00000000048037923  0.00000000056229259
  0.00000000064862190  0.00000000073315324  0.00000000081917514  0.00000000090820533
  0.00000000099439102  0.00000000109012008  0.00000000118771262  0.00000000128753539
  0.00000000139103669  0.00000000149959581  0.00000000161003759  0.00000000172380993
  0.00000000184346880  0.00000000196199483  0.00000000207761017  0.00000000219144445
  0.00000000230986493  0.00000000243738894  0.00000000256623421  0.00000000269387880
  0.00000000281738711  0.00000000294342647  0.00000000307774532  0.00000000322088592
  0.00000000336221244  0.00000000351021417  0.00000000365559563  0.00000000379501103
  0.00000000393040148  0.00000000407055535  0.00000000421622812  0.00000000436582843
  0.00000000451993756  0.00000000467778274  0.00000000483605139  0.00000000499361112
  0.00000000515249968  0.00000000531526212  0.00000000547786483  0.00000000563216149
  0.00000000578672902  0.00000000594749627  0.00000000611009539  0.00000000627828367
  0.00000000644547840  0.00000000660659538  0.00000000678069085  0.00000000696676030
  0.00000000715624106  0.00000000735358712  0.00000000755328153  0.00000000773718183
  0.00000000792545896  0.00000000811807163  0.00000000831071812  0.00000000851050189
  0.00000000871616616  0.00000000892750236  0.00000000914832259  0.00000000938911460
  0.00000000961194468  0.00000000983692858  0.00000001006796825  0.00000001029852680
  0.00000001053946404  0.00000001078892758  0.00000001103729089  0.00000001128725923
  0.00000001153335045  0.00000001179964238  0.00000001206965302  0.00000001235971639
  0.00000001266480211  0.00000001299204930  0.00000001335181127  0.00000001373903150
  0.00000001413677288  0.00000001453877138  0.00000001496256156  0.00000001543767120
  0.00000001600783953  0.00000001665981088  0.00000001734904631  0.00000001813479440
  0.00000001909432469  0.00000002051415158  0.00000002129629336  1.00000000000000000
  0.00956042955551477  0.01578987743721195  0.02503349265549774  0.03589863746405969
  0.04684268365743166  0.05828683664888211  0.06923258581115638  0.07981217383270638
  0.09034102768850429  0.10130242216720108  0.11214888118464895  0.12295759723010487
  0.13317537216499839  0.14318728206005440  0.15287700564657666  0.16278390446329974
  0.17307529887951681  0.18360353948559452  0.19427684187734409  0.20498155240692090
  0.21587641523826967  0.22632436059363864  0.23648764012360396  0.24636694554033703
  0.25638376692952947  0.26651769919130175  0.27631895210502183  0.28603304222850379
  0.29563861000818004  0.30536742771214087  0.31504448051246065  0.32491038328981220
  0.33491654491540535  0.34491633250076770  0.35455972458004442  0.36420450082187728
  0.37431500838517062  0.38512318370778237  0.39628062055242080  0.40714825194686405
  0.41788636362632003  0.42774638390629866  0.43813630993307334  0.44853159063804704
  0.45958517441644542  0.46923967414106488  0.47898734356146860  0.48901715998065154
  0.49906811133789269  0.50856786209508997  0.51853455108301749  0.52968737251214781
  0.54136367241455363  0.55224599895548743  0.56321630094739739  0.57530289044339589
  0.58844521183462106  0.60042886068061563  0.61125875693327480  0.62155814063595904
  0.63152886016114784  0.64151680226986629  0.65131475116301518  0.66201720006445208
  0.67305546275942452  0.68423466114508624  0.69535183056184868  0.70610070257962854
  0.71668791976083734  0.72695464692480449  0.73808804689324292  0.74915217663779199
  0.76116762538724136  0.77294321449780956  0.78469860977292105  0.79532787178921527
  0.80571080569364195  0.81597400534360998  0.82666104594443646  0.83755488733616423
  0.84853468584734748  0.86007564057114017  0.87202713712113000  0.88331154173847393
  0.89385417772770581  0.90385773811723935  0.91455027392261867  0.92500985208292330
  0.93554708289651445  0.94549671802623791  0.95534862914549967  0.96497010739886835
  0.97461598103493718  0.98363067955975525  0.99078154047392208  1.00000000000000000
 -0.00174696628369468  0.00879545505856094  0.01782034656897790  0.02698198435186986
  0.03712272758160687  0.04765888196490316  0.05817637383750689  0.06838508211323976
  0.07900770076268562  0.09058313981934484  0.10226268569666420  0.11346156371315332
  0.12457332602914055  0.13571416093777677  0.14683613568536602  0.15765294629729396
  0.16828599148513834  0.17874394534305099  0.18923011190732422  0.19978429237363560
  0.21034032461652902  0.22084785799140888  0.23111586425179984  0.24133317890088798
  0.25133131910650991  0.26090784862989153  0.27021897252224042  0.27962596148053159
  0.28973015004629382  0.30033581672354909  0.31113996468951882  0.32184069620672306
  0.33230253830159134  0.34226677821945001  0.35163626505652312  0.36067403049350827
  0.36968088183587250  0.37874860781633096  0.38781738424037299  0.39705554430080275
  0.40661946389527748  0.41623421331050175  0.42591497097752884  0.43587165215126522
  0.44649242252051313  0.45780192610954840  0.46929140354959359  0.48076485746855141
  0.49170104871884063  0.50246860921838910  0.51321872879728336  0.52401859090107783
  0.53506591787987312  0.54575554859348641  0.55600883469925122  0.56567891220199573
  0.57541692335097328  0.58532015558051309  0.59546130654024942  0.60566930470663727
  0.61668125405538166  0.62770346144429445  0.63875960353962669  0.65011729171095789
  0.66111051952844258  0.67137475388543011  0.68124754480452854  0.69160640426872622
  0.70222667503843950  0.71312689262656703  0.72361650917220954  0.73411232767348777
  0.74486904412330335  0.75609769045537278  0.76786230037151926  0.77955872021956962
  0.79125052647555105  0.80287691941888240  0.81397705032100343  0.82432548714181886
  0.83408918088154282  0.84404427811885685  0.85458165171358902  0.86579845124597443
  0.87678848967418821  0.88778638592807624  0.89906852963258921  0.91090600027033808
  0.92282846160258014  0.93480950531887175  0.94598232716303721  0.95685876087900790
  0.96740289621351594  0.97813188896967418  0.98893156856634368  1.00000000000000000
 -0.00238390242337730  0.00963436063329999  0.01950734291006472  0.02941619979671931
  0.03960343465505400  0.04934494086269998  0.05904567717252589  0.06828358008145997
  0.07766039121606824  0.08669844039102159  0.09556286268058900  0.10464556947544121
  0.11412903768282695  0.12414747619324543  0.13479361802435802  0.14570878942973045
  0.15655016035077060  0.16692014580170170  0.17719234195618105  0.18775015116228802
  0.19882020637754011  0.20992359644537875  0.22115594763017579  0.23186219898030519
  0.24221650738231723  0.25242934055933142  0.26293433394167520  0.27355772568941894
  0.28355255795898443  0.29320752469265982  0.30302310484286599  0.31328087993522735
  0.32353491664072115  0.33371155500513194  0.34403592199412775  0.35453387208475284
  0.36522322601111024  0.37614565974769171  0.38720669014505049  0.39889030515880464
  0.41148503046909618  0.42412311184145762  0.43641957756300931  0.44732132997772195
  0.45824605307378141  0.46915903579755952  0.47981658435603680  0.48989566187471961
  0.49988595107775224  0.51043323576835342  0.52098870624982485  0.53187023653338228
  0.54286426940848898  0.55445526405553036  0.56566634974674246  0.57626408034512544
  0.58694249864716819  0.59771665165115762  0.60828735700501779  0.61843828343212626
  0.62848034106393247  0.63876257930446800  0.64916456668526312  0.65959903721779123
  0.66992559609330704  0.67994444411617994  0.68998064772831047  0.70048197155722258
  0.71131331290248512  0.72224072836583519  0.73275579865729434  0.74287878786583206
  0.75278709509160802  0.76271274215276530  0.77280611380319786  0.78307233315908742
  0.79391313726682977  0.80519927756000653  0.81618705717592965  0.82664054848253410
  0.83678714571881396  0.84681801229250309  0.85663513859027207  0.86643320372424493
  0.87665761715379387  0.88738996164982820  0.89833836930674438  0.90888482727283448
  0.91942770889332737  0.93035429331849107  0.94221592817652589  0.95464432581692160
  0.96680563644547945  0.97848570575377147  0.98934271574166055  1.00000000000000000
 -0.00277478222923965  0.01222232564681395  0.02413746109453068  0.03680142196452162
  0.04938785675071216  0.06195412038812170  0.07277786719935493  0.08305428426187560
  0.09224293777594998  0.10171462314575662  0.11157430630107286  0.12200512057804842
  0.13302433304704436  0.14370344860120898  0.15444777696951745  0.16468777501324705
  0.17435912023295311  0.18366819859672209  0.19289808143915474  0.20245120937752223
  0.21279787072145070  0.22295163461318165  0.23249639101448258  0.24161099457574275
  0.25103543593517563  0.26154686894705853  0.27267707221675602  0.28368019245384662
  0.29476117457229795  0.30621519949009912  0.31837432013030020  0.33058363073425651
  0.34265795039124597  0.35453031885427039  0.36561027848276306  0.37622550354051487
  0.38670448755357467  0.39714624244864094  0.40756012584407636  0.41790580303777780
  0.42815320919299188  0.43827164145781944  0.44862911900268582  0.45944084630357745
  0.47125800898770537  0.48343214259634315  0.49589490358318811  0.50894579524690375
  0.52171452595076995  0.53336989238198573  0.54444393379756306  0.55482895235177399
  0.56492430254961756  0.57496912810383050  0.58490145419982553  0.59520602257308652
  0.60500507927430069  0.61448641496157153  0.62395876053138843  0.63413915912613594
  0.64505840110777879  0.65568019326904770  0.66672701680775270  0.67789844815778599
  0.68827843298095503  0.69759452801945054  0.70651650642669894  0.71633512134048827
  0.72646797242643357  0.73689987727919870  0.74716601214618883  0.75724106935344826
  0.76744495329705553  0.77796287891592053  0.78860523777815950  0.79956401009817124
  0.81014083779267754  0.82067920811792638  0.83113757205759708  0.84207991405023197
  0.85340336389790283  0.86448592643233479  0.87487857794951363  0.88489525971272076
  0.89490777725181681  0.90482919024792918  0.91476035353419516  0.92461959459318510
  0.93469276852233862  0.94438040131578815  0.95396678765875631  0.96364185038168093
  0.97330787522730988  0.98253569999679902  0.99145226567533562  1.00000000000000000
 -0.00271945423151844  0.01145118595424495  0.02320337219783327  0.03422744026075650
  0.04538164216270085  0.05668291952384420  0.06732275473894679  0.07751047417120302
  0.08729521355841813  0.09672570376927622  0.10606730472923884  0.11540362983135720
  0.12497524360277848  0.13494974084426825  0.14529035676542029  0.15588901858811871
  0.16657535667630829  0.17700120165987546  0.18711148748373638  0.19665699133053893
  0.20593345505227675  0.21575151844649526  0.22530871848920600  0.23527266454222789
  0.24496241572618807  0.25517261562710764  0.26552975215796215  0.27610305825980763
  0.28677927410709197  0.29729182210537164  0.30764474112937595  0.31814667570657912
  0.32922836579208103  0.34092362671303311  0.35271684469008369  0.36409696177146694
  0.37507654232425475  0.38668229794146430  0.39817151332361084  0.40913738268815319
  0.41979090751926151  0.43019823421655451  0.44010518152892808  0.44974734843093200
  0.45961561237901544  0.47066130436156545  0.48196196422084830  0.49304892300085107
  0.50351719028047337  0.51355476391207544  0.52321983921416104  0.53291308395876569
  0.54349005066574019  0.55487684298815265  0.56541650181089043  0.57533285842933912
  0.58531838653032187  0.59589858314560307  0.60690825207268528  0.61825001542893976
  0.63030396950917855  0.64202256104320843  0.65344668205413281  0.66467163782491345
  0.67644121296609361  0.68757361857337784  0.69863637849456905  0.70957837615130137
  0.72081715718280548  0.73129306668196847  0.74230754237892171  0.75323553298109880
  0.76467232995861245  0.77538600877921915  0.78643363792779586  0.79700596094057341
  0.80750911794919167  0.81772339382168791  0.82771125984423422  0.83793284257329514
  0.84826101607943150  0.85846549140827277  0.86844004014341869  0.87849338202863558
  0.88862427216838824  0.89872956446469143  0.90882027226691686  0.91930841350351455
  0.92998438404581873  0.94071844223706569  0.95075327682993749  0.96051591927567159
  0.97017733532450579  0.98030599336576252  0.99024735801787100  1.00000000000000000
  0.01446699143842490  0.01619350672919556  0.02012430921096046  0.02593972914496314
  0.03248131437569803  0.03859309884142082  0.04432099956494624  0.05025403647503718
  0.05616436351813892  0.06188494095166053  0.06743507111695961  0.07292706307036108
  0.07844493512681079  0.08410406749201302  0.08950688869811627  0.09490249899522318
  0.10046665562518575  0.10616914399209912  0.11184789602325738  0.11750137298224758
  0.12311776023266098  0.12866052082545473  0.13424891879864251  0.13983966261676789
  0.14552963957484930  0.15163448361793996  0.15780476430125076  0.16412733988067588
  0.17035957155486062  0.17655260785856219  0.18280560549784725  0.18910275440461627
  0.19547976256784139  0.20198951514213148  0.20832846230259677  0.21437813659853330
  0.22012452498762500  0.22585075184324285  0.23170514047276755  0.23761628299846130
  0.24388264681817687  0.25057250006610288  0.25778124759292842  0.26496513805040722
  0.27190473319364450  0.27861301550009160  0.28513982947432043  0.29170271392980562
  0.29852197182977314  0.30537340998783574  0.31249625748778387  0.31962785411547423
  0.32715666745342936  0.33496002223305144  0.34364801770846992  0.35175737469183149
  0.36001081605084495  0.36851349554808122  0.37740854297244775  0.38677318132914634
  0.39612755972216296  0.40516737665156521  0.41387314328324953  0.42222845469851500
  0.43042609932240894  0.43873961748191159  0.44752869416808500  0.45669617934840234
  0.46607971985852825  0.47567211251173380  0.48524714450976036  0.49495265293183388
  0.50460523780700817  0.51509781319944570  0.52557444125509223  0.53663301972025634
  0.54768857372962754  0.55922312751863490  0.57066297563404200  0.58253611492897361
  0.59466758316560886  0.60708859734035325  0.62045955379301454  0.63458548332276210
  0.64937348292839159  0.66472755215474821  0.68131244089673670  0.69871717251001852
  0.71803927826522296  0.73906063218081242  0.76178756284964966  0.78811231196398357
  0.81917421265168722  0.85452203695592155  0.90469964256039725  1.00000000000000000
 -0.00320038728535968  0.01353777309148987  0.02622463696849768  0.03822029898635353
  0.04881694422102075  0.05927478656311067  0.06921927230592766  0.07899520143971113
  0.08874438232630114  0.09935400591261344  0.11031680218582587  0.12053218439877672
  0.13006163832074655  0.13905248527561964  0.14841631615355708  0.15814576055393936
  0.16820763304797842  0.17896929995320041  0.19035732539351249  0.20209495015936185
  0.21355361145424334  0.22421654801469795  0.23451205228120617  0.24436786754639814
  0.25445080181512675  0.26466448960123984  0.27463378780892689  0.28432953790925897
  0.29370063481140840  0.30294568026894292  0.31211497201769989  0.32128049649804413
  0.33035479003622226  0.33990004966576626  0.35037603796703959  0.36152517233171561
  0.37299098015949866  0.38410763442592460  0.39462761053804135  0.40492940948752065
  0.41504035887752816  0.42501241436731751  0.43493151208567504  0.44523681796593650
  0.45583256949367806  0.46611763820337937  0.47574879117814556  0.48595669031799776
  0.49697644958504539  0.50814027884252555  0.51860774848609204  0.52909417567982087
  0.53998556277249643  0.55128765324301876  0.56298020199218957  0.57471529589388959
  0.58600966777254337  0.59651870984738475  0.60671178933171310  0.61714000855963080
  0.62761402020269352  0.63804823255210719  0.64831220476840679  0.65811278800728956
  0.66811159827183531  0.67784283787243660  0.68791176232558471  0.69826263204236449
  0.70855870404904886  0.71901776589050503  0.73017896272417271  0.74178730428397643
  0.75415137402322496  0.76600456466655353  0.77733365356632067  0.78760879939134154
  0.79853128542616814  0.80925544833538698  0.82004882850486704  0.83005949112479793
  0.84054880908775953  0.85153418928180680  0.86357810419612546  0.87524484243481304
  0.88675222570274292  0.89723246487051156  0.90851579607915567  0.91953217961304368
  0.93029866832147345  0.94015514235876063  0.94923075537499668  0.95841396389318001
  0.96790062380384212  0.97782225265512013  0.98885685526228939  1.00000000000000000
  0.02384962090795566  0.03332262905877580  0.04428086887239781  0.05526912201594451
  0.06642748995714921  0.07775336253342646  0.08864961010826229  0.09884381255598952
  0.10841953906975028  0.11796062418202383  0.12736796199723066  0.13638223426530285
  0.14493330610052207  0.15421059396514836  0.16337254566863613  0.17320366191192810
  0.18336017723769210  0.19357969067017222  0.20389621923454893  0.21432166873859718
  0.22464801004227289  0.23507413469849811  0.24467127919570489  0.25448419713457981
  0.26416110825003958  0.27419808494779579  0.28437653353867803  0.29453434727734318
  0.30462013354489093  0.31403065525821711  0.32289932131736709  0.33148620970162263
  0.34038045414590368  0.34983508128524204  0.35978143655096290  0.36991897149737785
  0.37960293087405994  0.38899411955460295  0.39832860685706423  0.40804896581835981
  0.41819457642947544  0.42774036930389625  0.43675762638785309  0.44601735374014995
  0.45593314967033727  0.46658109443061280  0.47751000844825781  0.48807694895141890
  0.49865591743647003  0.50917467230753766  0.51988740440474079  0.53063064407668936
  0.54151675835602320  0.55247026789300036  0.56328595347181964  0.57410756302998822
  0.58520008199667506  0.59644845822938231  0.60728772575842538  0.61787564467259526
  0.62828199187907308  0.63898258236183392  0.64947960371861668  0.65913500861710028
  0.66832437386822274  0.67762458418923832  0.68753733618004509  0.69784847461608501
  0.70813060733045474  0.71782872124189845  0.72765799820064059  0.73755077809626679
  0.74823041335982443  0.75875726024736390  0.76894371917356674  0.77894799274156490
  0.78899984782337207  0.79924047962356792  0.80913351296059510  0.81941047934428390
  0.82958669004609298  0.84014172510878371  0.85044227866094768  0.86119633666022377
  0.87236695535611208  0.88336752817696773  0.89436761862319458  0.90541263846633491
  0.91603821109025452  0.92615567767359308  0.93574753130904176  0.94572299130767223
  0.95660883065762570  0.96554591494508690  0.97065897023940506  1.00000000000000000
  0.06445564770587445  0.11080165733148434  0.13913847865351753  0.15982824404614804
  0.17563813451624055  0.18890589186975967  0.20032653903110398  0.21119026852684741
  0.22239138366359359  0.23360405706461368  0.24475212032832627  0.25554938731496052
  0.26630954849774591  0.27721653781402328  0.28777163457104926  0.29736364390498787
  0.30629675730732864  0.31534279255993131  0.32446835067768875  0.33349336923414802
  0.34250221572937206  0.35159376305960588  0.36058059959227595  0.36912967136651537
  0.37748298633276428  0.38540684204560482  0.39306661920070629  0.40044819041383528
  0.40754247601772120  0.41459899283885127  0.42139078848920281  0.42805315538984717
  0.43482523144327295  0.44166977131094254  0.44848113203656070  0.45518195484601653
  0.46179906276914851  0.46819268005604137  0.47486459801375808  0.48129774245163054
  0.48776816481500734  0.49400739761857010  0.50029456506714864  0.50635882090707340
  0.51242616012271547  0.51845761613121799  0.52447875708309866  0.53036705428508513
  0.53602388690840952  0.54163148356537671  0.54739426390022849  0.55335746594669244
  0.55926745497996166  0.56472413309298397  0.57006659729519793  0.57528651810423470
  0.58082688341294042  0.58613053943311633  0.59157465887348126  0.59704615043565457
  0.60238475216126852  0.60752580745561580  0.61249178745180921  0.61734014530542103
  0.62199411364311208  0.62656561882334305  0.63130555858106596  0.63629755162248547
  0.64154488973091406  0.64665820785639461  0.65170532074328147  0.65674946923131494
  0.66185306352920725  0.66720950655220412  0.67290160374772312  0.67875314785098806
  0.68469589030024902  0.69085845364582343  0.69709113962710667  0.70332007465567248
  0.70941290941626700  0.71540906876092292  0.72145356066937461  0.72717993197637321
  0.73351504001954371  0.74004823539158027  0.74692884791771652  0.75464782125738572
  0.76299505324395700  0.77178454710273914  0.78172287694674669  0.79341530180629083
  0.80983031724314236  0.83753433435276314  0.91811401031313356  1.00000000000000000
   1.0838243071915216E-028  -1.0000000000000000     
 T F F F F F F F F F F F F F F F T F T F T F T F F F F F F F F F T F T F T F T F T F T F T F T F T F T F T F T F T F T F T F T F T F F F F F F F F F F F F F F F T F T F T F T F F F F F F F F F T F T F T F T F T F T F T F T F T F T F T F T F T F T F T F T F
  <DiscreteSampler_grid>
  grouped_processes
  1 # 1 for a reference and 2 for a running grid.
  10 # Attribute 'min_bin_probing_points' of the grid.
  1 # Attribute 'grid_mode' of the grid. 1=='default',2=='initialization'
  0.0000000000000000 # Attribute 'small_contrib_threshold' of the grid.
  0.5000000000000000 # Attribute 'damping_power' of the grid.
 # binID   n_entries weight   weight_sqr   abs_weight
    13   10   4.884678996281319E-019   6.921148492934582E-037   4.884678996281319E-019
    14   10   4.884678996281292E-019   6.921148492934493E-037   4.884678996281292E-019
    25   10   5.014967059910458E-019   1.217343736395630E-036   5.014967059910458E-019
    26   10   5.014967059911190E-019   1.217343736396170E-036   5.014967059911190E-019
  </DiscreteSampler_grid>
