  0.00000000021932924  0.00000000062202781  0.00000000091182692  0.00000000116105581
  0.00000000139781213  0.00000000162468997  0.00000000183572244  0.00000000203420190
  0.00000000223499590  0.00000000242816817  0.00000000261231577  0.00000000280066138
  0.00000000299301032  0.00000000317678675  0.00000000335742465  0.00000000352924497
  0.00000000369634905  0.00000000385987135  0.00000000402373982  0.00000000418609776
  0.00000000434623901  0.00000000450752053  0.00000000466938242  0.00000000483292589
  0.00000000499554147  0.00000000515862749  0.00000000532214160  0.00000000548290770
  0.00000000564140758  0.00000000579881061  0.00000000595748927  0.00000000611583013
  0.00000000627098031  0.00000000642744668  0.00000000658621877  0.00000000673619804
  0.00000000688821894  0.00000000703691253  0.00000000718492740  0.00000000732769109
  0.00000000747875179  0.00000000763343194  0.00000000779031180  0.00000000794946403
  0.00000000811068344  0.00000000827483914  0.00000000844001511  0.00000000860205077
  0.00000000876463177  0.00000000892954739  0.00000000909342161  0.00000000925392182
  0.00000000941675859  0.00000000958128271  0.00000000975663362  0.00000000993927412
  0.00000001012203313  0.00000001030938425  0.00000001050481899  0.00000001068968825
  0.00000001087012508  0.00000001104911908  0.00000001122837867  0.00000001140895938
  0.00000001159029879  0.00000001177173491  0.00000001195555805  0.00000001213867646
  0.00000001233159426  0.00000001254369481  0.00000001277030013  0.00000001300507299
  0.00000001324050414  0.00000001347795117  0.00000001372794312  0.00000001397966870
  0.00000001423971322  0.00000001451442697  0.00000001478826738  0.00000001506117753
  0.00000001533444424  0.00000001560615669  0.00000001588869998  0.00000001621415683
  0.00000001660086766  0.00000001699685104  0.00000001742634582  0.00000001788622680
  0.00000001838587606  0.00000001891249179  0.00000001946959620  0.00000002007741183
  0.00000002085572911  0.00000002253139513  0.00000002367152973  1.00000000000000000
  0.00945061235023411  0.01646527112073370  0.02564162083731968  0.03579548458995461
  0.04620452664640697  0.05688026322603405  0.06745834199384330  0.07785158544452449
  0.08891272521576774  0.10065780384808859  0.11212804354781304  0.12289008516738759
  0.13275635705861652  0.14256278779098266  0.15264746742061414  0.16312122087864289
  0.17339976970507337  0.18389074238028333  0.19426230797795441  0.20487416701319350
  0.21562679188373868  0.22614968738218091  0.23697472472520506  0.24727772659327871
  0.25762905153537691  0.26796404943207192  0.27904909590361410  0.29024901912652434
  0.30078750730994996  0.31089709815394623  0.32167145361491140  0.33305668585902959
  0.34394047597870581  0.35441640732175295  0.36501144093959353  0.37539361251539888
  0.38515508269473969  0.39494502186550590  0.40516934471118338  0.41633512093049813
  0.42729177635021093  0.43776926378224928  0.44761225366119689  0.45772451507322676
  0.46801318458022922  0.47815447450907589  0.48828031265561977  0.49834033504301523
  0.50845787547681298  0.51875316326212706  0.52780584660326224  0.53741068026134353
  0.54695971110573216  0.55674737467061186  0.56624067628515662  0.57512645419708475
  0.58413968232889268  0.59399343960269713  0.60420114598896901  0.61419070117679930
  0.62353153928528204  0.63370802964797512  0.64427263165593140  0.65557031273609889
  0.66766934929882171  0.67995666154201928  0.69177045871249543  0.70268742664318118
  0.71349993297080416  0.72444956805833582  0.73506856165638190  0.74553396251021786
  0.75611141161348727  0.76686686612478994  0.77769584645020440  0.78851163800770119
  0.79959565455838444  0.81102211521525058  0.82236976632693348  0.83367168295740968
  0.84538949127523744  0.85670627025728707  0.86761808147922626  0.87834495628173315
  0.88912346705953405  0.89904115674625218  0.90821720462054067  0.91770159591988543
  0.92783472973450187  0.93830046588562832  0.94859893260755090  0.95884483285165911
  0.96932409393955710  0.97947392398464872  0.99126743712850374  1.00000000000000000
 -0.00189838680221265  0.00922841638444543  0.01936218950605433  0.02916973845011226
  0.03872836768315313  0.04796850217287131  0.05756710907466515  0.06749147973551620
  0.07781470021150289  0.08756099523236428  0.09693385671297100  0.10643943066127251
  0.11654684132341311  0.12784393454831991  0.13944134635918329  0.15157909525328470
  0.16438132044313569  0.17655583472091022  0.18826261446869355  0.19908105793905295
  0.20999819767492992  0.22032980225074950  0.23056236414077091  0.24091361998986102
  0.25086906371482842  0.26101326026645771  0.27105118320682314  0.28109626752500910
  0.29122989757282003  0.30109925163075202  0.31069604623165054  0.32091277575586424
  0.33084301178418796  0.34159792994049687  0.35228193073217851  0.36296998070749220
  0.37384132744287241  0.38431171154738275  0.39456868208969881  0.40536922321361291
  0.41625061477346470  0.42690663912850579  0.43762249585222757  0.44884104203438269
  0.46045216745111706  0.47230347280384366  0.48384762416028321  0.49488458716199379
  0.50592492999343197  0.51673728064029700  0.52720926791376221  0.53752128331254068
  0.54754587132251087  0.55770304501444667  0.56784648147725270  0.57831105520007942
  0.58846781970592366  0.59891556629709752  0.61016613038262513  0.62214122664076421
  0.63505947256449291  0.64803838185357410  0.66051262855838766  0.67217222602589821
  0.68296206695706230  0.69335544021474693  0.70345093858151408  0.71380323404631241
  0.72438804790701650  0.73504167337073945  0.74598109132860524  0.75717013377562381
  0.76825659396864165  0.77800232983045448  0.78679721083026555  0.79540748395024918
  0.80398962753871839  0.81274880252473147  0.82199692689651815  0.83110756864103097
  0.84064751910774815  0.84987087747074652  0.85900540801401148  0.86852821966071470
  0.87838380050480236  0.88872121009484906  0.89918837431903664  0.91026407617965566
  0.92064951390112548  0.93063299170424407  0.94068210184948664  0.95162807659972171
  0.96332176130174252  0.97488927329606601  0.98745474552106061  1.00000000000000000
 -0.00143653510902105  0.00751807172476052  0.01574169827780435  0.02496034560139634
  0.03452950250737206  0.04423549960224564  0.05488626094117809  0.06592994783362695
  0.07696406717568463  0.08816494388182594  0.09942692124475172  0.11104709938786528
  0.12263534735817695  0.13372397513061360  0.14434370847692612  0.15526113899636521
  0.16659390121531709  0.17803223655521788  0.18961972481626896  0.20123923240986741
  0.21273717903820200  0.22382639474232871  0.23450547421974074  0.24465291875158723
  0.25535108235105880  0.26591863550701356  0.27689829207758343  0.28839117125966474
  0.29984510703134992  0.31103348109657858  0.32097309977853350  0.33118959991854957
  0.34089455322569667  0.35051479592054402  0.36012504367231163  0.36975535446182239
  0.37916499827266559  0.38883604658992155  0.39886721870127589  0.40903735496813937
  0.41924490700639244  0.42929769026981840  0.43989233903273617  0.45062926262730152
  0.46096285384041435  0.47056261833241525  0.47975590006632840  0.48898841604615390
  0.49857335956975590  0.50825129072434105  0.51786150835338007  0.52764364864109958
  0.53748336319502343  0.54720610439762907  0.55724636370346003  0.56785072412800941
  0.57880713978187492  0.58968519716504531  0.60088401096623756  0.61220873352903804
  0.62310538780954816  0.63317600545134134  0.64326525258425549  0.65380326348785334
  0.66461710608258517  0.67551387877987956  0.68657973101049863  0.69905898824017909
  0.71170552320581804  0.72366685475440518  0.73495674670998290  0.74545364787374679
  0.75569373867324052  0.76564962303936146  0.77594151446563275  0.78576447562354290
  0.79597792479950036  0.80627222633423790  0.81688604609819515  0.82731128679914379
  0.83743696022257907  0.84772422197060526  0.85831054099751047  0.86882275212286364
  0.87997727679758408  0.89118085864155305  0.90159738955409852  0.91136592538970296
  0.92114232390633810  0.93141854000172553  0.94229790231902422  0.95338762589876036
  0.96551919853051082  0.97763916087218106  0.98906275825950940  1.00000000000000000
 -0.00254488902514743  0.00910439699516647  0.01906555961448315  0.02972853594364081
  0.04031119721695493  0.05028304762073005  0.06009291369195562  0.07008678781518486
  0.08052442191411567  0.09108334754101183  0.10154539972560293  0.11266575108824788
  0.12396544382593655  0.13452079502770137  0.14469740352978849  0.15494919768336993
  0.16548027216275957  0.17598194025734223  0.18625388391159300  0.19609446573919159
  0.20556111010763295  0.21462139100635669  0.22346874481653334  0.23246904495555201
  0.24149735771547504  0.25110920397042985  0.26114047166231780  0.27139191501675919
  0.28287342988482400  0.29454103739358095  0.30602716865998347  0.31775368248201991
  0.33028874436819766  0.34088767659178215  0.35141788122363304  0.36192513734273918
  0.37224224359053487  0.38205063761170616  0.39147257717593165  0.40165752431037921
  0.41200147799955700  0.42252659329353509  0.43328145141838131  0.44432186951693314
  0.45529609574555108  0.46629621444988056  0.47650433649853957  0.48666927607135119
  0.49721222378543056  0.50820391855188429  0.51933133768860851  0.53000819055291837
  0.54031376802428732  0.55038870547398822  0.56071483696141144  0.57139558047835914
  0.58207010396282799  0.59283157407427178  0.60396709621251066  0.61512927602321554
  0.62590664375456639  0.63630005433626502  0.64670477825163208  0.65721966094510531
  0.66755825434189386  0.67803426634393382  0.68908281618963263  0.70062903053974046
  0.71154432256257794  0.72168043617225841  0.73187779888893711  0.74183889163076489
  0.75170927058519466  0.76205152413712962  0.77325068693606502  0.78506764431481768
  0.79679621473324103  0.80797705250518181  0.81913475690576765  0.83019332719925298
  0.84090629678613671  0.85124065896192047  0.86140158381495890  0.87159690874839035
  0.88118257326250637  0.89144988760023558  0.90188023956872687  0.91257872074274093
  0.92292693045430318  0.93306740617381700  0.94427416344545745  0.95592089252248791
  0.96683428743690747  0.97790729409087340  0.98891555004307352  1.00000000000000000
 -0.00229461382276589  0.00996228440354771  0.01970634773159995  0.03004335383307309
  0.04027412185197674  0.05085005087658830  0.06159922531139199  0.07301742530352842
  0.08448361177469528  0.09586048100900903  0.10758483485287160  0.11946728243060943
  0.13061048361933011  0.14105290799963510  0.15115522895684794  0.16109071786042270
  0.17116316367341217  0.18155672707286619  0.19230009660984776  0.20316627773784479
  0.21412599402633198  0.22543903490776304  0.23695439680491440  0.24836241522725627
  0.25939844158348391  0.27038159405086565  0.28168848602445951  0.29326749547376096
  0.30476391856878832  0.31564674184532870  0.32633678299237268  0.33616293737891090
  0.34560740287512881  0.35528956260485411  0.36569071022395233  0.37670391496875921
  0.38815687558477824  0.39974570803378162  0.41164166678151021  0.42346877855786691
  0.43504937503985097  0.44525885482782473  0.45481959488770196  0.46475078671224612
  0.47484480614393754  0.48473898775580848  0.49444128582512031  0.50461032452807619
  0.51510543801573394  0.52539019830922729  0.53528947309826147  0.54471046259043066
  0.55354945007519230  0.56270522315764337  0.57219677324166229  0.58186394696252253
  0.59108149728472015  0.59991887758120754  0.60919700584421788  0.61888575044053529
  0.62877485074571604  0.63871836584287001  0.64940071916081032  0.66088367592444996
  0.67230657796845050  0.68349576441287052  0.69418357359660599  0.70407835481800674
  0.71393197455677693  0.72393618118480119  0.73387427519454473  0.74367304821546754
  0.75363845407090291  0.76392927863785776  0.77400203499289200  0.78418356117085686
  0.79480994735955857  0.80572973454659857  0.81633816547264304  0.82690796809478340
  0.83793694752493286  0.84864565372170464  0.85923623682137662  0.86958561068295226
  0.87990981262150669  0.89020549015277883  0.90081493714294036  0.91243009474076320
  0.92383477733133190  0.93485872757956290  0.94536098422981174  0.95645842229083433
  0.96723985471039764  0.97861084578447233  0.98920600385128810  1.00000000000000000
  0.00198730200790044  0.11836188499402540  0.17699249673629291  0.21838726067481523
  0.25420915660386084  0.28326628577952384  0.30708848634283592  0.32747341261334328
  0.34683428210844641  0.36692283143365961  0.38507108299583148  0.40123790790725133
  0.41718021850171932  0.43273198018827785  0.44816371496183260  0.46339219230038270
  0.47748227528135900  0.49089882201446650  0.50363230959192018  0.51560078625180084
  0.52680419559106939  0.53786659434940298  0.54920558651228080  0.56007047844276248
  0.57009110914071093  0.57965368951781471  0.58919506933871246  0.59885564940940461
  0.60814336343937514  0.61698118934238477  0.62556613694593344  0.63387576912756527
  0.64214701836365606  0.64991138232425494  0.65743088408269090  0.66495203067309561
  0.67252345712328276  0.68040857821044809  0.68800634281946860  0.69516889049809938
  0.70199964274095294  0.70875927007644002  0.71555357923489660  0.72251088760086213
  0.72944344687476548  0.73629001000464922  0.74280568120469526  0.74919040084240407
  0.75549438254014478  0.76178682157270272  0.76809856141113997  0.77433159021328080
  0.78046234284627125  0.78648953188622917  0.79265463129005220  0.79887776381970554
  0.80525130732488204  0.81154425228428850  0.81779787415839256  0.82391237844460485
  0.82966174086920930  0.83501074133337538  0.84019175914712818  0.84544932251067451
  0.85076269521067649  0.85589416491187187  0.86085623008310153  0.86577889830051269
  0.87072284571854042  0.87585362929268085  0.88112922639984281  0.88659633049726339
  0.89167313097160328  0.89673014680990937  0.90170499789308900  0.90662689849137412
  0.91161093091765621  0.91651874452173476  0.92133290029872306  0.92618328797623439
  0.93094573136571035  0.93559027012639995  0.94012481670005865  0.94447119652471390
  0.94879271933550569  0.95317532479519407  0.95740561710988359  0.96134208617278161
  0.96516003959346897  0.96906462750917399  0.97291510762613953  0.97674231637705622
  0.98064762815021400  0.98477212494314526  0.98637955866439953  1.00000000000000000
 -0.00240022831615575  0.00858169265671842  0.01818450097200845  0.02873301493305662
  0.03919548110914182  0.05031525143107728  0.06138432382249503  0.07180616750718680
  0.08191062287517721  0.09226650177206086  0.10307419085569168  0.11282829037648441
  0.12286401465003222  0.13336073214783337  0.14492882771693191  0.15649624862738651
  0.16743074725592130  0.17775033345237717  0.18794289458380822  0.19792568335144134
  0.20779398159801915  0.21736657857809405  0.22691618752699125  0.23724231820816882
  0.24821890139587277  0.25941542505590781  0.27061318190646733  0.28171523759018885
  0.29262162346716358  0.30329182855873282  0.31365741476836401  0.32386907982976759
  0.33417574124880184  0.34438018601357540  0.35441790046774713  0.36428448123252943
  0.37418686277376728  0.38405154483433035  0.39394078381046138  0.40389707719576717
  0.41385998938381796  0.42372944393101014  0.43386135628281097  0.44476742502235728
  0.45609842396165057  0.46689669445586218  0.47735713070234742  0.48794272062558042
  0.49841303055544950  0.50923345750455173  0.52046019556937384  0.53241347655511184
  0.54467700932678120  0.55634080542830977  0.56741600102842549  0.57822152145890482
  0.59000912542560091  0.60162194353938758  0.61323928128281868  0.62441911271626460
  0.63514994379797718  0.64570476838443003  0.65638441940460057  0.66720440873332754
  0.67705509734535751  0.68673918878482509  0.69709198006000417  0.70769821263880717
  0.71913875192156784  0.73014591078643232  0.74214780983141193  0.75344556805291008
  0.76461502812203863  0.77573267257499623  0.78679611648261771  0.79694435568469624
  0.80622234906335233  0.81576689693210047  0.82490627377617831  0.83339640936691206
  0.84198150009053896  0.85056497432347733  0.86013515762064885  0.87047231392709490
  0.88178101400615583  0.89342102089637543  0.90495441016973333  0.91570614699411312
  0.92728304705791054  0.93812157496953386  0.94816647712031299  0.95803591014489720
  0.96822907270313119  0.97850236795828816  0.98913853540966046  1.00000000000000000
  0.02425361711544113  0.03205385271043685  0.04151383665860181  0.05208816136138683
  0.06237911273576559  0.07243866781364236  0.08287106463858379  0.09422860361520503
  0.10556807227948072  0.11651009400157977  0.12753107593493093  0.13884816900672764
  0.15024298658289925  0.16116136702656253  0.17153710336871941  0.18111164324654266
  0.19107953435546454  0.20072026986258362  0.21102220464178514  0.22095367786187622
  0.23065077421244778  0.24084405976719445  0.25157974095322777  0.26269148288052502
  0.27391376006208101  0.28525324478499692  0.29675022688515079  0.30837810289628648
  0.31971408074063867  0.33069187095270924  0.34113663615902673  0.35125942375956054
  0.36108082543836284  0.37024077443194903  0.37903479061620216  0.38777324892658593
  0.39685131370933480  0.40629601209058758  0.41578732097383980  0.42524523914495593
  0.43466548419186762  0.44445207579196122  0.45461905224647525  0.46532483578240097
  0.47616312691821577  0.48634160109936075  0.49614563876556705  0.50606563030665852
  0.51564184573552441  0.52498005494304456  0.53412424141342607  0.54372394895661791
  0.55354907684638599  0.56334406486048150  0.57345188865412122  0.58396657875236369
  0.59472251196723558  0.60539997640984355  0.61597412039465183  0.62624213649067884
  0.63616149561325475  0.64632541967207269  0.65637541876548622  0.66629854308057757
  0.67612527148744506  0.68599781314998776  0.69575106323465674  0.70533343793796854
  0.71487465162558272  0.72457176119630085  0.73437616744114109  0.74432757994387555
  0.75434050993153534  0.76412423518007710  0.77369760021487011  0.78284186882471396
  0.79211810025339058  0.80180385818746169  0.81217282417471748  0.82310630086268455
  0.83420452099889164  0.84565432947883024  0.85696606548143039  0.86808328430381565
  0.87891773927152150  0.88951931182224764  0.89969689763087179  0.90947379695146768
  0.91915492507163687  0.92888437241807520  0.93848502690186475  0.94822412643703058
  0.95744698529383621  0.96536868991202274  0.97094954351129814  1.00000000000000000
  0.09666134768261878  0.20898038176546754  0.25557239922657055  0.28493182791891708
  0.30718455057482413  0.32643290636702449  0.34402781119785314  0.36086266098595227
  0.37677698657907521  0.39135630874005140  0.40410636491009505  0.41596876148094714
  0.42775236268754246  0.43930469074283623  0.45083038994866809  0.46199243365092535
  0.47295069412999607  0.48398235091374586  0.49546462865695179  0.50642870944435381
  0.51651930618172670  0.52658605800579694  0.53680670517874818  0.54748114572119011
  0.55791200443823086  0.56782011297043766  0.57737364192001817  0.58676843971864145
  0.59527711605660938  0.60351113313554328  0.61136772310967558  0.61920639912420949
  0.62708442590117874  0.63456431636349864  0.64163726704072166  0.64869155554030056
  0.65576923948528631  0.66278126241658009  0.66950600034845598  0.67601082998032347
  0.68248624310008665  0.68885832937699709  0.69508322062741801  0.70124949130812486
  0.70713327613323151  0.71277253693355325  0.71841030736956957  0.72415856977652449
  0.72971213926064582  0.73444405883855035  0.73897390362154436  0.74341035008848433
  0.74793185190536016  0.75228609895767129  0.75640559925356032  0.76077078753994343
  0.76517231378888606  0.76958654102666801  0.77337789055924611  0.77682509822079626
  0.78019704924273969  0.78358922130104647  0.78709692706105172  0.79068153866658486
  0.79417242041163538  0.79753683965934696  0.80084948948338708  0.80406919210600802
  0.80719211562292603  0.81034181884319401  0.81345786044948332  0.81653293651346015
  0.81955518469736155  0.82249333025913773  0.82542872400668621  0.82839302757047273
  0.83137756085710357  0.83456732499735153  0.83793649180139163  0.84126018830551752
  0.84460484711485806  0.84774919230792367  0.85080962672594018  0.85370890763233864
  0.85644711797487305  0.85920377818873594  0.86215829512885855  0.86511818484991443
  0.86661335735038680  0.86798797768466252  0.87302763821616636  0.88211698077520118
  0.89097564598252743  0.90212109531582962  0.91694469989231298  1.00000000000000000
   3.4550657080185567E-032  -1.0000000000000000     
 F F F F F F F F F F F F F F F F T F T F T F T F F F F F F F F F T F T F T F T F F F F F F F F F T F T F T F T F T F T F T F T F F F F F F F F F F F F F F F F F T F T F T F T F F F F F F F F F T F T F T F T F F F F F F F F F T F T F T F T F T F T F T F T F
  <DiscreteSampler_grid>
  grouped_processes
  1 # 1 for a reference and 2 for a running grid.
  10 # Attribute 'min_bin_probing_points' of the grid.
  1 # Attribute 'grid_mode' of the grid. 1=='default',2=='initialization'
  0.0000000000000000 # Attribute 'small_contrib_threshold' of the grid.
  0.5000000000000000 # Attribute 'damping_power' of the grid.
 # binID   n_entries weight   weight_sqr   abs_weight
    13   10   4.523412512580833E-023   9.020759909850692E-045   4.523412512580833E-023
    14   10   4.523412512580874E-023   9.020759909850861E-045   4.523412512580874E-023
    16   10   3.207064379684047E-023   3.291291168279174E-045   3.207064379684047E-023
    17   10   3.207064379684087E-023   3.291291168279140E-045   3.207064379684087E-023
  </DiscreteSampler_grid>
