  0.00000000017484104  0.00000000080325289  0.00000000113310779  0.00000000137215925
  0.00000000160027656  0.00000000186735102  0.00000000210576540  0.00000000233396924
  0.00000000255928559  0.00000000278118043  0.00000000296987769  0.00000000312874275
  0.00000000329201806  0.00000000345966851  0.00000000361351710  0.00000000375782170
  0.00000000390083082  0.00000000404035079  0.00000000420767218  0.00000000436346613
  0.00000000451706929  0.00000000465970982  0.00000000478772498  0.00000000492140993
  0.00000000505960436  0.00000000520227105  0.00000000534985357  0.00000000549563246
  0.00000000563997449  0.00000000579855241  0.00000000597472560  0.00000000614263851
  0.00000000629756050  0.00000000644745559  0.00000000659203943  0.00000000673674598
  0.00000000688963595  0.00000000703951726  0.00000000719170249  0.00000000733548933
  0.00000000749826736  0.00000000768416179  0.00000000786319258  0.00000000802711189
  0.00000000818651952  0.00000000832830197  0.00000000845912695  0.00000000859902536
  0.00000000872652573  0.00000000886672220  0.00000000900883134  0.00000000914953519
  0.00000000929772494  0.00000000945198343  0.00000000961243679  0.00000000977808024
  0.00000000997619784  0.00000001018244178  0.00000001039138925  0.00000001060384735
  0.00000001082001654  0.00000001101965823  0.00000001120897083  0.00000001140587790
  0.00000001160128674  0.00000001178055267  0.00000001198102993  0.00000001220763310
  0.00000001243753953  0.00000001265888082  0.00000001289105499  0.00000001311148113
  0.00000001331477977  0.00000001351025528  0.00000001370940327  0.00000001391812700
  0.00000001414527532  0.00000001438395854  0.00000001462530916  0.00000001488515238
  0.00000001519406218  0.00000001549809444  0.00000001570440843  0.00000001594742922
  0.00000001621992210  0.00000001655829480  0.00000001686526257  0.00000001730048811
  0.00000001784720341  0.00000001844008614  0.00000001902744660  0.00000001965786219
  0.00000002046896353  0.00000002209529237  0.00000002388731479  1.00000000000000000
  0.00929943769856621  0.01692765178962122  0.02878481762130047  0.04321586912050211
  0.05582539180404596  0.06773927537104645  0.07813943584500420  0.08700116746877495
  0.09399490695782101  0.10169575073214109  0.11106277413589756  0.12143396840761150
  0.13138099259231195  0.14104994153256500  0.15239660654814050  0.16694145762669393
  0.17792624370755261  0.18897621958200100  0.20026857948062052  0.21348659170042583
  0.22733025327696160  0.24021194922306374  0.25226018694145735  0.26333618084383825
  0.27429955103644854  0.28464054697318281  0.29358750642243053  0.30000924002194912
  0.30748073623790301  0.31651472808793663  0.32578223931968425  0.33478101950213629
  0.34311043019006432  0.35160371450437888  0.36219753733276422  0.37422099445835488
  0.38689064423415703  0.39891996321266926  0.41102423523382081  0.42409117097301824
  0.43830636181884153  0.45335009903696066  0.46676326129839857  0.47851520352409926
  0.49020676718645706  0.50164387547524369  0.51324474283711097  0.52637800994167194
  0.53832414375575366  0.54821424020461440  0.55794090325033563  0.56892447750348907
  0.58065207547216136  0.59153194797675690  0.60007325921832477  0.60855463223264628
  0.61745716443442822  0.62656029506661814  0.63568455651804723  0.64400960208765634
  0.65420667012048683  0.66440860504436428  0.67432609167865099  0.68468865355782194
  0.69471346764109698  0.70339529531842215  0.71180687085486882  0.72102501001506625
  0.73131677839603915  0.74149050968055696  0.75076279354953213  0.76006809438462442
  0.77003119371322593  0.77976565279523669  0.78908672522519063  0.79886090178653424
  0.80947188151637717  0.81983035729568343  0.82964592626019973  0.83956578680658334
  0.84998766876922027  0.86068379030621767  0.87158192765591458  0.88033659757851901
  0.88872958684517922  0.89871164154532790  0.90857068330598423  0.92153643592108447
  0.93131761907432298  0.94089711578198976  0.95126371604865312  0.96132827913125540
  0.97021174127015486  0.98004743953631701  0.99133479205758723  1.00000000000000000
 -0.00001476711026436  0.00053055831232959  0.00236440679036500  0.00502033871491757
  0.00850398892160686  0.01207648952502488  0.01696631388254360  0.02419145460485013
  0.03008662586324269  0.03530588808550852  0.04041352974783357  0.04595964802240111
  0.05219291662090107  0.05805265356769105  0.06391580051243673  0.07010495495078742
  0.07700779813920366  0.08478725107227408  0.09306764515347754  0.10141989072869907
  0.10982375852397810  0.11911665054475468  0.13009210193219786  0.14189074656592998
  0.15273290744677406  0.16278308754944482  0.17289431661290072  0.18255802063839152
  0.19262567021968233  0.20454320145170279  0.21617343422133184  0.22806629938102610
  0.23954832432014161  0.25050418179083339  0.26104455461570825  0.27212546839229129
  0.28341040267078821  0.29412272824824587  0.30407877796984650  0.31365844415020272
  0.32435592519782397  0.33471272005508773  0.34405572699801745  0.35313351218834610
  0.36182344562326973  0.37041057408934014  0.37948267438152894  0.38861256756143880
  0.39773519627857584  0.40673940824463573  0.41621690959162461  0.42585060546461345
  0.43579917384254230  0.44599317355461282  0.45626454043990877  0.46649173687137535
  0.47699178272510712  0.48788558229684664  0.49882261273629896  0.50942808971728049
  0.51968635194752388  0.53022329629795051  0.54159918683651331  0.55344591988631064
  0.56561304886585262  0.57837133819391728  0.59154960804909185  0.60439134798077887
  0.61706411691677954  0.62905332383042656  0.64146371266057467  0.65459300224144623
  0.66764234207249729  0.68041823470118212  0.69457971506743599  0.70937011012336448
  0.72443173739309352  0.73942626526879851  0.75415103846429221  0.76888727336169183
  0.78254448382807873  0.79712223924268644  0.81212862771188299  0.82724803853540640
  0.84253922595128605  0.85770663204764341  0.87313697667371082  0.88828291149401029
  0.90270414257673248  0.91634639092634040  0.92960972115484708  0.94325375617044138
  0.95673615662725053  0.97053001544134199  0.98501744802046698  1.00000000000000000
 -0.00337505994860547  0.01240453764960025  0.02444787945189749  0.03376891366030794
  0.04254379442870625  0.05130158158590776  0.06090269274622847  0.07084977965917648
  0.08026021433198728  0.09066219296489428  0.10054500585241646  0.10819047599822429
  0.11586267371979342  0.12325312905031721  0.13039609931704593  0.13875562287464535
  0.14841366078419094  0.15728770401532505  0.16591925520757483  0.17522874705926778
  0.18469941881103652  0.19678619254755150  0.20937515674153714  0.22121231084230450
  0.23303991637805874  0.24639425175641713  0.26046521863320138  0.27275978379483035
  0.28337756001211972  0.29352467771498614  0.30381198621579364  0.31414259535228473
  0.32380232988910029  0.33349760119658922  0.34439587275431477  0.35574308158987866
  0.36785195259727027  0.38112429116368013  0.39386129537182679  0.40474332948877295
  0.41424319707250895  0.42380033296405734  0.43447137684204951  0.44689091622740779
  0.45817676888715625  0.46759948212630670  0.47689801495230100  0.48579539245276265
  0.49544986153811560  0.50624840575666097  0.51721018000328045  0.52738133264348652
  0.53684837233565774  0.54689574405633168  0.55738857148566057  0.56718164356248757
  0.57623975751800427  0.58527131083400130  0.59453617773017842  0.60381017693797534
  0.61300146896765650  0.62198475066470960  0.63070167595398441  0.63970219587435428
  0.64961352175108633  0.66083865217070359  0.67344705557720841  0.68655623266978638
  0.69987491890182496  0.71360669181234371  0.72577433508758582  0.73615117296101673
  0.74720938043535046  0.75754241437772274  0.76763867358840143  0.77836268935595221
  0.78782046470435685  0.79779643928987154  0.80944195599070001  0.82154481885869834
  0.83252199405743887  0.84316008808472764  0.85421227036017144  0.86322750151188510
  0.87040707096273584  0.87849721894909816  0.88893088506729945  0.90133865346018360
  0.91535597754451647  0.92909597809877331  0.94183023427118029  0.95358251171882957
  0.96464049305057475  0.97592086545720858  0.98755325554621287  1.00000000000000000
 -0.00242756241932984  0.01077480139902891  0.01948231858504269  0.02762008117716508
  0.03597041946798001  0.04655802200624825  0.05849498732553281  0.06876368971256067
  0.07790073703340264  0.08673256673491438  0.09606663517943356  0.10454148896077368
  0.11191521614905429  0.11954288985811633  0.12797751398657073  0.13584363903338009
  0.14373819315222600  0.15254932492277229  0.16200231210210492  0.17204361256718725
  0.18386480896572349  0.19493097128092718  0.20444513138316697  0.21189032435112243
  0.21915810766324936  0.22657251193329789  0.23522268798709361  0.24445937753928651
  0.25424358509268347  0.26356335490357652  0.27400242748815740  0.28837574042875619
  0.29733774235543398  0.30713869455886128  0.31730126177579776  0.32691096795289259
  0.33671030430400650  0.34666751895260006  0.35773017533198143  0.36990944599787384
  0.38260971506010522  0.39529455882822323  0.40726674810642627  0.41842813708861726
  0.42961548697171559  0.44144686771426905  0.45318050948096822  0.46582205623198031
  0.47981924863651576  0.49365719561940996  0.50471698953520672  0.51335838783485033
  0.52190002727824214  0.53057848674068009  0.53969999504338306  0.54846436173860591
  0.55647573303391451  0.56538180339987709  0.57621869259091207  0.58810358669067686
  0.60009196454053437  0.61193579139392096  0.62401654005054952  0.63753970729235465
  0.64961132797748167  0.66198099862280146  0.67465801947126536  0.68698416813693430
  0.69887449887373598  0.71032612174985355  0.72156968549290668  0.73185442076977469
  0.74120543017781626  0.75121816525623475  0.76156551966973896  0.77393862430791716
  0.78591950751834960  0.79665932333452238  0.80685736050070467  0.81714010291834727
  0.82717774358507590  0.83693840433462308  0.84714936197336810  0.85946575157730265
  0.87326952226320520  0.88446563789155042  0.89423931214412578  0.90529726128490640
  0.91682532976819209  0.92906772666017567  0.94069994315349481  0.95305304893129916
  0.96507674469660876  0.97696928056189725  0.98807223351406337  1.00000000000000000
 -0.00257540292950323  0.00983136864503140  0.02178433829777255  0.03495766212836394
  0.04844571237741006  0.06068586774188325  0.07179558209398389  0.08181400923130849
  0.09031817628781839  0.09835215782452110  0.10597424297118409  0.11402762241963270
  0.12529480663277953  0.13836200758589867  0.15067616087359537  0.16260262399109271
  0.17412214747692928  0.18565984523234502  0.19814963687545578  0.21172852290151975
  0.22636487878436251  0.24044486825408923  0.25393553196642860  0.26697951941989145
  0.27985967361232089  0.29249943799612316  0.30536091057192033  0.31917827283265732
  0.33229477011472142  0.34317045607276658  0.35290076046104119  0.36258692105536505
  0.37274154626402584  0.38213803907459176  0.39099821177772837  0.40051617310554083
  0.41152137651879162  0.42115645703352517  0.42945924959663651  0.43718931610243017
  0.44531017823030622  0.45483986438755797  0.46392871586622414  0.47303540830954249
  0.48272861829679686  0.49119313073404358  0.49922371581297720  0.50788288188298802
  0.51799529444071646  0.53023157117858999  0.54201643021560142  0.55089718696117018
  0.55868295858109474  0.56661663313127653  0.57530773250083700  0.58447951891672645
  0.59246898301462236  0.59960581507878064  0.60712857607885995  0.61532867293803650
  0.62436786558119317  0.63351289376603692  0.64505121494417950  0.65724559452729336
  0.66797925755741272  0.67799440838191360  0.68713797423363809  0.69592870477973479
  0.70507925796688009  0.71520015465289599  0.72572398813927363  0.73647454452829864
  0.74757847311517889  0.75918940698565474  0.77099483183066186  0.78289236130867090
  0.79504878322801031  0.80697983721779143  0.81875839380473958  0.83015600091722175
  0.84076151047488856  0.85313273078018237  0.86622109684586535  0.87894403867109472
  0.89032496345694045  0.90030353074152714  0.90928062256909026  0.91773449287303765
  0.92597042238482896  0.93418978287195886  0.94257887863703960  0.95092832947858330
  0.95936644811857918  0.97033944963028518  0.98088280374116588  1.00000000000000000
 -0.01246170687192609  0.12864646316592601  0.18387723513768414  0.23519385333872750
  0.27114084044311298  0.29637340216903524  0.31601242295873533  0.33503109191698865
  0.35260651188243020  0.36731100958324864  0.38288318977691777  0.40202974143849218
  0.42563451167710592  0.44150598656145357  0.45592936702835390  0.46845824348271942
  0.48222094318613729  0.49614649967517843  0.51011912370422274  0.52315926554855763
  0.53571861537524612  0.54914072086932186  0.56304790575520480  0.57658320379131534
  0.58959662229296228  0.60224060020128911  0.61372938177045955  0.62352322838523477
  0.63284985334291799  0.64218210701572798  0.65026842031893572  0.65760649616728739
  0.66491898203444910  0.67279214307842028  0.68188710176655065  0.69085941313148613
  0.69842760526877656  0.70534416527764277  0.71234699407282698  0.71949935532386333
  0.72684020057423060  0.73362663372458548  0.73916507954230215  0.74396367001790942
  0.74862532757859102  0.75448438018930297  0.76113390300684247  0.76823470235479807
  0.77413201777705964  0.77983028396322274  0.78563847499242701  0.79253286330963058
  0.79865728054382967  0.80401469665103753  0.80878423505161456  0.81343252224142160
  0.81819362654105687  0.82331924611555107  0.82935162856141409  0.83549024516517512
  0.84222675122877455  0.84915949581017924  0.85606703929440409  0.86310268507916255
  0.86998456561095350  0.87564830665380222  0.87991155791976827  0.88386700123235618
  0.88794215917948494  0.89194462431933419  0.89565414835859847  0.89979516058969122
  0.90411200665343217  0.90820058191632558  0.91213574675950493  0.91609390816675684
  0.92013226620017896  0.92454557883451416  0.92915896159673617  0.93361640875980922
  0.93759271049270099  0.94116077943043042  0.94490727779284522  0.94873901804474714
  0.95216480189243857  0.95602638453696731  0.95957540499225147  0.96294917970319271
  0.96645260973794089  0.96977008614321569  0.97318262080609874  0.97686679786252695
  0.98094753229396425  0.98571884066395721  0.99193643952007249  1.00000000000000000
 -0.00362977678218667  0.01263645731759466  0.02492140401727987  0.03637194257283107
  0.04705254812811509  0.05764076111763460  0.06890422777456510  0.08025205880671499
  0.09069422357206472  0.10041976013887033  0.11185180042049755  0.12332834127718399
  0.13424032037130229  0.14454264063441630  0.15437607730957267  0.16492630569484734
  0.17576489678658686  0.18758185723083307  0.19986633174789406  0.21247947498211758
  0.22419540085785378  0.23393430964760270  0.24229070513034739  0.25046807451618158
  0.25937514726366956  0.26915864174343357  0.27954001531937384  0.28947020401409107
  0.29770715990827257  0.30568448742825188  0.31317989761948595  0.32136698780342843
  0.32961950483528207  0.33947616584142259  0.35034250011029866  0.36008728683933627
  0.37059850275586109  0.38093553161180460  0.39087448855128543  0.40132338775535581
  0.41277146869997494  0.42491316989235778  0.43681227694838759  0.44799859707507145
  0.45938400676641683  0.47138251228620087  0.48306551971447675  0.49385657529098531
  0.50461538753097190  0.51531220994118143  0.52647046369764927  0.53831718727032662
  0.54870082927418662  0.55906000264355415  0.56920036904561944  0.57942990714978182
  0.58892962902615964  0.60030527988750171  0.61148853443992157  0.62178659237063449
  0.63293226754085741  0.64414932175798834  0.65407318796079961  0.66460584561958613
  0.67472822121614928  0.68580371363832937  0.69823234426409764  0.71011012153672359
  0.72140072564482316  0.73216668904673798  0.74270285990197771  0.75273117627843311
  0.76266974886231054  0.77334896055266145  0.78511187792345838  0.79822265862154640
  0.81012418352924764  0.82077167179220922  0.82970258331320257  0.83842208999657375
  0.84757331288834958  0.85846423991183995  0.87085892456012559  0.88411544063339309
  0.89594275539312518  0.90751134603593953  0.91781921637191533  0.92481976696019175
  0.93251346228649068  0.94061269776911238  0.94999107525068505  0.96026788817412145
  0.96929432403437743  0.97695981353521544  0.98557434854887060  1.00000000000000000
  0.64583223293209724  0.68299878670387448  0.71556214155592535  0.74679893166000799
  0.77226448265417513  0.79135524837030713  0.80991431288010629  0.82586320506677813
  0.84088376747863114  0.85310135643023288  0.86432917966162270  0.87424578118630980
  0.88335452145533155  0.89172967710734985  0.89863485551549216  0.90498232372425869
  0.91141407212080539  0.91708587243420503  0.92150528126144970  0.92546339803318522
  0.92914259753026029  0.93226221421649558  0.93508854085478665  0.93764261956795525
  0.93984407300189043  0.94188184389299145  0.94389192599001748  0.94577655423344742
  0.94749095022648477  0.94907775561530971  0.95062876377827332  0.95210933847265566
  0.95345931924467786  0.95468887347394038  0.95584038932600635  0.95692014061910413
  0.95790956922231763  0.95885951851584561  0.95976301405745346  0.96055786530610687
  0.96127196972957540  0.96195079903249092  0.96259617370532014  0.96320607774332279
  0.96380393976483714  0.96437228316708401  0.96492041244003102  0.96544622807359382
  0.96593977126135055  0.96636041636338377  0.96675204194337805  0.96712388917814274
  0.96747615312588142  0.96781338080978530  0.96814077140048016  0.96846054850110108
  0.96878130737341583  0.96909291394217967  0.96939944076213547  0.96970646009145844
  0.97005032621188469  0.97048122410518045  0.98186375070945908  0.98208786296664774
  0.98228372722706703  0.98244988255171561  0.98258891757844491  0.98274469677260390
  0.98291932247192948  0.98311899582026974  0.98336601538426227  0.98361445342576903
  0.98386237279570909  0.98410908197634672  0.98437032160836402  0.98464754893525896
  0.98494349469534259  0.98526982929637441  0.98562505799801692  0.98600186229529652
  0.98639943369078109  0.98683829750480190  0.98730066780891845  0.98777614728797869
  0.98826380317244522  0.98877254986169749  0.98935352382887276  0.98997198414268073
  0.99067147375127440  0.99146124225577359  0.99232160625463017  0.99324707298540382
  0.99435462443393863  0.99566740016408006  0.99742824670265939  1.00000000000000000
  0.09067539364941041  0.23130982486943027  0.27248984996086839  0.29190092677372181
  0.30682307256237573  0.31924701971939490  0.33045115956664906  0.34086959522876670
  0.35058375457892665  0.36255882853243365  0.37572878434329410  0.38741195233501657
  0.39874007555575308  0.41090834773575907  0.42379051493939268  0.43489756178227373
  0.44477445738059257  0.45423809904902562  0.46351671869333844  0.47252992167099134
  0.48079526313526949  0.48906034959989736  0.49821480303240018  0.50773393138142264
  0.51713447965386483  0.52636491157096998  0.53589798090188601  0.54642900216584955
  0.55728397834798471  0.56926844613840344  0.58072118470636025  0.59108474790788224
  0.60089012385132967  0.60997762056942928  0.61833905094061370  0.62663166756285982
  0.63487718858212394  0.64313917017271660  0.65154616441061530  0.65993216613614036
  0.66774080537835068  0.67389010803911487  0.68010686250305252  0.68618553288390194
  0.69169805997475153  0.69678664659198430  0.70201825522986439  0.70728011396517365
  0.71249864429911591  0.71741344009657637  0.72207257466050301  0.72661811853856928
  0.73134074688346373  0.73535695668203127  0.73905374244456867  0.74248360293679250
  0.74618785230457718  0.75028921200386023  0.75433271678959557  0.75763673797303088
  0.76053820503596670  0.76335485498993649  0.76653795172560790  0.76991259833265457
  0.77321812359377806  0.77648304872669449  0.77934925986619685  0.78247611847954923
  0.78596257903762956  0.78909417104419055  0.79213155575425453  0.79508828627835137
  0.79791807347639210  0.80094935724280059  0.80423079213078907  0.80776014368872040
  0.81163454126576773  0.81558125227452494  0.81929301055762649  0.82281621368610169
  0.82606536874641923  0.83014484794504551  0.83557379177946467  0.84164457387330760
  0.84716242476499215  0.85291207195413621  0.85946342742973192  0.86695430316056432
  0.87649365456279105  0.88724638457555272  0.89392640311152871  0.90029306593044223
  0.90997022234763036  0.92833236931883589  0.97456847046606476  1.00000000000000000
   3.8293266519832461E-031  -1.0000000000000000     
 F F F F F F F F F F F F F F F F T F T F T F T F F F F F F F F F T F T F T F T F F F F F F F F F T F T F T F T F T F T F T F T F F F F F F F F F F F F F F F F F T F T F T F T F F F F F F F F F T F T F T F T F F F F F F F F F T F T F T F T F T F T F T F T F
  <DiscreteSampler_grid>
  grouped_processes
  1 # 1 for a reference and 2 for a running grid.
  10 # Attribute 'min_bin_probing_points' of the grid.
  1 # Attribute 'grid_mode' of the grid. 1=='default',2=='initialization'
  0.0000000000000000 # Attribute 'small_contrib_threshold' of the grid.
  0.5000000000000000 # Attribute 'damping_power' of the grid.
 # binID   n_entries weight   weight_sqr   abs_weight
    13   10   7.156021539087409E-025   1.144434570671452E-048   7.156021539087409E-025
    14   10   7.156021539087383E-025   1.144434570671452E-048   7.156021539087383E-025
    16   10   2.135078656580152E-024   1.927814893738450E-047   2.135078656580152E-024
    17   10   2.135078656580138E-024   1.927814893738438E-047   2.135078656580138E-024
  </DiscreteSampler_grid>
