  0.00000000005669157  0.00000000013104525  0.00000000019303709  0.00000000025771597
  0.00000000032622259  0.00000000039820882  0.00000000047457771  0.00000000055177516
  0.00000000063454301  0.00000000071954303  0.00000000080669794  0.00000000089511106
  0.00000000098051108  0.00000000107409168  0.00000000117217430  0.00000000127142273
  0.00000000137263890  0.00000000147486413  0.00000000157599122  0.00000000168154772
  0.00000000179462642  0.00000000191393561  0.00000000202864888  0.00000000214479891
  0.00000000226273445  0.00000000238983886  0.00000000251304158  0.00000000263577599
  0.00000000275787019  0.00000000288321174  0.00000000300921743  0.00000000314401647
  0.00000000327926179  0.00000000341419094  0.00000000355066491  0.00000000368587718
  0.00000000381493898  0.00000000394890415  0.00000000409198282  0.00000000423937034
  0.00000000439447206  0.00000000455388622  0.00000000470609764  0.00000000485423511
  0.00000000500287103  0.00000000515307956  0.00000000533294864  0.00000000550811259
  0.00000000567893631  0.00000000584810194  0.00000000601641877  0.00000000618433585
  0.00000000635275606  0.00000000651961028  0.00000000668318305  0.00000000686025283
  0.00000000704053850  0.00000000722765440  0.00000000742377009  0.00000000762031682
  0.00000000781367219  0.00000000800638569  0.00000000820320609  0.00000000840388650
  0.00000000860582620  0.00000000880096201  0.00000000902812794  0.00000000926508830
  0.00000000951189555  0.00000000976493182  0.00000001001579412  0.00000001025998641
  0.00000001051077306  0.00000001076934661  0.00000001102457362  0.00000001127107058
  0.00000001152876316  0.00000001181522291  0.00000001213621452  0.00000001248287917
  0.00000001284262986  0.00000001321425918  0.00000001359403391  0.00000001395911476
  0.00000001432274751  0.00000001469631732  0.00000001507079361  0.00000001553287270
  0.00000001613054308  0.00000001681211331  0.00000001754497231  0.00000001835766113
  0.00000001927678973  0.00000002055332222  0.00000002126077416  1.00000000000000000
  0.00931901697355362  0.01665772996085099  0.02780593396253690  0.03992207364491279
  0.05065231458890901  0.06101328937815467  0.07185887088530603  0.08288193589660461
  0.09383546547063798  0.10451826083394168  0.11506012739832731  0.12560345110470358
  0.13619811202719229  0.14707602548018958  0.15803840662059512  0.16900658612492181
  0.18057941542429409  0.19343566919988051  0.20675454928696352  0.21902454956759113
  0.23011439246553247  0.24085199342434774  0.25144058927912999  0.26181365511340154
  0.27191662092282987  0.28209229383989259  0.29263114663514250  0.30373619551310299
  0.31446917556353865  0.32460187106598520  0.33463417596502193  0.34506199650203112
  0.35594118385572460  0.36643818837384801  0.37673571143170370  0.38669514942073402
  0.39684270882881584  0.40700046686531655  0.41725003132630162  0.42766142572764904
  0.43816462699273739  0.44852701526662980  0.45894067773215863  0.46905187546303367
  0.47908016443473367  0.48867304695636110  0.49834296090726787  0.50816052278040691
  0.51796215387944955  0.52717838200719780  0.53604011569346743  0.54607041017648661
  0.55766735125437961  0.56955432743206313  0.58125753069592367  0.59203737232567799
  0.60218873013441809  0.61203568739938186  0.62133776591379097  0.63040363909821973
  0.63912163804563560  0.64821619857764090  0.65905891185558252  0.66931710555276447
  0.67983387505172277  0.69012546531980123  0.70024284661597780  0.71078380475968161
  0.72116258181014514  0.73119136563471432  0.74098772822895920  0.75077923395174229
  0.76104723344942449  0.77107588178497088  0.78125296457245574  0.79140472543775864
  0.80184756640612553  0.81263738911460015  0.82465199574067316  0.83683586545072230
  0.84804406901777496  0.85901013844331420  0.86944314126355338  0.87984205547273409
  0.89033491148004851  0.90097324243341581  0.91172636507275384  0.92221670933439603
  0.93235871828382455  0.94209049234915609  0.95158740881082249  0.96072646077275303
  0.97048395463739889  0.98001591108143637  0.99078846060652959  1.00000000000000000
 -0.00262326534058298  0.01209907844568876  0.02288768041548732  0.03433085571141468
  0.04567085722275444  0.05756224054439889  0.06910416861977081  0.07972853154720122
  0.08952608450101662  0.09928469084457726  0.10971150822569409  0.12086469511308603
  0.13246726182498819  0.14438570823417354  0.15674276432539444  0.16904987008996453
  0.18055920249592416  0.19133510843388785  0.20177928239627860  0.21254516911196691
  0.22374588850895186  0.23505710784385789  0.24621874446242056  0.25670772579252760
  0.26698507787678544  0.27763307788704467  0.28821449315091541  0.29902534658757196
  0.30978332482118182  0.32052237926597577  0.33104255179414827  0.34137557342820662
  0.35193665378203326  0.36255119012903925  0.37292593725803175  0.38273935417235522
  0.39279375197142796  0.40367000153319660  0.41452484385488481  0.42466559880653310
  0.43444078914136841  0.44484710846572484  0.45553306475408656  0.46587703862537327
  0.47591550391018084  0.48603327505977401  0.49632386057222988  0.50655360725262266
  0.51679469919903609  0.52684608674520916  0.53683334914191339  0.54672831471692207
  0.55705620651498400  0.56797028729755639  0.57945198072342685  0.59212260624579749
  0.60508614836163199  0.61774019216552412  0.62900843569569675  0.63943218223676457
  0.64913693404488060  0.65842161833872426  0.66776200791192286  0.67756059329753793
  0.68751660200532472  0.69710584165062150  0.70669522266369145  0.71682675018267294
  0.72704835472959850  0.73643012807604391  0.74513466204439038  0.75431634250064850
  0.76431225753194032  0.77436383246007767  0.78450797706052144  0.79492020655707418
  0.80573957508167504  0.81652719527364837  0.82732428975639238  0.83818357789837594
  0.84936564023829331  0.86062018258136896  0.87176750994957564  0.88232910344858617
  0.89228406226137369  0.90219031713384246  0.91213533172039107  0.92200722863480389
  0.93152373464658988  0.94103691309755433  0.95080908184470525  0.96032799403612290
  0.97002852374739013  0.97986729297547215  0.98991858828397994  1.00000000000000000
 -0.00250768569445403  0.01003653067143521  0.02157615015477622  0.03333026361058695
  0.04548304965094596  0.05735354334869368  0.06825747484380398  0.07864987513136332
  0.08824885908856238  0.09762421017319618  0.10676955171995113  0.11564862669812373
  0.12379942116661309  0.13263732462633440  0.14131624719762567  0.15093313048089915
  0.16108152561071629  0.17218566610747285  0.18365868947604630  0.19503788217803777
  0.20623746542976457  0.21635175906555226  0.22619119915213753  0.23631121444055633
  0.24715135637777155  0.25855981808522566  0.26972588642841416  0.28085570292131995
  0.29161352149871078  0.30155716227143164  0.31164816163266057  0.32153219909402136
  0.33151921639685716  0.34146670852866468  0.35163852805608692  0.36236941695493813
  0.37351807989261143  0.38477836390661135  0.39566753072673133  0.40565004115705267
  0.41513956133143026  0.42440815897438611  0.43373372778239733  0.44312361684260737
  0.45251681948217981  0.46221525096684479  0.47224681661735030  0.48208353201944998
  0.49194310234234384  0.50164257558911962  0.51095853775962230  0.52069652787227261
  0.53053887396699451  0.54087906537425468  0.55154216523095700  0.56288334940766960
  0.57407278481982138  0.58565901379238228  0.59752950877316824  0.60933274505226176
  0.62106259502991068  0.63287450958529035  0.64488003841261776  0.65687636055819876
  0.66816538142656445  0.68000297824181666  0.69191227500957586  0.70437846732524279
  0.71662809653256465  0.72804836741580181  0.73886592136924356  0.74947889167529558
  0.76011359422522273  0.77071083209842628  0.78098606407788740  0.79113646245570235
  0.80125229648976271  0.81103003879525681  0.82067806701983215  0.82974546694518203
  0.83928686834818822  0.84878368894441325  0.85940518059980342  0.87077096684546618
  0.88206104418968478  0.89299639965277111  0.90403149262093840  0.91529345792927808
  0.92544489267885621  0.93543985836176113  0.94537220096958163  0.95586389259476057
  0.96648185545331733  0.97712261000805956  0.98818344362108124  1.00000000000000000
 -0.00247990364012035  0.00897932667203173  0.01982297408530612  0.03060546191860326
  0.04177504654538924  0.05357468701420502  0.06566371453775145  0.07794378500116324
  0.08939911159322035  0.10024752448601383  0.11048557094962537  0.12050877280415519
  0.13034409122303145  0.14012580819285789  0.15021115512315245  0.16066614568386647
  0.17137836353365574  0.18219828446342465  0.19311985115163877  0.20343398543609650
  0.21345729803119037  0.22341091120789072  0.23402802887903071  0.24506018496745482
  0.25535041048882473  0.26566522613820320  0.27618778952663797  0.28807733122333928
  0.30069481064383941  0.31290057927728360  0.32418745370403612  0.33456859830651237
  0.34486341737593457  0.35504232706133654  0.36536733177268194  0.37603859953071411
  0.38663944686234802  0.39738324592688995  0.40789230440841279  0.41851596918136674
  0.42920223255660178  0.43930791989804152  0.44856224037110709  0.45806017593383525
  0.46715877997389993  0.47586575704453293  0.48422325814880091  0.49258430703338291
  0.50140005563040246  0.51140832539120695  0.52174472469902344  0.53240081931633010
  0.54360369125077168  0.55513899041138504  0.56645984058612564  0.57716398455242879
  0.58781172349116695  0.59784253520710429  0.60811645091806721  0.61757628288414657
  0.62799638397048796  0.63752713827785989  0.64716354225373240  0.65663921934311964
  0.66650562660985013  0.67622058423488651  0.68612972539123918  0.69640994093572994
  0.70664770103285102  0.71677845510279770  0.72649147897029498  0.73687182911950211
  0.74756464089945285  0.75881270867185568  0.77049009708866156  0.78177216583788811
  0.79297426308018770  0.80361665940344174  0.81437124935019478  0.82502319502649146
  0.83558145387647120  0.84599100754156376  0.85700205410288610  0.86883949110713199
  0.88061304742227420  0.89172826226552615  0.90289884542379539  0.91477848980656273
  0.92581025717453469  0.93649543433329807  0.94682308561891748  0.95707266014345793
  0.96753156994296496  0.97849480975919123  0.98937744114730897  1.00000000000000000
 -0.00237158866564627  0.00912768392215184  0.01910973839484333  0.03002165058382822
  0.04148554194535820  0.05243401839880113  0.06377222844157013  0.07458740826540702
  0.08573705332040614  0.09639928892311130  0.10800570939581927  0.12000407066636745
  0.13159655672902143  0.14320051530619529  0.15482383441754452  0.16683437240872850
  0.17731405410896600  0.18742280739715222  0.19747579698131851  0.20744857049507162
  0.21709130518323988  0.22675182703816785  0.23735849005015555  0.24778510335390705
  0.25777390182610738  0.26733504174248635  0.27773589625160161  0.28873950249336855
  0.30005451468619992  0.31134371578809455  0.32247605073225377  0.33318402117552331
  0.34398986586472491  0.35472674242826840  0.36530033212460927  0.37546097565877534
  0.38477081141956260  0.39388573713338854  0.40333537160637367  0.41263313042470490
  0.42207975147992355  0.43146773978072012  0.44163491393535453  0.45272881643127549
  0.46354857213169620  0.47428437088404291  0.48465573803139772  0.49463634222889763
  0.50457839947321059  0.51466920467701216  0.52485731623556808  0.53523072903871161
  0.54566929939711784  0.55579907653438931  0.56523359537956419  0.57470716623215290
  0.58425258254658563  0.59399141354683183  0.60428348821413735  0.61503853291551447
  0.62520501181541599  0.63513909729892903  0.64505029861419760  0.65707570804673221
  0.66880950073267653  0.68031574364737313  0.69141029501979467  0.70257653984996649
  0.71359314977180877  0.72483207600398869  0.73547291724384334  0.74590366158348798
  0.75643798006376206  0.76735559493804706  0.77910813463808193  0.79072325860464909
  0.80131295650980594  0.81138476470133003  0.82082135745586560  0.83016940146455509
  0.84025092222878872  0.85078800687554224  0.86207036526077929  0.87319729649572286
  0.88538370374262187  0.89723648541376821  0.90800355410884637  0.91790419617926988
  0.92720255581680877  0.93679703148312488  0.94683609015049719  0.95720938889055285
  0.96882925007167386  0.97998316894386006  0.98993203438797506  1.00000000000000000
  0.00052143486092897  0.11583229470042050  0.17271812984651164  0.21250421670756364
  0.24496360067540138  0.27370427251934148  0.29982794171354982  0.32302503331849147
  0.34432255705550152  0.36354819027648511  0.37970441319903586  0.39526039196177853
  0.41075899210123756  0.42606535479048391  0.44121927743550426  0.45636784718771684
  0.47169023485859429  0.48489589077547024  0.49688565157993186  0.50812085707568033
  0.51892898407218080  0.52918086375660267  0.53944419624160167  0.54964623341351926
  0.55965443670909754  0.56918189229403271  0.57852438813516527  0.58755267765176944
  0.59605835829893394  0.60441894585954969  0.61305491015924540  0.62205194687021648
  0.63143647961704907  0.64063315391120934  0.64975737993646820  0.65870157772449522
  0.66736566573071743  0.67586968228449196  0.68423182413482520  0.69272444486301765
  0.70102844644021722  0.70927865171063720  0.71700187436774565  0.72411898647246076
  0.73089327255465264  0.73750430973027004  0.74425715528063185  0.75101703206154047
  0.75772275302229986  0.76445861524681191  0.77107055522674706  0.77727100364545909
  0.78308858248037505  0.78880124958134767  0.79449175896560464  0.80037266774985028
  0.80616417140720109  0.81181690894977621  0.81734835988809618  0.82285629941968996
  0.82830894697769764  0.83362843746132997  0.83886049579461097  0.84411097428543036
  0.84942968064730662  0.85473105274102812  0.86001148124990068  0.86543266821277631
  0.87074297788153820  0.87574942477060591  0.88053552521967260  0.88532487730325937
  0.89011249247364210  0.89497694651833348  0.89982691875400056  0.90468311914627642
  0.90957783828734540  0.91434418812803198  0.91909253896632315  0.92361235561479882
  0.92816070544216323  0.93272246798450109  0.93730912052312476  0.94167372313577014
  0.94595886203984003  0.95017373520207360  0.95426258018867238  0.95833018164604655
  0.96245208336441290  0.96661255806906288  0.97083964812064172  0.97505705914272134
  0.97932730457717754  0.98299205266411627  0.98511173883753045  1.00000000000000000
 -0.00216995995230145  0.00950151344897527  0.02021444700977695  0.03104525752323244
  0.04240766688732837  0.05366396239737024  0.06421160415896568  0.07396075776906601
  0.08394322492442814  0.09454463793141778  0.10526183256943113  0.11524664509761369
  0.12456686633766705  0.13521419861494824  0.14616637411198607  0.15780248510106906
  0.16871226622353780  0.17871524704815964  0.18832938284801878  0.19805962329811011
  0.20769962629560931  0.21737842356508538  0.22694959976928400  0.23705700872543084
  0.24749975955467843  0.25795831954339299  0.26856479917826492  0.27875710295860984
  0.28921809077122623  0.29964878640671166  0.31009242402984522  0.32081462539289229
  0.33143847546426702  0.34128276746227965  0.35096192858252190  0.36115157663697578
  0.37170187826414980  0.38196402571018334  0.39200576300240730  0.40222132444083003
  0.41259594078551287  0.42279329548590128  0.43315723633470082  0.44377799005248042
  0.45446449350432944  0.46499226523667736  0.47562858922358803  0.48687980776575729
  0.49844974866653358  0.50964893787265209  0.52054128245907694  0.53149541335721384
  0.54249810964320233  0.55343692683914558  0.56416601003844602  0.57485836796080503
  0.58548230045799976  0.59630871991263312  0.60761506765687257  0.61940348547726953
  0.63068531768705449  0.64148066594392639  0.65238017914361435  0.66330379708739229
  0.67439270108634775  0.68508488120226430  0.69599933012065629  0.70671645298320862
  0.71731369255814925  0.72777711178420479  0.73817031352816997  0.74858862219653599
  0.75845092150582472  0.76844406188468461  0.77890095955088223  0.79020967451538848
  0.80077184080942609  0.81101045413875983  0.82200126923953043  0.83331096698350693
  0.84468623638198159  0.85531692167427287  0.86626252389581204  0.87715784796976648
  0.88812521392756216  0.89896194976172639  0.90932066566398440  0.91986748763373383
  0.92988032542848620  0.93981283419471495  0.94892761976890327  0.95863947116088277
  0.96876496802062473  0.97895108959532862  0.98944988429911751  1.00000000000000000
  0.02397353782080828  0.03266789415331894  0.04176482431966381  0.05071321588985618
  0.06012599098829489  0.07008805379767952  0.08024017911415078  0.08982254624996565
  0.09897059673632742  0.10827511148384074  0.11813881736375188  0.12793857863664751
  0.13702587982449652  0.14616418989459948  0.15632007413413601  0.16698197133187048
  0.17755628583893840  0.18826887869869915  0.19907439055414627  0.20963919083929464
  0.21997605647462662  0.23045644993217781  0.24128665683085787  0.25194309404194914
  0.26188286772569580  0.27144335556269966  0.28117299714159710  0.29143022801363055
  0.30235670034195339  0.31344295499506020  0.32435905363128470  0.33525191122958575
  0.34574454235375213  0.35568894115547528  0.36539928832962704  0.37521050068390160
  0.38569418409623479  0.39621255520029558  0.40668005769399213  0.41731598363444639
  0.42778846633769413  0.43801184048120356  0.44810937494840836  0.45795279171791248
  0.46734756800934468  0.47609684615073133  0.48506850130605844  0.49453397263930410
  0.50432889771549350  0.51376701407404424  0.52320976439949773  0.53333446579598998
  0.54397487909429543  0.55455934275482366  0.56492408596736854  0.57514033563796763
  0.58544878634971953  0.59587469774728441  0.60611576278521240  0.61604233924393248
  0.62630820229678408  0.63696818896825402  0.64844321401847593  0.65982311818796291
  0.67076684312156931  0.68113327740835472  0.69152985828968805  0.70222393153140783
  0.71269453518098824  0.72268924492113817  0.73271879864041556  0.74325142532271959
  0.75360665367604363  0.76363346398594989  0.77413022986285873  0.78545154006222229
  0.79661060126252148  0.80739993803072552  0.81863777498624057  0.83028653471239255
  0.84080723278778524  0.85035046103468459  0.85960248307800868  0.86892348042173084
  0.87833299511463725  0.88763002491870635  0.89690718359078636  0.90652427137993008
  0.91666285164145833  0.92678417057594209  0.93672448487931603  0.94692189477532074
  0.95719119001991260  0.96602024955494215  0.97066654283799814  1.00000000000000000
  0.05331659525528785  0.24193367918234662  0.26885729326210794  0.28930960990629945
  0.30679719542323675  0.32238615830307399  0.33703994135192256  0.35041533731428592
  0.36304137997077951  0.37491503424134276  0.38675367371698832  0.39864175471076857
  0.41033603202246499  0.42175073321607576  0.43285368085775033  0.44304062698236668
  0.45253863910419367  0.46221017632691297  0.47244382467732698  0.48287476280407815
  0.49326820157716456  0.50377940144735389  0.51440572567438114  0.52451425216518832
  0.53442993076609846  0.54423596033315558  0.55355310542959035  0.56243693989993537
  0.57124286425219395  0.58024328923565782  0.58906528555382587  0.59749531884823259
  0.60564308990641924  0.61382197082235601  0.62196642148760029  0.62960066743629861
  0.63667018605269943  0.64344084092702458  0.65014817087305721  0.65682299335455807
  0.66334375776318100  0.66975299324690130  0.67609610362514538  0.68246380949863661
  0.68894418192440843  0.69487609881314583  0.70078662457174667  0.70658431164001856
  0.71221950624957120  0.71774193350227400  0.72331578632618820  0.72874685252839166
  0.73348212797944579  0.73819191669196049  0.74264951316287320  0.74690764519934771
  0.75103522092729014  0.75523825484212148  0.75952919129578400  0.76383575610276921
  0.76791762225241034  0.77166623902036136  0.77516776958061151  0.77865498562429569
  0.78221775636234414  0.78586497829218882  0.78953031342800573  0.79354938878564174
  0.79773749510186809  0.80182507239878476  0.80584473600524742  0.80980014643559994
  0.81369704969199896  0.81783200375143728  0.82195786659789205  0.82604835184363012
  0.83017028503888179  0.83445606910557368  0.83890049634107122  0.84338610797328140
  0.84788504208958970  0.85246721086412969  0.85717355125769223  0.86197996415177658
  0.86689971653703912  0.87192283831556350  0.87701780153298059  0.88212573684228046
  0.88683073820140224  0.89118841852569075  0.89553700262035485  0.90024161894252097
  0.90604069863573966  0.91244218844031399  0.91807931401927589  1.00000000000000000
   5.9793335983077292E-023  -1.0000000000000000     
 F F F F F F F F F F F F F F F F T F T F T F T F F F F F F F F F T F T F T F T F F F F F F F F F T F T F T F T F T F T F T F T F F F F F F F F F F F F F F F F F T F T F T F T F F F F F F F F F T F T F T F T F F F F F F F F F T F T F T F T F T F T F T F T F
  <DiscreteSampler_grid>
  grouped_processes
  1 # 1 for a reference and 2 for a running grid.
  10 # Attribute 'min_bin_probing_points' of the grid.
  1 # Attribute 'grid_mode' of the grid. 1=='default',2=='initialization'
  0.0000000000000000 # Attribute 'small_contrib_threshold' of the grid.
  0.5000000000000000 # Attribute 'damping_power' of the grid.
 # binID   n_entries weight   weight_sqr   abs_weight
    13   10   3.589545814099532E-013   3.776959924935070E-025   3.589545814099532E-013
    14   10   3.589545814099640E-013   3.776959924935202E-025   3.589545814099640E-013
    25   10   2.167307233840802E-013   1.700015664753466E-025   2.167307233840802E-013
    26   10   2.167307233840798E-013   1.700015664753457E-025   2.167307233840798E-013
  </DiscreteSampler_grid>
