  0.00000000005669157  0.00000000013104525  0.00000000019303709  0.00000000025771597
  0.00000000032622259  0.00000000039820882  0.00000000047457771  0.00000000055177516
  0.00000000063454301  0.00000000071954303  0.00000000080669795  0.00000000089511106
  0.00000000098051109  0.00000000107409168  0.00000000117217430  0.00000000127142273
  0.00000000137263890  0.00000000147486413  0.00000000157599122  0.00000000168154771
  0.00000000179462641  0.00000000191393560  0.00000000202864887  0.00000000214479891
  0.00000000226273445  0.00000000238983885  0.00000000251304158  0.00000000263577598
  0.00000000275787018  0.00000000288321174  0.00000000300921742  0.00000000314401646
  0.00000000327926178  0.00000000341419094  0.00000000355066491  0.00000000368587718
  0.00000000381493898  0.00000000394890414  0.00000000409198281  0.00000000423937034
  0.00000000439447205  0.00000000455388622  0.00000000470609764  0.00000000485423511
  0.00000000500287103  0.00000000515307956  0.00000000533294864  0.00000000550811258
  0.00000000567893630  0.00000000584810193  0.00000000601641876  0.00000000618433584
  0.00000000635275605  0.00000000651961027  0.00000000668318304  0.00000000686025282
  0.00000000704053850  0.00000000722765439  0.00000000742377009  0.00000000762031682
  0.00000000781367218  0.00000000800638568  0.00000000820320608  0.00000000840388649
  0.00000000860582619  0.00000000880096201  0.00000000902812794  0.00000000926508830
  0.00000000951189556  0.00000000976493183  0.00000001001579414  0.00000001025998643
  0.00000001051077308  0.00000001076934662  0.00000001102457363  0.00000001127107059
  0.00000001152876318  0.00000001181522294  0.00000001213621455  0.00000001248287920
  0.00000001284262988  0.00000001321425921  0.00000001359403393  0.00000001395911478
  0.00000001432274754  0.00000001469631734  0.00000001507079363  0.00000001553287273
  0.00000001613054311  0.00000001681211334  0.00000001754497233  0.00000001835766115
  0.00000001927678975  0.00000002055332222  0.00000002126077416  1.00000000000000000
  0.00931901697298765  0.01665772991042896  0.02780593385239589  0.03992207350934378
  0.05065231444687451  0.06101328921894528  0.07185887068605283  0.08288193563606251
  0.09383546516185190  0.10451826053238937  0.11506012712582964  0.12560345084594188
  0.13619811172662583  0.14707602518979390  0.15803840636069197  0.16900658586350051
  0.18057941501196581  0.19343566863096398  0.20675454866562548  0.21902454902750232
  0.23011439207688630  0.24085199316260972  0.25144058902236149  0.26181365473612889
  0.27191662042964582  0.28209229328376167  0.29263114605032864  0.30373619505936467
  0.31446917525717638  0.32460187084423819  0.33463417571802639  0.34506199619701944
  0.35594118346326720  0.36643818797239613  0.37673571099422187  0.38669514902338831
  0.39684270844916414  0.40700046653104271  0.41725003095153651  0.42766142526218887
  0.43816462645223542  0.44852701476630419  0.45894067723736642  0.46905187500965201
  0.47908016397970882  0.48867304651050686  0.49834296048029647  0.50816052232276798
  0.51796215339205864  0.52717838148559037  0.53604011518952566  0.54607040955510378
  0.55766735071531737  0.56955432691333341  0.58125753030811000  0.59203737198042850
  0.60218872977927795  0.61203568699709365  0.62133776554850995  0.63040363883995343
  0.63912163778730069  0.64821619832617094  0.65905891153553486  0.66931710525300703
  0.67983387469190504  0.69012546506780414  0.70024284652887281  0.71078380473862723
  0.72116258173050640  0.73119136547280061  0.74098772810888047  0.75077923392754431
  0.76104723346729242  0.77107588168479368  0.78125296429337210  0.79140472505830339
  0.80184756604165308  0.81263738882729253  0.82465199561628044  0.83683586550623623
  0.84804406916138042  0.85901013855206088  0.86944314124835786  0.87984205537405169
  0.89033491135064202  0.90097324232970999  0.91172636499340820  0.92221670924386812
  0.93235871821303973  0.94209049232396191  0.95158740883089876  0.96072646082577096
  0.97048395465273285  0.98001591110429787  0.99078846060468739  1.00000000000000000
 -0.00262326531281061  0.01209907826838358  0.02288768014335509  0.03433085544889473
  0.04567085694435772  0.05756224020916690  0.06910416824927350  0.07972853130326855
  0.08952608450250681  0.09928469112149509  0.10971150864367607  0.12086469552114384
  0.13246726215048635  0.14438570845275853  0.15674276440546453  0.16904987001615021
  0.18055920232802539  0.19133510828259614  0.20177928235116405  0.21254516915270519
  0.22374588866145251  0.23505710808966859  0.24621874478707845  0.25670772610229198
  0.26698507798205473  0.27763307786065600  0.28821449304020302  0.29902534642946232
  0.30978332465176017  0.32052237908816567  0.33104255163166296  0.34137557323384088
  0.35193665353959686  0.36255118983144163  0.37292593696759707  0.38273935388471847
  0.39279375169638192  0.40367000122576063  0.41452484343469476  0.42466559829850209
  0.43444078861049035  0.44484710793100951  0.45553306423524970  0.46587703811059500
  0.47591550346474021  0.48603327478443131  0.49632386040185877  0.50655360704844710
  0.51679469886300933  0.52684608633238494  0.53683334858332665  0.54672831397912547
  0.55705620555231683  0.56797028614458711  0.57945197949608085  0.59212260497734304
  0.60508614726926113  0.61774019122516211  0.62900843498102221  0.63943218160467519
  0.64913693349620294  0.65842161778131303  0.66776200732261459  0.67756059267705149
  0.68751660138842341  0.69710584098536110  0.70669522186770539  0.71682674920088951
  0.72704835368616394  0.73643012711570244  0.74513466115220295  0.75431634157911631
  0.76431225647863832  0.77436383133896503  0.78450797582864518  0.79492020520880846
  0.80573957368681637  0.81652719395807405  0.82732428857193607  0.83818357690167833
  0.84936563951106414  0.86062018211203695  0.87176750961222571  0.88232910314770152
  0.89228406191060283  0.90219031674279371  0.91213533129889579  0.92200722821697634
  0.93152373420672574  0.94103691258708322  0.95080908136555897  0.96032799369317701
  0.97002852356881430  0.97986729288967100  0.98991858824890411  1.00000000000000000
 -0.00250768565351271  0.01003653032292390  0.02157614967875469  0.03333026299760316
  0.04548304908494629  0.05735354272176649  0.06825747426314353  0.07864987455914163
  0.08824885864109268  0.09762420973818924  0.10676955129812425  0.11564862632982430
  0.12379942089055275  0.13263732435929446  0.14131624698356168  0.15093313011651893
  0.16108152519067864  0.17218566558639034  0.18365868899131130  0.19503788178225742
  0.20623746512833846  0.21635175889469235  0.22619119902016890  0.23631121428081428
  0.24715135616622455  0.25855981785399740  0.26972588622318933  0.28085570268109111
  0.29161352122232936  0.30155716192117199  0.31164816113421734  0.32153219839491004
  0.33151921551233338  0.34146670757383585  0.35163852701447912  0.36236941594515831
  0.37351807877060361  0.38477836282360495  0.39566752974183172  0.40565004033707763
  0.41513956058833351  0.42440815827298584  0.43373372704964552  0.44312361608518508
  0.45251681865701709  0.46221525012146619  0.47224681596901075  0.48208353147832711
  0.49194310179065665  0.50164257494605102  0.51095853702963823  0.52069652703142455
  0.53053887303424496  0.54087906434532673  0.55154216412399615  0.56288334826490072
  0.57407278364278669  0.58565901252284014  0.59752950745931854  0.60933274393309678
  0.62106259427844790  0.63287450918811650  0.64488003820494422  0.65687636032731522
  0.66816538118686741  0.68000297810310995  0.69191227492084895  0.70437846723195419
  0.71662809638041736  0.72804836716793120  0.73886592104844095  0.74947889130981316
  0.76011359385006561  0.77071083176585742  0.78098606371286783  0.79113646205886001
  0.80125229611023630  0.81103003836391052  0.82067806648902819  0.82974546638817259
  0.83928686781589756  0.84878368843790619  0.85940518015335976  0.87077096649905195
  0.88206104389292761  0.89299639939575004  0.90403149240110769  0.91529345764727721
  0.92544489242744421  0.93543985808885288  0.94537220066186500  0.95586389218719858
  0.96648185506061102  0.97712260971673270  0.98818344343686881  1.00000000000000000
 -0.00247990363136944  0.00897932662906903  0.01982297398219853  0.03060546173044787
  0.04177504627974242  0.05357468668206412  0.06566371412116449  0.07794378445349148
  0.08939911092947386  0.10024752372095370  0.11048557020318830  0.12050877205190491
  0.13034409048415307  0.14012580740577002  0.15021115425400902  0.16066614477539584
  0.17137836257502162  0.18219828348853126  0.19311985014798821  0.20343398445330874
  0.21345729710385053  0.22341091036349883  0.23402802798928693  0.24506018405377528
  0.25535040956492117  0.26566522523593306  0.27618778860483351  0.28807733035034599
  0.30069480981545293  0.31290057851125802  0.32418745303691804  0.33456859779681952
  0.34486341708270735  0.35504232697615401  0.36536733176728420  0.37603859954093483
  0.38663944687218588  0.39738324595447222  0.40789230441825963  0.41851596922359957
  0.42920223268100471  0.43930792008960090  0.44856224060979394  0.45806017616393696
  0.46715878016786733  0.47586575715516422  0.48422325824375323  0.49258430720090551
  0.50140005596340531  0.51140832579219309  0.52174472511129244  0.53240081983503540
  0.54360369191836488  0.55513899116802812  0.56645984126632665  0.57716398520078649
  0.58781172409810512  0.59784253582981017  0.60811645149245819  0.61757628346319526
  0.62799638443879102  0.63752713866393274  0.64716354271745014  0.65663921975697781
  0.66650562686803394  0.67622058429926146  0.68612972539786354  0.69640994096787734
  0.70664770104180641  0.71677845508358640  0.72649147894963062  0.73687182923176087
  0.74756464125503808  0.75881270928853184  0.77049009778259747  0.78177216650538417
  0.79297426365107970  0.80361665991005604  0.81437124977343900  0.82502319547546277
  0.83558145438459297  0.84599100810606620  0.85700205466797985  0.86883949155417539
  0.88061304784273453  0.89172826270959471  0.90289884597128678  0.91477849033623126
  0.92581025753512924  0.93649543458285600  0.94682308577528507  0.95707266026330196
  0.96753157004676871  0.97849480989844095  0.98937744123164884  1.00000000000000000
 -0.00237158868463789  0.00912768380670028  0.01910973823226862  0.03002165032799718
  0.04148554160177679  0.05243401781173831  0.06377222765709910  0.07458740724286678
  0.08573705223274299  0.09639928763231687  0.10800570800356772  0.12000406955723310
  0.13159655580718357  0.14320051463558961  0.15482383368411448  0.16683437159547687
  0.17731405339247730  0.18742280659972774  0.19747579618438721  0.20744856967885783
  0.21709130446009145  0.22675182637559216  0.23735848933364728  0.24778510264132975
  0.25777390115606291  0.26733504108050832  0.27773589550287836  0.28873950172969642
  0.30005451391177473  0.31134371508082148  0.32247605007250207  0.33318402051116608
  0.34398986504524265  0.35472674149271594  0.36530033115237054  0.37546097476306478
  0.38477081060034429  0.39388573621071543  0.40333537050922336  0.41263312925332135
  0.42207975027215294  0.43146773861617638  0.44163491273779842  0.45272881522282848
  0.46354857101030611  0.47428436978228633  0.48465573698428172  0.49463634119426014
  0.50457839844137597  0.51466920367481428  0.52485731524912738  0.53523072803705429
  0.54566929839728329  0.55579907563025521  0.56523359450266086  0.57470716533162514
  0.58425258167923733  0.59399141274156120  0.60428348741003235  0.61503853211348958
  0.62520501107837545  0.63513909666956569  0.64505029800222990  0.65707570727876852
  0.66880949994688943  0.68031574282855189  0.69141029418773403  0.70257653892660077
  0.71359314885434555  0.72483207509809577  0.73547291658866554  0.74590366107135908
  0.75643797965373460  0.76735559464799885  0.77910813439364035  0.79072325843352387
  0.80131295642139067  0.81138476469218845  0.82082135752897822  0.83016940168775177
  0.84025092240468202  0.85078800711610203  0.86207036561880124  0.87319729695651271
  0.88538370431891589  0.89723648596028893  0.90800355459835946  0.91790419659628386
  0.92720255613084457  0.93679703166795536  0.94683609023312310  0.95720938891507634
  0.96882925009108567  0.97998316901417148  0.98993203440528088  1.00000000000000000
  0.00052143484452180  0.11583229482142174  0.17271813004528389  0.21250421709484751
  0.24496360094648151  0.27370427250489554  0.29982794162419618  0.32302503319355180
  0.34432255674849382  0.36354818987141563  0.37970441269035926  0.39526039134901503
  0.41075899137321342  0.42606535403133039  0.44121927664244681  0.45636784637602801
  0.47169023408399219  0.48489589002656941  0.49688565073845309  0.50812085617639668
  0.51892898328069803  0.52918086304610967  0.53944419552518175  0.54964623267024537
  0.55965443593431519  0.56918189156398347  0.57852438741456025  0.58755267687928092
  0.59605835746138391  0.60441894500596993  0.61305490922748929  0.62205194597892466
  0.63143647865987784  0.64063315304524482  0.64975737910869913  0.65870157688473596
  0.66736566490077942  0.67586968146084059  0.68423182334892341  0.69272444423649338
  0.70102844581421109  0.70927865120066724  0.71700187386096470  0.72411898588838908
  0.73089327189823361  0.73750430903299102  0.74425715460441599  0.75101703144350740
  0.75772275247628351  0.76445861472177801  0.77107055469854990  0.77727100310525654
  0.78308858192928432  0.78880124905850313  0.79449175847545228  0.80037266725072564
  0.80616417086958925  0.81181690837783849  0.81734835931489846  0.82285629886337119
  0.82830894639682029  0.83362843687011401  0.83886049520441164  0.84411097368534282
  0.84942968004733543  0.85473105210830225  0.86001148061854604  0.86543266761538973
  0.87074297727604677  0.87574942430011060  0.88053552480514152  0.88532487689214290
  0.89011249204047127  0.89497694603922473  0.89982691826300099  0.90468311870951001
  0.90957783790306879  0.91434418778428495  0.91909253855320538  0.92361235523383689
  0.92816070505841730  0.93272246758142052  0.93730912015609591  0.94167372276416994
  0.94595886170578480  0.95017373493907287  0.95426257996832242  0.95833018143165771
  0.96245208311563790  0.96661255779773614  0.97083964786673782  0.97505705889684391
  0.97932730440853810  0.98299205263806466  0.98511173883715430  1.00000000000000000
 -0.00216995996335699  0.00950151357829151  0.02021444720090148  0.03104525783631973
  0.04240766724397985  0.05366396282595373  0.06421160461965607  0.07396075829129450
  0.08394322552452120  0.09454463851075456  0.10526183305562808  0.11524664561525784
  0.12456686706858097  0.13521419965436965  0.14616637532947638  0.15780248649977474
  0.16871226765087585  0.17871524847328435  0.18832938433357713  0.19805962472719787
  0.20769962774938053  0.21737842490922973  0.22694960115691942  0.23705701029214810
  0.24749976124699694  0.25795832126515300  0.26856480089431928  0.27875710456272157
  0.28921809236188012  0.29964878793926431  0.31009242559539868  0.32081462700192409
  0.33143847698851669  0.34128276885963960  0.35096192995088898  0.36115157792490676
  0.37170187954820522  0.38196402696488202  0.39200576430644662  0.40222132583722858
  0.41259594225736507  0.42279329692821033  0.43315723778740650  0.44377799146886066
  0.45446449493861840  0.46499226665256199  0.47562859074805797  0.48687980945174264
  0.49844975038145384  0.50964893949245360  0.52054128398919475  0.53149541479281603
  0.54249811101525125  0.55343692813675938  0.56416601130612554  0.57485836922243394
  0.58548230180570315  0.59630872134542867  0.60761506922207953  0.61940348693344227
  0.63068531907008885  0.64148066739756626  0.65238018067181403  0.66330379865658229
  0.67439270251647399  0.68508488251926236  0.69599933146768567  0.70671645440128184
  0.71731369409430923  0.72777711327941952  0.73817031492542962  0.74858862347179200
  0.75845092269877501  0.76844406303552093  0.77890096073336601  0.79020967574809831
  0.80077184199991358  0.81101045532655824  0.82200127035015558  0.83331096786537462
  0.84468623701440204  0.85531692224814737  0.86626252445055640  0.87715784845383538
  0.88812521441160208  0.89896195031582549  0.90932066637318876  0.91986748841886556
  0.92988032620163541  0.93981283483001044  0.94892762028078681  0.95863947159581198
  0.96876496835908465  0.97895108978710021  0.98944988438475701  1.00000000000000000
  0.02397353781779094  0.03266789419756983  0.04176482437270708  0.05071321593012228
  0.06012599094940902  0.07008805366560861  0.08024017890045075  0.08982254602895841
  0.09897059650281263  0.10827511117198615  0.11813881690819661  0.12793857810314679
  0.13702587926441015  0.14616418930006042  0.15632007347890098  0.16698197074030441
  0.17755628541932228  0.18826887845115622  0.19907439046061168  0.20963919081006771
  0.21997605643327761  0.23045644985045899  0.24128665669295901  0.25194309387146174
  0.26188286759550594  0.27144335548815279  0.28117299719956079  0.29143022819556358
  0.30235670060236852  0.31344295525422805  0.32435905386211944  0.33525191150879313
  0.34574454275301231  0.35568894163635117  0.36539928894528467  0.37521050139362339
  0.38569418499628816  0.39621255605801126  0.40668005857449574  0.41731598458209956
  0.42778846735757059  0.43801184141756139  0.44810937574142501  0.45795279237280506
  0.46734756855495940  0.47609684661657459  0.48506850164378285  0.49453397286627121
  0.50432889793020819  0.51376701429134741  0.52320976463906843  0.53333446601141787
  0.54397487928736588  0.55455934294117992  0.56492408616377165  0.57514033580013491
  0.58544878642151532  0.59587469772553658  0.60611576271391743  0.61604233914818352
  0.62630820216160543  0.63696818871620087  0.64844321373034053  0.65982311782096670
  0.67076684274113552  0.68113327698952542  0.69152985786941490  0.70222393115917581
  0.71269453482953771  0.72268924452403793  0.73271879811378082  0.74325142469712169
  0.75360665302548258  0.76363346328973114  0.77413022905231033  0.78545153919066502
  0.79661060040381959  0.80739993721000103  0.81863777412183880  0.83028653383694484
  0.84080723200965746  0.85035046036090645  0.85960248252336602  0.86892347991394625
  0.87833299459463776  0.88763002436778138  0.89690718304240191  0.90652427086330256
  0.91666285118025337  0.92678417019943116  0.93672448456534374  0.94692189450634168
  0.95719118983327012  0.96602024950620680  0.97066654283092357  1.00000000000000000
  0.05331659538630108  0.24193367861106685  0.26885729282134063  0.28930960944427203
  0.30679719483856221  0.32238615751193600  0.33703994048935304  0.35041533649631873
  0.36304137926146390  0.37491503366112122  0.38675367314462405  0.39864175415574432
  0.41033603145121156  0.42175073259941798  0.43285368022735193  0.44304062652444720
  0.45253863876923084  0.46221017607024995  0.47244382442145294  0.48287476255142997
  0.49326820130894727  0.50377940127848364  0.51440572562123399  0.52451425220372516
  0.53442993082722912  0.54423596039681399  0.55355310548010950  0.56243693998953681
  0.57124286438293215  0.58024328945884907  0.58906528583477047  0.59749531916249687
  0.60564309021226237  0.61382197112574466  0.62196642178621908  0.62960066773879730
  0.63667018638290840  0.64344084131039636  0.65014817134363234  0.65682299391820986
  0.66334375840757120  0.66975299395517485  0.67609610440377421  0.68246381036721415
  0.68894418275654534  0.69487609965965746  0.70078662548955184  0.70658431265026578
  0.71221950731279271  0.71774193462038416  0.72331578744676828  0.72874685347588197
  0.73348212889873243  0.73819191752353752  0.74264951392419898  0.74690764591298708
  0.75103522163336656  0.75523825553932433  0.75952919199315949  0.76383575677830484
  0.76791762295215515  0.77166623968447245  0.77516777026580475  0.77865498634865837
  0.78221775711004282  0.78586497904936681  0.78953031418515485  0.79354938964016875
  0.79773749595371679  0.80182507320463658  0.80584473679520663  0.80980014721974680
  0.81369705050485608  0.81783200453087679  0.82195786735403265  0.82604835255946663
  0.83017028580323438  0.83445606994413224  0.83890049719749815  0.84338610880455545
  0.84788504287914512  0.85246721160752226  0.85717355200435663  0.86197996497517027
  0.86689971744280159  0.87192283926397418  0.87701780240648497  0.88212573757783730
  0.88683073880279484  0.89118841900245593  0.89553700296323868  0.90024161918008438
  0.90604069870075288  0.91244218846686598  0.91807931402735565  1.00000000000000000
   3.7370835167017112E-020  -1.0000000000000000     
 F F F F F F F F F F F F F F F F T F T F T F T F F F F F F F F F T F T F T F T F F F F F F F F F T F T F T F T F T F T F T F T F F F F F F F F F F F F F F F F F T F T F T F T F F F F F F F F F T F T F T F T F F F F F F F F F T F T F T F T F T F T F T F T F
  <DiscreteSampler_grid>
  grouped_processes
  1 # 1 for a reference and 2 for a running grid.
  10 # Attribute 'min_bin_probing_points' of the grid.
  1 # Attribute 'grid_mode' of the grid. 1=='default',2=='initialization'
  0.0000000000000000 # Attribute 'small_contrib_threshold' of the grid.
  0.5000000000000000 # Attribute 'damping_power' of the grid.
 # binID   n_entries weight   weight_sqr   abs_weight
    13   10   2.243466133812210E-010   1.475374970677765E-019   2.243466133812210E-010
    14   10   2.243466133812278E-010   1.475374970677817E-019   2.243466133812278E-010
    25   10   1.354567021150503E-010   6.640686190443239E-020   1.354567021150503E-010
    26   10   1.354567021150501E-010   6.640686190443204E-020   1.354567021150501E-010
  </DiscreteSampler_grid>
