  0.00000000021932924  0.00000000062202781  0.00000000091182692  0.00000000116105580
  0.00000000139781213  0.00000000162468997  0.00000000183572244  0.00000000203420189
  0.00000000223499590  0.00000000242816817  0.00000000261231577  0.00000000280066138
  0.00000000299301031  0.00000000317678675  0.00000000335742465  0.00000000352924496
  0.00000000369634905  0.00000000385987135  0.00000000402373981  0.00000000418609775
  0.00000000434623900  0.00000000450752052  0.00000000466938242  0.00000000483292589
  0.00000000499554146  0.00000000515862747  0.00000000532214158  0.00000000548290769
  0.00000000564140756  0.00000000579881059  0.00000000595748925  0.00000000611583011
  0.00000000627098029  0.00000000642744666  0.00000000658621876  0.00000000673619802
  0.00000000688821892  0.00000000703691251  0.00000000718492738  0.00000000732769107
  0.00000000747875176  0.00000000763343191  0.00000000779031177  0.00000000794946400
  0.00000000811068341  0.00000000827483912  0.00000000844001508  0.00000000860205075
  0.00000000876463175  0.00000000892954737  0.00000000909342159  0.00000000925392180
  0.00000000941675857  0.00000000958128269  0.00000000975663360  0.00000000993927410
  0.00000001012203311  0.00000001030938423  0.00000001050481897  0.00000001068968824
  0.00000001087012507  0.00000001104911906  0.00000001122837865  0.00000001140895936
  0.00000001159029877  0.00000001177173490  0.00000001195555804  0.00000001213867645
  0.00000001233159424  0.00000001254369480  0.00000001277030012  0.00000001300507298
  0.00000001324050413  0.00000001347795116  0.00000001372794311  0.00000001397966869
  0.00000001423971321  0.00000001451442696  0.00000001478826737  0.00000001506117752
  0.00000001533444423  0.00000001560615668  0.00000001588869997  0.00000001621415682
  0.00000001660086765  0.00000001699685102  0.00000001742634580  0.00000001788622679
  0.00000001838587605  0.00000001891249179  0.00000001946959620  0.00000002007741183
  0.00000002085572911  0.00000002253139514  0.00000002367152973  1.00000000000000000
  0.00945061235065651  0.01646527112231603  0.02564162084023740  0.03579548458225494
  0.04620452659000020  0.05688026312868921  0.06745834187344152  0.07785158535726996
  0.08891272517932933  0.10065780382247069  0.11212804351607530  0.12289008509837203
  0.13275635695746216  0.14256278768400166  0.15264746739246407  0.16312122087451011
  0.17339976958924733  0.18389074205860159  0.19426230751924017  0.20487416652550205
  0.21562679141169561  0.22614968685932174  0.23697472417835244  0.24727772608995091
  0.25762905120786689  0.26796404921816191  0.27904909589533511  0.29024901922690455
  0.30078750759645462  0.31089709848803454  0.32167145402313085  0.33305668627281604
  0.34394047651434195  0.35441640794704238  0.36501144158735682  0.37539361309196778
  0.38515508317141139  0.39494502227364287  0.40516934505991803  0.41633512131816430
  0.42729177674925667  0.43776926414687040  0.44761225398918514  0.45772451538777764
  0.46801318487738475  0.47815447477980544  0.48828031288669904  0.49834033523236193
  0.50845787563240996  0.51875316336052435  0.52780584669629360  0.53741068033275752
  0.54695971116635356  0.55674737470820701  0.56624067629489183  0.57512645418447439
  0.58413968229602853  0.59399343957684303  0.60420114597183616  0.61419070117399699
  0.62353153926274063  0.63370802963917416  0.64427263165497894  0.65557031274440747
  0.66766934932898270  0.67995666161814927  0.69177045886334798  0.70268742690060082
  0.71349993335207706  0.72444956846555142  0.73506856204378634  0.74553396293668917
  0.75611141210933142  0.76686686664850434  0.77769584691042981  0.78851163846402772
  0.79959565510161246  0.81102211582828665  0.82236976692538855  0.83367168351713106
  0.84538949177048250  0.85670627060321303  0.86761808170495103  0.87834495641994126
  0.88912346711272494  0.89904115674943752  0.90821720461386946  0.91770159597974521
  0.92783472986383264  0.93830046604106210  0.94859893271474127  0.95884483292111555
  0.96932409399143249  0.97947392401830591  0.99126743712567733  1.00000000000000000
 -0.00189838681074808  0.00922841637106067  0.01936218949123352  0.02916973846475521
  0.03872836770010058  0.04796850217551252  0.05756710906535382  0.06749147981778555
  0.07781470041837715  0.08756099558264617  0.09693385715346609  0.10643943116496450
  0.11654684191548545  0.12784393516996076  0.13944134708197889  0.15157909602382272
  0.16438132107787193  0.17655583516733603  0.18826261482077228  0.19908105833279416
  0.20999819815321302  0.22032980271763200  0.23056236460415189  0.24091362047954670
  0.25086906422572552  0.26101326079448106  0.27105118370036096  0.28109626797007803
  0.29122989802804272  0.30109925210702049  0.31069604675170626  0.32091277622073405
  0.33084301220846651  0.34159793029770785  0.35228193105883454  0.36296998095943345
  0.37384132761259203  0.38431171164104083  0.39456868222268326  0.40536922345097443
  0.41625061511198563  0.42690663952266883  0.43762249626191835  0.44884104247558998
  0.46045216786742599  0.47230347313550286  0.48384762440730039  0.49488458727580864
  0.50592493005256889  0.51673728067973701  0.52720926801224299  0.53752128350975192
  0.54754587156631573  0.55770304527699355  0.56784648169662399  0.57831105537652960
  0.58846781982905982  0.59891556637557963  0.61016613043758161  0.62214122671222671
  0.63505947280958008  0.64803838216906340  0.66051262888385653  0.67217222622301986
  0.68296206703642448  0.69335544021147810  0.70345093852202945  0.71380323395783518
  0.72438804772728349  0.73504167309716273  0.74598109101728338  0.75717013352292806
  0.76825659376802924  0.77800232968229632  0.78679721073664433  0.79540748387800486
  0.80398962750451530  0.81274880251968651  0.82199692684853853  0.83110756855444989
  0.84064751911327984  0.84987087760961055  0.85900540826117477  0.86852821989556561
  0.87838380071999989  0.88872121031454876  0.89918837457703760  0.91026407646794483
  0.92064951416550922  0.93063299192292581  0.94068210200923397  0.95162807678594208
  0.96332176155157090  0.97488927359056554  0.98745474569946012  1.00000000000000000
 -0.00143653511384725  0.00751807176968236  0.01574169837673996  0.02496034572933030
  0.03452950263720807  0.04423549966068190  0.05488626088562171  0.06592994770142636
  0.07696406696751512  0.08816494360879529  0.09942692084288347  0.11104709886246024
  0.12263534680593571  0.13372397461114302  0.14434370801885854  0.15526113856473880
  0.16659390081054484  0.17803223612834224  0.18961972439552163  0.20123923207921685
  0.21273717887492424  0.22382639467052109  0.23450547420308915  0.24465291883119056
  0.25535108254228672  0.26591863563147150  0.27689829200207239  0.28839117097064793
  0.29984510662505515  0.31103348067589104  0.32097309941966001  0.33118959968326933
  0.34089455306042438  0.35051479577399802  0.36012504353222063  0.36975535435609325
  0.37916499818429417  0.38883604645828312  0.39886721847418716  0.40903735464757768
  0.41924490663896946  0.42929768984745392  0.43989233862515770  0.45062926224489175
  0.46096285351637223  0.47056261804005728  0.47975589983500200  0.48898841587030889
  0.49857335946135450  0.50825129064188701  0.51786150825749089  0.52764364851502232
  0.53748336306605349  0.54720610426684912  0.55724636360205049  0.56785072415627291
  0.57880713999985323  0.58968519756359361  0.60088401143292247  0.61220873399978104
  0.62310538820008943  0.63317600574287658  0.64326525274417568  0.65380326349884155
  0.66461710602062785  0.67551387868159973  0.68657973096480107  0.69905898813852729
  0.71170552319945179  0.72366685484220972  0.73495674692307322  0.74545364819150950
  0.75569373905506987  0.76564962345502285  0.77594151485946661  0.78576447596206855
  0.79597792513117904  0.80627222664050602  0.81688604637905760  0.82731128708523927
  0.83743696051133043  0.84772422227759248  0.85831054114106631  0.86882275206090243
  0.87997727659031000  0.89118085852231910  0.90159738953687230  0.91136592540286387
  0.92114232386818740  0.93141853997968360  0.94229790234646571  0.95338762601719296
  0.96551919864828106  0.97763916094500258  0.98906275830428680  1.00000000000000000
 -0.00254488902614746  0.00910439718799769  0.01906555990590145  0.02972853643662978
  0.04031119773973385  0.05028304811023481  0.06009291421235850  0.07008678846167085
  0.08052442272143225  0.09108334842783825  0.10154540064363970  0.11266575205775506
  0.12396544467491111  0.13452079574752179  0.14469740422393668  0.15494919835544657
  0.16548027281538499  0.17598194089191199  0.18625388446200836  0.19609446624474386
  0.20556111060090682  0.21462139153102122  0.22346874533856392  0.23246904549454631
  0.24149735828977240  0.25110920458386887  0.26114047227132836  0.27139191566399534
  0.28287343056543113  0.29454103806596749  0.30602716942471303  0.31775368333123927
  0.33028874542406794  0.34088767756436572  0.35141788220039311  0.36192513824053590
  0.37224224439167491  0.38205063823917140  0.39147257775554978  0.40165752486901768
  0.41200147853514552  0.42252659371577794  0.43328145175812777  0.44432186970954257
  0.45529609590470704  0.46629621464436805  0.47650433677055859  0.48666927637932855
  0.49721222411210358  0.50820391885373417  0.51933133796004993  0.53000819081986394
  0.54031376829095445  0.55038870570065901  0.56071483709859071  0.57139558049456651
  0.58207010388865232  0.59283157397882269  0.60396709614884891  0.61512927597749067
  0.62590664364852144  0.63630005414725954  0.64670477796082093  0.65721966063764548
  0.66755825404825997  0.67803426609819528  0.68908281598253596  0.70062903035552060
  0.71154432240938026  0.72168043604140930  0.73187779880462522  0.74183889157944327
  0.75170927056020709  0.76205152416535771  0.77325068706042821  0.78506764449538491
  0.79679621491371910  0.80797705271382447  0.81913475717388717  0.83019332749684960
  0.84090629705493058  0.85124065914890545  0.86140158395145294  0.87159690883865670
  0.88118257328518867  0.89144988760277843  0.90188023951855278  0.91257872065908219
  0.92292693038625528  0.93306740611349548  0.94427416338408876  0.95592089248455636
  0.96683428741570487  0.97790729410918997  0.98891555003019371  1.00000000000000000
 -0.00229461381228095  0.00996228441102764  0.01970634770605771  0.03004335379149744
  0.04027412184158292  0.05085005090694567  0.06159922533530715  0.07301742533400320
  0.08448361177825552  0.09586048102690327  0.10758483485147405  0.11946728240935094
  0.13061048356358002  0.14105290796012140  0.15115522895890965  0.16109071792703422
  0.17116316379099361  0.18155672719087820  0.19230009674942183  0.20316627793212633
  0.21412599433421620  0.22543903534024332  0.23695439728709414  0.24836241572211029
  0.25939844211674351  0.27038159470611073  0.28168848682324099  0.29326749645968714
  0.30476391968347094  0.31564674310708851  0.32633678422407864  0.33616293855129692
  0.34560740405447438  0.35528956389559507  0.36569071162392952  0.37670391642544815
  0.38815687703987140  0.39974570955906974  0.41164166832883042  0.42346878013555517
  0.43504937636273305  0.44525885597832365  0.45481959605354344  0.46475078793321001
  0.47484480750279812  0.48473898917348368  0.49444128735948034  0.50461032608306788
  0.51510543944400577  0.52539019956571831  0.53528947427172913  0.54471046358550146
  0.55354945103222974  0.56270522405781209  0.57219677413888903  0.58186394783848361
  0.59108149809886512  0.59991887840054547  0.60919700676739030  0.61888575141271795
  0.62877485173373626  0.63871836682063576  0.64940072016151884  0.66088367686966798
  0.67230657877448685  0.68349576519204447  0.69418357434263556  0.70407835556867515
  0.71393197532449892  0.72393618204241961  0.73387427614608258  0.74367304931820688
  0.75363845533394158  0.76392927995137738  0.77400203619870100  0.78418356230144237
  0.79480994845782704  0.80572973559862704  0.81633816641040990  0.82690796894903862
  0.83793694834421784  0.84864565448197060  0.85923623756612688  0.86958561145929247
  0.87990981345163632  0.89020549106289582  0.90081493806660573  0.91243009553989352
  0.92383477792085689  0.93485872798010439  0.94536098453400930  0.95645842248922375
  0.96723985482701169  0.97861084581960001  0.98920600389234992  1.00000000000000000
  0.00198730203825265  0.11836188478061159  0.17699249643556939  0.21838726030050970
  0.25420915626722795  0.28326628551595773  0.30708848599063432  0.32747341222199894
  0.34683428177229342  0.36692283116623559  0.38507108283933067  0.40123790768956497
  0.41718021825275625  0.43273197989639689  0.44816371454552473  0.46339219188428954
  0.47748227499496748  0.49089882194246132  0.50363230966726147  0.51560078646271312
  0.52680419596102568  0.53786659488301358  0.54920558715353929  0.56007047911880281
  0.57009110986849865  0.57965369028149427  0.58919507010482652  0.59885565017279585
  0.60814336414758485  0.61698118998871809  0.62556613753795609  0.63387576965320713
  0.64214701886251746  0.64991138276908056  0.65743088448465747  0.66495203107471212
  0.67252345754367937  0.68040857866480975  0.68800634325543153  0.69516889089764522
  0.70199964307857043  0.70875927034072472  0.71555357943134146  0.72251088775994177
  0.72944344702481034  0.73629001016144491  0.74280568138839487  0.74919040104573087
  0.75549438275170366  0.76178682176821544  0.76809856158890899  0.77433159037058885
  0.78046234302041773  0.78648953210156791  0.79265463153963878  0.79887776409630651
  0.80525130762309005  0.81154425255857154  0.81779787440476592  0.82391237866385314
  0.82966174102831791  0.83501074145838849  0.84019175925348688  0.84544932261331218
  0.85076269534251392  0.85589416508033356  0.86085623027397307  0.86577889848895617
  0.87072284584831849  0.87585362935907418  0.88112922639191504  0.88659633050208186
  0.89167313097959411  0.89673014682393926  0.90170499791126801  0.90662689853009393
  0.91161093096012069  0.91651874456222449  0.92133290030531234  0.92618328793642746
  0.93094573128180336  0.93559027002525941  0.94012481660704161  0.94447119646255229
  0.94879271931836484  0.95317532482490908  0.95740561716497241  0.96134208624975948
  0.96516003966711161  0.96906462755957201  0.97291510767363298  0.97674231643803799
  0.98064762822799501  0.98477212497095379  0.98637955866914928  1.00000000000000000
 -0.00240022832671448  0.00858169267124263  0.01818450104936979  0.02873301507569883
  0.03919548129109581  0.05031525157577254  0.06138432386057815  0.07180616754268405
  0.08191062290118775  0.09226650179055283  0.10307419086578568  0.11282829036224655
  0.12286401465266489  0.13336073207740873  0.14492882756391484  0.15649624839899615
  0.16743074711265962  0.17775033337509810  0.18794289453222920  0.19792568324876017
  0.20779398148245481  0.21736657845446972  0.22691618733553598  0.23724231786846967
  0.24821890085442300  0.25941542429662501  0.27061318096794951  0.28171523654896430
  0.29262162244147405  0.30329182756993545  0.31365741384160661  0.32386907892657096
  0.33417574040044934  0.34438018520410457  0.35441789969412291  0.36428448050027018
  0.37418686209810781  0.38405154419543069  0.39394078318567738  0.40389707657429363
  0.41385998882820951  0.42372944344394015  0.43386135580747615  0.44476742444414602
  0.45609842326888445  0.46689669375936516  0.47735713003176233  0.48794272005712525
  0.49841303004443899  0.50923345706480694  0.52046019517711939  0.53241347623410695
  0.54467700903672667  0.55634080521662821  0.56741600093867561  0.57822152147704364
  0.59000912543239203  0.60162194345746156  0.61323928117914350  0.62441911269318373
  0.63514994388118207  0.64570476859428316  0.65638441971909733  0.66720440911151335
  0.67705509766615990  0.68673918903653119  0.69709198025874142  0.70769821276983125
  0.71913875194305454  0.73014591086933545  0.74214781003207198  0.75344556837311949
  0.76461502841192641  0.77573267285293557  0.78679611672008443  0.79694435589897616
  0.80622234937269854  0.81576689730018903  0.82490627417248863  0.83339640975933416
  0.84198150046090603  0.85056497476162629  0.86013515813631847  0.87047231455826435
  0.88178101468367975  0.89342102158656711  0.90495441074279193  0.91570614753261292
  0.92728304746044699  0.93812157532163576  0.94816647737285309  0.95803591034636337
  0.96822907282538939  0.97850236801698987  0.98913853541882768  1.00000000000000000
  0.02425361711425171  0.03205385255317605  0.04151383626702485  0.05208816086475158
  0.06237911226158536  0.07243866739677640  0.08287106423876420  0.09422860319818557
  0.10556807187982624  0.11651009359051742  0.12753107551049639  0.13884816860403126
  0.15024298626176161  0.16116136673433837  0.17153710311859918  0.18111164306983837
  0.19107953429843641  0.20072026978166682  0.21102220447281822  0.22095367758887227
  0.23065077387759511  0.24084405937090367  0.25157974062927196  0.26269148266876002
  0.27391375992389083  0.28525324462945995  0.29675022672057666  0.30837810277363104
  0.31971408070356777  0.33069187097287700  0.34113663622880608  0.35125942387588405
  0.36108082561177146  0.37024077468161409  0.37903479089576886  0.38777324917952166
  0.39685131386344213  0.40629601212654820  0.41578732092956289  0.42524523905196532
  0.43466548408258388  0.44445207568226308  0.45461905218241805  0.46532483569706190
  0.47616312677549955  0.48634160091654027  0.49614563858835714  0.50606563014869133
  0.51564184552672709  0.52498005463225794  0.53412424101400724  0.54372394848186745
  0.55354907627309813  0.56334406418300709  0.57345188785992796  0.58396657786617556
  0.59472251101942164  0.60539997542912105  0.61597411941721780  0.62624213561766218
  0.63616149476999084  0.64632541882674877  0.65637541792354293  0.66629854223491602
  0.67612527060508543  0.68599781220829426  0.69575106226649763  0.70533343697487461
  0.71487465065429157  0.72457176023772385  0.73437616650570836  0.74432757907182656
  0.75434050918466233  0.76412423447072575  0.77369759944649319  0.78284186792843546
  0.79211809921826781  0.80180385708835544  0.81217282303714411  0.82310629963279625
  0.83420451972814957  0.84565432818510422  0.85696606431444189  0.86808328328696438
  0.87891773834351838  0.88951931095365677  0.89969689685251064  0.90947379631100644
  0.91915492454029846  0.92888437195239748  0.93848502645031728  0.94822412598958683
  0.95744698497876146  0.96536868976020296  0.97094954353207896  1.00000000000000000
  0.09666134766540185  0.20898038113030026  0.25557239908130558  0.28493182821228419
  0.30718455071120465  0.32643290628610527  0.34402781105131153  0.36086266081553214
  0.37677698635801288  0.39135630863475362  0.40410636481101164  0.41596876137348993
  0.42775236254631122  0.43930469055285576  0.45083038970218042  0.46199243338542823
  0.47295069387637284  0.48398235065224199  0.49546462832251076  0.50642870912728721
  0.51651930586611350  0.52658605768444455  0.53680670480155646  0.54748114528584924
  0.55791200394541673  0.56782011241734553  0.57737364139004177  0.58676843928645650
  0.59527711569659103  0.60351113283579816  0.61136772285020891  0.61920639886703721
  0.62708442563828171  0.63456431612720487  0.64163726680288746  0.64869155530582778
  0.65576923922811714  0.66278126216592037  0.66950600013524864  0.67601082983129401
  0.68248624303809735  0.68885832940309777  0.69508322067721806  0.70124949133190961
  0.70713327611334265  0.71277253688427600  0.71841030728448052  0.72415856972886949
  0.72971213931138057  0.73444405884158159  0.73897390361797666  0.74341035004196476
  0.74793185184453437  0.75228609889214704  0.75640559922319606  0.76077078745607252
  0.76517231364828542  0.76958654083740796  0.77337789038049209  0.77682509804878164
  0.78019704910354737  0.78358922119850827  0.78709692699336953  0.79068153861982615
  0.79417242036064162  0.79753683958130117  0.80084948938773359  0.80406919202101335
  0.80719211558031778  0.81034181883611001  0.81345786045694790  0.81653293648708070
  0.81955518461521060  0.82249333013234371  0.82542872385843935  0.82839302742319287
  0.83137756068586921  0.83456732476956275  0.83793649153295835  0.84126018803314784
  0.84460484686637449  0.84774919207421551  0.85080962651977665  0.85370890745285488
  0.85644711784961214  0.85920377808911463  0.86215829504892016  0.86511818477966873
  0.86661335733279943  0.86798797759383706  0.87302763812352857  0.88211698080157530
  0.89097564599398871  0.90212109531968909  0.91694469990937599  1.00000000000000000
   3.4550656845395666E-028  -1.0000000000000000     
 F F F F F F F F F F F F F F F F T F T F T F T F F F F F F F F F T F T F T F T F F F F F F F F F T F T F T F T F T F T F T F T F F F F F F F F F F F F F F F F F T F T F T F T F F F F F F F F F T F T F T F T F F F F F F F F F T F T F T F T F T F T F T F T F
  <DiscreteSampler_grid>
  grouped_processes
  1 # 1 for a reference and 2 for a running grid.
  10 # Attribute 'min_bin_probing_points' of the grid.
  1 # Attribute 'grid_mode' of the grid. 1=='default',2=='initialization'
  0.0000000000000000 # Attribute 'small_contrib_threshold' of the grid.
  0.5000000000000000 # Attribute 'damping_power' of the grid.
 # binID   n_entries weight   weight_sqr   abs_weight
    13   10   4.523412512580831E-019   9.020759909850687E-037   4.523412512580831E-019
    14   10   4.523412512580874E-019   9.020759909850862E-037   4.523412512580874E-019
    16   10   3.207064379684049E-019   3.291291168279177E-037   3.207064379684049E-019
    17   10   3.207064379684088E-019   3.291291168279141E-037   3.207064379684088E-019
  </DiscreteSampler_grid>
