  0.00000000022004900  0.00000000061645007  0.00000000090069837  0.00000000116342880
  0.00000000140435083  0.00000000163361855  0.00000000185756399  0.00000000205637781
  0.00000000225125693  0.00000000243721212  0.00000000261848068  0.00000000280968787
  0.00000000300837651  0.00000000320466837  0.00000000339152946  0.00000000356605335
  0.00000000372912371  0.00000000388836921  0.00000000405706504  0.00000000422879333
  0.00000000440317579  0.00000000457619173  0.00000000473839737  0.00000000490204074
  0.00000000505375272  0.00000000520701818  0.00000000535847061  0.00000000550321474
  0.00000000565180458  0.00000000580611059  0.00000000596816186  0.00000000613345342
  0.00000000629682779  0.00000000645928585  0.00000000662220371  0.00000000677884921
  0.00000000692911310  0.00000000707704220  0.00000000721724559  0.00000000736638688
  0.00000000752599415  0.00000000770127399  0.00000000788019859  0.00000000805699392
  0.00000000822491379  0.00000000838891339  0.00000000855341895  0.00000000871732631
  0.00000000888236356  0.00000000904590757  0.00000000920900602  0.00000000937455680
  0.00000000953771886  0.00000000970459240  0.00000000987415555  0.00000001004158434
  0.00000001021184955  0.00000001039172748  0.00000001057785934  0.00000001076432667
  0.00000001094166990  0.00000001111681955  0.00000001128939543  0.00000001146519508
  0.00000001164501857  0.00000001182634469  0.00000001201542832  0.00000001221517121
  0.00000001243990430  0.00000001267953108  0.00000001291037353  0.00000001313734615
  0.00000001336691296  0.00000001360524147  0.00000001385428812  0.00000001410264414
  0.00000001434061660  0.00000001458434585  0.00000001485071829  0.00000001512600980
  0.00000001541195627  0.00000001571522502  0.00000001606768123  0.00000001643019026
  0.00000001679470205  0.00000001716125581  0.00000001752654067  0.00000001788414834
  0.00000001829746026  0.00000001880177275  0.00000001939534738  0.00000002006723325
  0.00000002096657920  0.00000002259933752  0.00000002366379047  1.00000000000000000
  0.00947945277472089  0.01664319247150437  0.02653743213590614  0.03781953650658457
  0.04857787356813385  0.05911641419968076  0.06885596749821221  0.07758723021407404
  0.08662132735219195  0.09592465352327094  0.10544035274735029  0.11519133922052406
  0.12532977758500466  0.13595502381665661  0.14690926442312813  0.15775877561581944
  0.16819677884796042  0.17782720831563134  0.18759418910195511  0.19765573319200666
  0.20749293132315352  0.21665055559519095  0.22571193080048588  0.23528045085223565
  0.24473196136537606  0.25431388815427963  0.26329821318590202  0.27262418166538516
  0.28251798564626607  0.29333140992533124  0.30464483097778039  0.31557431410656100
  0.32588979209987101  0.33628607271118482  0.34761051464351539  0.35975460520035257
  0.37222313361209003  0.38433231181338978  0.39565731943929355  0.40732319766489949
  0.41966408371035596  0.43181207607135969  0.44350656926576831  0.45394922363361445
  0.46406288815599256  0.47406499439429733  0.48506181167168616  0.49603117517315343
  0.50588921503518924  0.51541350291245713  0.52573082521581072  0.53701782500914175
  0.54824463864471795  0.55886104347350352  0.56888295217321194  0.57873588228749095
  0.58857917714118513  0.59826459813166466  0.60826858443416032  0.61841860927885040
  0.62866833063308203  0.63888669515697682  0.64947515390089017  0.66072979188554526
  0.67227767722222431  0.68346496070666252  0.69403280544676182  0.70458690908670185
  0.71431010915380966  0.72374427051377965  0.73340879425004202  0.74287926718639152
  0.75318417174440899  0.76395516598572788  0.77526039654698919  0.78731131489353112
  0.79879218820401887  0.81023687836514380  0.82146229462332587  0.83326111684439186
  0.84503144846418765  0.85748579384532875  0.86954344623862534  0.88087851430727637
  0.89175676987532271  0.90268474296080525  0.91343680359121804  0.92398263767220623
  0.93375452198756059  0.94283340013615302  0.95137558028873281  0.96073901229474334
  0.97125914750994402  0.98195172578821821  0.99092965702802394  1.00000000000000000
 -0.00188906926580489  0.00858388643221652  0.01794139654483912  0.02859941584951433
  0.03949670482233663  0.05124922308128425  0.06316206369068662  0.07492943140785925
  0.08695271805363793  0.09900895259499425  0.11021765983171486  0.12036799445907882
  0.13088340688334393  0.14141391071593543  0.15352776933140322  0.16372868313499220
  0.17413759943033702  0.18471311480595748  0.19600118972910102  0.20776645683760400
  0.21942646486826156  0.23075278120222703  0.24202551096563588  0.25249829778682653
  0.26251506782516526  0.27223025076347590  0.28249404904323894  0.29285160995629222
  0.30241842924773443  0.31191893920109171  0.32168316660721336  0.33169087966543198
  0.34166999271205611  0.35161803088721794  0.36173351762852701  0.37187103103972796
  0.38162872673615850  0.39107740825605714  0.40083047393868831  0.41101377184075522
  0.42105282765386548  0.43012417733937769  0.43878081999757967  0.44764028552716434
  0.45671196660119717  0.46644430256858072  0.47646788946723972  0.48752918907730441
  0.49894343911299438  0.51034410897357263  0.52135877404688580  0.53224263032791641
  0.54248758905656214  0.55227048841901250  0.56184202852580223  0.57146241613995863
  0.58133937474484954  0.59148102755836329  0.60162118553714572  0.61239521199457247
  0.62365888746536113  0.63448165488564345  0.64534869332025113  0.65601689595962731
  0.66666291271574996  0.67728622109162417  0.68784838121449521  0.69829296883502812
  0.70874402555519300  0.71946848003870900  0.73101683480710156  0.74292512758387286
  0.75470832473545357  0.76527313747316361  0.77569932930136132  0.78592866434522457
  0.79648455544932861  0.80691372834724251  0.81740741915378157  0.82732984299098156
  0.83698010691224678  0.84635892886903807  0.85625311544623928  0.86813432838981641
  0.87983777026416177  0.89136265657900182  0.90316621792892815  0.91411233033628769
  0.92428094437788322  0.93421072276846218  0.94463889835675396  0.95610677670495470
  0.96702436376859435  0.97800946895919871  0.98878869544539838  1.00000000000000000
 -0.00253685703207177  0.00820951216159631  0.01715877679874740  0.02641396604090126
  0.03605132054414684  0.04613912619566213  0.05716275440829333  0.06888827545647562
  0.08027571140617396  0.09127242535422754  0.10204192011569004  0.11368724525025353
  0.12536224025280615  0.13703556674651463  0.14754908883474988  0.15855756076080821
  0.16820734285653083  0.17648417379147632  0.18564982726775511  0.19411950127504729
  0.20355156084744697  0.21195411521062960  0.21958322624895116  0.22817630277345133
  0.23874696161007553  0.24964931262713932  0.26045337102054378  0.27099337877955132
  0.28088045358356029  0.29048104732588359  0.29997674096362642  0.30937944222405173
  0.31893532201469293  0.32879010773978584  0.33880557941227313  0.34833423400287084
  0.35753705611886544  0.36701832957081509  0.37689458180213448  0.38678036005011085
  0.39666931718209564  0.40665743001285976  0.41685402164247459  0.42691062350923226
  0.43700607387346818  0.44705689890219463  0.45717927943793379  0.46759448053026970
  0.47786176569610817  0.48810082653184395  0.49859925403012595  0.51009483916755949
  0.52177802488809510  0.53306161878003744  0.54401527182501819  0.55457104553381142
  0.56483273353461383  0.57510675848232740  0.58534867155996395  0.59529931611678433
  0.60541556955040998  0.61659507447864204  0.62900235549608563  0.64195717824339193
  0.65432142352879241  0.66644884890048517  0.67757623930604316  0.68802548415146247
  0.69844349552489460  0.70920278179772966  0.72044243212449655  0.73142055384965654
  0.74242834679260783  0.75353575909716419  0.76454020489179453  0.77617307284012405
  0.78844743863930966  0.80037924190187215  0.81173077198704346  0.82251318021396513
  0.83408339526019182  0.84623807859770872  0.85826179347657128  0.86938665396562997
  0.88028736931606477  0.89197166020955054  0.90278167398091813  0.91332970116904089
  0.92404059365756264  0.93485431680666808  0.94572039097186344  0.95546630064681903
  0.96606848464752071  0.97685420688498892  0.98832929523582747  1.00000000000000000
 -0.00273388799522886  0.00995690420479113  0.02113044069368034  0.03204460694807754
  0.04310986919899389  0.05391091074747892  0.06463498606211118  0.07515254571428794
  0.08550890960290874  0.09601855074542889  0.10677631826341943  0.11801501455431131
  0.12899289863302213  0.13916306192423172  0.14887910779862668  0.15849574002436365
  0.16861899487052284  0.17893884300545923  0.18950008679735694  0.20030748142026145
  0.21099145101133646  0.22124137573889202  0.23147840107065459  0.24193997390507119
  0.25230183674179435  0.26275678552421161  0.27372870163893992  0.28513809082273928
  0.29610796405625184  0.30679327610634033  0.31708605786803351  0.32709638534074292
  0.33718601114954122  0.34745773297538762  0.35791094616656893  0.36779109169810165
  0.37678414136563620  0.38627136389713373  0.39566914048559820  0.40620787432005045
  0.41684241096060431  0.42820237389528937  0.43992706065639525  0.45220899231223483
  0.46381721215055172  0.47430108153595779  0.48407947467704698  0.49370027555163931
  0.50319928678986858  0.51287262779017428  0.52284072482748145  0.53367978968349949
  0.54423254484365369  0.55510321264027795  0.56613268295696650  0.57634201615504899
  0.58661466353327474  0.59725682649725553  0.60825164011239641  0.61934613103532399
  0.63097566907829594  0.64270473451789889  0.65407325241350112  0.66535876236895175
  0.67649409901985780  0.68768785404223198  0.69931274698285129  0.71096729993025787
  0.72313836557335809  0.73450613368856610  0.74499474471552041  0.75562099579354591
  0.76588034220991330  0.77567453090148242  0.78515084576823446  0.79518575837639294
  0.80569919884723662  0.81657286144793184  0.82804190270213796  0.84051865192661823
  0.85353731660331511  0.86505475810393728  0.87487067299683918  0.88335919460211731
  0.89153260162329151  0.89976077191526826  0.90830135209744689  0.91718328722000453
  0.92668557893642578  0.93634040179434919  0.94783271455155571  0.95872972326787520
  0.96941352344523168  0.97964447353700379  0.99011553586999779  1.00000000000000000
 -0.00283326207139227  0.01114745093216939  0.02250237023945214  0.03315074415563240
  0.04275859800233065  0.05264587986946039  0.06256207166256994  0.07315406317935966
  0.08394060779679312  0.09406273716786277  0.10377915801669790  0.11358861646719527
  0.12400631718140552  0.13468785956366031  0.14537531778803064  0.15571787033635975
  0.16601855364220985  0.17618075254270554  0.18593636668855737  0.19521690892038768
  0.20455009163761023  0.21471700822277534  0.22546279002461325  0.23620550857215827
  0.24673508452916151  0.25705412370503461  0.26768203331841051  0.27918678988350309
  0.29158746762717236  0.30358312927344827  0.31439374516110835  0.32436647832475979
  0.33478875739401309  0.34556998662447996  0.35632888254691997  0.36662925244832456
  0.37701359548313096  0.38700053081156593  0.39705943611818528  0.40739575182822757
  0.41856948309666586  0.43014264734070723  0.44176702038037680  0.45343703530845908
  0.46507545650514603  0.47716811918216318  0.48954774316939581  0.50191848845364750
  0.51340325060753023  0.52394206588295211  0.53397841694445725  0.54435567810743590
  0.55451427724657709  0.56413966745314026  0.57385306281117321  0.58431939626715101
  0.59520633622855446  0.60605623125616237  0.61711580484987638  0.62840636711342368
  0.63945515739380310  0.64988944746915656  0.65999738599199709  0.67031638194715482
  0.68087456430231319  0.69153819888619250  0.70243034561969864  0.71218312972118236
  0.72133480211486944  0.73042855095115633  0.74022946214043528  0.75057245564111075
  0.76153734681239993  0.77262804114192640  0.78391135978683502  0.79549264107914386
  0.80693665682360594  0.81927285344889256  0.83200217617956640  0.84397585366567485
  0.85457174473623687  0.86418660269923020  0.87303564565748126  0.88242799698535013
  0.89176911933849279  0.90142529117391568  0.91102296087411005  0.92097245332824484
  0.93152042381967881  0.94240750199884116  0.95307410011427940  0.96364452435972514
  0.97271680774153635  0.98180216993072245  0.99103004897835667  1.00000000000000000
  0.00201996365931179  0.11947070993074901  0.18022039408157703  0.22120505025387921
  0.25510421955367052  0.28174688128579800  0.30641018718232282  0.32739890068644201
  0.34749765776837177  0.36814457241609388  0.38663367047765912  0.40449265286417152
  0.42177009944063631  0.43772152552359511  0.45299597431302141  0.46708817494508631
  0.47957038416740549  0.49170970012071752  0.50354540634003775  0.51513615184593298
  0.52652077987152091  0.53793095885163955  0.54916595041775795  0.56070210483754512
  0.57167508041534076  0.58081316248781556  0.58910501127363213  0.59692179044344151
  0.60470546997484920  0.61316302440925863  0.62137857187202483  0.62974007530285614
  0.63826091639485771  0.64690000501924583  0.65557463713508501  0.66434199255551329
  0.67267303060145500  0.68077963825631749  0.68897792399583568  0.69671912780400658
  0.70414715284381568  0.71143357045085853  0.71823228709116205  0.72484320371926059
  0.73108062280902453  0.73779526258700601  0.74457737402864344  0.75138659380409678
  0.75790202932101181  0.76417297776165405  0.77047944230649057  0.77689677121261735
  0.78338134243150070  0.78954313346127047  0.79562155142845981  0.80150747634133190
  0.80743268174525429  0.81322480221908888  0.81909761194072694  0.82517903190254549
  0.83148167764414105  0.83763685260827148  0.84339137633075190  0.84898787424165423
  0.85451967988639155  0.85999960611607906  0.86562788126804724  0.87117423068177025
  0.87656979062534157  0.88178047477799892  0.88702614115277267  0.89220371542980637
  0.89698493227545006  0.90150324168680074  0.90608733843338451  0.91086497285092038
  0.91562233770215651  0.92004815855597977  0.92421008208278366  0.92813743029034490
  0.93243719945840098  0.93685707029443710  0.94125686501057015  0.94566081822761672
  0.94986262992154835  0.95391777374608422  0.95795722088203439  0.96220460617624293
  0.96652120430391086  0.97045332325401312  0.97454336571855693  0.97867809857868548
  0.98272155999221233  0.98505906213433758  0.98569193549538303  1.00000000000000000
 -0.00164531088398968  0.00689278452178189  0.01448554315774206  0.02254670582567153
  0.03194140523285851  0.04110819181333208  0.05247325887500411  0.06325379377735491
  0.07244004148390047  0.08133763582697724  0.09017235529910915  0.09945197200491376
  0.10731818693253099  0.11524127169351513  0.12325271462876308  0.13348140679785983
  0.14418484313429011  0.15584397795367294  0.16800632315066111  0.18053563455432514
  0.19269334657358975  0.20456105279357098  0.21608026367100680  0.22754806685409873
  0.23889794852321811  0.24970146478720950  0.26012193454845445  0.27077192841555608
  0.28178204784444560  0.29372781536312370  0.30602860797509579  0.31739372178906505
  0.32795549340373448  0.33793123623250682  0.34777838050003235  0.35798900410555057
  0.36882503331692817  0.38023929804858647  0.39192396384342137  0.40346526820739714
  0.41511055992420182  0.42683128264389492  0.43848079687578151  0.45020767080980112
  0.46132199694687381  0.47102527378445208  0.47984675187178716  0.48834667624041012
  0.49661492683979885  0.50482153280091613  0.51334713990135949  0.52310817593031222
  0.53718997838532601  0.54879808387384466  0.55927325898674873  0.56900270378117190
  0.57838223168620084  0.58722160904589471  0.59627767264309872  0.60638986466898614
  0.61792887670739072  0.63007828223958617  0.64170403235485363  0.65353172266231419
  0.66489882935821432  0.67769980983129186  0.69011288735213838  0.70161341063082616
  0.71295793412751718  0.72440649009792368  0.73610917561185707  0.74769698762030679
  0.75992483831769431  0.77185466888130505  0.78299916593594077  0.79323371658153974
  0.80358019154670102  0.81433830032268006  0.82485775954819596  0.83532493298278920
  0.84520047965120848  0.85556112515224370  0.86634459086686411  0.87783209845584176
  0.88909941079970867  0.89995453558370042  0.91017647797652679  0.92050390480435029
  0.93117636235363210  0.94149794032855849  0.95109956107971072  0.96110747026744492
  0.97120317149411850  0.98086755549019844  0.99022804776714601  1.00000000000000000
  0.02569437566429941  0.02640264393933873  0.02789629365897536  0.03129601579664615
  0.03538066997166905  0.04265769158613359  0.05380606493736921  0.06472986047520436
  0.07493281766675779  0.08496998900073552  0.09501889870672316  0.10503428006887090
  0.11457494686632910  0.12515351655426832  0.13630623898151492  0.14742023901437054
  0.15801432231167403  0.16797067134478172  0.17777192068256439  0.18818163322997319
  0.19963672517706907  0.21157254945384196  0.22272474868534342  0.23333941126252675
  0.24397689867725153  0.25362579850915801  0.26296159166304650  0.27264921242414203
  0.28218313530070743  0.29161280932328815  0.30055561790291691  0.30978809537072743
  0.31987506867021426  0.33045556997210507  0.34078024928747569  0.35103738424507369
  0.36164598183855812  0.37252603067760243  0.38336341068807034  0.39417489450980225
  0.40473689695529624  0.41439984531802199  0.42382544864006727  0.43356646176497510
  0.44356707254088013  0.45389856791987027  0.46423213448036549  0.47485034476803817
  0.48547657339324646  0.49555709152305122  0.50640002118797678  0.51630719027455640
  0.52768625794075219  0.53979660790251127  0.55352198435922662  0.56707855473659452
  0.57983753957405548  0.59006786107449571  0.60041183820472421  0.60950758534079563
  0.61819775855402248  0.62676893180706095  0.63526825695645639  0.64450319029519265
  0.65421150900317082  0.66306089077336317  0.67142376898942202  0.67992165835604168
  0.68838660827422049  0.69664021668597831  0.70518356297420459  0.71434327754371174
  0.72387440302478834  0.73354222770006694  0.74441899064364903  0.75553575900371539
  0.76654606469015585  0.77825829909070487  0.79058120179546498  0.80320344239785524
  0.81553791841833123  0.82783234768041569  0.83987767623073650  0.85187362541829958
  0.86428499339019615  0.87722569356553515  0.88798112216254654  0.89871104403989821
  0.90958505982368942  0.92079726217351043  0.93147656617534136  0.94247843553521582
  0.95469425648431694  0.96516260768182460  0.97104571267702944  1.00000000000000000
  0.05179842545954297  0.23174418233930513  0.26105963756335948  0.28265925499702954
  0.30096954175466767  0.31831975134891527  0.33455081648339613  0.34836439014937182
  0.36122026072681312  0.37311411041312742  0.38405250077082637  0.39440912063775191
  0.40449019463563546  0.41439183656214612  0.42407279207273080  0.43375304242656343
  0.44358317986406937  0.45369290776390864  0.46368066345925041  0.47345386806496198
  0.48309757560719024  0.49242350261022333  0.50148625575675476  0.51020049146526014
  0.51910725205008657  0.52713918045380770  0.53479540634047917  0.54237025109306436
  0.54981545574240931  0.55706919392523968  0.56445075641300979  0.57184238974313639
  0.57909887945458238  0.58658555326424056  0.59434620420043716  0.60170635092932967
  0.60864747967118382  0.61522755177165356  0.62157506295766229  0.62800563037388657
  0.63488395721104385  0.64290316080324239  0.65053626097702910  0.65745785659625910
  0.66410319320791600  0.67099662843513053  0.67808745216787858  0.68525529884905634
  0.69239586113746965  0.69941871197016070  0.70579881609070505  0.71144578368505618
  0.71689209965718770  0.72251572250309148  0.72821783226698200  0.73367366611782447
  0.73870886268291835  0.74330953009330480  0.74756238005633924  0.75144801441099696
  0.75526111095148185  0.75879202161327108  0.76270248010821906  0.76683372008404493
  0.77077732670279520  0.77461141522217369  0.77831148332532185  0.78203825429725471
  0.78565288970664704  0.78922353354974151  0.79289576781723559  0.79652533200087483
  0.80012455466813659  0.80373159411090211  0.80744443340396443  0.81119505011484061
  0.81459008939928468  0.81780598835047358  0.82097517619855598  0.82435015094690722
  0.82816776212157528  0.83200528697998555  0.83561245252893657  0.83935446789420676
  0.84301883329650573  0.84685953642789757  0.85136207593748559  0.85610961255085627
  0.86039070324150368  0.86457451333512070  0.86906750536814392  0.87312067527802273
  0.87544300021261090  0.87730051682075616  0.87900059717358081  1.00000000000000000
   1.3576492053204022E-029  -1.0000000000000000     
 F F F F F F F F F F F F F F F F T F T F F F T F F F F F F F F F T F T F T F T F F F F F F F F F T F T F T F T F T F T F T F T F F F F F F F F F F F F F F F F F T F T F F F T F F F F F F F F F T F T F T F T F F F F F F F F F T F T F T F T F T F T F T F T F
  <DiscreteSampler_grid>
  grouped_processes
  1 # 1 for a reference and 2 for a running grid.
  10 # Attribute 'min_bin_probing_points' of the grid.
  1 # Attribute 'grid_mode' of the grid. 1=='default',2=='initialization'
  0.0000000000000000 # Attribute 'small_contrib_threshold' of the grid.
  0.5000000000000000 # Attribute 'damping_power' of the grid.
 # binID   n_entries weight   weight_sqr   abs_weight
    13   10   8.929447740075135E-021   1.911194454977743E-040   8.929447740075135E-021
    14   10   8.929447740074622E-021   1.911194454977392E-040   8.929447740074622E-021
    16   10   3.559940177430395E-020   5.018752783328646E-039   3.559940177430395E-020
    17   10   3.559940176574671E-020   5.018752779903707E-039   3.559940176574671E-020
  </DiscreteSampler_grid>
