  0.00000000022274622  0.00000000061911474  0.00000000091826187  0.00000000121937800
  0.00000000152894937  0.00000000173402273  0.00000000190906392  0.00000000211805185
  0.00000000238728253  0.00000000262705710  0.00000000288839821  0.00000000313855606
  0.00000000333698761  0.00000000350776208  0.00000000366805801  0.00000000380812880
  0.00000000394016477  0.00000000405347714  0.00000000411145502  0.00000000418355345
  0.00000000426026160  0.00000000434178394  0.00000000442521394  0.00000000450810497
  0.00000000468507165  0.00000000485278168  0.00000000501469843  0.00000000517439688
  0.00000000534261648  0.00000000550837049  0.00000000567295073  0.00000000582326889
  0.00000000597196487  0.00000000612412408  0.00000000628899051  0.00000000650987123
  0.00000000671563681  0.00000000692409134  0.00000000711880411  0.00000000730441817
  0.00000000750600340  0.00000000772729330  0.00000000795323589  0.00000000818916195
  0.00000000842978970  0.00000000866426759  0.00000000889850678  0.00000000912818208
  0.00000000935259075  0.00000000958385731  0.00000000973747981  0.00000000986759699
  0.00000001001075086  0.00000001016720876  0.00000001032405923  0.00000001046865769
  0.00000001060817939  0.00000001074648226  0.00000001089187540  0.00000001105719571
  0.00000001128790494  0.00000001151254475  0.00000001170730286  0.00000001188669200
  0.00000001204617354  0.00000001219921936  0.00000001236138200  0.00000001254858407
  0.00000001275326523  0.00000001296962528  0.00000001319609188  0.00000001341466514
  0.00000001364784277  0.00000001389771817  0.00000001417215977  0.00000001445937095
  0.00000001474015613  0.00000001501827204  0.00000001531695686  0.00000001565911253
  0.00000001600576790  0.00000001632370427  0.00000001663839936  0.00000001687991120
  0.00000001713458238  0.00000001740510463  0.00000001766839767  0.00000001790094776
  0.00000001823089450  0.00000001862261303  0.00000001908299769  0.00000001959483930
  0.00000002041508897  0.00000002242970417  0.00000002364431302  1.00000000000000000
  0.00813371117337747  0.01942797732325650  0.02822412791594651  0.03670958680901619
  0.04492794190196107  0.05263819897086693  0.06296647631709673  0.07301517926983583
  0.08155344588337540  0.08869429299848289  0.09575741822642063  0.10365958956060416
  0.11506353963615350  0.13061889085104750  0.14817292074709937  0.16445596869120788
  0.18107310133521906  0.19846226313299808  0.21523779407185423  0.22916954603737877
  0.24041518157163580  0.25157012897573133  0.26388549016694313  0.27673939742823778
  0.29005506043017704  0.29982397758767981  0.30973999097773780  0.31774152754981133
  0.32304778161926395  0.32822594969187247  0.33446155086779278  0.34173549574067746
  0.34821852192322555  0.35421749896899157  0.35945028329615658  0.36477510053309192
  0.37044122171035088  0.37505355304393057  0.38068510589044446  0.38587923653635064
  0.39014392100133743  0.39404940782296072  0.39853181310232538  0.40366352272347106
  0.40799148707252936  0.41199334657076048  0.41687431210957637  0.42549962120605678
  0.43754682234572012  0.44474379904877542  0.45298940719121983  0.46106971322389728
  0.46975249817832521  0.47894578334352372  0.49159853687667898  0.50518137202924251
  0.51791474498252588  0.53110031575628969  0.54512290089919024  0.56064672531305426
  0.57422949531195200  0.58812747194785742  0.60212607265222828  0.61617446542039433
  0.62895020772118637  0.63864366949927254  0.64593292596012608  0.65322073988084672
  0.66064960887791302  0.66828329074985371  0.67930464844212390  0.69417059920271307
  0.70951896236183820  0.72384858859296919  0.73600855813829658  0.74633392749113181
  0.75622643139869761  0.76732550036000835  0.77959036947330340  0.79474054191089372
  0.81134137549868135  0.82919571039826567  0.84597888942453092  0.86612644736893651
  0.88608004028643561  0.90534510604288287  0.91738876078213383  0.92530007621318988
  0.93205549418025235  0.93822321801207398  0.94434340597975253  0.95100237842973989
  0.95797036490767429  0.96529920955223225  0.98259580508075273  1.00000000000000000
 -0.00000015039528518  0.00009537555901992  0.00074661849451262  0.00186837099131451
  0.00333563570437829  0.00520450835721600  0.00791900221919097  0.01209647476726944
  0.01706956716181133  0.02110692868535048  0.02550413039117882  0.03112484025115209
  0.03867468402049690  0.04821676056675429  0.05890358975198457  0.06971505001541642
  0.08144481669025749  0.09209809102178187  0.10114662761278342  0.10989827966767540
  0.11999503375726922  0.13096723731703511  0.14194386281404586  0.15344563471333830
  0.16472402435928477  0.17588938114928887  0.18751545524722871  0.19974689828566744
  0.21286801335149810  0.22705029396020920  0.24216471738096101  0.25780771570981648
  0.27270760468267602  0.28657527665484855  0.30086271803004727  0.31208928016282722
  0.32373055754792213  0.33794034862847061  0.35174374412887704  0.36508715116816171
  0.38087306084323758  0.39406943197675481  0.40417785959493541  0.41489190633373124
  0.42605513522657207  0.43803777854386655  0.45080017254298799  0.46552817505294797
  0.47998313120552089  0.49758121850610587  0.51786133232714204  0.53705469878660173
  0.55213473728681739  0.56376227996965766  0.57479227018662338  0.58472486776952104
  0.59422033941935426  0.60439023973637007  0.61474080524439390  0.62652186992427883
  0.63742721493499910  0.64954560291066932  0.65844612196756980  0.66743874247489121
  0.67734628340031178  0.68821354225120779  0.70019259597516803  0.71258025655021029
  0.72538164028078767  0.73667969541810085  0.74722702855601053  0.75791932461756606
  0.76758026120749245  0.77616465093891762  0.78536228132402941  0.79457904619259523
  0.80321624262200209  0.81198682918382681  0.82187222689288408  0.83303305109039183
  0.84526315037821464  0.85653002263276734  0.87015417950808216  0.88046215484851231
  0.88846423408483732  0.89707307891262789  0.90560337243414069  0.91409791892288283
  0.92292575126268883  0.93328013575554902  0.94507882218867811  0.95459076323047598
  0.96457602015788957  0.97500479773356163  0.98578944264363044  1.00000000000000000
 -0.00423186370845930  0.01460884341548166  0.03055817926963613  0.04604195925253158
  0.06143889000089207  0.07666025159169668  0.09235965455037985  0.10698287484519457
  0.12097458329546015  0.13391936072787586  0.14615758357292707  0.15776787641791146
  0.16819447499016285  0.17724661261773739  0.18694093292912758  0.19932962113552727
  0.21453021249409485  0.23009505202135275  0.24018130308410968  0.25051342136653032
  0.26183783655858534  0.27149497406149692  0.27968708906933426  0.28973231219171514
  0.30139188490562108  0.30929793612707196  0.31719605969064352  0.32484164872370741
  0.33357092442518477  0.34440985697986182  0.35733235907882083  0.36805373982350625
  0.37903256708016569  0.38937464057099069  0.40473670520968819  0.41681383272294859
  0.42204277460693934  0.42786082889532073  0.43325590173100759  0.43828351604445770
  0.44291506896593136  0.44738550168934438  0.45233807772992568  0.45806340721540967
  0.46401372190663953  0.46986127545820644  0.47498409596176094  0.47901862473273754
  0.48367283969942770  0.49017474076393364  0.49706035514352614  0.50437379876682076
  0.51156534294823885  0.51965265660877991  0.52936692978416577  0.54191515138763735
  0.55510618492755626  0.56789907322435673  0.58261739689828751  0.59873306014829852
  0.61347354187153424  0.62574460890810546  0.63339273017613829  0.64085072213823713
  0.64821558617871211  0.65552101117027906  0.66532857275656510  0.67851582089050477
  0.69332228707931842  0.70818892355860452  0.72031780198703066  0.72905049677888423
  0.73712851246650957  0.74544291331019652  0.75517323685700954  0.76947001699632189
  0.77941843839252611  0.79010595947649909  0.80091134150906940  0.81119054692580173
  0.82084998340469673  0.82963111659863131  0.83968055028403044  0.85305223842936551
  0.86294701540720176  0.87369745059717363  0.88352652808158239  0.89421391738794320
  0.90653878962105183  0.92012376512435978  0.93417231102895826  0.94852095832451133
  0.96253628237057942  0.97515309639261039  0.98757646788562647  1.00000000000000000
 -0.00188475321298925  0.00894323337828070  0.01873770560803166  0.02688818062348775
  0.03444639702770309  0.04257816268197076  0.04959145145797502  0.05590031156971983
  0.06295622081504523  0.07155376613891468  0.07990625605074836  0.09122024211086124
  0.10470359106998517  0.10997976119181646  0.11426847134692772  0.11884070566882406
  0.12388481616367256  0.12969481439349884  0.13505406387724214  0.14046057284601901
  0.14564442443733694  0.15078187231341622  0.15637035291792301  0.16105976788664692
  0.16504330195752157  0.16820154904553608  0.17701709243952410  0.18677840410444321
  0.19530695423294644  0.20322866944782636  0.21216661260733544  0.22397183889096381
  0.23502784325295953  0.24670166137025190  0.26339007857638302  0.28495540626621041
  0.30725867750596375  0.32554344494668019  0.33834865339224451  0.34846617738784341
  0.35784088329901170  0.36678391725249437  0.37537604085581899  0.38315985794814950
  0.39163042450698382  0.40090556184015502  0.40818504546057899  0.41557162535279069
  0.42323653218622231  0.43155663005307121  0.44305440000505847  0.45560520847802027
  0.46780592504171747  0.48075157602569585  0.49410793232867223  0.50732694284493041
  0.51934260547191380  0.52906233171122952  0.54102483575969007  0.55138944238195653
  0.56109014359600828  0.57125780113880720  0.58294772057957933  0.59604761938141526
  0.60982975977852449  0.61984327588133081  0.63191189913034218  0.64289384159847229
  0.65274559909121588  0.66130753880035875  0.67150813726084080  0.68428179517376064
  0.69698460942945784  0.70959636740653853  0.72285187315125377  0.73543800169469775
  0.74928744745467291  0.76505421969490650  0.78289115788373453  0.79929303776044891
  0.81452371293133652  0.82753395334030133  0.84052065316899338  0.85368396735093910
  0.86726925345702199  0.88088837655588170  0.89380048077420182  0.90609905742232077
  0.91841863425933268  0.93097819069881405  0.94167826613204941  0.95206022134965695
  0.96262459256030486  0.97424954012477094  0.98740125629433828  1.00000000000000000
 -0.00459587417004484  0.01775631202089971  0.03286719230014049  0.04597142452168365
  0.05866930179322369  0.07159449935227867  0.08573039981961764  0.10473596167198064
  0.12435965185592060  0.14145369142122619  0.15790906519357231  0.17335270139463488
  0.18466065003384191  0.19546677281530175  0.20595378229571359  0.21499841620395924
  0.22504674476192338  0.23579255927994813  0.24452036841896035  0.25370739700741651
  0.26256148515992545  0.27271753038556718  0.28720422089600905  0.30038665977159523
  0.31472644137752948  0.32818225018476638  0.34025494457292743  0.35239459442768067
  0.36401788898547227  0.37346834975958876  0.38227592605287658  0.39075898651111923
  0.40058718990618486  0.41049679088689911  0.41919518813787016  0.42769089816820044
  0.43538068549127878  0.44759677717507257  0.46389599390658609  0.48260872984740155
  0.50139288614813560  0.51757356191999782  0.53022185106945041  0.53919261994280188
  0.54450193522576806  0.54872665952342625  0.55320155375024482  0.55801975116797831
  0.56285765547436095  0.56784188703532157  0.57236152048162059  0.57756500846470971
  0.58233829236019186  0.58639184986023585  0.59004560602887623  0.59389500442436394
  0.59873745435761316  0.60515110384108795  0.61485381565930919  0.62887017465294415
  0.64128999476886595  0.65421093613382919  0.66806876063593712  0.68493566211886359
  0.70003726998656524  0.71225268276606701  0.72151811839827418  0.73099580229323136
  0.74190762003405852  0.75332525456611321  0.76524416849949417  0.77903480891024202
  0.79279779463303512  0.80435758309567351  0.81693402562830397  0.83003438616089242
  0.83815769702686538  0.84640498368141459  0.85583401876896670  0.86467028895276088
  0.87326742572465332  0.88198472270363415  0.88889833679734531  0.89880059359059716
  0.90864238045905643  0.91890475636003832  0.92853781959466042  0.93854412752261485
  0.95014393217447846  0.96097131123277724  0.96787314917133949  0.97458430413721675
  0.98163305380611254  0.98803732432277069  0.99403147760654542  1.00000000000000000
  0.00748661357938188  0.01409906799523841  0.01934735558561849  0.02401514760678914
  0.02852713923709613  0.03240163122912122  0.03707326682465781  0.04325266315461882
  0.04985135595119624  0.05644816438275857  0.06182108484315908  0.06466123055932942
  0.06671551506965884  0.06915108834430074  0.07190518870217361  0.07493565973121662
  0.07798285465850223  0.08117370996996115  0.08446154808731075  0.08761358827223188
  0.09060074141483421  0.09283049945144330  0.09497535480291668  0.09691594580432077
  0.09894359954250684  0.10113696565844810  0.10357789541300434  0.10667803508302054
  0.10961122847151807  0.11251985518680704  0.11566655888066997  0.11988389506265626
  0.12338500049846736  0.12816647518399199  0.13768449369796612  0.14543777714156325
  0.15254379159386500  0.15914985181974189  0.16611053579195156  0.17483915218386875
  0.18169523876504762  0.18741421850837237  0.19240179593467097  0.19803891365300785
  0.20353249801409762  0.20924589498554744  0.21501453268014190  0.22064908036680475
  0.22667472139850539  0.23772158079566238  0.24904565984482641  0.25874143425244772
  0.26805876005774854  0.27710887624065128  0.28646497139585358  0.29665466218019887
  0.30662410907104320  0.31456913166269490  0.32033516267696821  0.32615729142017841
  0.33181990676794937  0.33777574436966817  0.34324132519924683  0.34890912739647090
  0.35549832986574842  0.36397177857358126  0.37154243180427055  0.38088186785661976
  0.39052278740387225  0.40502053185165904  0.41990492398856227  0.43404515351107947
  0.44777568290463876  0.46289769462501584  0.47970402187970823  0.49819855500922899
  0.51744495422999037  0.53575050137336311  0.55313811556376580  0.56681839811012313
  0.57636152675905072  0.58604143736033609  0.59585689464055336  0.60637386696263529
  0.61754757256863591  0.63491505396050718  0.65405318427159653  0.67264171739246192
  0.69201934887165828  0.71169918302666579  0.74501819428586802  0.77754574023011358
  0.80832815563149918  0.84126947030390320  0.89625049316301675  1.00000000000000000
 -0.00280860191135376  0.01393346402868946  0.02765338992896232  0.04151631072211280
  0.05157559184837907  0.06190636390541659  0.07245732192497301  0.08316676132463748
  0.09387450810032386  0.10444681990875437  0.11436469700778831  0.12418492522320319
  0.13429655538534307  0.14463433871663112  0.15092354166773445  0.15704391379731528
  0.16498607903997789  0.17301597764798837  0.18135731983903144  0.18929302062010711
  0.19646567615603108  0.20428311549154890  0.21391263001995431  0.22658225939440610
  0.23940942823745961  0.25305235144314925  0.27100912181758563  0.29199948231273842
  0.30701937042866800  0.31627935164229115  0.32377024461885523  0.33111774361075180
  0.33869150372892265  0.34715063681044694  0.35600486521702107  0.36435622621733071
  0.37883157923192523  0.39244628630250533  0.40403276559597739  0.41539812510576773
  0.42685519985845061  0.43808407392194659  0.44918427092548263  0.46151329365890720
  0.47521144070908644  0.48686667796664651  0.49672736887043611  0.50551625102636022
  0.51510649594524494  0.52520541242353036  0.53700251829457712  0.55235863832183218
  0.57181874166138635  0.58534605495244851  0.59068735559270280  0.59661404965585463
  0.60254256720891974  0.60789040710585684  0.61287239927827308  0.61889383668007658
  0.62415024045955836  0.62997391960507154  0.63612160476317980  0.64121618188669338
  0.64691567082369550  0.65610519370601761  0.66587447135078059  0.67332501462421401
  0.67984444574855396  0.68614717712612139  0.69392231738554433  0.70322694894451576
  0.71271364270980597  0.72307286174869234  0.73506145069383033  0.75108984232952647
  0.77120070087810033  0.78970801939948199  0.80366171771760853  0.81513975711862063
  0.82496953162113607  0.83442422966148311  0.84469494616361596  0.85522428425824382
  0.86518125981286320  0.87379155604491421  0.88581080823878100  0.89823645232213434
  0.91079037628848281  0.92525717471216840  0.93952278861908478  0.95476399417612767
  0.96887416976518459  0.98041769041530069  0.99030402747323953  1.00000000000000000
  0.64694925236386736  0.67645923420449450  0.70138619696772986  0.72534903018508923
  0.74861682000730179  0.76456469702151764  0.77865475124534900  0.79367955721207173
  0.80878204987558888  0.82310230446338517  0.83476784925113978  0.84484410062137916
  0.85231858760590096  0.85908772400174160  0.86548696298913785  0.87453067131720996
  0.88294575130023167  0.89101181812202856  0.89918810334145916  0.90687434102482944
  0.91375196045728435  0.91926192956844344  0.92434959716667009  0.92924343961614775
  0.93350695741060030  0.93724436592201144  0.93935517645882127  0.94146046911081704
  0.94366068379219781  0.94585429910432994  0.94777786772960848  0.94949127190068039
  0.95122194618418310  0.95290404880229163  0.95444449460790581  0.95563510142697861
  0.95662433449667317  0.95754045627457129  0.95840426655565758  0.95916224650345627
  0.95982603974527481  0.96037915537374885  0.96092845694845153  0.96146670819726121
  0.96205722122081982  0.96275404825708055  0.96346993279061821  0.96410223033486431
  0.96446224714850981  0.96486703777414773  0.96524423658645975  0.96562806411983082
  0.96601191717776536  0.96636362052865443  0.96667291559787094  0.96700081333965615
  0.96739297906709876  0.96783972374603167  0.96829363372980182  0.96875178954248276
  0.96924848821457588  0.96980037951285858  0.97046485473253186  0.97759883403544345
  0.98211742783115497  0.98249901168480713  0.98279232890460222  0.98302028228265570
  0.98322466470147918  0.98344324454196985  0.98367735294164727  0.98390173140158343
  0.98414255728070743  0.98439385547163416  0.98464262623576093  0.98485970278861434
  0.98509236839830627  0.98534650419598735  0.98566724061523980  0.98603814371922471
  0.98645842337527367  0.98694517016727634  0.98755143626014741  0.98824509735785626
  0.98897740745829288  0.98969637875753136  0.99040564085425176  0.99113190177126087
  0.99197707176963146  0.99281739919110046  0.99369357606716058  0.99462515163452625
  0.99563918744389079  0.99672591621928641  0.99805251502069514  1.00000000000000000
  0.14003202489818414  0.14482392561187588  0.15549453645707323  0.17287853776326276
  0.19299235893550604  0.21019338968435697  0.22450404806472765  0.23911858360524338
  0.25054826771028699  0.25549817901052130  0.25992445909742201  0.26368781387348977
  0.26790768265208048  0.27250270591611214  0.27707066317744877  0.28096763482729797
  0.28513402912301350  0.28926481483468119  0.29220623093225234  0.29476596160498186
  0.29795312450653294  0.30236560737196944  0.30642509541994839  0.30990909068070949
  0.31444049322467693  0.32082551293215594  0.32742077439210809  0.33478956655706060
  0.34373577789582788  0.35384609651180510  0.36366410380656622  0.37363609675265513
  0.38453151236339017  0.39492772782010593  0.40337123748470305  0.40946117904761758
  0.41531402762281067  0.42045261425299407  0.42565122091482704  0.43081613699930466
  0.43602896995213425  0.44193919432887679  0.44884854072072244  0.45687072962415193
  0.46642246968189793  0.47601025732876545  0.48413224056174281  0.49145204414179833
  0.49844731302150552  0.50523652294551546  0.51496545932846227  0.52272989812600801
  0.52878885258732988  0.53471561789602673  0.54044308468420921  0.54571802549533766
  0.55084295341902501  0.55588165357060648  0.56084934985410007  0.56582651330637856
  0.57113336597041586  0.57687016025220494  0.58265636078841287  0.58779271945359712
  0.59321569521137085  0.59882674343513420  0.60427522655272792  0.60990863026592756
  0.61562671394400947  0.62150003068140303  0.62997445345159298  0.63831515936083560
  0.64557202040291506  0.64938200659588563  0.65314779949323676  0.65774427512368250
  0.66275599683656694  0.66829708751734163  0.67405077791638268  0.67962139607645755
  0.68434797406310766  0.68876286343514814  0.69316027642244937  0.69738564054286045
  0.70144267705661922  0.70476675240045505  0.70862358645022905  0.71757060009726858
  0.72871604663263145  0.74088533170306070  0.75328652522076289  0.77446081153580792
  0.82022262106980748  0.86326754837152175  0.88196136121284618  1.00000000000000000
   4.4263930126656078E-035  -1.0000000000000000     
 F F F F F F F F F F F F F F F F T F T F T F T F F F F F F F F F T F T F T F T F F F F F F F F F T F T F T F T F T F T F T F T F F F F F F F F F F F F F F F F F T F T F T F T F F F F F F F F F T F T F T F T F F F F F F F F F T F T F T F T F T F T F T F T F
  <DiscreteSampler_grid>
  grouped_processes
  1 # 1 for a reference and 2 for a running grid.
  10 # Attribute 'min_bin_probing_points' of the grid.
  1 # Attribute 'grid_mode' of the grid. 1=='default',2=='initialization'
  0.0000000000000000 # Attribute 'small_contrib_threshold' of the grid.
  0.5000000000000000 # Attribute 'damping_power' of the grid.
 # binID   n_entries weight   weight_sqr   abs_weight
    13   10   7.753532362793374E-029   1.543944468871226E-056   7.753532362793374E-029
    14   10   7.753532362793602E-029   1.543944468871373E-056   7.753532362793602E-029
    16   10   1.310405315517696E-028   1.118812408060685E-055   1.310405315517696E-028
    17   10   1.310405315517686E-028   1.118812408060664E-055   1.310405315517686E-028
  </DiscreteSampler_grid>
