  0.00000000005658984  0.00000000013576988  0.00000000019890994  0.00000000026232419
  0.00000000033013992  0.00000000040240741  0.00000000047614162  0.00000000054979508
  0.00000000062592604  0.00000000070715648  0.00000000079047383  0.00000000088050587
  0.00000000097416735  0.00000000107277345  0.00000000117359911  0.00000000127199549
  0.00000000138025665  0.00000000149490254  0.00000000160201729  0.00000000170392644
  0.00000000181258263  0.00000000193371756  0.00000000205416601  0.00000000217541371
  0.00000000229583733  0.00000000242143925  0.00000000254543959  0.00000000266859595
  0.00000000279417843  0.00000000292403877  0.00000000305719118  0.00000000319548262
  0.00000000333484234  0.00000000347677937  0.00000000361917554  0.00000000376508005
  0.00000000390446205  0.00000000405275878  0.00000000419849314  0.00000000433969119
  0.00000000448360374  0.00000000462407760  0.00000000476756381  0.00000000491139302
  0.00000000505591517  0.00000000520975714  0.00000000536632442  0.00000000552433544
  0.00000000568093559  0.00000000583865419  0.00000000599633683  0.00000000615331285
  0.00000000631205119  0.00000000647380466  0.00000000663744325  0.00000000681027100
  0.00000000699566744  0.00000000718270678  0.00000000737106063  0.00000000755867808
  0.00000000775227448  0.00000000794967199  0.00000000814902946  0.00000000835288518
  0.00000000856101789  0.00000000876983051  0.00000000899892304  0.00000000923652878
  0.00000000947797152  0.00000000971263704  0.00000000994499886  0.00000001017787010
  0.00000001041454132  0.00000001066627687  0.00000001091831860  0.00000001117862654
  0.00000001143723732  0.00000001172656070  0.00000001203958536  0.00000001236627566
  0.00000001270269950  0.00000001304580412  0.00000001340318629  0.00000001378012946
  0.00000001417636910  0.00000001458165982  0.00000001499745163  0.00000001548661987
  0.00000001608413182  0.00000001674582923  0.00000001744176861  0.00000001821472793
  0.00000001912876495  0.00000002045957215  0.00000002125508774  1.00000000000000000
  0.00958391485218009  0.01544770728080910  0.02463823417605240  0.03570268732739433
  0.04587804448322646  0.05573125951500867  0.06587464875618702  0.07642204627289957
  0.08735192151551305  0.09839566284308132  0.11008169153008265  0.12178833257138622
  0.13234147148283482  0.14191475962765771  0.15140962816312253  0.16116660754324363
  0.17128817057347243  0.18159781496444224  0.19222672592779189  0.20305310319065295
  0.21366606888082118  0.22416023187843614  0.23434494205877360  0.24480500917822162
  0.25541383505819537  0.26643860361968585  0.27710897678223856  0.28728392190975882
  0.29743644790325885  0.30789841788857314  0.31868722008246436  0.32966316333226858
  0.34051208365527902  0.35121620126374986  0.36190643172063824  0.37260272205727318
  0.38295991171297472  0.39292390224218871  0.40276541251943476  0.41279761741666149
  0.42278067869648844  0.43251901421234901  0.44206503627214416  0.45206455762419367
  0.46262512630464403  0.47386789145401120  0.48469609829637461  0.49516183074641446
  0.50576202660812830  0.51605034181896547  0.52613068315629763  0.53602972052155651
  0.54679329918879638  0.55786565192572335  0.56852512537391076  0.57870701734450769
  0.58902951079348354  0.59963773974695744  0.61043620560565637  0.62127686608895494
  0.63248552319487472  0.64372359243486921  0.65418860175819304  0.66462566250380750
  0.67527303209372080  0.68546716018524723  0.69564206871563239  0.70576731097368917
  0.71654116439120419  0.72750090922608690  0.73835546426948639  0.74913799998324593
  0.75990806141700618  0.77045107722510930  0.78132539219659092  0.79209125529489410
  0.80278717748333284  0.81289248778565670  0.82264072434054003  0.83252810205641681
  0.84282399913661876  0.85297193434242780  0.86235168690214137  0.87158617039765052
  0.88154238744716462  0.89179158424327987  0.90217032445995804  0.91278804308436456
  0.92417614603793508  0.93557093162196148  0.94594049927215285  0.95641391232083384
  0.96654836517197140  0.97755564993877253  0.98845042303382613  1.00000000000000000
 -0.00209037841927223  0.00819865129146962  0.01722909872714393  0.02687342557836815
  0.03690058941429553  0.04743810182405583  0.05792444218771268  0.06859364511027857
  0.07926120682758521  0.08951703136853725  0.09958463363216315  0.10959439630772359
  0.11939899226995501  0.12940172079781542  0.13966363979400834  0.14994212741554788
  0.16016190715144921  0.17036376106914150  0.18074669248058642  0.19110763156371532
  0.20125921841979719  0.21174663638834207  0.22225755441337361  0.23222425311259301
  0.24228216802053382  0.25234691403938619  0.26256367540760478  0.27234544884084172
  0.28223815326090440  0.29242981472753038  0.30264746234111672  0.31297415909121851
  0.32305823595561856  0.33296044733187335  0.34298186841371497  0.35322837290275605
  0.36329130909053803  0.37337459887499513  0.38408130176689043  0.39533614288572916
  0.40615034329405286  0.41654449900001789  0.42693106535746694  0.43758080928643250
  0.44832483844199189  0.45929438311549076  0.46936831694383352  0.47941213604924243
  0.48943868271370455  0.49965183824060855  0.50961673539872387  0.51985309751225384
  0.53079417482304136  0.54197922142690313  0.55248233155850501  0.56284048394932995
  0.57318260417755496  0.58345881335540040  0.59354224066166894  0.60390703583362204
  0.61512196291600851  0.62657985944555306  0.63811839984191343  0.64919797590526640
  0.66040799425317864  0.67151727184339105  0.68258881629350165  0.69369028318322956
  0.70521178865516243  0.71704098582123510  0.72843766164304069  0.73923290054581536
  0.75012386591271463  0.76130773379121430  0.77283455985403138  0.78409473997379830
  0.79537862376928192  0.80639742548084514  0.81734460197500070  0.82793968502367532
  0.83882960568813136  0.84962069235555460  0.85976907015583448  0.86982075304505702
  0.88054132317387745  0.89235676002824882  0.90448674959111108  0.91588252603685405
  0.92630248338261889  0.93641284693266058  0.94640864134327451  0.95657845857545099
  0.96700530400773033  0.97756357623500156  0.98870877677281344  1.00000000000000000
 -0.00233587466775641  0.00863868661831442  0.01853375454003080  0.02865659731775464
  0.03848085035198772  0.04835054934317282  0.05840633118771963  0.06916874542339488
  0.07998809462525934  0.09163185468650460  0.10294379368634177  0.11308645883130855
  0.12333380031457293  0.13366129201138946  0.14433990405258446  0.15505524294150505
  0.16538066054997214  0.17658471731586167  0.18729035202534297  0.19822815971647936
  0.20871095180400945  0.21900264093513808  0.22947845986496465  0.24012499475762378
  0.25130676740322699  0.26235823963865490  0.27374184860241857  0.28518739629178624
  0.29613083369101262  0.30679098744379091  0.31757612888126302  0.32897616842315036
  0.34013224360550631  0.35088821077425325  0.36168929488721069  0.37236767288957312
  0.38268355884407224  0.39319210564907026  0.40410585177720065  0.41477392749971320
  0.42482247254082767  0.43476132254163069  0.44505817508853990  0.45541143031098658
  0.46547001440920011  0.47544433744989129  0.48585672589243323  0.49692056155021641
  0.50763727260918301  0.51832643237065923  0.52892928647811610  0.53994301786192844
  0.55000495574177022  0.55972237155300930  0.57007468084460988  0.58097776260507406
  0.59236803493446288  0.60339850905821868  0.61415328311644524  0.62492551793321860
  0.63530719671411318  0.64579072792567349  0.65562368491990552  0.66529709129677972
  0.67526813656659146  0.68537494138488331  0.69564832449277747  0.70592305591806614
  0.71685972970520839  0.72801580553299861  0.73833943093161336  0.74836965046231652
  0.75891674234647777  0.76997534423791658  0.78122387303498209  0.79215956049349490
  0.80328104098036368  0.81432404854169449  0.82498312596918255  0.83517682753386391
  0.84515940751299434  0.85518793487710743  0.86572500671607799  0.87638088769872968
  0.88654430579700594  0.89680472602127159  0.90623290794970601  0.91613674007782420
  0.92611278821683685  0.93636645933958207  0.94645410605828517  0.95680971026276529
  0.96746460325253947  0.97845612900686563  0.98909430747640648  1.00000000000000000
 -0.00248746699547744  0.00932669835180246  0.01941920118115487  0.02975501194543922
  0.04026025308171383  0.05104632049016179  0.06163379228794770  0.07188200595003925
  0.08193265224804094  0.09235032339291314  0.10272513322699695  0.11328504538460746
  0.12356584331828223  0.13471028115001860  0.14563120653264408  0.15670520624898768
  0.16754858700583894  0.17821869395867579  0.18839287786302597  0.19814554907763671
  0.20803959552962761  0.21812945277789741  0.22854264287769538  0.23876424774261873
  0.24874959853086170  0.25865510051472318  0.26884961440265620  0.27915869279262445
  0.28936558658383266  0.29947977469031678  0.30965938940115040  0.31971456539447646
  0.32994967312527240  0.34057370881066806  0.35210134957773725  0.36362107043425501
  0.37478672494762666  0.38596074911134887  0.39708944914161148  0.40814851808842056
  0.41922516716477820  0.43006507306599673  0.44078184120602520  0.45110053712393278
  0.46164581772724828  0.47266237029253910  0.48425624750425428  0.49608586462265691
  0.50751352509089842  0.51885741085749593  0.53045338874622427  0.54163980317691118
  0.55261191862782733  0.56363106174356992  0.57464366350601781  0.58530028569034065
  0.59518220636035202  0.60499412651866002  0.61465420697640394  0.62439879686930300
  0.63443763255424845  0.64449441214336589  0.65486828865668989  0.66539717406559729
  0.67606580367295732  0.68666082807539242  0.69730594192945861  0.70796147972863022
  0.71815636371372671  0.72801875349051237  0.73807105955163810  0.74829451627511590
  0.75875638465893525  0.76916459006290994  0.77993776919472468  0.79071811708465811
  0.80247460799109904  0.81378148049969745  0.82426658097655670  0.83474000376059210
  0.84486265255935067  0.85466365762166185  0.86416365558972708  0.87372275014307366
  0.88346724240994257  0.89309039325279915  0.90328551241970589  0.91388811868857456
  0.92463921574065400  0.93531372275826541  0.94610500608024795  0.95763228789049482
  0.96818844261497616  0.97890189336116107  0.98942911427484470  1.00000000000000000
 -0.00250232143649456  0.00961973908201851  0.01979495571192665  0.03101195961769868
  0.04173209330386972  0.05227574931390464  0.06259417757228303  0.07354833537931295
  0.08500933196660572  0.09593281962015698  0.10623183879090434  0.11564757678387176
  0.12533813306531907  0.13523002127181658  0.14507428812970211  0.15526426298852308
  0.16553869000421428  0.17645937849625332  0.18772033235219768  0.19897134720524592
  0.21011849605753796  0.22020230475029434  0.23001973863668687  0.23968261909100605
  0.24977094005512193  0.26027465059230920  0.27057161503913874  0.28120147831677961
  0.29190394358110200  0.30266089748804592  0.31342670874139122  0.32414636494447857
  0.33485753477867009  0.34573623546545490  0.35626596845499597  0.36682877370635175
  0.37755156659208594  0.38920350492375477  0.40094412439761229  0.41221087310992199
  0.42309485300693017  0.43394882713873090  0.44435152704095177  0.45415521744586218
  0.46357773984486794  0.47347689678197868  0.48374647066741500  0.49479521556519157
  0.50550708517726473  0.51640245360671444  0.52701689134239427  0.53788560675588304
  0.54950168221816442  0.56107384999829835  0.57234343271305632  0.58337362375358459
  0.59492796560166483  0.60627930213164793  0.61771626396040102  0.62882430219244678
  0.64016057239417123  0.65131612421306084  0.66235008115368621  0.67341118815817747
  0.68480296395363560  0.69618010793073093  0.70689347427609062  0.71692426156734923
  0.72665051456670116  0.73640504706783827  0.74641125073278491  0.75619118512804095
  0.76603463300456043  0.77570320228018608  0.78573261996746069  0.79542377458799651
  0.80528199739478812  0.81506337506880322  0.82532401470798256  0.83520913280731057
  0.84538537732512109  0.85531027078221411  0.86523001381721476  0.87538751777283963
  0.88595294862902585  0.89649649981659585  0.90634468547453484  0.91605039387527654
  0.92598841060463188  0.93634741555763246  0.94700848282899908  0.95803741578284363
  0.96906406679804902  0.97977124709567720  0.98992613065852908  1.00000000000000000
  0.01361703326264329  0.01665565551087012  0.02042343448644411  0.02502785452989528
  0.03036894386474497  0.03561379918585456  0.04071389168571809  0.04580307659039281
  0.05078083551938953  0.05565501597116169  0.06048455071214810  0.06586449903672614
  0.07145201837812397  0.07696857685842794  0.08241856334414907  0.08807833372558786
  0.09389857477249124  0.09965081420284144  0.10532161070851624  0.11085815727611707
  0.11650256071475022  0.12212360981220623  0.12762052098103141  0.13303588834784966
  0.13843030526357211  0.14393800816286309  0.14937102937714083  0.15464304371793464
  0.15998251947096029  0.16543726910759882  0.17114790009242925  0.17699733748292906
  0.18295148893603042  0.18907181390130026  0.19516411177977686  0.20124430309684282
  0.20736223515917721  0.21362486710505074  0.22006555948901291  0.22643673261629640
  0.23286472235615768  0.23919170779471180  0.24564672703339654  0.25239718491471641
  0.25946075280999359  0.26649338052251698  0.27360808895158251  0.28097626293087219
  0.28826924843767504  0.29561175891698033  0.30308201342945301  0.31054187051855558
  0.31794680862226193  0.32533021282073327  0.33313259392073558  0.34048367472152069
  0.34801226957746345  0.35532179548379733  0.36288365276199874  0.37067956363710519
  0.37886952415339004  0.38707067525576477  0.39566159043897492  0.40459271559689003
  0.41361318952686421  0.42249118347093739  0.43132727993696507  0.44021474752491990
  0.44932449929163126  0.45879652153428208  0.46853607128159819  0.47863611576527976
  0.48871067210233432  0.49878970894326613  0.50936644465665071  0.52005721759667289
  0.53140650999434647  0.54282713877175559  0.55450790312199738  0.56625129669046315
  0.57858816137491487  0.59161981111192519  0.60575241514830036  0.62031139692148896
  0.63523076811982426  0.65100582497938553  0.66842694000858238  0.68710272385205673
  0.70699965893781291  0.72734320828585108  0.75007119017308099  0.77663217552114261
  0.80953191239691424  0.84658188137658397  0.89521477765999824  1.00000000000000000
 -0.00237302722564075  0.01085160677626529  0.02191745786530209  0.03239314202514160
  0.04278426356956984  0.05321614723345264  0.06381949588339902  0.07366236276840159
  0.08370496975264133  0.09434419996131559  0.10535794914021485  0.11603129461311733
  0.12660226551655157  0.13710397781084799  0.14763841748725248  0.15779087909279910
  0.16799391412216033  0.17831029849122448  0.18867073520951044  0.19905151587075046
  0.20971998073696982  0.22038084759113802  0.23089524716034660  0.24103814360109255
  0.25119698437215315  0.26155062052600381  0.27225922001695896  0.28304376202819065
  0.29336855407615525  0.30324573647923769  0.31308305246226931  0.32328835361195657
  0.33368677089550886  0.34402643835110625  0.35444805027474885  0.36494397752146363
  0.37542468389630607  0.38583672777898631  0.39622575944765809  0.40655451039428264
  0.41673638784394285  0.42671071886958256  0.43702813846926147  0.44774462308488833
  0.45892866165765239  0.46989600119198344  0.48060481214266521  0.49088024807010949
  0.50119593931810569  0.51149265791899268  0.52204912008574400  0.53250445282762915
  0.54286521627494966  0.55305995757201509  0.56294026335399849  0.57269301440519527
  0.58253342888151549  0.59284633593282376  0.60345685348562761  0.61429584164735074
  0.62531089002223172  0.63650281617354743  0.64753971789601039  0.65853331751380539
  0.66966065716820400  0.68100121238210487  0.69203981103320655  0.70282629021258236
  0.71345295273909271  0.72348429735715136  0.73368007101759258  0.74407036283268213
  0.75482056995974778  0.76570501875920982  0.77624355578493365  0.78703363095171575
  0.79705147287934286  0.80739583997320019  0.81767437043273150  0.82771171017051226
  0.83753448311589074  0.84731539186613114  0.85716451376846392  0.86842063322635565
  0.87949074023701490  0.89036023774012885  0.90084970214653426  0.91171420774722267
  0.92285074279993984  0.93403803377608585  0.94500958613956065  0.95600484974463484
  0.96692704119227324  0.97787138671222007  0.98894086859310315  1.00000000000000000
  0.02443739122643048  0.03137314146623682  0.04021945539392083  0.04958232535943143
  0.05877398517139317  0.06835451989480203  0.07817334644035608  0.08833869237303396
  0.09859461442229131  0.10851745406356948  0.11797858552602213  0.12743126736640650
  0.13725397302784070  0.14725467385321667  0.15756129838710700  0.16798584776831779
  0.17847567242991394  0.18876271825003915  0.19861976208629420  0.20874081286351179
  0.21932735078095103  0.23017753202672903  0.24093727156603556  0.25124755110262442
  0.26145474374020539  0.27161098489330443  0.28182103435271671  0.29223177564119374
  0.30242296323785145  0.31242919518287843  0.32220921899948196  0.33186759295696827
  0.34135548140231292  0.35079612167378571  0.36050857588257190  0.37053780306573503
  0.38067829838636508  0.39083274855248656  0.40096174453706179  0.41135976921285577
  0.42187319028598486  0.43250394647186041  0.44322148786366877  0.45402516855734198
  0.46496024850138062  0.47617384439172605  0.48689112274232593  0.49730997202001948
  0.50678852747450420  0.51641543204458540  0.52630883001435813  0.53628312967406544
  0.54596356480456398  0.55563608858205649  0.56545879162893387  0.57578774482071582
  0.58609429063753471  0.59640217596742562  0.60662846733083675  0.61738574826008585
  0.62809764246654554  0.63872018042866796  0.64898070724964851  0.65880396684936404
  0.66813742525486131  0.67750042300814162  0.68717189283210356  0.69788576353103371
  0.70785971783811552  0.71827725264260056  0.72866157039382295  0.73874581492092317
  0.74869828373115488  0.75837365046076433  0.76837738798866850  0.77840905915930958
  0.78839425369950589  0.79843765441278802  0.80865135870019655  0.81897006114980475
  0.82952927180666236  0.84013741033967604  0.85115504383977802  0.86185284737795831
  0.87255819423891690  0.88301734672889087  0.89367659856642112  0.90424306416809919
  0.91478837730330942  0.92525666460302147  0.93573014772889385  0.94607081320892406
  0.95629473016619493  0.96537767817587550  0.97090257711412697  1.00000000000000000
  0.07917994823256515  0.11084164391477902  0.13398109877692368  0.15075258957574211
  0.16471174995043913  0.17825267150149632  0.19132634146249952  0.20368469692439597
  0.21548679296402146  0.22680062839966367  0.23737813138226752  0.24732641583264087
  0.25677319973778723  0.26612695075039577  0.27532528941449702  0.28416544969899349
  0.29281124659398872  0.30139653600060468  0.30980781507324523  0.31788400978247777
  0.32559367657974764  0.33325380507297442  0.34114671329404844  0.34923520695626808
  0.35695073931986049  0.36431378134326869  0.37144998285270925  0.37875641693957779
  0.38596141756391461  0.39314549838370810  0.40007037138954371  0.40698780812798824
  0.41394760792451840  0.42064330530832744  0.42728011953113348  0.43393701456465805
  0.44055700052643620  0.44703846949616571  0.45334773727201644  0.45965129647936392
  0.46608565226397486  0.47232509158808211  0.47840642580194787  0.48433152436443871
  0.49028334819406949  0.49623062706426346  0.50207005165402785  0.50770353402874246
  0.51324263192502162  0.51876301935851665  0.52424759991955805  0.52977232259411955
  0.53528926070076677  0.54075985498173518  0.54615152566266001  0.55164377449945134
  0.55698875835302786  0.56237541695360682  0.56777451967886339  0.57331882772848342
  0.57893664142524470  0.58454353802952641  0.59008108862756636  0.59559322466588749
  0.60114408115293627  0.60671471301744706  0.61228594200245345  0.61784217372643857
  0.62311995755257632  0.62875944076136681  0.63421874966199510  0.63979155842068525
  0.64544409842261652  0.65115261308734251  0.65707416755528758  0.66317304911680630
  0.66910730946664443  0.67491764547567445  0.68043550031993627  0.68604031827634115
  0.69184353462093673  0.69806468375653485  0.70446918188072682  0.71086883274302559
  0.71730016924071915  0.72387612312353455  0.73091820097980498  0.73888726022938378
  0.74710004488221637  0.75620476228522793  0.76581799304282794  0.77738165460421826
  0.79047919088756924  0.80596867303040587  0.82623582595648415  1.00000000000000000
   1.0481989984481338E-027  -1.0000000000000000     
 F F F F F F F F F F F F F F F F T F T F T F T F F F F F F F F F T F F F T F T F F F F F F F F F T F T F T F T F T F T F T F T F F F F F F F F F F F F F F F F F T F T F T F T F F F F F F F F F T F T F T F T F F F F F F F F F T F T F T F T F T F T F T F T F
  <DiscreteSampler_grid>
  grouped_processes
  1 # 1 for a reference and 2 for a running grid.
  10 # Attribute 'min_bin_probing_points' of the grid.
  1 # Attribute 'grid_mode' of the grid. 1=='default',2=='initialization'
  0.0000000000000000 # Attribute 'small_contrib_threshold' of the grid.
  0.5000000000000000 # Attribute 'damping_power' of the grid.
 # binID   n_entries weight   weight_sqr   abs_weight
    13   10   1.242486321392397E-017   9.622958517535133E-034   1.242486321392397E-017
    14   10   1.242486321392412E-017   9.622958517535441E-034   1.242486321392412E-017
    25   10   2.184857334594775E-017   2.182812082059423E-033   2.184857334594775E-017
    26   10   2.184857334594896E-017   2.182812082059673E-033   2.184857334594896E-017
  </DiscreteSampler_grid>
