  0.00000000025059976  0.00000000032593303  0.00000000040839952  0.00000000048978554
  0.00000000055111918  0.00000000061571794  0.00000000067593412  0.00000000073867120
  0.00000000083208069  0.00000000091590229  0.00000000101873243  0.00000000112724409
  0.00000000121342944  0.00000000128972227  0.00000000137556367  0.00000000146630688
  0.00000000156281678  0.00000000166053729  0.00000000178400288  0.00000000193656046
  0.00000000209448183  0.00000000227560313  0.00000000246852216  0.00000000264463353
  0.00000000280205218  0.00000000294630662  0.00000000310133620  0.00000000328680258
  0.00000000346353477  0.00000000358673597  0.00000000369987190  0.00000000380990444
  0.00000000390749339  0.00000000399790250  0.00000000408514840  0.00000000418405137
  0.00000000429631853  0.00000000441091921  0.00000000453723080  0.00000000468739148
  0.00000000483823865  0.00000000497613125  0.00000000510758710  0.00000000523709974
  0.00000000536947886  0.00000000549688165  0.00000000561762391  0.00000000574246815
  0.00000000588596003  0.00000000604136893  0.00000000620045439  0.00000000635175719
  0.00000000649388606  0.00000000663314544  0.00000000677117233  0.00000000692216339
  0.00000000708711622  0.00000000724658018  0.00000000739855881  0.00000000758496140
  0.00000000780065836  0.00000000801660005  0.00000000823879335  0.00000000846372002
  0.00000000868657402  0.00000000891605318  0.00000000915493597  0.00000000938716534
  0.00000000958134829  0.00000000975458405  0.00000000993889616  0.00000001013494810
  0.00000001033663093  0.00000001053430481  0.00000001077361226  0.00000001104905772
  0.00000001132975524  0.00000001161151936  0.00000001191279388  0.00000001220050043
  0.00000001257847231  0.00000001303121238  0.00000001351799432  0.00000001397151940
  0.00000001434611267  0.00000001470844638  0.00000001509926383  0.00000001552020728
  0.00000001600917024  0.00000001661284705  0.00000001745909953  0.00000001857421459
  0.00000001999367777  0.00000002228865343  0.00000002361129729  1.00000000000000000
  0.00880580726150684  0.01708195866322532  0.02775709965515311  0.03969565008068696
  0.05049786834939694  0.06052602906568321  0.07045084506411284  0.08047929064768998
  0.09040040113162419  0.10066781411508767  0.11374514109158369  0.12788775692723048
  0.14030174236574805  0.15316366604411896  0.16597130905172069  0.17808664541249361
  0.19115557862240648  0.20536043131229550  0.21901984769063790  0.23209345778934579
  0.24275587952895086  0.25422853764143893  0.26504556294250442  0.27692115544742602
  0.28988624022851250  0.30229738077227003  0.31370895080597549  0.32551285755353848
  0.33617291153757256  0.34676383146365092  0.35776802365373245  0.36813230800087832
  0.37777541171397583  0.38620532333484342  0.39398721221700017  0.40237643385935484
  0.41186096558804353  0.41923441933670663  0.42613933469863940  0.43321933609887908
  0.44056598580595385  0.44859498314982299  0.45786639953310609  0.46500093516830904
  0.47136930916287917  0.47759844789779909  0.48414286061885514  0.49035578166151472
  0.49707453306917232  0.50289054104799202  0.50817568518178602  0.51443222549963397
  0.52122370754502245  0.52833614592530775  0.53516870960531360  0.54081327020158931
  0.54657394914530744  0.55262331163882961  0.55859985855127503  0.56480920382171307
  0.57479529526915596  0.58599403098692282  0.59706083178555036  0.60958376802697400
  0.62363261076476761  0.63701731697551567  0.64989857304367393  0.66232834355998882
  0.67311274966806134  0.68110083347719097  0.68943346084913215  0.69781933893550474
  0.70798100194948599  0.71900275346584686  0.72983186962051261  0.74353293546643584
  0.75814898569420874  0.77308151728484242  0.78689833629785189  0.80031764680025297
  0.81235533423875195  0.82173420491265559  0.83020428894745157  0.83894402264918577
  0.84780329246095643  0.85636741018688334  0.86493314752435435  0.87377171794720465
  0.88554727971242209  0.89958663874343336  0.91451272411017426  0.92751237892748739
  0.94161079097910749  0.95688510970435414  0.97438597074224320  1.00000000000000000
 -0.00000013807124094  0.00007181404593717  0.00053074137458452  0.00164166882143410
  0.00353047725557909  0.00614919229625813  0.00961586757044084  0.01398472105998786
  0.01800644866430304  0.02218294011855157  0.02765290928904828  0.03403402854017578
  0.04070678187192692  0.04715039913938758  0.05375297293963210  0.06085899443126275
  0.06859479541012757  0.07754409778011519  0.08676123329423242  0.09393123560686482
  0.10094082253142748  0.10872770417069204  0.11719908553483882  0.12571242604987801
  0.13422429082559098  0.14323068014626875  0.15248802715939277  0.16258781151939294
  0.17604830308669631  0.18871897919872646  0.20100164193787806  0.21301594103692228
  0.22382200029194696  0.23263081469557412  0.24203529855938277  0.25540627583780912
  0.27020259342970715  0.28409659621675004  0.29508694661964552  0.30450736414397755
  0.31182541383047402  0.31916696859585514  0.32631711374839473  0.33369034375475098
  0.34212389964820916  0.35087636472796579  0.35929042455228061  0.36720259930277555
  0.37510772880117954  0.38303573110880734  0.39110458369656603  0.40002167314377740
  0.40899725044227747  0.41798207308251667  0.42636516476889585  0.43458279942107969
  0.44282427779797251  0.45153045053655144  0.46025879804262015  0.46890318514242507
  0.47823155785828697  0.48834093339633278  0.49864379034534290  0.50872178888210662
  0.51863058075667534  0.52832377151480137  0.53806702498155501  0.55228958989453403
  0.57491576591146742  0.59702496267127603  0.61852823759231679  0.63930306594406261
  0.65729849091670711  0.67495870033315919  0.69188187970841608  0.70531643095353391
  0.71918681467250223  0.73314386701103684  0.74729525056649526  0.76220155655656918
  0.77791820352836305  0.79205746602863980  0.80564444955088987  0.81880249344962619
  0.83392569149129814  0.85023314624152013  0.86658095522018330  0.88267557244541084
  0.89702983844047035  0.91125813326982441  0.92511663556217560  0.93875771140917086
  0.95380500733605733  0.96900030889449795  0.98438024707301708  1.00000000000000000
 -0.00156117228800577  0.00739111549272284  0.01574652387956070  0.02205426505625689
  0.02739433735662404  0.03253766463615280  0.03762970499441299  0.04340244574518760
  0.04914249934068784  0.05431971367012034  0.05886516490356972  0.06450756870258997
  0.07213586044371773  0.07926952320432090  0.08943252324638004  0.10161124291549642
  0.11320692329845389  0.12438341756896082  0.13785046988093266  0.15198830339204569
  0.16401925281040453  0.17456219771573711  0.18501494079787104  0.19703836391643592
  0.20840952742509744  0.21863990043418927  0.22845841636516012  0.24154632374610588
  0.25243727855026077  0.26221674653304622  0.27138055926825438  0.28046470748017854
  0.29021328668884461  0.30106843141753864  0.31570978014351953  0.33380524792929595
  0.35226629390148240  0.37007734712931967  0.38758610276916311  0.40491968953796881
  0.42033665536260406  0.43627412465313747  0.44905038603943837  0.46084907870219577
  0.47233148360151522  0.48358379811640040  0.49681288814366142  0.51148266617843319
  0.52344784908806286  0.53443206958695155  0.54467009078949546  0.55426935722290915
  0.56268674504573624  0.57146252736155834  0.58136232226733486  0.59638519366807508
  0.61058034391920646  0.62137117994031665  0.63050304122336742  0.63881720249041340
  0.64655725579961631  0.65558272016998043  0.66471666518813377  0.67462751965012735
  0.68633930005232235  0.69866418275834985  0.71036077202853498  0.72073172100940530
  0.73031262586503320  0.74058919264666012  0.75055146660780647  0.76223493284437627
  0.77510148103092313  0.78901495060981441  0.80391618760333916  0.81912958989755347
  0.83274812331666270  0.84379787937542861  0.85319745412942394  0.86142050774271939
  0.87034884005527147  0.88055958436662962  0.89035978217559042  0.89859793172306790
  0.90747647032727419  0.91749888728836304  0.92778458274105957  0.93706232218817476
  0.94531915736995142  0.95317271399854819  0.96066374213456629  0.96791372360588102
  0.97496105388753485  0.98196190454661703  0.98872512212966279  1.00000000000000000
 -0.00472369595982213  0.01756115283260910  0.03563859177456274  0.05138311149213261
  0.06569996219014686  0.07947967198634917  0.09307933874342895  0.10674320865615600
  0.11783625531123107  0.12926335668237723  0.13821125687441643  0.14722817371198385
  0.15600922532823483  0.16574741436371065  0.18055148004564164  0.19444033803106694
  0.20673207716791753  0.21789955435810704  0.22888864522108704  0.23807256467459575
  0.24877522637251265  0.25860224834098916  0.26753206494729292  0.27594206441781560
  0.28483182012839214  0.29455838536430706  0.30477469643116922  0.31517183130912579
  0.32643214403275034  0.33439823387081868  0.34004884720430234  0.34788784996616473
  0.35622821058753201  0.36397418525907344  0.37084415465474890  0.37721969472536998
  0.38379946379060165  0.39198090887581732  0.40215179501299297  0.41251198142586171
  0.42294207463443895  0.43328862084122444  0.44316619017384939  0.45160385008458093
  0.45983815740917955  0.46755446650739013  0.47506862693389712  0.48371205880403945
  0.49555157520258625  0.50716164474220615  0.51803459552376196  0.52912266069662450
  0.54241890379689073  0.55516972363782646  0.56934086575109000  0.58800792364482679
  0.60190452823754914  0.60875167104488459  0.61385468660181330  0.62014149496972815
  0.62584590604488854  0.63220846942343067  0.63904822394927696  0.64515834982775477
  0.65073422915358647  0.65576702081160054  0.66143398288057231  0.66843318893335424
  0.67704590330516068  0.68577923289017539  0.69127110395219660  0.69699080773594801
  0.70269868093758048  0.70829953350418240  0.71518708055829505  0.72556267851446443
  0.73830137704710019  0.74979945721197772  0.76020049650026011  0.76844488275569356
  0.77659707052296212  0.78535083238025993  0.79634679745758974  0.81087546378830022
  0.82693840159141685  0.84361491233014951  0.86051275310641462  0.87709233840745759
  0.89260908572597231  0.90754862404733694  0.92175669295924145  0.93449047016276099
  0.94876132196479945  0.96375042400672040  0.97952348764073338  1.00000000000000000
 -0.00392980558938479  0.01404560668045756  0.03274697505817789  0.04331319094288319
  0.05302701956042918  0.06184757749748346  0.07035911432535429  0.08007286072616632
  0.08742100470141077  0.09237404182754314  0.09738950701939832  0.10193540886628039
  0.10662651709271484  0.11269275294115390  0.11886776164324134  0.12533799800323719
  0.13090186874616505  0.13580153707871129  0.14130673267686444  0.14806572972614931
  0.15717946830810531  0.16568545409682131  0.17789352601141367  0.19089473771214965
  0.20404485168814981  0.21719969160337088  0.22944477015782219  0.24058925958085256
  0.25202302479820143  0.26377230589429146  0.27734299539882845  0.29350279404243412
  0.31097672595807574  0.32621045156303952  0.33819568685350393  0.34906031634672940
  0.35949608012835887  0.36934096584319953  0.37901915540109415  0.38949381177826253
  0.40340094832080059  0.41850991630475992  0.43147892263799248  0.44324870873755789
  0.45580598408926837  0.46772685365348515  0.48298982099615262  0.49884803517959270
  0.51272548293671671  0.52554432096691472  0.53806263915039132  0.54949853964251827
  0.56040168490949649  0.57063508371110538  0.58057818831117425  0.59048692160753458
  0.59995391717741664  0.61055468705704763  0.62272179776574921  0.63525822342216254
  0.64906151362572329  0.66336247637619628  0.67706498840016749  0.69024044293796605
  0.70301284407502274  0.71472803528942519  0.72835327785367243  0.74116261842864128
  0.75751853872905528  0.77059541599513981  0.77790404019268877  0.78479566739500350
  0.79170369101246196  0.79862447002353321  0.80645075723658366  0.81503440581153463
  0.82099713144624920  0.82465767585910377  0.82831323573443794  0.83156007642278507
  0.84023263931863978  0.85577801572565104  0.86934612994450133  0.88163476045484790
  0.89446822049541641  0.90687096675328283  0.91861338764063361  0.92969468232423069
  0.93947594813759083  0.94843493751363073  0.95785325490549955  0.96705962740388229
  0.97588999407045229  0.98352700173628538  0.99162504841895138  1.00000000000000000
  0.00415772104744503  0.11914008499973819  0.18203520645379864  0.22952163473209602
  0.26717327229951576  0.29857191589465065  0.32210290567378053  0.34007385420217495
  0.35773255032238843  0.37402308819390528  0.39266070262118613  0.41316360100698191
  0.43299706390840303  0.44912592132841750  0.46221744959924232  0.47551728811918564
  0.48846743477424670  0.50304244983202895  0.51837369738295724  0.53278217343891243
  0.54793932163415571  0.56120500397487938  0.57007317926385903  0.57724256900532300
  0.58346705356169437  0.58970572183654513  0.59678898196482022  0.60364349471005052
  0.61012875505302211  0.61747605437134956  0.62488052543028960  0.63479595890790319
  0.64761747377198664  0.65834661553399076  0.66771325048777042  0.67584881665800511
  0.68366719336520221  0.69222564316833235  0.70039782698355113  0.70715008492405418
  0.71303169759503449  0.71907034536618497  0.72560613018709630  0.73363024309740787
  0.74240518804357236  0.75033691904402766  0.75803979652961972  0.76563114027504819
  0.77331535592869516  0.78142669321471780  0.78968645643717283  0.79812985176120355
  0.80680045534549139  0.81472064330650829  0.82265947630931291  0.82990530177198774
  0.83576903379496581  0.84051211937894754  0.84489120610813817  0.84908096151746804
  0.85365446302945913  0.85821696130185998  0.86234274050880078  0.86614563210566864
  0.86999246641773831  0.87444828860060764  0.87976322592423073  0.88472769625592651
  0.88882602300893998  0.89253369163052032  0.89609664926981181  0.90027583871431893
  0.90482306819196534  0.90912018147161666  0.91405593446958433  0.91856053139498650
  0.92239132830290715  0.92589355257100325  0.92935685588244188  0.93289224250837466
  0.93760766440588672  0.94179577380063040  0.94511038508485612  0.94831678988844181
  0.95145034055426925  0.95397183276600783  0.95637336655085448  0.95909192268633447
  0.96184344786357789  0.96492288872833243  0.96835750925687469  0.97239722990014499
  0.97675062033724991  0.98626233996480683  0.99441430660088381  1.00000000000000000
 -0.00387299154757912  0.01478448217872330  0.03182142066569705  0.04820504771289855
  0.06260859046455866  0.07438420909945082  0.08439703392547016  0.09327790706483825
  0.10262558942802599  0.11280113488194983  0.12258004492958111  0.13158647279462490
  0.14053223474313523  0.15027180025396564  0.16095757815299375  0.17359156415729388
  0.18674552319098414  0.19597671124823596  0.20464551617350552  0.21284870874331879
  0.22101303647504295  0.22915219752001223  0.23694923567615775  0.24504932808715510
  0.25751380929735340  0.27163203053585055  0.28406348765781914  0.29436554113130525
  0.30288965455608069  0.31268440250378710  0.32192201433848844  0.32940473680727650
  0.33646689213745717  0.34404362523949295  0.35253012950513407  0.36342010338061054
  0.37427346619724960  0.38391110357352898  0.39367802247313943  0.40518993513125640
  0.41823524244741878  0.43053935259763398  0.44446675084095161  0.45861997726288289
  0.46910763447903181  0.47807343022501914  0.48751691919089746  0.49831715383027836
  0.51065923433199212  0.52371853017343928  0.53708861152030585  0.55174305706499960
  0.56636796712980342  0.57645694030205763  0.58492787107115329  0.59111912885112439
  0.59774667666436898  0.60450958040942060  0.61076761832944615  0.61758804476057083
  0.62568779114322626  0.63373626137789829  0.64268515817780048  0.65682086746688662
  0.67477894606146904  0.69168822516550843  0.70651732446201920  0.71840021600180859
  0.72867327873375987  0.74047619168940182  0.75287251780127973  0.76551879390266608
  0.77927684081281234  0.79231467239625208  0.80475567012916438  0.81359220796028930
  0.82010727223489499  0.82619090125535610  0.83164283504430359  0.83770112536375130
  0.84413954100724953  0.85031662195375490  0.85645622567306101  0.86323791351165025
  0.86970833999037467  0.87726637871823787  0.88846575982875042  0.90268171703638300
  0.91430151861169628  0.92513229874137159  0.93555688269686665  0.94665663164732350
  0.95849615805797483  0.96959561643381453  0.98230345951810738  1.00000000000000000
  0.64414254531262560  0.67924049985984603  0.70646289787565031  0.73317161571612433
  0.75615155226364483  0.77608473043281867  0.79500080910230175  0.81365868519234175
  0.82776863354166186  0.83829786927998673  0.84853340843676694  0.85975959589801410
  0.86962859697426442  0.87877327860182397  0.88777687875622979  0.89688691985634783
  0.90443539725243871  0.91134330494298044  0.91680780855752486  0.92051880412928955
  0.92385513036762057  0.92795440645271632  0.93193391323549890  0.93483333299830473
  0.93701877689134827  0.93907260033823436  0.94098915381212744  0.94324513090044848
  0.94559264645977614  0.94770511190877216  0.94969065207664860  0.95163569427779193
  0.95344089751989447  0.95514041307844411  0.95687717833733965  0.95829336089880057
  0.95922792574961835  0.96002784081953796  0.96081203421663119  0.96152646333107472
  0.96223072428120182  0.96291374504954319  0.96357477924644430  0.96417595168421311
  0.96469070421344072  0.96511096758350834  0.96557091496430070  0.96604645934653122
  0.96646902038316795  0.96681066796999882  0.96713954600788732  0.96747875800364946
  0.96782586451633246  0.96817099428951636  0.96849846351382418  0.96879747794309390
  0.96909346041478750  0.96938738336134167  0.96967711570276127  0.96999021499756344
  0.97033566361466128  0.97083513569279056  0.98131703582870367  0.98196133076983938
  0.98240873971950959  0.98278024619162585  0.98305435616008674  0.98334315586259080
  0.98365492515538255  0.98397192148297841  0.98429013746426663  0.98460829868850197
  0.98492030116156293  0.98524550881855000  0.98558715062558644  0.98594951486089133
  0.98633180409058774  0.98674414682848788  0.98723428705092908  0.98773318338768035
  0.98822056900886224  0.98872521671042446  0.98927901321484213  0.98986170898755421
  0.99049146206886451  0.99112748983172971  0.99182627589360750  0.99258526315529649
  0.99310118884907694  0.99365349478659648  0.99421409444344622  0.99478778513808408
  0.99561687494218087  0.99673370139857720  0.99808662162473805  1.00000000000000000
  0.01053569661124555  0.23483709262111405  0.26267678357321678  0.28481678609196254
  0.30403282994723529  0.32307358365787758  0.33951117052269847  0.35204477127808093
  0.36425702453722225  0.37569077139707024  0.38677611634412651  0.39774428357684311
  0.41140931220092075  0.42697183516908516  0.44356768183359058  0.45803469228461297
  0.46932808394185827  0.47948421714802220  0.48872970515533626  0.49737821465160847
  0.50654269033117338  0.51678152553230983  0.52735234347349424  0.53769034852535813
  0.54837127081797732  0.55965033210014248  0.57002063931287583  0.57925990297234120
  0.58783596066644694  0.59633717263114139  0.60553960430592246  0.61612812127090799
  0.62662611414201574  0.63777122764080207  0.64717601735014696  0.65455026078652212
  0.66089831154128986  0.66674756744720365  0.67232401278474774  0.67736591806824509
  0.68229204971821378  0.68691950652282985  0.69216175728593132  0.69778865040591920
  0.70352224004727315  0.70928204030954545  0.71521392702042674  0.72168463258932236
  0.72778934024895114  0.73048574270751743  0.73341943017774680  0.73634438859583839
  0.73932353793291605  0.74241731213820095  0.74566949894195378  0.74848788239076947
  0.75121811152315388  0.75403929721652330  0.75685589162408384  0.75933603447951226
  0.76172919676732165  0.76412726225102945  0.76679342622544322  0.76961706707651623
  0.77225236453753576  0.77506943909051851  0.77799801998661411  0.78073087179415268
  0.78343480501907925  0.78620167845522493  0.78893781068403068  0.79157055214440641
  0.79508643429967496  0.79894660639959747  0.80262720622202477  0.80580877329631284
  0.80821462846297953  0.81392338934123853  0.82164815709675021  0.82932255149935852
  0.83738605837971758  0.84568504378046883  0.85409236024614177  0.85794043164794342
  0.85819820692614091  0.85849712064860439  0.86132838791177924  0.86604077006083935
  0.86979431722539324  0.87295587018906817  0.87604602352446170  0.87901710692812285
  0.88176984956063398  0.88908419536049355  0.89963804890169941  1.00000000000000000
   9.4745766250012437E-024  -1.0000000000000000     
 F F F F F F F F F F F F F F F F T F T F T F T F F F F F F F F F T F T F T F T F T F T F T F T F T F T F T F T F T F T F T F T F F F F F F F F F F F F F F F F F T F T F T F T F F F F F F F F F T F T F T F T F T F T F T F T F T F T F T F T F T F T F T F T F
  <DiscreteSampler_grid>
  grouped_processes
  1 # 1 for a reference and 2 for a running grid.
  10 # Attribute 'min_bin_probing_points' of the grid.
  1 # Attribute 'grid_mode' of the grid. 1=='default',2=='initialization'
  0.0000000000000000 # Attribute 'small_contrib_threshold' of the grid.
  0.5000000000000000 # Attribute 'damping_power' of the grid.
 # binID   n_entries weight   weight_sqr   abs_weight
    13   10   1.059571646128405E-016   8.536344014649415E-032   1.059571646128405E-016
    14   10   1.059571646128381E-016   8.536344014649170E-032   1.059571646128381E-016
    16   10   8.333252505892783E-017   4.249247407963456E-032   8.333252505892783E-017
    17   10   8.333252505892701E-017   4.249247407963450E-032   8.333252505892701E-017
  </DiscreteSampler_grid>
