  0.00000000021781920  0.00000000063274535  0.00000000091522113  0.00000000116275657
  0.00000000139808777  0.00000000162021924  0.00000000183252823  0.00000000203501413
  0.00000000222747592  0.00000000241440767  0.00000000259782757  0.00000000277718632
  0.00000000294959408  0.00000000311988135  0.00000000328994369  0.00000000346131185
  0.00000000362770294  0.00000000378889333  0.00000000394730698  0.00000000410556532
  0.00000000426042699  0.00000000441366588  0.00000000456935625  0.00000000472822426
  0.00000000488425055  0.00000000503681309  0.00000000519024684  0.00000000534629207
  0.00000000550056807  0.00000000564970306  0.00000000580387317  0.00000000596112633
  0.00000000612585139  0.00000000629184122  0.00000000645905420  0.00000000662171094
  0.00000000678564508  0.00000000696035712  0.00000000713233418  0.00000000729858684
  0.00000000745889291  0.00000000761582391  0.00000000777093323  0.00000000792549123
  0.00000000808625807  0.00000000824871112  0.00000000841462171  0.00000000858310583
  0.00000000875981348  0.00000000893061152  0.00000000909618540  0.00000000925683458
  0.00000000941406998  0.00000000957675163  0.00000000976126054  0.00000000995991845
  0.00000001015879625  0.00000001036072795  0.00000001055674022  0.00000001074791999
  0.00000001093376341  0.00000001111475897  0.00000001129407105  0.00000001147277676
  0.00000001165396638  0.00000001184138724  0.00000001203448986  0.00000001223032790
  0.00000001243876829  0.00000001266137892  0.00000001288842735  0.00000001311609986
  0.00000001334734428  0.00000001357651615  0.00000001380972248  0.00000001404435446
  0.00000001428174214  0.00000001452713554  0.00000001478198587  0.00000001504353131
  0.00000001531456517  0.00000001559031367  0.00000001585631297  0.00000001620687697
  0.00000001658760724  0.00000001699133251  0.00000001740888634  0.00000001785242031
  0.00000001833802816  0.00000001886812958  0.00000001945395299  0.00000002011613438
  0.00000002104435185  0.00000002258491808  0.00000002366078984  1.00000000000000000
  0.00933886108363538  0.01704543537362203  0.02621970894286187  0.03656377484831799
  0.04639938393974247  0.05618767892342239  0.06589775157532325  0.07571313986135507
  0.08566443943779507  0.09573071693212236  0.10596858409891068  0.11637644716490125
  0.12671211235171465  0.13657110880277634  0.14704883314589340  0.15774500464011426
  0.16862933158794055  0.17966832807178365  0.19094959708189427  0.20205796676857202
  0.21270069082669951  0.22304077271816972  0.23361537054123654  0.24451103190817211
  0.25578021146234675  0.26705759646183830  0.27806076277274233  0.28862564628260134
  0.29892678498785835  0.30893807767194476  0.31873455454585786  0.32873666564914367
  0.33926402262571892  0.35008311444414147  0.36086682177755314  0.37156996281472454
  0.38162841199261366  0.39112841042097968  0.40053524590478795  0.41018413744114834
  0.42050028839169751  0.43083186914702559  0.44117538807166606  0.45223297572893484
  0.46350564109988562  0.47499388281120797  0.48554926432200485  0.49597106641956146
  0.50631786232004283  0.51697055775893563  0.52744231034779088  0.53751882706453280
  0.54744035701082439  0.55737506011282967  0.56733079231620676  0.57704746588982248
  0.58741145669456840  0.59855996775887843  0.60961170982734592  0.62018844025710973
  0.63082523074942110  0.64126994321631237  0.65087858361935180  0.65974472696517028
  0.66861424078713649  0.67785456341874961  0.68730551723724043  0.69709212407896992
  0.70715352717046898  0.71717838051177829  0.72695621465853033  0.73697356173121475
  0.74746738998476903  0.75807651339261051  0.76872850899519851  0.77912757137453770
  0.79025999460794938  0.80137556565159351  0.81251280335261877  0.82325595822374598
  0.83388927283907388  0.84504198648432916  0.85606623551313032  0.86692334636367863
  0.87740691175584196  0.88779557602203052  0.89853070635648691  0.90959812530250272
  0.92053827074998740  0.93096433314284921  0.94127555382011430  0.95247219768775537
  0.96348609608599434  0.97580886543960998  0.98762604690567557  1.00000000000000000
 -0.00249638188143692  0.01052286522149086  0.02103247432753631  0.03191961032407291
  0.04265785170604860  0.05383431626828579  0.06565209640278225  0.07760581754034786
  0.08878213391878011  0.09946567686165479  0.11003928751398631  0.12056831817097655
  0.13036479368415432  0.13986936963686541  0.14972589632135805  0.16020887633536501
  0.17105246293553067  0.18203617675483605  0.19359805681433984  0.20471674816808400
  0.21510116692663758  0.22528525919166639  0.23647964895485268  0.24754354659519723
  0.25866853873711393  0.26993918796353483  0.28129250469904155  0.29253330858739368
  0.30343671734275335  0.31398710318447476  0.32422948281031910  0.33437712576810780
  0.34450741352886544  0.35475368374289346  0.36511423513996610  0.37533525749593538
  0.38535043902210869  0.39564417169855409  0.40663130912209805  0.41868660377460731
  0.43136011959466236  0.44346155687637628  0.45505901617862127  0.46637192024074364
  0.47754729413925251  0.48833610199109340  0.49892706616803367  0.50954148460104054
  0.52034737937939657  0.53112336968063045  0.54201581698603185  0.55299186666118927
  0.56328411403967482  0.57297032109044577  0.58247561118793079  0.59255563674871992
  0.60273656249043739  0.61271479367023696  0.62291496113561562  0.63360948917339044
  0.64360181407588257  0.65304334217131976  0.66220809517567047  0.67148239916256902
  0.68087187004232252  0.69049431949262419  0.70003024138650372  0.70956625222251546
  0.71873016933759692  0.72826993512010840  0.73827877845662804  0.74878366948517794
  0.75912024402883749  0.76938178281409608  0.78024472614632090  0.79151658386845580
  0.80282768743903110  0.81386253687784316  0.82473026506648783  0.83494523619674532
  0.84490046328471979  0.85467687454776631  0.86451622911047665  0.87422532025211552
  0.88399362644603341  0.89402404044099082  0.90388752828130203  0.91350353737792389
  0.92303564953714734  0.93259285685564119  0.94284103780135176  0.95321262445493371
  0.96390950683235110  0.97517940939616432  0.98716789745962408  1.00000000000000000
 -0.00194406465986175  0.00799539785836793  0.01730138305094198  0.02754198790744682
  0.03834177936627233  0.04947408499280455  0.06059805781638902  0.07193140730900369
  0.08345351851889754  0.09519540442991233  0.10657175271405932  0.11760815571497757
  0.12832578550300461  0.13843730038716043  0.14817963646411872  0.15710858655217991
  0.16614188775825159  0.17584309249931257  0.18621105407140129  0.19686354223719951
  0.20749618113070459  0.21822249113013104  0.22875765650195193  0.23912336139926127
  0.25000360019687556  0.26147254609866155  0.27345132507868414  0.28587786790236136
  0.29750896556626710  0.30811956009080255  0.31808867851917216  0.32785166724548515
  0.33733917554403992  0.34699164403550747  0.35675943744255773  0.36658706104339106
  0.37650827049508778  0.38621396563401245  0.39594441875388875  0.40555271907024454
  0.41530069026343286  0.42578755010210662  0.43610769668280425  0.44673906902864835
  0.45763860558578412  0.46869497201518345  0.47872677479688586  0.48739386038842486
  0.49624576394460407  0.50565622069459037  0.51468008843903157  0.52328753678934470
  0.53189524718266479  0.54100410724900783  0.55185240320779350  0.56297001447328776
  0.57349751385690118  0.58407723748522944  0.59487890314218150  0.60551903729614331
  0.61589466531214787  0.62647250644894370  0.63784423075945196  0.64931921184216601
  0.66091519194946935  0.67199727246100704  0.68214386993935894  0.69187454164492768
  0.70168266026624360  0.71187436667685244  0.72268148696690560  0.73397125102111005
  0.74547251733716957  0.75688319143286598  0.76825027655058276  0.77968725358342927
  0.79123196676490282  0.80294074014043049  0.81450526508938537  0.82564529874738657
  0.83664114816164237  0.84826192103571763  0.85971019710587870  0.87140262690934511
  0.88224797905333929  0.89257190479455117  0.90287751759758184  0.91313439885819037
  0.92383771132160275  0.93413585746686190  0.94467780422627823  0.95521711593213288
  0.96575199579577908  0.97678742038969590  0.98824040012180514  1.00000000000000000
 -0.00290010320690263  0.01118249534012920  0.02205025933975398  0.03230365927764981
  0.04253819479620670  0.05334485761813292  0.06390022399018443  0.07473281155974108
  0.08560697436730173  0.09708788381351970  0.10783065259027820  0.11754644063827867
  0.12724438042201069  0.13684149173029519  0.14664968481775104  0.15618639395314832
  0.16588301583926934  0.17642685982849274  0.18725282675898414  0.19773842482844423
  0.20773929024279514  0.21788303665258149  0.22814451045117362  0.23864323842960905
  0.24917617609163445  0.25906686179283711  0.26898329777218255  0.27874578391555926
  0.28874396206019121  0.29923159091549228  0.30962184838991935  0.32007884732273489
  0.33089753592040416  0.34193291459892600  0.35246449998354179  0.36277946445018017
  0.37322941774575541  0.38438107735862098  0.39564926206135398  0.40662578225970802
  0.41733138761776234  0.42813694462417745  0.43919117458982032  0.45088408270057712
  0.46257070014915630  0.47398875257994616  0.48470111235881680  0.49553208893432810
  0.50655221741019563  0.51793818768763111  0.52933647365229253  0.54071493437195106
  0.55177333974210607  0.56273637476633309  0.57348742727371260  0.58419330860417795
  0.59469002101832724  0.60467559027151419  0.61409580032540767  0.62365954479013164
  0.63371014960506755  0.64445185951352713  0.65517358730020114  0.66592071526215135
  0.67645948904940689  0.68665992952911392  0.69713882133942628  0.70801382746125430
  0.71899918551391995  0.72911112841588654  0.73944187879086909  0.74959083984404007
  0.76073103910915629  0.77159916262183736  0.78272363159367320  0.79374598021711884
  0.80409183849534338  0.81438256139188514  0.82461013526891191  0.83553772461061282
  0.84667120274798469  0.85646047829044669  0.86576214595025813  0.87487984737154567
  0.88444273218983949  0.89385093859035492  0.90350513366938101  0.91303663078552166
  0.92357360500873042  0.93422597835310439  0.94550071835081817  0.95785734808679235
  0.96934639567267844  0.98023850858216677  0.99018533856618096  1.00000000000000000
 -0.00236400126052366  0.00924817232370149  0.01972084953220982  0.03071400029634136
  0.04214840722661928  0.05209756750194184  0.06203632970216984  0.07160296358470036
  0.08153421960694152  0.09133346294254037  0.10128991693246966  0.11163800925627325
  0.12266418799448651  0.13337642130799349  0.14451736776289778  0.15661833243289353
  0.16925241268430394  0.17965084004558551  0.19007827836915478  0.20051964420882043
  0.21095706688512830  0.22122326613504531  0.23146198869197931  0.24159421546123175
  0.25130523925263304  0.26089731561316321  0.27039300773932945  0.28044178112696283
  0.29047661858512869  0.30128816678996256  0.31212220768438015  0.32270378232990210
  0.33347975028080085  0.34393599021298338  0.35403688706554853  0.36432661713238973
  0.37481253763630484  0.38602947589886455  0.39760336832813198  0.40902638176356526
  0.41960655530525531  0.42976515234683466  0.43995839148725491  0.45063384418236502
  0.46072155635918061  0.47031071380273776  0.48028989018370677  0.49088952519161111
  0.50140866238840609  0.51132406141432851  0.52172257483238216  0.53283982826215015
  0.54372462766135266  0.55433735854069099  0.56489731534716414  0.57516210706124282
  0.58505938171897298  0.59477706233159988  0.60465800495491884  0.61507089161202122
  0.62585299559645646  0.63649705481501540  0.64715363010257942  0.65740252050802439
  0.66767989576145192  0.67751149237349240  0.68807493577582635  0.69972865889906388
  0.71101988477447042  0.72084816539226915  0.73074523184475815  0.74116644596168291
  0.75191996886878865  0.76229488129597844  0.77249990578410466  0.78286029750492914
  0.79334697102119145  0.80433681868911988  0.81512687567543851  0.82591651913860065
  0.83662748784243612  0.84786225955286287  0.85917066458621782  0.86996735205519904
  0.88070924865378963  0.89151259533125249  0.90266806463164828  0.91448288225310637
  0.92600253146048572  0.93808095466484709  0.95046378845288437  0.96149320859108278
  0.97124080824656334  0.98076313121285352  0.99020696486693560  1.00000000000000000
  0.01379100189811865  0.01904848604572330  0.02448064895295250  0.03056355184323427
  0.03672381963697677  0.04260264996474009  0.04808632507358889  0.05331256044738641
  0.05848456669633356  0.06342258035738685  0.06825754637948964  0.07313271597861597
  0.07795408325357597  0.08266584335877690  0.08733994217808892  0.09205885365448771
  0.09683123477042126  0.10173154167097880  0.10689735474397263  0.11234462108013669
  0.11797939617221681  0.12346434213309390  0.12874478297290287  0.13369186902641081
  0.13884620986580473  0.14402202015349894  0.14931047759393173  0.15472120117305790
  0.16024082208323631  0.16600485366714329  0.17207712873678280  0.17821694068776250
  0.18422941359832176  0.19035539908371413  0.19665049039522134  0.20279003399379547
  0.20873465625827958  0.21462535405393049  0.22058634991210441  0.22675269172477686
  0.23315679453272914  0.23953762593743411  0.24574813678560559  0.25212117240718901
  0.25868038288965972  0.26540282635182610  0.27213667253627777  0.27862025309643529
  0.28506540994557744  0.29158642739128121  0.29831928405962349  0.30516104294788743
  0.31222708882311806  0.31963029761346101  0.32725566363290770  0.33506986363486829
  0.34327762441050047  0.35164796690836064  0.35996673515530742  0.36831118681910252
  0.37680088623633945  0.38543669000756919  0.39405615697797425  0.40227110805753041
  0.41021154367827412  0.41818094833895197  0.42618706938402101  0.43422739309495750
  0.44238636732743414  0.45074274031785616  0.45990017805592392  0.46948100767545675
  0.48000707073335275  0.49148218113368808  0.50297900522511618  0.51398376809996471
  0.52467320296059872  0.53546893844916055  0.54667290643649047  0.55813441041975564
  0.57046997328485460  0.58392961684205347  0.59861918056962793  0.61398032036503625
  0.63033467198059068  0.64800534891034545  0.66638854985194340  0.68574819162338529
  0.70559674761167568  0.72708487582416048  0.75039259228688615  0.77539386242736674
  0.80508821678037545  0.84382281014163141  0.89476506955208168  1.00000000000000000
 -0.00281236752036782  0.01027207307135186  0.02114057606525389  0.03079488985309690
  0.03979054658246736  0.04890295571887013  0.05865572420666235  0.06843240277470816
  0.07784129061180214  0.08717284619746582  0.09721427136593369  0.10726463061489998
  0.11732826610878017  0.12737437604236984  0.13815235407667498  0.14872200148362200
  0.15938581962045303  0.16959912426140270  0.17957907869479867  0.18957365345804672
  0.19965747396526773  0.20964480356378537  0.21959394589919173  0.23027668120308667
  0.24170007169878585  0.25229112081109717  0.26221511502898959  0.27242963516808777
  0.28368363317378820  0.29549102514618086  0.30719539369016746  0.31858933837733194
  0.32998626857430846  0.34140508132901065  0.35300215654084965  0.36473219557276571
  0.37612369556913655  0.38713905613540694  0.39794258751273820  0.40873027797981631
  0.41931293627046989  0.42980593926733140  0.44053521196597967  0.45141579170627871
  0.46237982161978902  0.47301135863642868  0.48354362460669520  0.49418957925613716
  0.50516700415644122  0.51653117035392171  0.52795546747797573  0.53897652937254426
  0.54919779801028568  0.55902721212761686  0.56873327108098437  0.57818888277765024
  0.58771061773418098  0.59774922396600727  0.60806614969885009  0.61861054943620475
  0.62883229824571962  0.63889151477250672  0.64862537967661127  0.65794260285112316
  0.66728106720809932  0.67668460095180583  0.68698170873780884  0.69838572744626404
  0.71039890629583613  0.72186130996688469  0.73325338766297199  0.74512114854847411
  0.75652554630624291  0.76752893096214159  0.77807468659667534  0.78811854528937497
  0.79822269331144435  0.80841345837759382  0.81879355998419878  0.82899707889436225
  0.83935097452682139  0.85013704524552036  0.86054217243227271  0.87133714961850461
  0.88173450190735814  0.89304444606582378  0.90353858212866334  0.91433515668989696
  0.92446478029665402  0.93489285684134349  0.94512194889325185  0.95625346838411152
  0.96754377780994483  0.97879616641284795  0.98943117028597150  1.00000000000000000
  0.02457986456024909  0.03072676129493262  0.03967932284453060  0.04947858513211259
  0.05943100425461446  0.06927852692681398  0.07907814432785412  0.08945327901104645
  0.09969849604914090  0.10947800191807192  0.11953960585907107  0.13004247116420126
  0.14135447230688028  0.15189924478758671  0.16207932990393564  0.17249971862544397
  0.18312679329001136  0.19349331221915600  0.20357769961673486  0.21371692652446950
  0.22409988435149950  0.23425648421743350  0.24512539052854337  0.25619768315674030
  0.26814244152947264  0.27892707412268081  0.28911640352258139  0.29936733068196431
  0.30955682167816034  0.31970944027243414  0.32962587030683943  0.33987287460016408
  0.34978202569128808  0.35962219497746345  0.36883597028293214  0.37889152290416384
  0.38937426845050194  0.40009967662225854  0.41011926518992253  0.41986076026711067
  0.42976824561612398  0.43966186497025178  0.44971291147403608  0.45951580029654715
  0.46898767675871095  0.47835768444471477  0.48727288220421122  0.49659809240644287
  0.50631171232440542  0.51635231174430751  0.52638807310065527  0.53628006063878120
  0.54618837292228062  0.55630652653204982  0.56656307457873534  0.57697094829818130
  0.58775963802009468  0.59846567970954367  0.60910169621891641  0.61947813546883945
  0.62948791426663497  0.63975128244206558  0.65064750517283543  0.66163044322432685
  0.67168838900691941  0.68123846474881500  0.69048900469350138  0.69997461659746185
  0.70967033536803836  0.71942294575015175  0.72909890457400750  0.73911102549063945
  0.74947625755051894  0.76055623036346431  0.77119047807863728  0.78218293739420430
  0.79286633677432006  0.80303397212457028  0.81295607483539267  0.82251282445085383
  0.83217895595758751  0.84159950882506795  0.85066320045532162  0.86079578902769827
  0.87088627490141812  0.88092541934594837  0.89105053115877186  0.90140153223069941
  0.91227257933464745  0.92236246779970865  0.93174936803742303  0.94167709957749479
  0.95265461573685195  0.96416335942489706  0.97127580824095361  1.00000000000000000
  0.08411220970704025  0.10239872067773875  0.12029954006628625  0.13703676764541314
  0.15146035600740201  0.16348829479606886  0.17429455448505252  0.18444825081921903
  0.19411251861969112  0.20321790961823430  0.21224902468824661  0.22097810696175629
  0.22921237236338640  0.23676538814490314  0.24438733902399887  0.25218193150805807
  0.26027215546537580  0.26789350618446078  0.27526340095970331  0.28237440624174398
  0.28943614080818136  0.29671703551658435  0.30412286078109080  0.31168713151968258
  0.31884413082051855  0.32583159014080482  0.33264451811764206  0.33908233383571756
  0.34564629734691038  0.35209169471020763  0.35849368024062239  0.36476703638540842
  0.37092989172955299  0.37691426854105337  0.38285082443488250  0.38882796872602865
  0.39493948238078064  0.40117826116761812  0.40738493341310972  0.41353697701901104
  0.41948785036471153  0.42531968202062714  0.43085159677075274  0.43629222930078038
  0.44150297801825111  0.44670770977200852  0.45209853710034459  0.45762478378440902
  0.46296574328186019  0.46821899400540118  0.47335946280331875  0.47847393883339723
  0.48361855682804417  0.48875153128528609  0.49396488390004217  0.49939092298934767
  0.50490809676020454  0.51035823647411971  0.51555575603159309  0.52054606855792274
  0.52572532527413118  0.53106247634857207  0.53643553843765490  0.54183082590562548
  0.54737949364259475  0.55274908107391196  0.55787389107083030  0.56300372463180526
  0.56831700959247300  0.57386444556205674  0.57970942637439515  0.58565405993569253
  0.59137245274957873  0.59724791880600359  0.60333180996821834  0.61007005705725714
  0.61681028892740186  0.62352968281194843  0.63027358045523008  0.63730201732201597
  0.64461946652749991  0.65230477148244648  0.65998287535218481  0.66792624188656713
  0.67638305536513854  0.68528981887330254  0.69446512583761166  0.70360888709843439
  0.71317455554087783  0.72377851390248304  0.73539643037824598  0.74938793581970631
  0.76714601460625864  0.79248927028072680  0.91264116951068097  1.00000000000000000
   1.5194280104142214E-031  -1.0000000000000000     
 T F T F T F T F F F F F F F F F T F T F T F T F F F F F F F F F T F T F T F T F T F F F T F F F T F T F T F T F T F T F T F T F T F T F T F T F F F F F F F F F T F T F T F T F F F F F F F F F T F T F T F T F T F F F T F F F T F T F T F T F T F T F T F T F
  <DiscreteSampler_grid>
  grouped_processes
  1 # 1 for a reference and 2 for a running grid.
  10 # Attribute 'min_bin_probing_points' of the grid.
  1 # Attribute 'grid_mode' of the grid. 1=='default',2=='initialization'
  0.0000000000000000 # Attribute 'small_contrib_threshold' of the grid.
  0.5000000000000000 # Attribute 'damping_power' of the grid.
 # binID   n_entries weight   weight_sqr   abs_weight
    13   10   8.051192876842702E-022   1.372832268434440E-042   8.051192876842702E-022
    14   10   8.051192876842673E-022   1.372832268434438E-042   8.051192876842673E-022
    16   10   1.028822905523477E-021   2.997797879247621E-042   1.028822905523477E-021
    17   10   1.028822905523620E-021   2.997797879249046E-042   1.028822905523620E-021
  </DiscreteSampler_grid>
