  0.00000000005559751  0.00000000013688184  0.00000000020036638  0.00000000026061190
  0.00000000032434446  0.00000000039185592  0.00000000046188848  0.00000000053415473
  0.00000000060701479  0.00000000068541769  0.00000000076420632  0.00000000084901230
  0.00000000093654040  0.00000000102331844  0.00000000111721720  0.00000000121398447
  0.00000000131224080  0.00000000141740083  0.00000000152005021  0.00000000162465863
  0.00000000172827798  0.00000000184542540  0.00000000196203589  0.00000000207977902
  0.00000000219807095  0.00000000231713276  0.00000000244222420  0.00000000256813189
  0.00000000269637476  0.00000000282295335  0.00000000295099026  0.00000000308983356
  0.00000000323111288  0.00000000337501425  0.00000000351753631  0.00000000365995240
  0.00000000379487531  0.00000000393274864  0.00000000407602073  0.00000000422453500
  0.00000000437201742  0.00000000451946220  0.00000000466746719  0.00000000481522470
  0.00000000496738472  0.00000000512928697  0.00000000530012139  0.00000000547395559
  0.00000000564533249  0.00000000581483769  0.00000000598444280  0.00000000615284418
  0.00000000632354905  0.00000000649003846  0.00000000666004079  0.00000000683521452
  0.00000000701990409  0.00000000720797923  0.00000000739561712  0.00000000758478391
  0.00000000777568922  0.00000000796806358  0.00000000816358700  0.00000000835903287
  0.00000000855467694  0.00000000875081921  0.00000000896423379  0.00000000919191669
  0.00000000942353849  0.00000000965773720  0.00000000988449399  0.00000001011111906
  0.00000001033861249  0.00000001057619541  0.00000001082012081  0.00000001106989986
  0.00000001132950392  0.00000001161438464  0.00000001193276426  0.00000001227482952
  0.00000001263466740  0.00000001299923459  0.00000001336829446  0.00000001375666897
  0.00000001416008148  0.00000001458410850  0.00000001500182442  0.00000001549164135
  0.00000001608806851  0.00000001674471516  0.00000001744388073  0.00000001823079754
  0.00000001914133037  0.00000002041015304  0.00000002121246318  1.00000000000000000
  0.00963049851943541  0.01570730580695623  0.02383933558929054  0.03321155186560096
  0.04255578459362770  0.05204520577212391  0.06193030694880045  0.07213104687275584
  0.08253210586098185  0.09314531126951645  0.10374412912179273  0.11425886052406230
  0.12458294639089888  0.13469938707573403  0.14501029346643468  0.15553817243518475
  0.16611586048967661  0.17646067690137979  0.18680486088938186  0.19773256298971778
  0.20911662276568818  0.22054389961937049  0.23164053543178126  0.24242454894435342
  0.25291337135292452  0.26336574618559683  0.27405981860226258  0.28460351615518475
  0.29473531118355750  0.30457440082994347  0.31445852448101530  0.32479345834336837
  0.33529503107869296  0.34569283958591784  0.35604260622029887  0.36628573618061044
  0.37663095854020390  0.38666807586191665  0.39645320627336289  0.40595527893984040
  0.41531091133564108  0.42436691510610164  0.43327995436681049  0.44223110386960307
  0.45176523581197187  0.46214675585930654  0.47270077744950506  0.48270586520864339
  0.49264652048040330  0.50298420361729523  0.51412393912624976  0.52512936802876242
  0.53607922589615042  0.54677619987369086  0.55732277056940549  0.56786593233839389
  0.57856066362080227  0.58910978744744025  0.59945358803914273  0.60940711273665549
  0.61967735164889315  0.63051719035229858  0.64193045038001850  0.65297225037085094
  0.66355995783247701  0.67422754802634410  0.68518738188448725  0.69646561115415828
  0.70778452106831846  0.71890268918668887  0.72974402425386520  0.74026434338071123
  0.75057847374095210  0.76099345583692046  0.77152687755526950  0.78200590235694001
  0.79271095152560089  0.80354310201471579  0.81421460562567438  0.82438906183577576
  0.83435499700039506  0.84419369306344350  0.85448581408514634  0.86499021450211711
  0.87551405288491946  0.88577764697770744  0.89588091565294592  0.90634092444190650
  0.91720554823988554  0.92798156977319646  0.93886020332812004  0.94920655073135296
  0.96023832688468413  0.97094755699129875  0.98128229122608901  1.00000000000000000
 -0.00231203489319340  0.01081321934602394  0.02188352501516821  0.03287166262070301
  0.04322427937322969  0.05324796263548906  0.06384888196713220  0.07539605486143412
  0.08659624240840320  0.09765093098697160  0.10860707968465588  0.11989873631778512
  0.13090901286918794  0.14175130135698419  0.15239712702592093  0.16291990024946501
  0.17380234131340083  0.18514751405046825  0.19658291162771813  0.20810641645340822
  0.22021456492595987  0.23186611262663004  0.24291700960006191  0.25414816727975348
  0.26610419118191342  0.27783876383224015  0.28910065992768097  0.30018436284933092
  0.31104041819054173  0.32165453691942975  0.33181039656432565  0.34163178158027013
  0.35141311619503013  0.36194813232560075  0.37288148008243716  0.38374635036392446
  0.39473328178530365  0.40616540776297705  0.41738950370733729  0.42787188042989066
  0.43807239171956491  0.44825444745064097  0.45840162237526932  0.46878021459590219
  0.47937490491585755  0.48993257323891892  0.50016867479639227  0.51029167076585336
  0.52052085553418448  0.53094398665249587  0.54140876141479821  0.55142091582204611
  0.56125537895340527  0.57122014266036203  0.58153625064850512  0.59161478030842363
  0.60132072443925277  0.61105269321862232  0.62112333386738694  0.63136302828895086
  0.64163615795716489  0.65177953640642239  0.66206196741890500  0.67191849451605756
  0.68177083657850279  0.69171125372854958  0.70190946553011746  0.71193383245877828
  0.72149921801983941  0.73104148017357640  0.74124253315605348  0.75162546475862635
  0.76247679064515572  0.77302686592534697  0.78325206973531569  0.79286869153716988
  0.80253855490944670  0.81245561327680937  0.82275014266599755  0.83341014021863880
  0.84416787310130847  0.85486485695413816  0.86573871298256744  0.87653649647366538
  0.88662701646531661  0.89673087275300190  0.90647923548881104  0.91651357139702194
  0.92621527210917154  0.93605361279991206  0.94592498505221578  0.95612354064176830
  0.96692080179653517  0.97799490929372290  0.98901690382332175  1.00000000000000000
 -0.00242022627350086  0.00837362255608123  0.01796215251717529  0.02826264446146269
  0.03935386707538445  0.05049239324089207  0.06179102775107136  0.07256345188222545
  0.08308783164642476  0.09358324224590713  0.10425232654607343  0.11464016694778377
  0.12465829906853439  0.13559187811277265  0.14673522418421373  0.15793094399306126
  0.16932162430497519  0.18107282252805426  0.19245071370953698  0.20302967343591949
  0.21343726852232281  0.22359629837737163  0.23365023674722815  0.24314465695478268
  0.25284503294684629  0.26290142168068842  0.27330367797663657  0.28396907527383919
  0.29488782833035554  0.30605322343240066  0.31696712508845731  0.32769337763697121
  0.33858601136004568  0.34972631296076506  0.36052335238678190  0.37107233727735445
  0.38153159080103588  0.39207205004319950  0.40269510710773321  0.41339418140022716
  0.42345654988235631  0.43282967186387661  0.44206774350897077  0.45167659826902934
  0.46130634877443161  0.47092756015640241  0.48073123531102435  0.49117924827411186
  0.50143374828220544  0.51172502124997987  0.52182134539966618  0.53186190974890468
  0.54193411356598309  0.55207899980723585  0.56210641048154619  0.57222988129374097
  0.58241582596065489  0.59319071962841496  0.60419989576747912  0.61536718413803293
  0.62614171856592682  0.63739890389579201  0.64838823424895187  0.65985876108798625
  0.67076833504302669  0.68175440718713742  0.69271529902370632  0.70437839939134028
  0.71535215644120620  0.72674518639313368  0.73795604052042441  0.74907661249454260
  0.75963828091791308  0.76982944235106299  0.78061705763003775  0.79148632022860188
  0.80171898450157775  0.81164812010651854  0.82130238168288550  0.83146417401136508
  0.84237052036147431  0.85333215317444622  0.86363639810390458  0.87391020793050100
  0.88443703710676602  0.89515753850089397  0.90540127349614019  0.91555875640795892
  0.92702177993226231  0.93833987839854482  0.94990907049456319  0.96072661233032675
  0.97070181512305487  0.98056622111034164  0.99028126754325130  1.00000000000000000
 -0.00274894220457412  0.01039095414297807  0.02142818685767162  0.03171494200220034
  0.04260708071850764  0.05224783407144340  0.06214531062390903  0.07184826859547758
  0.08154999035653622  0.09085886562548681  0.10036849293435046  0.11030742539037458
  0.12090518472725512  0.13154860115126193  0.14225009468345939  0.15293130276270528
  0.16338195786994553  0.17365235857862554  0.18393464432089582  0.19447375962014538
  0.20490066580106553  0.21499829405945931  0.22497072293575859  0.23502591678080356
  0.24523037439203291  0.25557760404380492  0.26633156722562679  0.27733946260523273
  0.28823462880033485  0.29901978572383231  0.30966035485821269  0.32013425483258146
  0.33029156055958181  0.34042965469257663  0.35065283725387847  0.36076274942752173
  0.37101161220217621  0.38118704989406926  0.39116188799639517  0.40092169739909339
  0.41068929383664077  0.42063127660518057  0.43117011316126480  0.44241520660065470
  0.45414923098141774  0.46553091052815487  0.47677401454218199  0.48752650779217466
  0.49812577579124351  0.50810542801234537  0.51782327288215280  0.52720921475629956
  0.53654525124538521  0.54634415241270806  0.55622397030188719  0.56645787097866285
  0.57697853824933498  0.58872282354086680  0.60097737518493421  0.61285417377646900
  0.62429275394667860  0.63588699304800456  0.64778675536344388  0.66043678365953107
  0.67308311772274210  0.68551543516713720  0.69778609135839220  0.70937745380871997
  0.71943233765548453  0.72896858694508926  0.73860012461937596  0.74823931997303961
  0.75769257339130802  0.76696856589983831  0.77692432575581616  0.78749131682177886
  0.79832202173573419  0.80928582040853259  0.82037465483243721  0.83129806248180027
  0.84215052936117085  0.85307585825307142  0.86416355212572060  0.87530685499118410
  0.88640886493688276  0.89752538043091956  0.90842055587771053  0.91902103795581025
  0.92951369435355335  0.93974389680760506  0.94986752490213155  0.96031718830550727
  0.97051783974953432  0.98059425011620527  0.99014075524234202  1.00000000000000000
 -0.00213988124313321  0.00865356863936730  0.01797709367393321  0.02769412736070573
  0.03760869149734560  0.04741925339921572  0.05714970072364312  0.06685070713855291
  0.07684064771234779  0.08720854676581587  0.09769425495838449  0.10828950174615901
  0.11927884158676791  0.13046835703023593  0.14158601120197531  0.15226928783447063
  0.16306267921592993  0.17350235602320102  0.18392803720659590  0.19397091813104611
  0.20356826682468238  0.21326983007738246  0.22292371340578832  0.23261058908211324
  0.24206127083170267  0.25183814549157796  0.26270986212742869  0.27419109325264618
  0.28505521444062160  0.29561176139256745  0.30615057333538293  0.31652502232399132
  0.32701916550153126  0.33825778909366844  0.35005513689636775  0.36158752245213560
  0.37288898389772968  0.38402042445897261  0.39484483421546357  0.40500600625957722
  0.41456854059707110  0.42390099966723455  0.43332165801687844  0.44330848573768611
  0.45364016868713519  0.46454287163830144  0.47589319522039614  0.48700045264316594
  0.49795318807337335  0.50876675719336284  0.51976846216379968  0.53037503061805380
  0.54075107665995281  0.55130864408948665  0.56182855007059507  0.57241139540053831
  0.58291268797564044  0.59352909036185642  0.60417459840301380  0.61437400972426126
  0.62462453700909948  0.63544751483467654  0.64649743226912870  0.65757097136583753
  0.66866703316061038  0.67985376194613045  0.69080882007053424  0.70111316977711791
  0.71132691579789220  0.72166027367918584  0.73237610077438886  0.74378340556014788
  0.75586041224074962  0.76842912163641208  0.77975839265665992  0.79068042836719676
  0.80142175821543438  0.81189642239048676  0.82226351973205447  0.83259258081035648
  0.84382534328284242  0.85466467365935272  0.86541381569556164  0.87591539424452136
  0.88620537389723797  0.89662621391687281  0.90686820758385678  0.91698621502829525
  0.92733842613173501  0.93748299813523583  0.94866666017634582  0.95944112166362749
  0.96990763424449189  0.98025936762386889  0.99026930747759634  1.00000000000000000
  0.00277615035297030  0.11435700648395050  0.17133847873371308  0.21012121006080986
  0.24166525637171260  0.26764744590750367  0.29047148014048291  0.31291839045754216
  0.33517272403924847  0.35512866506634216  0.37342849030033376  0.38991469184073496
  0.40561561234304278  0.42037703841997093  0.43481379125458003  0.44917059437734330
  0.46359327756384672  0.47725725837602562  0.48998228852365683  0.50242415621471159
  0.51507675734959890  0.52740120028320958  0.53921933073571904  0.55043534052956977
  0.56117310469605508  0.57141922421508973  0.58110157458521505  0.59063619203723916
  0.60018983425722916  0.60980226762211487  0.61936120889644575  0.62828635367112995
  0.63674904917249608  0.64496713095617753  0.65320343218945409  0.66118647406126518
  0.66870350014979707  0.67548683771055074  0.68232591310165247  0.68926086911180329
  0.69642701230929671  0.70354835045341069  0.71067438634006530  0.71753035287045064
  0.72430395432018513  0.73081233677545843  0.73712816520921487  0.74329612601255646
  0.74944938781599812  0.75573090752678762  0.76212784931084765  0.76831507449380165
  0.77408231338254485  0.77957479110598815  0.78515816777992942  0.79100200896247219
  0.79694391834608058  0.80290618011472992  0.80855333784209604  0.81409561558209087
  0.81966166258843209  0.82525683523496474  0.83086412231297524  0.83655931084073054
  0.84209203083014605  0.84770667869961946  0.85322860046739746  0.85858277307360176
  0.86383688358503208  0.86906875412429585  0.87443220914598940  0.87937594359430349
  0.88421312991674872  0.88880179735768516  0.89317908565365012  0.89746278399155910
  0.90168742307052652  0.90614729323666299  0.91059735848515333  0.91506178583367692
  0.91956860155686559  0.92407743845692381  0.92858803841177096  0.93312740100018032
  0.93768965779511637  0.94239320773911983  0.94733265721205295  0.95221260315778000
  0.95703826198222752  0.96213794503405448  0.96708926439841747  0.97194347048462082
  0.97674861444132288  0.98123144898205550  0.98565583703529269  1.00000000000000000
 -0.00211158920539405  0.00918780854463894  0.01914955393160218  0.02958799560936787
  0.03967131613881328  0.05004784457531863  0.06085814088948634  0.07242668689416390
  0.08363615091987039  0.09426552956998729  0.10457074355797036  0.11528320053311368
  0.12590007236756845  0.13747915340422742  0.14823374224746508  0.15909576612196072
  0.16910811863183631  0.17898199622928207  0.18932882968439663  0.19975311957879499
  0.20985532959440639  0.21982690057983983  0.22986680416283931  0.24071868699122706
  0.25128783210487804  0.26156387616675136  0.27199763163844004  0.28287300180976233
  0.29385995556962030  0.30492267279659169  0.31506547728380957  0.32473127208490832
  0.33437349231351932  0.34427783235039766  0.35441992701945824  0.36454890115333544
  0.37457880755983086  0.38507387379877600  0.39542400987061904  0.40514578933111300
  0.41478793098617972  0.42500353366897464  0.43571021254330122  0.44583605388522313
  0.45585168077563387  0.46624277847577078  0.47692202182771826  0.48712611560916858
  0.49720710139230295  0.50779356706560852  0.51871834011881235  0.52935175833764059
  0.53976902579660757  0.54974500476285681  0.55972422319801352  0.56939768578940853
  0.57904182777319757  0.58876658035089990  0.59877942634733761  0.60895415275581410
  0.61923795402147719  0.62972208827718568  0.64046379251068253  0.65147912876356917
  0.66233325282591504  0.67327940228234751  0.68431112864966104  0.69543461946618401
  0.70616354150392324  0.71668753077210079  0.72765676999450690  0.73854663449658098
  0.74962559256700634  0.76059249445150445  0.77164304074532319  0.78229136659434484
  0.79294925660576132  0.80403287543077506  0.81541718956012654  0.82650674900179377
  0.83734321478370421  0.84856434210086706  0.86006151637657013  0.87196133460083092
  0.88283681491651000  0.89381333122739270  0.90413775445625144  0.91518742371636852
  0.92532492655405274  0.93545648780987034  0.94584592863788719  0.95632050067971519
  0.96693405551116551  0.97748470953372824  0.98868238043170609  1.00000000000000000
  0.02477899586268337  0.03111844753700294  0.03991344246464151  0.04897678063000378
  0.05844641443744589  0.06841153938932776  0.07927498753646813  0.09051573296036904
  0.10140418070061341  0.11165620378012629  0.12133045147904770  0.13092680788883271
  0.14093514142941430  0.15102031831839619  0.16131274725577205  0.17147149341419402
  0.18159596219911617  0.19169858316837568  0.20181683271070938  0.21195389206322596
  0.22186921886406713  0.23149928512957338  0.24083022433838605  0.25014724063721411
  0.25949002806852084  0.26906941929924316  0.27917590067767417  0.28957543135942865
  0.30046015904842599  0.31165713699600700  0.32278053775372789  0.33363833173077995
  0.34400088019734365  0.35425778344662523  0.36448348441395373  0.37493142505849109
  0.38579505265126607  0.39662489832292297  0.40718023896307953  0.41784439527643735
  0.42904196409212925  0.44035262663793079  0.45113090867617917  0.46185136696197487
  0.47225619996869095  0.48233959952806715  0.49206384729348929  0.50147579159949462
  0.51114523391159639  0.52140824396279462  0.53220136985509003  0.54281097796513345
  0.55299982353493871  0.56319493376566720  0.57367746812321530  0.58423358377321366
  0.59476543965215278  0.60524539319623039  0.61575189198970814  0.62653609109840958
  0.63749446135064225  0.64853680127981372  0.65874897256138365  0.66867108152234711
  0.67858071699393097  0.68888786011982384  0.69920170328481102  0.70940083563314660
  0.72014160265583649  0.73088924411099654  0.74139538616746914  0.75180465430213805
  0.76216276301998576  0.77225226909865241  0.78175663365261194  0.79157619231111498
  0.80139464276803296  0.81077262025384200  0.81962038556610239  0.82854053782403358
  0.83829713381320303  0.84830152748138055  0.85794738099513423  0.86706501374159617
  0.87629388279995679  0.88583987909109352  0.89530719924305702  0.90456894641595320
  0.91411238239360482  0.92442938172713718  0.93512783887251061  0.94571005100462424
  0.95612703289018286  0.96556770924986413  0.97087425563163821  1.00000000000000000
  0.06986324156771465  0.23323294998985508  0.26439364971576795  0.28711632828654005
  0.30608486507295823  0.32284512952429423  0.33824542250188816  0.35269433467029032
  0.36677500509061850  0.38037650979775545  0.39355436339544603  0.40618517124343489
  0.41831507434556009  0.43011895220246116  0.44162418076013726  0.45297420165657781
  0.46443981935798062  0.47582624478098084  0.48714611598016183  0.49805751351294120
  0.50863493389149850  0.51885008746515027  0.52867120757546182  0.53814739404638356
  0.54767321488619292  0.55744757936916467  0.56722643589907185  0.57655373222160888
  0.58549432896589193  0.59448357642606686  0.60350990088151246  0.61210463695702888
  0.62055251419260149  0.62834450340836101  0.63575815168805438  0.64297775363225129
  0.64983584918349369  0.65655656658463668  0.66344195314351129  0.67008024734018889
  0.67660597678095979  0.68295695696565295  0.68915012974931178  0.69514085023756089
  0.70102618487065227  0.70695935369128904  0.71255896011239950  0.71784062364283863
  0.72317225183050571  0.72839526850002667  0.73370103671033438  0.73909869737065503
  0.74457827546783661  0.75009608216171730  0.75537738295387147  0.76039248660211933
  0.76521958296006409  0.76980432531115695  0.77419526428658703  0.77845089931852895
  0.78288465912697502  0.78728972565488531  0.79155165999502242  0.79590642802906453
  0.79996465649785808  0.80387046280312313  0.80786962270114338  0.81209196948060058
  0.81653064621921145  0.82107850920773140  0.82550423847628962  0.82959278437411055
  0.83344934143353278  0.83728902667626670  0.84117071860730308  0.84515786722011110
  0.84921702763787865  0.85314171073646416  0.85703870901144630  0.86098179418424947
  0.86493993534953817  0.86887569102783901  0.87260228670879803  0.87700809595276619
  0.88218376568366785  0.88762682722434860  0.89248776075115899  0.89757439066108136
  0.90229181250092960  0.90686829594100848  0.91165243294133425  0.91839628269369022
  0.92553046532801619  0.93127938858134474  0.93368209492203313  1.00000000000000000
   2.2889129247422408E-023  -1.0000000000000000     
 F F F F F F F F F F F F F F F F T F T F T F T F F F F F F F F F T F T F T F T F F F F F F F F F T F T F T F T F T F T F T F T F F F F F F F F F F F F F F F F F T F T F T F T F F F F F F F F F T F T F T F T F F F F F F F F F T F T F T F T F T F T F T F T F
  <DiscreteSampler_grid>
  grouped_processes
  1 # 1 for a reference and 2 for a running grid.
  10 # Attribute 'min_bin_probing_points' of the grid.
  1 # Attribute 'grid_mode' of the grid. 1=='default',2=='initialization'
  0.0000000000000000 # Attribute 'small_contrib_threshold' of the grid.
  0.5000000000000000 # Attribute 'damping_power' of the grid.
 # binID   n_entries weight   weight_sqr   abs_weight
    13   10   1.212125911046127E-013   4.062670163259533E-026   1.212125911046127E-013
    14   10   1.212125911046230E-013   4.062670163260143E-026   1.212125911046230E-013
    25   10   8.133766931894905E-014   1.117317448051852E-026   8.133766931894905E-014
    26   10   8.133766931894893E-014   1.117317448051863E-026   8.133766931894893E-014
  </DiscreteSampler_grid>
