  0.00000000024872391  0.00000000033536883  0.00000000041325121  0.00000000049486344
  0.00000000057472090  0.00000000065441836  0.00000000073632173  0.00000000082421456
  0.00000000091205507  0.00000000100359592  0.00000000110413996  0.00000000120589873
  0.00000000130897841  0.00000000141190707  0.00000000151319321  0.00000000161409148
  0.00000000172544569  0.00000000183703966  0.00000000194817892  0.00000000205605937
  0.00000000216988610  0.00000000228870149  0.00000000240758649  0.00000000252825329
  0.00000000265349108  0.00000000278807368  0.00000000292402614  0.00000000305739530
  0.00000000318797746  0.00000000331546970  0.00000000344246724  0.00000000357570311
  0.00000000371266615  0.00000000385314156  0.00000000399681876  0.00000000413976596
  0.00000000427806422  0.00000000441696944  0.00000000456872616  0.00000000472478325
  0.00000000488245233  0.00000000503675469  0.00000000519076971  0.00000000534386796
  0.00000000549708953  0.00000000564978725  0.00000000580697434  0.00000000597031969
  0.00000000613792317  0.00000000630938515  0.00000000648485946  0.00000000666060971
  0.00000000683540380  0.00000000701352062  0.00000000718722891  0.00000000736223482
  0.00000000754342512  0.00000000773184869  0.00000000792087729  0.00000000810962120
  0.00000000829852528  0.00000000848771232  0.00000000867678737  0.00000000886554356
  0.00000000905487365  0.00000000924595835  0.00000000944166688  0.00000000966633654
  0.00000000990082997  0.00000001014690529  0.00000001039717067  0.00000001064686741
  0.00000001089608034  0.00000001114807659  0.00000001140597239  0.00000001167122238
  0.00000001194531661  0.00000001222478843  0.00000001252449740  0.00000001287122802
  0.00000001322612717  0.00000001358051250  0.00000001394350105  0.00000001431904260
  0.00000001471257941  0.00000001513089959  0.00000001556235599  0.00000001605603429
  0.00000001668011887  0.00000001742339227  0.00000001824573974  0.00000001917576944
  0.00000002029002018  0.00000002237890894  0.00000002367222198  1.00000000000000000
  0.00963763549048043  0.01623518209197471  0.02583877843405721  0.03777378378022160
  0.04897636931423485  0.05916913863335616  0.06897897360178655  0.07896251022813330
  0.08950654815371185  0.10019940054370197  0.11084609810150083  0.12145913782512610
  0.13169771742209560  0.14219938782304425  0.15230219619393423  0.16289613067677866
  0.17372999222425756  0.18494899408619619  0.19602374259338562  0.20677985492411027
  0.21750241344336982  0.22783566706225999  0.23807588743814137  0.24824650312770877
  0.25851911147398327  0.26875478840534689  0.27850970693245120  0.28846615684323956
  0.29911440612566997  0.31011203766412010  0.32052338804070385  0.33056962248950250
  0.34030665585870390  0.35004901171845570  0.35974210936029710  0.36960089848887312
  0.37950698105568498  0.38936963413115955  0.39981899214087258  0.41075077373466717
  0.42148943950924406  0.43200793888038036  0.44248533252625583  0.45321360036199543
  0.46375094522058347  0.47385022784535830  0.48409508138890595  0.49437862712143055
  0.50515582289698047  0.51615963562283484  0.52688674690172710  0.53774442042264947
  0.54845610851176474  0.55908496428160326  0.56987791963297829  0.58075419350609814
  0.59188018203162418  0.60237827722175408  0.61280565474287430  0.62325780927366137
  0.63459763406441261  0.64582870327841813  0.65675611925459310  0.66743644682786107
  0.67815207065342709  0.68814184718948868  0.69778384975458430  0.70756606053541948
  0.71795052468827136  0.72877011973224148  0.73957743665529196  0.75040234030147468
  0.76110902619108589  0.77170693994212392  0.78233345811590937  0.79272023262252345
  0.80299573240028577  0.81299057083106796  0.82312241025894273  0.83335917875050602
  0.84356435217735215  0.85381739920904021  0.86464008377563462  0.87585919254239908
  0.88748788937774281  0.89817056228427128  0.90854470546777677  0.91838627335234235
  0.92870372250854316  0.93902354949630096  0.94956755594117426  0.95997205890668469
  0.97046122678239610  0.98104631323633396  0.99145133009721564  1.00000000000000000
 -0.00233781041042462  0.01080349045373426  0.02208626801596988  0.03304940320093398
  0.04390789550430416  0.05441337263617754  0.06466084355811377  0.07451558975105572
  0.08420576159413753  0.09398639101516396  0.10379158159376205  0.11399404221052130
  0.12429868402215150  0.13461081288104346  0.14480671279124196  0.15484398094244700
  0.16473044911407636  0.17442870981902395  0.18401123868232877  0.19388311285587934
  0.20404723258044222  0.21466420212367410  0.22578248290166283  0.23700778912063583
  0.24815879681125932  0.25913550333730828  0.26995252970058109  0.28056899976416433
  0.29084648478016278  0.30114992210722907  0.31159713600273503  0.32200751597661631
  0.33245526801135128  0.34295726659324643  0.35363443352456014  0.36458890579499853
  0.37579471700110217  0.38684975978946073  0.39771131220616457  0.40869140186333675
  0.41975082486137461  0.43060703781660414  0.44166222364704499  0.45305786789644331
  0.46463096378439023  0.47626195073814714  0.48838083452301229  0.50078995932528314
  0.51227267934835874  0.52335816376366529  0.53403572063822236  0.54458500473404436
  0.55473130626930267  0.56499856580178809  0.57536382806213904  0.58555062050857243
  0.59529191253162494  0.60513796201582781  0.61563989712977585  0.62628631109753252
  0.63714578033127278  0.64810569596379120  0.65927235720835398  0.67046463677038604
  0.68139675171400238  0.69208617467339373  0.70233779736669988  0.71235773040971018
  0.72237332669267840  0.73285269342231962  0.74359394300279702  0.75449768529816230
  0.76557277182894168  0.77655447133490119  0.78758738044949550  0.79788064147464077
  0.80792595257919542  0.81799358673959932  0.82798421084782337  0.83823963857253758
  0.84846093527838240  0.85847573880239869  0.86861805849298912  0.87861141207962634
  0.88819442547429173  0.89791675919097391  0.90760690827327306  0.91750361130308622
  0.92702265771584558  0.93641773870203382  0.94624085429575755  0.95655310617271294
  0.96732663406404740  0.97819772780251135  0.98910581052822855  1.00000000000000000
 -0.00269987002876175  0.00998664099292514  0.02102153470095124  0.03199925693711941
  0.04328642700029120  0.05442780479574828  0.06523848474853290  0.07560586322418568
  0.08575777163552287  0.09573151688998269  0.10568124514761242  0.11531825789699926
  0.12507840978043230  0.13527011851184700  0.14578873766686434  0.15665491363822381
  0.16761549535831563  0.17901308995219406  0.19012748200724541  0.20092992141508267
  0.21169705362977229  0.22238442312496612  0.23313910190916892  0.24377726300755870
  0.25436848976466525  0.26494465352191221  0.27544998148436639  0.28617138152396587
  0.29688936331366678  0.30794907738733429  0.31867039427706412  0.32912445582802768
  0.33919545615662250  0.34941192279820116  0.35966568643396357  0.37024440500110972
  0.38086086039066236  0.39097419172923448  0.40103368756459079  0.41059932459499748
  0.42033490868266016  0.42999148650635488  0.43984718445978627  0.45058584491402132
  0.46107578427340457  0.47127805882218526  0.48169762692471424  0.49172667881921983
  0.50167637716054736  0.51172590669743001  0.52215689893102779  0.53317157328842368
  0.54416821452307040  0.55544941279426485  0.56680996191713684  0.57789185299213197
  0.58854786352709154  0.59916182632191273  0.60987245846156113  0.62081524713904557
  0.63199521755971300  0.64308054909110457  0.65392114919319944  0.66472238370411085
  0.67576433010796255  0.68683494799818601  0.69790711225418844  0.70907943795230632
  0.72022865975958672  0.73148714364704781  0.74211154565399196  0.75272627756738097
  0.76260198582429639  0.77305581770912268  0.78321731941741890  0.79325203372926612
  0.80298315014586519  0.81296907512691363  0.82338802400381950  0.83377987991374636
  0.84374434556307820  0.85348649027351298  0.86318089119424368  0.87352430375894297
  0.88425016753409458  0.89505166533239144  0.90563424497611256  0.91610424001988267
  0.92659692283658612  0.93695565785671897  0.94710465095392704  0.95727333164326067
  0.96753773174148483  0.97801168858029641  0.98896759600915107  1.00000000000000000
 -0.00212789513755074  0.00914032900820693  0.01902807243495272  0.02935790773570549
  0.03985500950169063  0.05023832282742408  0.06026892304591906  0.07032852509558694
  0.08067724624048196  0.09129156303901993  0.10146254117284348  0.11162128889616524
  0.12195132372824309  0.13252865993337090  0.14272554156229203  0.15260220945837791
  0.16231887995663280  0.17216970628835626  0.18214385380986398  0.19252565763850144
  0.20300365382151925  0.21370605805157458  0.22463393284381752  0.23541723653110547
  0.24617205990919969  0.25705063792279098  0.26828780800205043  0.27938773292568031
  0.29016094175289209  0.30066783540739511  0.31125218873561594  0.32159766620044095
  0.33206686737752972  0.34253194230600148  0.35334680654139178  0.36476636817044705
  0.37626504377727621  0.38789894310525441  0.39904326003843277  0.41021696215247677
  0.42108276303570957  0.43165851451771275  0.44200291376119311  0.45214096669890996
  0.46238908569133613  0.47282518984191901  0.48342326990301404  0.49381626660128730
  0.50405676220104878  0.51413578023015372  0.52397394659283236  0.53338514296095207
  0.54295768193100269  0.55316092470924938  0.56386209314660229  0.57444216131630310
  0.58492070265061724  0.59539056751824349  0.60565586525696935  0.61591628661321385
  0.62657090528214032  0.63729716935301761  0.64749085955553520  0.65754425173193942
  0.66770262716692808  0.67818307101675857  0.68871302087778263  0.69932261619933589
  0.71061039107015045  0.72246083077021017  0.73423184232361660  0.74533521025009097
  0.75612990446981221  0.76696054331919383  0.77752787946726132  0.78828875034163437
  0.79921543091676228  0.81012309861097009  0.82097174213613888  0.83161283962651578
  0.84241086655297048  0.85355638196393069  0.86481421508191314  0.87572623758536783
  0.88587345165586429  0.89578653410327336  0.90574720360023597  0.91582410395612135
  0.92629711571809148  0.93688317450797742  0.94760364736506286  0.95784633929459073
  0.96820550100417813  0.97903155138984166  0.98975704951793397  1.00000000000000000
 -0.00224801636749672  0.00938056544823742  0.01928602191671654  0.03020951086409782
  0.04115646751627656  0.05316303633130148  0.06485436600420234  0.07619797541398371
  0.08704470392034859  0.09692415141405025  0.10659691536584195  0.11652515709667238
  0.12659226364040807  0.13709202466481671  0.14757187593519377  0.15896336115719639
  0.17044831466970722  0.18124014239425976  0.19188725995924316  0.20252586859956692
  0.21280192017016325  0.22269833644043580  0.23265508869107507  0.24277100288122586
  0.25327536833973358  0.26413152983179305  0.27492180438420455  0.28599905783700313
  0.29666391779143059  0.30719206170360080  0.31749880744051556  0.32780929465439196
  0.33825148224848872  0.34880375914471018  0.35968053481854101  0.37063730845894538
  0.38125881555070085  0.39166319009100009  0.40174448749931113  0.41220798325682689
  0.42286071775518574  0.43399720698449429  0.44529078480330625  0.45668206862659910
  0.46797884791835559  0.47918767061659806  0.48994040041386105  0.50021947997709193
  0.51049988688632020  0.52098783170104501  0.53170658751235322  0.54236066101363223
  0.55319703136092169  0.56397307575084044  0.57466683897632043  0.58585963727759505
  0.59780452681702601  0.60972141753289422  0.62083209137035911  0.63121832631713659
  0.64121965422718130  0.65096827291342596  0.66075818516571516  0.67074779394536466
  0.68063835800747952  0.69061641207655233  0.70009125102049807  0.71010521594928078
  0.72017345805572208  0.73016839869390660  0.73985836040875286  0.74997217774017955
  0.76110407781399814  0.77237607822060950  0.78324565688864822  0.79362727115633358
  0.80409447968171399  0.81444948634161962  0.82459796330938329  0.83468380904930939
  0.84506136550446120  0.85549327956609811  0.86549105132601789  0.87564595149361180
  0.88616178394945422  0.89650886808444519  0.90625976436435096  0.91603449479711119
  0.92643367307295288  0.93676201644650359  0.94715376837006404  0.95777279139535210
  0.96862542406489505  0.97925232363001447  0.98954745674134970  1.00000000000000000
  0.00108992878278524  0.11260428317929036  0.16833421456822856  0.20748111203025849
  0.23893203601650373  0.26555630916948136  0.28900144202052008  0.30983276323670778
  0.32887184812561776  0.34678994191333906  0.36416139215477800  0.38042102472075501
  0.39542909854715003  0.40983394860077321  0.42402420117025408  0.43773354329812264
  0.45094301676883503  0.46368745032550290  0.47618457774680090  0.48825973144362639
  0.49961321918940865  0.51053083263598553  0.52105905470434599  0.53137916749769476
  0.54139952330752739  0.55105079543283131  0.56043414700115057  0.56952770368568206
  0.57836651560890595  0.58709708915771552  0.59554477490445645  0.60390870858578216
  0.61226203471944740  0.62063225090155627  0.62896212229318504  0.63723167545278969
  0.64525778160352232  0.65303291451812628  0.66053928792115990  0.66806225929224861
  0.67546723958635246  0.68277311888460157  0.68993105345612116  0.69699894491376035
  0.70410165337071273  0.71125321994910895  0.71846600474357125  0.72561107508261180
  0.73259423482228758  0.73966742725833323  0.74662821111157818  0.75332602327244735
  0.75976732137207881  0.76616526498830528  0.77251288226299086  0.77865010277204116
  0.78459150023801605  0.79042787696538097  0.79616842116561048  0.80191257801628568
  0.80764895761890565  0.81337523272485324  0.81885034202612894  0.82447580581548219
  0.83011597500311374  0.83581494039331028  0.84159781385656141  0.84742782665645489
  0.85315032027875193  0.85881023191680017  0.86448096619799542  0.87005509797700475
  0.87557877902233028  0.88089929215804985  0.88601007376889485  0.89096829255784682
  0.89607320865859696  0.90115405032759899  0.90633472479820765  0.91156413616070586
  0.91679761937278592  0.92205954982718885  0.92734462123910755  0.93264058553105933
  0.93785363312724290  0.94298148976967211  0.94808911958922337  0.95315016037069400
  0.95816065175702059  0.96313383301467903  0.96805919817371278  0.97294897682774006
  0.97778555199640016  0.98214828401613252  0.98479767327412948  1.00000000000000000
 -0.00243882171419350  0.00949782629805110  0.01931959250512176  0.02966244810275743
  0.04036334681020767  0.05146267466870930  0.06300782795630125  0.07342841616885765
  0.08388013539767741  0.09373513912277814  0.10366744283993919  0.11364475156324490
  0.12369931348061462  0.13371165879674440  0.14366583350801232  0.15407700889390752
  0.16451463787490112  0.17549963400901841  0.18636410402655990  0.19740954791111798
  0.20829903749056886  0.21904717193456064  0.22974184270857076  0.24064971374368421
  0.25148481335848316  0.26310938356938479  0.27370515814243512  0.28406162729965900
  0.29387105190080087  0.30389980663590282  0.31424305783488676  0.32486930679933984
  0.33581013544630484  0.34642830558122384  0.35707383039007001  0.36778491998147234
  0.37820218086414570  0.38847279519200839  0.39862722991172211  0.40873735401148131
  0.41888348182595248  0.42886113016569916  0.43916898891570993  0.44946194800995942
  0.45994296917124272  0.47047358185120164  0.48143048074056605  0.49264890551524643
  0.50370480219790348  0.51470637214374604  0.52642246843354379  0.53801097840325274
  0.54901898122965509  0.55932451780788717  0.56931811055103065  0.57910645108842307
  0.58908690654572615  0.59956629147781781  0.61058353116848674  0.62136116737748437
  0.63243800430962183  0.64347981872496840  0.65451478842955402  0.66524480361509553
  0.67597097173613341  0.68684704790152651  0.69789301177148444  0.70869754181341271
  0.71908247583463603  0.72933277071050862  0.73976378516222885  0.75025658246017746
  0.76072127834400982  0.77104017142879266  0.78137736724319218  0.79169914896856730
  0.80217502764127802  0.81282517594277359  0.82345295523669382  0.83397116052297449
  0.84472610888345978  0.85564498493786578  0.86617109027499717  0.87663851529887749
  0.88735808768595326  0.89814724046804761  0.90834964926641271  0.91812541030110806
  0.92800369729253029  0.93834516174084337  0.94905735256304768  0.95933031059359575
  0.96939085088906596  0.97925767333775016  0.98966487548839477  1.00000000000000000
  0.02473497441852044  0.03221391252641072  0.04133616709420930  0.05065912295920531
  0.06001316543761219  0.06911242343708597  0.07815602513057275  0.08721258224769224
  0.09653163327555807  0.10610048686516561  0.11569191150369747  0.12511730602801074
  0.13473005512618466  0.14453281357421419  0.15434629352054519  0.16402511071956336
  0.17333069679166033  0.18258993601596055  0.19228403459987606  0.20257402079870265
  0.21295459888225310  0.22362270536586357  0.23454238528664886  0.24541862980985929
  0.25565927483903139  0.26546536585305736  0.27521085290498842  0.28516372318806144
  0.29561424512903961  0.30644527776987701  0.31787825855915569  0.32877037427930761
  0.33927310301186347  0.34949196043769254  0.36036051832697824  0.37210601371690516
  0.38356778532417890  0.39427480466070175  0.40482074346576236  0.41532177977560453
  0.42549072598895937  0.43550163891976124  0.44583986058624281  0.45606816008789036
  0.46638408220137778  0.47623093819941148  0.48644807043953153  0.49667837720039110
  0.50740915169709455  0.51811233824904646  0.52850528173014955  0.53872413800568353
  0.54880953834377466  0.55929469174371482  0.56932973730341951  0.57924177455881409
  0.58898591796096900  0.59861484170930002  0.60855184756584912  0.61855429590568145
  0.62876852536003824  0.63909703974042986  0.64970186250315087  0.65994621113798468
  0.66991116851870958  0.67946106999006772  0.68933064655098586  0.69873398330616754
  0.70833152854806736  0.71772199694394745  0.72761881293868846  0.73747391519940153
  0.74754850630620406  0.75782680610055053  0.76807083000252185  0.77879527424039008
  0.78914915875520841  0.79894416592534956  0.80844080169271559  0.81800088660934445
  0.82806124988266994  0.83819965980207878  0.84754180489878050  0.85709537134894487
  0.86632277273650993  0.87613468026721986  0.88646816601241063  0.89706646943182466
  0.90782538400551471  0.91864906336812835  0.92981201638426081  0.94095203027535868
  0.95249433859344401  0.96308666491962069  0.97141143500391947  1.00000000000000000
  0.10558111876629869  0.19590414831787570  0.22660604088298239  0.24558855164836732
  0.25949685937168687  0.27178245662021466  0.28253319732348092  0.29269214838232455
  0.30207631784846939  0.31106613871912758  0.31938190766936525  0.32765657098145928
  0.33565528719453069  0.34316561541795043  0.35031681999177883  0.35691818885671101
  0.36323121701981159  0.36932409272521649  0.37528950603787475  0.38118493784304575
  0.38707734407342559  0.39309319944661941  0.39895194237740050  0.40455971691673331
  0.41014589897207809  0.41559392388888233  0.42096877758424306  0.42632520240996802
  0.43170743639936371  0.43719613749048614  0.44274070612157140  0.44833379881949037
  0.45391080643769571  0.45959811711425308  0.46509876735480132  0.47046854944480720
  0.47561161535133128  0.48097503729542057  0.48651479051076829  0.49206717087273560
  0.49767528554719254  0.50339042114092669  0.50916910445735464  0.51498997087762588
  0.52079512850401488  0.52654055087162288  0.53235795549623488  0.53826191328789408
  0.54383675584379776  0.54914834224683018  0.55444438756016423  0.55977897303707369
  0.56508355963501045  0.57034603913914306  0.57568410466698561  0.58109899158358846
  0.58657998584191662  0.59205702059724907  0.59749485570500815  0.60292051793309276
  0.60847307721091426  0.61418369426057218  0.62006060361490967  0.62624078067749245
  0.63277848248947377  0.63941309120506606  0.64597609686194646  0.65239998750412576
  0.65877770141482495  0.66545654286911482  0.67236689109002590  0.67945466840425139
  0.68647217251196624  0.69329723370614094  0.70008467071374547  0.70704969468833412
  0.71436155379076371  0.72189751307827343  0.72961082574098990  0.73761006051102229
  0.74574232007253816  0.75389085524690824  0.76215674654614840  0.77050448163453866
  0.77897916203325279  0.78782439213505495  0.79749666096893057  0.80771824207326126
  0.81851395882537770  0.82998307584478603  0.84169508744508292  0.85420712336182669
  0.86795255498016333  0.89124757174003910  0.92679180104902481  1.00000000000000000
   8.8865388759763892E-018  -1.0000000000000000     
 T F T F T F T F F F F F F F F F T F T F T F T F T F T F T F T F T F T F T F T F T F F F F F F F T F T F T F T F T F T F T F T F T F T F T F T F F F F F F F F F T F T F T F T F T F T F T F T F T F T F T F T F T F F F F F F F T F T F T F T F T F T F T F T F
  <DiscreteSampler_grid>
  grouped_processes
  1 # 1 for a reference and 2 for a running grid.
  10 # Attribute 'min_bin_probing_points' of the grid.
  1 # Attribute 'grid_mode' of the grid. 1=='default',2=='initialization'
  0.0000000000000000 # Attribute 'small_contrib_threshold' of the grid.
  0.5000000000000000 # Attribute 'damping_power' of the grid.
 # binID   n_entries weight   weight_sqr   abs_weight
    13   10   2.580575168647899E-008   1.121988653974128E-015   2.580575168647899E-008
    14   10   2.580575168647437E-008   1.121988653973653E-015   2.580575168647437E-008
    16   10   3.111255979467172E-008   2.039171476587689E-015   3.111255979467172E-008
    17   10   3.111255979467180E-008   2.039171476587680E-015   3.111255979467180E-008
  </DiscreteSampler_grid>
