  0.00000000021922473  0.00000000063107221  0.00000000090869529  0.00000000116232322
  0.00000000140547238  0.00000000163279556  0.00000000185058783  0.00000000204926131
  0.00000000223578742  0.00000000241862824  0.00000000259943457  0.00000000278878675
  0.00000000297001044  0.00000000314818123  0.00000000332315938  0.00000000349835839
  0.00000000367105182  0.00000000383718325  0.00000000400260731  0.00000000416926010
  0.00000000433342678  0.00000000449714875  0.00000000465745958  0.00000000481839367
  0.00000000497830487  0.00000000513604323  0.00000000529359081  0.00000000545007636
  0.00000000560291676  0.00000000576023027  0.00000000592460184  0.00000000608858351
  0.00000000625133388  0.00000000641547520  0.00000000658023045  0.00000000674569081
  0.00000000690916899  0.00000000706438474  0.00000000721787652  0.00000000737146789
  0.00000000753646456  0.00000000770164842  0.00000000786583176  0.00000000802670464
  0.00000000818441334  0.00000000834175127  0.00000000850058777  0.00000000866213611
  0.00000000882398651  0.00000000897946219  0.00000000912885421  0.00000000928114086
  0.00000000943650619  0.00000000959406011  0.00000000977387110  0.00000000995883240
  0.00000001013933378  0.00000001031329472  0.00000001048262523  0.00000001064970963
  0.00000001082020150  0.00000001099993948  0.00000001118460974  0.00000001137170364
  0.00000001156182555  0.00000001175253754  0.00000001194120529  0.00000001212987950
  0.00000001231895812  0.00000001253300718  0.00000001276335526  0.00000001299708154
  0.00000001323971281  0.00000001348578599  0.00000001374375514  0.00000001399752654
  0.00000001425188971  0.00000001450784391  0.00000001476427931  0.00000001502108983
  0.00000001527966947  0.00000001554372914  0.00000001580641648  0.00000001616141623
  0.00000001653863806  0.00000001694417455  0.00000001735844885  0.00000001779544972
  0.00000001826148290  0.00000001877513986  0.00000001935841808  0.00000002002418937
  0.00000002090264916  0.00000002258220124  0.00000002362050772  1.00000000000000000
  0.00925789371169526  0.01607587244612600  0.02612716421132123  0.03761398855888066
  0.04894492351726824  0.06000040575016124  0.07132901659598198  0.08249568711346464
  0.09459601312039304  0.10625382230068998  0.11788217481338059  0.12896616725350343
  0.13971024342091143  0.15023792341556513  0.16060433964344459  0.17142106079792416
  0.18276592049523907  0.19440054943359211  0.20666576275393050  0.21823535720600104
  0.22967540340598797  0.24124215055768025  0.25271020484168660  0.26376724925443940
  0.27446879399946361  0.28452009740845496  0.29486515496438981  0.30558194072938882
  0.31568038529722492  0.32540810205988796  0.33518446222830889  0.34590500681318165
  0.35669149405164852  0.36608974562593405  0.37580183411836454  0.38508240195143129
  0.39460578193855678  0.40380222295499019  0.41302324750199809  0.42207144692186749
  0.43137925955014134  0.44072663376131260  0.45044666176660059  0.46017354456695919
  0.47033714312196429  0.48081614819253909  0.49140701241561285  0.50160224885392179
  0.51177771995103905  0.52206933255442212  0.53263347259054028  0.54279881946235697
  0.55200087595271796  0.56129761669735057  0.57048550412791388  0.57999904383124945
  0.58967742321712313  0.59973597970411308  0.60988646460001350  0.62056487880685385
  0.63105445085065992  0.64175013580091989  0.65267740454754053  0.66371105936007413
  0.67419564933021237  0.68383015076382325  0.69374084396507651  0.70375834348695587
  0.71376969968981707  0.72335307179346209  0.73327377863072141  0.74350105847956405
  0.75401852391991164  0.76448279673916419  0.77516909407975276  0.78635490851955503
  0.79726125205620435  0.80783949299248625  0.81842573237826732  0.82855412245876892
  0.83817196542886008  0.84709597029619699  0.85578664209485011  0.86505594829037624
  0.87503495858877867  0.88591390029043326  0.89684713519721504  0.90784922838775750
  0.91838160234047428  0.92911056427642569  0.93961594741576404  0.94994070802042829
  0.96002337953303707  0.96997582295369478  0.98062905776871034  1.00000000000000000
 -0.00246167284553188  0.01018036467433745  0.02145846289170924  0.03280854432983984
  0.04454794117101431  0.05584292353635345  0.06650612700116959  0.07678764701390142
  0.08769105258352966  0.09921197054665636  0.11063500517581415  0.12163503314451855
  0.13253872821652149  0.14358477353984744  0.15483771997886200  0.16555323293942231
  0.17577476680602672  0.18626149582457585  0.19775341272259811  0.20925773071653747
  0.22034003532834462  0.23084560591806261  0.24092457705034856  0.25119304873904663
  0.26167169645135824  0.27259576912560052  0.28322019865816694  0.29426338213781195
  0.30588436265250096  0.31793872777214471  0.32933989143778275  0.33986955605793795
  0.35001152879779440  0.36057528381938120  0.37182639802765799  0.38309805785157980
  0.39378999665259729  0.40414756340801050  0.41427263553212240  0.42454628602849298
  0.43479943708578517  0.44467573622939460  0.45409648952692633  0.46407980883708644
  0.47439061503037988  0.48565240469295801  0.49691496938754909  0.50821071939391838
  0.51923136555583405  0.53027994822950086  0.54098807528699222  0.55102354158612499
  0.56088384533660640  0.57125682606121730  0.58180186700524017  0.59268340474236392
  0.60358585036700774  0.61505250712918791  0.62673100383577030  0.63859278762667948
  0.64991566695188330  0.66060912601797517  0.67110378055093911  0.68134435052681397
  0.69102206814332234  0.70028016551814365  0.70962487493882676  0.71946467840687911
  0.72930043429531177  0.73876844041423750  0.74804047515502481  0.75817965414271438
  0.76813174403531570  0.77767893541501643  0.78716120057599714  0.79764519267394751
  0.80858910361489233  0.81915712235740912  0.82924996242763582  0.83913277486316906
  0.84887351609066353  0.85847084766599424  0.86781262746405385  0.87725286434051009
  0.88730237177931359  0.89772762691857644  0.90775705977977716  0.91698726510339723
  0.92608281596027664  0.93534502352366544  0.94510525000527990  0.95488906140089114
  0.96504899943009348  0.97591237114820828  0.98781683046891389  1.00000000000000000
 -0.00238777341572206  0.01019141137704200  0.02137055181950736  0.03225661141409092
  0.04291282792583336  0.05336648959417807  0.06341717617347808  0.07356103852089553
  0.08383784032766449  0.09447761977068443  0.10477235239869186  0.11481817531668534
  0.12561933759969379  0.13691462188550152  0.14756063853545986  0.15712318737337430
  0.16687759020392842  0.17725627872202454  0.18771683292926530  0.19780541041286712
  0.20764822264135277  0.21770370515108986  0.22826792007048569  0.23904879688692721
  0.24973031484440408  0.26042670985130684  0.27146382993648849  0.28274994286563776
  0.29322240094160207  0.30329817659071934  0.31351325436513477  0.32408028655394178
  0.33477858205913863  0.34534435372032957  0.35622938636851043  0.36716321775236616
  0.37834602543692297  0.38998021183480508  0.40121163602744925  0.41238515837493711
  0.42339421176851688  0.43407618153618005  0.44495382961174418  0.45573239427942114
  0.46641003503746947  0.47701829254062456  0.48782188998780046  0.49896775412669786
  0.50987079624576792  0.52032193672402249  0.53036602761572049  0.54048442411218967
  0.55109278747403201  0.56176082178759423  0.57181458725282996  0.58146718400149111
  0.59139044239252347  0.60175721428565454  0.61248657665166939  0.62310054638035561
  0.63371058765053179  0.64409015108713075  0.65404744460975428  0.66376534438128376
  0.67349077033529314  0.68347613231887816  0.69386540449691558  0.70430155703617137
  0.71495117769932781  0.72604452677680875  0.73650381096114226  0.74619125373323514
  0.75565732762545235  0.76578804151670310  0.77641305275530548  0.78710152945877165
  0.79748191439758875  0.80745212223117924  0.81718542308767472  0.82670400091663054
  0.83654329831963303  0.84617589606845844  0.85555860137640050  0.86489760644378511
  0.87471410862218590  0.88554038893100362  0.89721315407375568  0.90923468619314052
  0.92130033028577629  0.93346405596526949  0.94482840019183523  0.95618515835568840
  0.96731428167884204  0.97887327817109659  0.98949028985462906  1.00000000000000000
 -0.00241910116718743  0.00984675119369619  0.02009165142480098  0.03083601004202493
  0.04183140874242353  0.05449490234624330  0.06705323976759002  0.07949761772160512
  0.09109711162714336  0.10228979918599516  0.11344541791620211  0.12418781577741057
  0.13418259421238582  0.14388527347588051  0.15366082539394207  0.16355648135829640
  0.17343679025285155  0.18356335412868885  0.19430332849190171  0.20532822998714101
  0.21611212749442241  0.22646586595792412  0.23825086200590517  0.25009267682730868
  0.26145581972935916  0.27268837390159817  0.28366001230992705  0.29419334243873618
  0.30468079137284831  0.31571158559543011  0.32723966134573601  0.33870087549532979
  0.34990715468640893  0.36073246942965842  0.37105121370820049  0.38093511685400488
  0.39067204883649548  0.40110986067665477  0.41206544548815038  0.42312093497923287
  0.43374188445676654  0.44407752495786562  0.45441704173715480  0.46456871598324356
  0.47411769489707367  0.48341816850711450  0.49229560306089842  0.50137331912286698
  0.51102373255584144  0.52128617315675507  0.53156039864317295  0.54202129994498383
  0.55221384798464124  0.56247689256913824  0.57288120408280385  0.58380952556800325
  0.59521762527364397  0.60691494439246141  0.61873336337145179  0.63061734952899950
  0.64241954217769659  0.65378436562872655  0.66484069734517115  0.67588209637497354
  0.68697018425836665  0.69799458660439562  0.70877396438485363  0.71923166752232526
  0.72966306745348164  0.74002191387340288  0.75031870209185347  0.76030974433723220
  0.77009903567112226  0.78001379385235525  0.78976071742777476  0.79912949995907989
  0.80832111921722793  0.81776262146674117  0.82731109243100454  0.83684321894970048
  0.84624664963013063  0.85601099404134573  0.86631736165008488  0.87638690501454686
  0.88679256450977761  0.89737327859814842  0.90843114009056281  0.91914750329828576
  0.92967493555301806  0.93988681583162170  0.95045055180895321  0.96107109559320647
  0.97146016676214153  0.98111039218382101  0.99052028249701174  1.00000000000000000
 -0.00217588609668715  0.00796960868328245  0.01735463229267905  0.02677935767737885
  0.03677883170904361  0.04712414701870062  0.05789162832171409  0.06852633342920590
  0.07909855536724254  0.08931371730763246  0.09968928388485621  0.11046245654284478
  0.12173577018688393  0.13265590187540424  0.14324788907741662  0.15379086685438520
  0.16411269730613418  0.17465088045867214  0.18522710449797852  0.19570765498022563
  0.20630104649306855  0.21700717838390371  0.22794103764747775  0.23824420185725440
  0.24825964681282792  0.25909591788599184  0.27036188400777417  0.28187007984891105
  0.29465403794576217  0.30802097986060639  0.32103783110501277  0.33342740270424109
  0.34541771853612646  0.35748839830793760  0.36941946626670569  0.38037304326526888
  0.39060852794536077  0.40058141863388635  0.41084916304073954  0.42089132601183804
  0.43061939788682452  0.44041192857003603  0.45060872890546444  0.46063886622499067
  0.47034101541975432  0.48014333182220914  0.49019152615370126  0.50027888349837191
  0.51041217715655285  0.52025548553927781  0.53120593175718878  0.54193426980404669
  0.55256744062164975  0.56312054813623669  0.57317235635222941  0.58314736128743483
  0.59265644511654891  0.60215046298466146  0.61147471539985243  0.62108380998239832
  0.63099415970386519  0.64143464263918482  0.65239574240228315  0.66385536217268259
  0.67525472065293424  0.68596517827601911  0.69588811990572053  0.70561284706230576
  0.71499777531979503  0.72542118170925629  0.73604277850114608  0.74642085173845207
  0.75617987571755219  0.76587116572952307  0.77581905612717861  0.78607041229734076
  0.79643891350472440  0.80714855734318891  0.81834838519901643  0.82974065482016812
  0.84080666804707138  0.85196611947474332  0.86329657908905677  0.87426186012285412
  0.88439797522305119  0.89400878216154267  0.90353311920358992  0.91364669999596504
  0.92457393332936932  0.93619245883617375  0.94759300821607884  0.95832371495923141
  0.96891398097859327  0.97925360585985299  0.98968254176000137  1.00000000000000000
  0.00416624332277100  0.10675970941265220  0.16147869077172594  0.20092973638818529
  0.23202749972939743  0.25651306812535696  0.27947557841053050  0.30052431741878077
  0.31945547477415687  0.33665842094420617  0.35289831975839175  0.36935660518316937
  0.38475924610262818  0.39916298368703568  0.41343506094337917  0.42698758543495280
  0.43976689931589069  0.45223300381748383  0.46509265649329035  0.47719654532918221
  0.48863976686704153  0.49972569403775730  0.51039399769780702  0.52068579723489739
  0.53047539443645986  0.53989456107546474  0.54890809924277895  0.55770091731794036
  0.56672432873618817  0.57579438394866678  0.58468900178748906  0.59352931405550402
  0.60230163585514040  0.61087045173174659  0.61943299218327907  0.62806415918057701
  0.63662938716879114  0.64514481590939243  0.65308788986820476  0.66072068292792496
  0.66822028029390534  0.67533707517415453  0.68233565539884400  0.68930685981107098
  0.69619289627781111  0.70295603084780589  0.70957669765919762  0.71597991918011306
  0.72231692265423109  0.72874852100451759  0.73531493728468389  0.74203398035816159
  0.74865609100968045  0.75521868774743306  0.76167522057681902  0.76809884888241398
  0.77456937333278730  0.78120416290616879  0.78807042874236122  0.79494199558525824
  0.80162219076131735  0.80797595722742288  0.81405197373951910  0.82001871179845132
  0.82587960200185540  0.83182881540003517  0.83720440743664848  0.84258707465108051
  0.84801680187078354  0.85353878084920209  0.85912025185688545  0.86473257173302376
  0.87042376582259540  0.87607772328703293  0.88143998553865732  0.88666003027488127
  0.89168823887999216  0.89670905232810083  0.90169664380853864  0.90680096554154765
  0.91196070203365875  0.91733190347678739  0.92291891758033295  0.92857653399509599
  0.93413898429483821  0.93949414944145049  0.94492530536614483  0.95036756989376336
  0.95585702089816993  0.96133784893733976  0.96680766431977971  0.97247223522692461
  0.97807468418923649  0.98273458117976686  0.98459976292428564  1.00000000000000000
 -0.00221559263999019  0.01028852547261257  0.02169420828549760  0.03289742671880657
  0.04345332248995266  0.05392924478046641  0.06422895683709864  0.07454107687041202
  0.08489118582770200  0.09535229502069043  0.10602215377177786  0.11678984931200254
  0.12701345801515126  0.13827568138530358  0.14908872835748468  0.15956630135158398
  0.16983000313414812  0.17999701436592178  0.19036714328042503  0.20076902340590103
  0.21149784452406259  0.22179691162727980  0.23155218967701366  0.24077254357816807
  0.25023513271018888  0.26008920378721806  0.26979974536136253  0.27961407204985739
  0.28945155189869276  0.29975662333769160  0.31008142683008516  0.32143485730454552
  0.33317342912816827  0.34555755954635736  0.35764001107896731  0.36947955701981627
  0.38097961509856032  0.39252580436273571  0.40331236822141037  0.41344196520298565
  0.42320179110022049  0.43264894574435891  0.44219135310222019  0.45259760197757631
  0.46315205967060957  0.47394436690330993  0.48409827500108038  0.49409163288444091
  0.50449146557033986  0.51464651211712897  0.52464322694610455  0.53504386127419779
  0.54559248573890917  0.55691694679093229  0.56726296211121408  0.57713478403354501
  0.58664518631492579  0.59587687586311922  0.60477738072874387  0.61442850523496073
  0.62487749644276636  0.63553413241589907  0.64617486288306569  0.65686695291591368
  0.66781027937774395  0.67867377904513504  0.68933186208461150  0.69986255046393508
  0.71017540896221532  0.72049556376114721  0.73083386725447308  0.74079186373522843
  0.75081954785624117  0.76141726860903081  0.77208029735685069  0.78291636053907498
  0.79414949349990271  0.80544024679692983  0.81641354611488681  0.82700692465882375
  0.83748676092148133  0.84806087492007032  0.85867688154889077  0.86945581934982963
  0.88009382081399212  0.89047175003405510  0.90110072248471196  0.91190068877407615
  0.92258831638145178  0.93314909772871635  0.94375570135487263  0.95494164357333300
  0.96613917245997238  0.97774843440631465  0.98874458997801951  1.00000000000000000
  0.02465589984321929  0.03182114095442658  0.04057083312708289  0.04913986060052525
  0.05798066524546076  0.06756079217054213  0.07744278889632408  0.08750386901982421
  0.09820816438070694  0.10905715087733647  0.12002344972036715  0.13055832715916574
  0.14132562463621628  0.15234781539358094  0.16363955478069478  0.17461352911394301
  0.18521953222031043  0.19516742388178010  0.20484243430241264  0.21479495271036556
  0.22506103542908368  0.23506318667311116  0.24492507357655846  0.25496071235968204
  0.26524609973434132  0.27528238422573409  0.28504133784467806  0.29472491411414514
  0.30464080924538517  0.31452628379781894  0.32431684957587553  0.33413400694348055
  0.34403919842134839  0.35400385134859180  0.36394004714374550  0.37408433524003082
  0.38454691046248518  0.39541704949945711  0.40677864846305700  0.41801194266683467
  0.42872716014056517  0.43913677943404145  0.44933292724707113  0.45967629463850307
  0.46993495411848857  0.48012008369844034  0.49023517617454893  0.50034450188429203
  0.51062224262015887  0.52081640329543177  0.53072974477807044  0.54057549488649381
  0.55013788365869498  0.55958171775202059  0.56899426677738729  0.57864362677521775
  0.58812353801360917  0.59751559870490134  0.60681812973115146  0.61636207643473306
  0.62623127386198929  0.63620332213838093  0.64620018478063601  0.65643710495403862
  0.66704728139588798  0.67800298614839150  0.68845411332028417  0.69890316109393680
  0.70917880459548255  0.71935551268582865  0.72944591086862332  0.73962225654541325
  0.75005461551386043  0.76094356608167724  0.77122123255407249  0.78154779032047561
  0.79176864433612648  0.80244650668898132  0.81278650520481843  0.82300407051220437
  0.83318702324115024  0.84369322067451968  0.85419064003737832  0.86501015868068298
  0.87591466197430889  0.88651878779127058  0.89661495065647734  0.90582054789644240
  0.91483355970049118  0.92408071164663852  0.93373259712415579  0.94367653214318725
  0.95415394414387611  0.96460251199794966  0.97110185961825790  1.00000000000000000
  0.05049046525107071  0.19435022580821315  0.22431833428470371  0.24208770194284607
  0.25660608872491386  0.26916827622892686  0.28098737664613455  0.29136967871080860
  0.30088606320847022  0.30963374713629671  0.31783823984635490  0.32562305442889311
  0.33286265038932994  0.33939603170822269  0.34557647697375643  0.35198495257257534
  0.35807811797802103  0.36381926639929418  0.36935060470820147  0.37468848674156813
  0.38000662907103655  0.38543432442222630  0.39092521688514575  0.39639832477023901
  0.40177311662298060  0.40687666078592244  0.41190260945478752  0.41698453469072599
  0.42219815175792758  0.42752537290633064  0.43299401814853705  0.43855238652282624
  0.44419223565856281  0.44995008392449287  0.45564586000582397  0.46126506888596969
  0.46670505105185933  0.47214287716829423  0.47755164565575720  0.48263451742796948
  0.48769320719040310  0.49277914387980737  0.49803549996403867  0.50348747480235434
  0.50897319209490022  0.51439799264004371  0.51977935446552181  0.52522006886420491
  0.53084796271955703  0.53659531966232166  0.54235895172113935  0.54809060044497748
  0.55369836042547127  0.55938810946903528  0.56516973644318991  0.57106085005740082
  0.57701165711976232  0.58317588081009597  0.58958329461294334  0.59598770658723144
  0.60230080098143579  0.60860850852914428  0.61480370784979832  0.62095592922448994
  0.62728289833107231  0.63386583654551487  0.64072050517418377  0.64769804774716622
  0.65472845098782739  0.66185536215137730  0.66916085911787615  0.67676973007047470
  0.68443995504393895  0.69192259490285091  0.69947062280372674  0.70734359648659528
  0.71500153456820104  0.72295601740525683  0.73128046219730325  0.73955843535515520
  0.74787098322364076  0.75665917743981170  0.76557874011444949  0.77418490447600175
  0.78315767617346543  0.79224680269224457  0.80147783399398087  0.81105194947792325
  0.82165978472550560  0.83306200500475469  0.84521336320037255  0.86015241044044466
  0.87842266230994803  0.89932718131180567  0.93376308000242869  1.00000000000000000
   1.9842536197039685E-039  -1.0000000000000000     
 F F F F F F T F F F F F F F F F T F T F T F T F T F T F T F T F T F T F T F T F F F F F F F F F T F T F T F T F T F T F T F T F T F F F F F T F F F F F F F F F T F T F T F T F T F T F T F T F T F T F T F T F F F F F F F F F T F T F T F T F T F T F T F T F
  <DiscreteSampler_grid>
  grouped_processes
  1 # 1 for a reference and 2 for a running grid.
  10 # Attribute 'min_bin_probing_points' of the grid.
  1 # Attribute 'grid_mode' of the grid. 1=='default',2=='initialization'
  0.0000000000000000 # Attribute 'small_contrib_threshold' of the grid.
  0.5000000000000000 # Attribute 'damping_power' of the grid.
 # binID   n_entries weight   weight_sqr   abs_weight
    13   10   1.940085576095332E-029   1.662030250191277E-057   1.940085576095332E-029
    14   10   1.940085576095226E-029   1.662030250191070E-057   1.940085576095226E-029
    16   10   1.641743314396082E-029   9.215140786180145E-058   1.641743314396082E-029
    17   10   1.641743314396185E-029   9.215140786180111E-058   1.641743314396185E-029
  </DiscreteSampler_grid>
