  0.00000000024864352  0.00000000032708360  0.00000000040188164  0.00000000048401716
  0.00000000056868938  0.00000000066351130  0.00000000076153953  0.00000000087479204
  0.00000000100894683  0.00000000115466238  0.00000000128913035  0.00000000142195692
  0.00000000153801366  0.00000000164047294  0.00000000174652969  0.00000000186006963
  0.00000000198716116  0.00000000211416940  0.00000000224020823  0.00000000236351077
  0.00000000248249849  0.00000000259253459  0.00000000270004293  0.00000000280625823
  0.00000000292527755  0.00000000306435972  0.00000000319613888  0.00000000332130815
  0.00000000343927718  0.00000000358704550  0.00000000373064281  0.00000000388454451
  0.00000000402697778  0.00000000415331989  0.00000000427645394  0.00000000439887554
  0.00000000452293437  0.00000000464529863  0.00000000478645403  0.00000000492263279
  0.00000000505989440  0.00000000519396122  0.00000000532965723  0.00000000546353439
  0.00000000558584012  0.00000000570000055  0.00000000581616820  0.00000000593967923
  0.00000000606400519  0.00000000619480241  0.00000000632773068  0.00000000646787564
  0.00000000662926069  0.00000000679349521  0.00000000696331565  0.00000000712515312
  0.00000000728635406  0.00000000744594264  0.00000000763250853  0.00000000781107249
  0.00000000800768591  0.00000000817981417  0.00000000832864979  0.00000000847679618
  0.00000000860881598  0.00000000874063605  0.00000000889394283  0.00000000908714333
  0.00000000928613362  0.00000000948623168  0.00000000972096788  0.00000000999069310
  0.00000001027859668  0.00000001055695346  0.00000001083795884  0.00000001110718398
  0.00000001135714868  0.00000001163041407  0.00000001189450735  0.00000001219121567
  0.00000001253611252  0.00000001291325499  0.00000001330139938  0.00000001368913782
  0.00000001408918417  0.00000001453098567  0.00000001498856166  0.00000001543924481
  0.00000001594259858  0.00000001662112443  0.00000001746209861  0.00000001845319287
  0.00000001980128166  0.00000002209438742  0.00000002373277604  1.00000000000000000
  0.00681211779836482  0.02374582820381723  0.03909499107694793  0.05157771406091394
  0.06336529814538391  0.07585344159884010  0.08771140734426017  0.09865365431567914
  0.10918463461547595  0.11928980686681354  0.12889292717176848  0.13861417518687552
  0.14726968952965039  0.15447526331133118  0.16136582343286235  0.16840280056487589
  0.17514250916539661  0.18147329265899495  0.18702142476680209  0.19232570554223435
  0.19841354351208049  0.20417103541822354  0.21017430953291244  0.21903811243653803
  0.22851883653110758  0.23917214732957423  0.24890793706071290  0.25618005260187748
  0.26343345731342832  0.27157332844953502  0.27866170173327603  0.28527230027823208
  0.29218727417074125  0.30067179851814024  0.31036702397679422  0.32436245629518423
  0.33779201098074824  0.34699566508887070  0.35590893766158943  0.36382416143764978
  0.37111609273943513  0.37826196281984287  0.38578980528661144  0.39450214509520576
  0.40553284619119589  0.41789418062613259  0.42933385439595012  0.43991545876658206
  0.44951690055185722  0.45985496836782791  0.47322034504644955  0.48757210987822702
  0.50325477947862762  0.51759478309213169  0.52964944728548158  0.54051914541827584
  0.55073012858031889  0.56039342451791230  0.57015547109792419  0.58084474693360455
  0.59282573539690708  0.60547788351576914  0.61583253668405935  0.62475271391039322
  0.63297549399092490  0.64103806296610510  0.65445664913836255  0.67023163771291228
  0.68497882563608192  0.69822399757321818  0.71081809050670997  0.72264239795209162
  0.73299640249329290  0.74237135374229568  0.75190977768707679  0.76132037648925877
  0.77072091937603471  0.78030375721033485  0.79081835395509636  0.80515205156616698
  0.82183196380005830  0.83605810347575671  0.84989625387020939  0.86320869934666056
  0.87570222307078294  0.88700277973329200  0.89739308532350792  0.90744942278922491
  0.91709145448695795  0.92692391501562321  0.93712314839673894  0.94816601097893127
  0.96010242981753025  0.97313600773597064  0.98666211191911846  1.00000000000000000
 -0.00000016777741428  0.00007255004244016  0.00057794599292881  0.00174733136987567
  0.00341624765763312  0.00582560564668545  0.00912318174063761  0.01250889554590416
  0.01660867229055847  0.02129444644761586  0.02541494287984596  0.02925685681240619
  0.03365905400189202  0.03921314885017896  0.04584839470114187  0.05267010421194372
  0.05982931882607316  0.06723596176096278  0.07524730252634376  0.08421165718288141
  0.09372246399776542  0.10314033204416927  0.11278234668242809  0.12273692182100390
  0.13305383151024575  0.14408961014483673  0.15485893446717486  0.16625221481341368
  0.17843760509614340  0.19088094083295348  0.20306871433632889  0.21491798068708567
  0.22707156032315692  0.24019974993858245  0.25319400234267014  0.26449948813358082
  0.27473997472241207  0.28518491127633089  0.29563587304617578  0.30873647085108313
  0.32237364418938225  0.33555652264950658  0.34879500834335814  0.36139625138935322
  0.37282534252654648  0.38344669057419251  0.39332749223135310  0.40313227703062982
  0.41238241585895202  0.42134067183130453  0.43080269227498125  0.44075580377346485
  0.45076569150168139  0.46185263180771796  0.47458296738205480  0.48765661549654465
  0.49993008982989962  0.51179814249980338  0.52353603522893222  0.53433827317874971
  0.54437720404260315  0.55657331278938793  0.56815533456008294  0.58024105445375884
  0.59306709604140662  0.60678733805974139  0.62064818600634242  0.63360099387011992
  0.64569677256605584  0.65688684956571919  0.66852052444074550  0.68131784751224567
  0.69446378046658941  0.70752840912580239  0.72053696738255035  0.73373432622434664
  0.74675840863631104  0.76003036963042070  0.77367983168532117  0.78728925092680224
  0.80097318072796464  0.81515755604369355  0.82987613046836473  0.84518371018017213
  0.86126331212141105  0.87870707122836944  0.89590705469289855  0.90891859536355168
  0.92107172323483077  0.93226993473316022  0.94354068889202025  0.95520647599825237
  0.96615490543073945  0.97693549796001589  0.98852981186036426  1.00000000000000000
 -0.00400529273930351  0.01377841133779167  0.02616462134785440  0.03695484275001306
  0.04736829433718654  0.05787646907100812  0.06845526642983887  0.07871489551918578
  0.09064417890298780  0.10333712813067061  0.11542129973280736  0.12777240577627777
  0.14099290957686950  0.15540592028713002  0.16729834633457866  0.18047839212420519
  0.19258333730737195  0.20394462385939580  0.21675097993050449  0.22978995504902347
  0.24155852175210077  0.25344938063200556  0.26622393654746301  0.27870056086019362
  0.28988996353362212  0.30172239742879048  0.31313637414496498  0.32407415698264408
  0.33549136359909248  0.34788473107830520  0.36003687410016660  0.37072362376187940
  0.38140577164239792  0.39130534799677819  0.40130673845883152  0.41138347919700191
  0.42230783222742618  0.43867145923661832  0.45381132872622770  0.46998389397419454
  0.48787374622115987  0.50203241086975858  0.50907560561524334  0.51680633054895153
  0.52507048772668485  0.53400563234735976  0.54294966884788343  0.55165544900495023
  0.56010984325620883  0.57059512655749955  0.58305939573828358  0.59567818852546905
  0.60640457734061037  0.61473034999688203  0.62255230801194905  0.63160321535754749
  0.64229288331314582  0.65348517000387596  0.66398145016523835  0.67390539303656427
  0.68366351241502954  0.69330317787984641  0.70329341860715788  0.71420818280351417
  0.72544963932778950  0.73720460188280001  0.74751994677595679  0.75731842733901178
  0.76774636299716248  0.77774648320161821  0.78714470590298358  0.79450234631956351
  0.80039023894640882  0.80629575135958154  0.81198441503699503  0.81750121257770270
  0.82531101837420584  0.83427755911090862  0.84287412305408915  0.85078557279721911
  0.86262190036845887  0.87683073954221991  0.88332875182608406  0.89035670876499395
  0.89727730728537702  0.90420600955802255  0.91071364895523699  0.91694127654266377
  0.92440187450657996  0.93197578043395124  0.94369764883210483  0.96027606433547574
  0.97127330925333688  0.98055644594745484  0.98939031774461428  1.00000000000000000
 -0.00173856588335427  0.00877162310924884  0.01709749489123265  0.02514299642903985
  0.03379627031080971  0.04326070137169494  0.05468155416146984  0.06893543680707417
  0.08531819488232083  0.09925100352581595  0.10995968498887364  0.12004687251627082
  0.12952594791939553  0.13919329545702408  0.14926640581284925  0.15887073422440257
  0.16802955359361771  0.17696909583984580  0.18602070978194291  0.19700919673818743
  0.21070092954013309  0.22487396419612912  0.23433823914988042  0.24306016782179513
  0.25272652218081537  0.26111034786027787  0.26998632749505608  0.27926168991909622
  0.28929934266178192  0.29936404301847391  0.30863247923682047  0.31834412501129489
  0.32863034034775024  0.33991517509835406  0.35037688412282991  0.35741525357888226
  0.36306006537709329  0.37054853434923601  0.37809187061015365  0.38601334486655414
  0.39353712173754696  0.40113614156421756  0.40890965474236390  0.41570102486191812
  0.42771038715679321  0.44529087032181663  0.46180975932940471  0.47708214295781515
  0.49182918421519778  0.50526019458750993  0.51837468276782783  0.53033587541843286
  0.54311716509356533  0.55613219287647064  0.57049418501780547  0.58194655142574603
  0.59060629848315893  0.59882272475902765  0.60694338063852393  0.61564603654175021
  0.62492466640322730  0.63347724518678217  0.64210749245639032  0.65356985744137996
  0.66578557940145622  0.67583357075253936  0.68473603703577568  0.69335683730068787
  0.70177839960111255  0.71015425013952593  0.71844661985643399  0.72620801063995255
  0.73593705982506663  0.74912445641661929  0.76080483753492212  0.77271568763428589
  0.78427246203296985  0.79612405804300734  0.80881932012650892  0.82568083861625219
  0.83962106839132422  0.85016591660835528  0.86189651892471564  0.87274709277486562
  0.88279754957751422  0.89236080353340486  0.90186309655639763  0.91266717994626889
  0.92214913571146961  0.93242504845026886  0.94246835642404114  0.95309222659802395
  0.96483444900986381  0.97665241322845431  0.98810728440544626  1.00000000000000000
 -0.00155175896740342  0.00844951892698665  0.01488509124112879  0.02132814412628871
  0.02811341289200653  0.03474402716154322  0.04153096034281379  0.05142790503456705
  0.06470268869066459  0.07649465808153058  0.09159895869095272  0.10848395776313018
  0.12636142286568908  0.14414472693604763  0.16011682052450507  0.17200431133639230
  0.18007313726843940  0.18887834078105281  0.19662818820909467  0.20289707112537358
  0.20865318313004616  0.21479688015049325  0.22143423286710781  0.22772833194731146
  0.23657870656294994  0.24759245934248655  0.26196957974261192  0.27758663328595679
  0.29280769022700648  0.30724624472237333  0.31714664655273433  0.32368902922357240
  0.33027089250124869  0.33653495297323061  0.34253347696227160  0.34888868918967453
  0.35485356461363304  0.36109876857649287  0.36754208294089363  0.37435682488946287
  0.38363053935865782  0.39593821498116116  0.41099454994285783  0.42956140191561498
  0.44388352353033739  0.45605974659546727  0.46754580143501395  0.47924038598301710
  0.49096411622701802  0.50233517970243224  0.51399819513429379  0.52662499304959332
  0.53904178759598231  0.55098894787695341  0.56201249403563402  0.57297492649765858
  0.58360123237694750  0.59341610871993700  0.60371331479747359  0.61437096219911680
  0.62570200237903695  0.63709578338310113  0.64811427477991335  0.65888888248892385
  0.66976365711364172  0.68099323621995245  0.69351492042773422  0.70830244442554169
  0.71626677608823475  0.72482583390903743  0.73365975834282848  0.74267371285991912
  0.75250969084560715  0.76197260800124444  0.77090581474028463  0.77993303761704691
  0.78891296387727083  0.79800775979627991  0.80762924422854465  0.81806591210245627
  0.82892512449003941  0.84262180782691454  0.85526200326675295  0.86696427297083112
  0.87779470818373873  0.88746535152785144  0.89661888742831619  0.90692337323979788
  0.91806638757663006  0.92998597656618032  0.94276042277119698  0.95515409545578422
  0.96629329072957049  0.97737877396164297  0.98890471230065879  1.00000000000000000
  0.00629521857722263  0.07194172804609497  0.13244175087761484  0.16995551090516114
  0.20476757077625837  0.23348328137464572  0.25533029650036704  0.27752330223041949
  0.30127405322553591  0.32160988119844580  0.34116414292518471  0.36401856085793172
  0.38640182717310184  0.40457510305940259  0.42100753108960898  0.43734922380734187
  0.45833723553080230  0.47432963697733793  0.48771834560420019  0.49917462150190706
  0.50849667467138393  0.51719580424628664  0.52611973790418465  0.53568980163538560
  0.54451073025900210  0.55452813562601500  0.56533815296308199  0.58016541674819833
  0.59373017673214623  0.60621456818978392  0.61629017602560365  0.62551605900612628
  0.63607283099522638  0.64629973306368449  0.65681860044678342  0.66696542295667272
  0.67780993414401702  0.68768668400502098  0.69698457046126017  0.70679742820814861
  0.71680501121915363  0.72771404308368715  0.73374084256722472  0.73983766712996046
  0.74600169135287242  0.75248422737740805  0.75955522439992273  0.76607551160955334
  0.77276314549578951  0.77836916518650989  0.78383641207471921  0.78856725413178164
  0.79356394372899441  0.79946816023540301  0.80570205981850707  0.81204415848659772
  0.81793521038783623  0.82325567323167714  0.82830193789902185  0.83359263070100909
  0.83915776900377903  0.84490385055804029  0.85105800458583103  0.85733252719894015
  0.86245444768665935  0.86782998914423426  0.87344625158037914  0.87712311465666926
  0.88021168384774118  0.88387377565334668  0.88733913377157081  0.89081285738364235
  0.89440097167172705  0.89780420201848465  0.90092491554376419  0.90396533744796925
  0.90723963312956446  0.91078384484156460  0.91434985878476649  0.91759649245051988
  0.92083450007456535  0.92395941207420784  0.92716221562732049  0.93026323391527788
  0.93328914264324414  0.93643374387179679  0.94064162437994592  0.94581094946734168
  0.95155723231998812  0.95683624563136682  0.96239419994445796  0.96811499038312887
  0.97389209463950743  0.98038472387295572  0.99019236193647775  1.00000000000000000
 -0.00187546677055637  0.00747149131408655  0.01571201399219058  0.02621410524080093
  0.03741609054161697  0.05060858425928704  0.06479184249126702  0.07889332810657691
  0.09362031373135593  0.10901518450996445  0.12235190474598290  0.13334831642899070
  0.14438712914099613  0.15584922103387958  0.16663976400027697  0.17719504639884479
  0.18669324261020787  0.19595897462990575  0.20672273166036481  0.21938511637259353
  0.23139618694004258  0.24189587239749710  0.25013596323775639  0.25691050746552146
  0.26343575107642409  0.26976370758977619  0.27644436607172868  0.28373672400723138
  0.29086379221618969  0.29869170825889202  0.30713260332015635  0.31737227276889307
  0.32935491947095918  0.33920651805879976  0.34810560965775239  0.35924146328195761
  0.37118306620050395  0.38290021202819602  0.39351284045213158  0.40160816490727835
  0.40836553846597157  0.41540423321911074  0.42296073124310396  0.43153629123613058
  0.44072934720128504  0.44891690475998108  0.45675922766210864  0.46454468237639324
  0.47231501411220228  0.48086293804273317  0.49245414323666309  0.50541487892695391
  0.51667599137775455  0.52648561010504902  0.53539855123104774  0.54466538555532795
  0.55437734626454704  0.56542734090484703  0.57833215024218343  0.59171207872373632
  0.60471813904337224  0.61740155296808341  0.62852886499381466  0.63987671869063845
  0.64983352520623039  0.65758906686282959  0.66504899777140736  0.67187235376595777
  0.67853608109839070  0.68554341556627862  0.69314450862210197  0.70119487352067800
  0.70809301898365495  0.71685342510736172  0.72674346904146392  0.73663573897991619
  0.74843723168432108  0.76108724684299101  0.77413960897273171  0.78751245358607114
  0.80260647176670796  0.81750891512381263  0.83267452948965559  0.84625011239521941
  0.85681066789205884  0.86641611417188757  0.87624987439995750  0.88630425827408132
  0.89738629974691764  0.90864424473159311  0.92100027954993979  0.93370526366315276
  0.94842088141216374  0.96284619769099133  0.97851261009056911  1.00000000000000000
  0.64574935080087903  0.67020131125147264  0.69432233537916432  0.71544417410154437
  0.73361130027029398  0.75076978043821807  0.76596322474296952  0.78066399426846655
  0.79398992377204569  0.80533080386208433  0.81645175080115506  0.82819488879272929
  0.83960883051845836  0.85060436847301546  0.86074886183539778  0.87005726589159238
  0.87838212443313979  0.88603796860993256  0.89382595705119383  0.90053653229406994
  0.90576739972511378  0.91077046574247278  0.91544737058550452  0.91929103861744188
  0.92204527027831595  0.92477118598551633  0.92761787580539667  0.93050901759724802
  0.93335172779740394  0.93596933374145375  0.93826198595747612  0.94012758404494234
  0.94197627430157427  0.94374108634110421  0.94540397708733481  0.94707111658931009
  0.94870680788656481  0.95030099282689817  0.95180481768054759  0.95319096357247790
  0.95445202100074100  0.95556059922756109  0.95661351519852045  0.95763082484376350
  0.95856007162813472  0.95938258865497283  0.96016468633410856  0.96097284469667021
  0.96179504878271349  0.96252303947239926  0.96319238878700308  0.96383145714611285
  0.96445719640402860  0.96502760695143575  0.96557059730514994  0.96609533084555055
  0.96659344020078142  0.96706379403025577  0.96751679555898895  0.96795346495966283
  0.96835751394616276  0.96872493270664461  0.96904133895092348  0.96935152063961427
  0.96965311639532292  0.96994500154411256  0.97027520108589627  0.97063225886716198
  0.97197556081344183  0.98195056740713527  0.98236390268826790  0.98273595090207921
  0.98302143778760276  0.98331043079482172  0.98361182183165752  0.98392415119896071
  0.98424413116670584  0.98460294320926578  0.98497286746407320  0.98535557030676846
  0.98574825201581417  0.98618309175324848  0.98665441390596798  0.98712480314052164
  0.98766388152678963  0.98825087290971503  0.98889082139429030  0.98964498283937596
  0.99047825232617748  0.99142087500229570  0.99240823854220905  0.99347520703341885
  0.99459181739636338  0.99591715906759593  0.99764129098890797  1.00000000000000000
  0.06274441133313215  0.20370737971880554  0.22582422522124190  0.24599837324790530
  0.25685656156265740  0.26483761460136990  0.27262845219004400  0.28020625131910648
  0.28816323386972836  0.29605691313640448  0.30298368503578965  0.30946282211187981
  0.31599405192573204  0.32365664812095174  0.33223279261053723  0.33855347776072148
  0.34469539510722880  0.35114493229957428  0.35773506553344003  0.36394957785985399
  0.37216383924277724  0.38012117659441153  0.38759932304878270  0.39440526669416787
  0.40105073272551711  0.40873496472545739  0.41524771024396073  0.42091096690573249
  0.42635131323543590  0.43154473459351983  0.43667364770749773  0.44140175531424597
  0.44618171463385281  0.45128652777145384  0.45579347325222941  0.46033380321212136
  0.46454963252571285  0.46928433157981531  0.47362240596923355  0.47763523410848158
  0.48230075206305090  0.48767886782810049  0.49366669734560303  0.49945566044639517
  0.50528111585071367  0.51148605861218177  0.51784842986947610  0.52402794835830890
  0.52991909069881205  0.53537300782504360  0.54111215760302800  0.54740910574978685
  0.55424744552784433  0.56088146609371659  0.56613377345030313  0.57034197379213802
  0.57457973336556989  0.57865731129867637  0.58266265227628078  0.58656580079664833
  0.59070409681480052  0.59481521171396468  0.59906791838469042  0.60330384600104869
  0.60775515044705519  0.61209343245430581  0.61620362982346433  0.62042333245753356
  0.62529398429220839  0.63131011635122591  0.63776892669502638  0.64386834540904447
  0.64973644394906682  0.65520057586035074  0.66128679241608945  0.66824803311616188
  0.67615191648717132  0.68428441923777117  0.69166122914791484  0.69861128862429622
  0.70549666160220703  0.71228540401845075  0.71873846382405149  0.72463485989573861
  0.73071986334736871  0.73797441091863936  0.74440486708068876  0.75148158669933796
  0.75896857328098821  0.76642599213274465  0.77567923750669410  0.78815880822019513
  0.80341385948434285  0.82632767515564576  0.86603298629135295  1.00000000000000000
   7.5924310361052203E-030  -1.0000000000000000     
 T F T F T F T F F F F F F F F F T F T F T F T F T F T F T F T F T F T F T F T F T F T F F F T F T F T F T F T F T F T F T F T F T F T F T F T F F F F F F F F F T F T F T F T F T F T F T F T F T F T F T F T F T F T F F F T F T F T F T F T F T F T F T F T F
  <DiscreteSampler_grid>
  grouped_processes
  1 # 1 for a reference and 2 for a running grid.
  10 # Attribute 'min_bin_probing_points' of the grid.
  1 # Attribute 'grid_mode' of the grid. 1=='default',2=='initialization'
  0.0000000000000000 # Attribute 'small_contrib_threshold' of the grid.
  0.5000000000000000 # Attribute 'damping_power' of the grid.
 # binID   n_entries weight   weight_sqr   abs_weight
    13   10   2.921185472404430E-022   4.207397569626545E-043   2.921185472404430E-022
    14   10   2.921185472404394E-022   4.207397569626454E-043   2.921185472404394E-022
    16   10   1.963951634402828E-022   1.325826268551298E-043   1.963951634402828E-022
    17   10   1.963951634402864E-022   1.325826268551302E-043   1.963951634402864E-022
  </DiscreteSampler_grid>
