  0.00000000025086961  0.00000000033566831  0.00000000041055301  0.00000000048980384
  0.00000000056891491  0.00000000065156632  0.00000000073619072  0.00000000082515182
  0.00000000091501130  0.00000000100781213  0.00000000110275574  0.00000000119833742
  0.00000000130163166  0.00000000140558554  0.00000000150387709  0.00000000159849015
  0.00000000170356319  0.00000000180967702  0.00000000191942136  0.00000000203150446
  0.00000000214991341  0.00000000227258203  0.00000000239443912  0.00000000251584922
  0.00000000263450406  0.00000000276131817  0.00000000289068488  0.00000000301610256
  0.00000000313761418  0.00000000325689411  0.00000000337448835  0.00000000350435285
  0.00000000364249318  0.00000000378228143  0.00000000392217643  0.00000000406174786
  0.00000000419985009  0.00000000433579576  0.00000000447266212  0.00000000461729845
  0.00000000477024728  0.00000000492479854  0.00000000507753346  0.00000000522740545
  0.00000000537433808  0.00000000551738335  0.00000000565912217  0.00000000581730972
  0.00000000598240749  0.00000000614568104  0.00000000630885696  0.00000000647266668
  0.00000000663892230  0.00000000680971850  0.00000000698358814  0.00000000715754603
  0.00000000733081004  0.00000000752352187  0.00000000772558278  0.00000000793104946
  0.00000000812991461  0.00000000833015071  0.00000000853546715  0.00000000874098539
  0.00000000894471489  0.00000000914958213  0.00000000935244006  0.00000000955749263
  0.00000000979841806  0.00000001004250753  0.00000001028706423  0.00000001053401441
  0.00000001078538279  0.00000001104243667  0.00000001130606301  0.00000001157027952
  0.00000001185051907  0.00000001212775876  0.00000001243952337  0.00000001277878835
  0.00000001312375531  0.00000001347970160  0.00000001385960727  0.00000001426489850
  0.00000001469234826  0.00000001513244969  0.00000001555390117  0.00000001604016842
  0.00000001662887399  0.00000001729835800  0.00000001807636152  0.00000001898888609
  0.00000002009262695  0.00000002212972790  0.00000002368858731  1.00000000000000000
  0.00937194826370933  0.01648157788306005  0.02623536422059032  0.03646963391216323
  0.04662014868081234  0.05682039660724276  0.06706986697657319  0.07696438777882576
  0.08708877222340435  0.09746662631225494  0.10793391900860179  0.11856620576245522
  0.12915272895640123  0.13962184304966413  0.15005675293646206  0.16029002210451951
  0.17080307216229415  0.18086672412944474  0.19065924412710158  0.19993163971157402
  0.20950482977837187  0.21981001371465056  0.23103612947564003  0.24244375946896687
  0.25401601150769199  0.26515987101560023  0.27665131183662550  0.28823895980517455
  0.29884973500369039  0.30952199872371838  0.32010919028932872  0.33092184579727435
  0.34124077855402507  0.35185809666678336  0.36266209770729402  0.37320679300915599
  0.38337361333304776  0.39352964043466243  0.40383440654604291  0.41460936296035861
  0.42569773327887839  0.43688482375499627  0.44788330620504807  0.45850477334161416
  0.46876023255490989  0.47891474779396614  0.48953354964200607  0.50039912566924571
  0.51109379556652179  0.52154491633146360  0.53195891333533007  0.54230862221253417
  0.55261446270817915  0.56295684680205038  0.57325450188912752  0.58370397191317724
  0.59402002381881658  0.60424216994727631  0.61438991029042955  0.62465345646643078
  0.63454417355628223  0.64408123573685117  0.65336378779558180  0.66270202227879604
  0.67198988331136178  0.68108894791801811  0.69049213509910945  0.70053533045552607
  0.71070020746651585  0.72087379962997500  0.73112843871468447  0.74171712119053135
  0.75257072982226614  0.76322354255069391  0.77379830609167011  0.78446648982022715
  0.79501362178732315  0.80506920996330333  0.81475376808238442  0.82434791410494257
  0.83407083432235107  0.84408676500500324  0.85444775973679110  0.86484941509726354
  0.87493247281941455  0.88500712402541037  0.89485161407247737  0.90493345062242858
  0.91515824925909706  0.92600466091127887  0.93739799934302603  0.94879932055307814
  0.95998976888439502  0.97023010302641843  0.98077014213439517  1.00000000000000000
 -0.00245335697108415  0.00929787222337697  0.01928615374524151  0.03078612242198258
  0.04192648732789021  0.05268897045888025  0.06336592055279824  0.07440165098691917
  0.08513744980171573  0.09567081279489612  0.10611497179303229  0.11740945666128057
  0.12859357528752871  0.13998461253420441  0.15108345884593319  0.16188534538348717
  0.17215339628773837  0.18229778825457962  0.19249763530433578  0.20269871756740329
  0.21301907068511841  0.22349346795804492  0.23429317400239499  0.24488865564534196
  0.25519551361755921  0.26545965561627471  0.27574306056110970  0.28652873747427143
  0.29729176976503419  0.30779965726856684  0.31809812717881542  0.32840423363745319
  0.33843166976335665  0.34800434898766014  0.35753779965341947  0.36718490124835035
  0.37700438430712985  0.38684429304051604  0.39668388875696720  0.40674670816619740
  0.41703776504120454  0.42739118886105332  0.43779321111483294  0.44842416259344775
  0.45931825000913029  0.47006091702543934  0.48061868857155426  0.49124789470255809
  0.50193487158199313  0.51271796314182339  0.52323007659851295  0.53384940882519671
  0.54446901399714542  0.55551160012486700  0.56668459191263043  0.57737314075057156
  0.58782577783865619  0.59812008848646614  0.60833978445755987  0.61840201626575420
  0.62877941397722081  0.63949876411900419  0.65031149578723157  0.66126979588795565
  0.67211693064457667  0.68267801915813597  0.69298930351341304  0.70331294798553989
  0.71418614542078129  0.72544460250774867  0.73685980383436467  0.74828535506214677
  0.75961161968944668  0.77043786582987706  0.78038696343792424  0.79045492066506484
  0.80080623737677703  0.81139387420734066  0.82152834498852345  0.83163741976197281
  0.84193930529290451  0.85267138202290160  0.86362027023077625  0.87491906747181614
  0.88627821726695588  0.89732752833516327  0.90800316695060090  0.91881107136859252
  0.92933675119389225  0.93969235243563531  0.94947443668871001  0.95960848619369798
  0.96975119102096197  0.98005536370613466  0.99006516347654017  1.00000000000000000
 -0.00249810983372966  0.01197890028819927  0.02351201561973016  0.03457260120535782
  0.04531711438235574  0.05629739695214030  0.06712884252883015  0.07785049301387471
  0.08841904841567305  0.09870744673409088  0.10866323687216804  0.11867059089214722
  0.12893550641169491  0.14009812708832842  0.15111275147091602  0.16221879914233722
  0.17324688754679937  0.18414482675372867  0.19427750392217777  0.20413176470161704
  0.21447382979567114  0.22539599042451511  0.23660039673942054  0.24785772180979149
  0.25943849322517820  0.27097484768588326  0.28165604860926347  0.29191946570767946
  0.30234390888958518  0.31288532026454452  0.32332681232912880  0.33376317093353869
  0.34453474811025719  0.35544971147150539  0.36637262731553777  0.37730439594296161
  0.38819960183841923  0.39897096005181859  0.40947986122595281  0.41970532084691908
  0.42984672876665647  0.44008794392317807  0.45036167780976100  0.46072128483288127
  0.47139098897403342  0.48201660049527228  0.49210470966823333  0.50188394406202774
  0.51179056602830042  0.52147997775004551  0.53115023969197039  0.54095632020780471
  0.55124040973935984  0.56173304040846828  0.57219391711390977  0.58273033706804234
  0.59332388078746434  0.60397904894567511  0.61468564562715877  0.62500954266428554
  0.63499014587289870  0.64500085734114476  0.65520937887889574  0.66548905145269743
  0.67603942673090400  0.68721835147596610  0.69877296439033754  0.70982891702873829
  0.72012650208706031  0.73011293992438486  0.73999373062108675  0.75020525105181624
  0.76034687293209902  0.77047856527893444  0.78061624483701797  0.79081753749877226
  0.80137286545906661  0.81272190929615629  0.82412225170513931  0.83478231459214791
  0.84456340753497716  0.85382609135557597  0.86350064258077419  0.87354185916359128
  0.88437255799126735  0.89540194628943237  0.90582187931043523  0.91600632309506957
  0.92615639692324592  0.93624000549361552  0.94608794687120346  0.95616331888483019
  0.96699935343737642  0.97820723003685472  0.98902819437636036  1.00000000000000000
 -0.00220562340746004  0.00946017089837734  0.01903890944748236  0.02899733841834213
  0.03887673729440413  0.04924191961352006  0.05968599929042250  0.07037209610333002
  0.08128818989872660  0.09159906711485508  0.10171635052625297  0.11226777148896236
  0.12346908995188570  0.13450011318174593  0.14532574983656082  0.15597427910272069
  0.16619261505450642  0.17621174696854000  0.18633705871321529  0.19636464739571646
  0.20613542872645421  0.21627289485186568  0.22685036997335775  0.23722943054020365
  0.24702369160853976  0.25693019446442494  0.26742505095850572  0.27833076218345726
  0.28909516399669477  0.29960274776295504  0.30994965267861591  0.32037854019431683
  0.33122797402936244  0.34233345568906148  0.35308599168596028  0.36344219607465439
  0.37359352168289517  0.38398540067125986  0.39462426469338435  0.40542992893600810
  0.41643156944484283  0.42734068279095194  0.43807544087848199  0.44877807665529779
  0.45957622532291170  0.47019181767335144  0.48077266888108072  0.49127875686507977
  0.50199806638248701  0.51309008251438559  0.52420366994800260  0.53518552641698613
  0.54605240141289668  0.55668889873510408  0.56735657936465478  0.57801155308535046
  0.58885756961534419  0.59979877247198754  0.61043571232368243  0.62114398100914114
  0.63156236404460853  0.64183648620683964  0.65205738959772186  0.66232047697299878
  0.67261915794142935  0.68319644349213482  0.69365357482106416  0.70433354620153499
  0.71453211305697628  0.72452873747655655  0.73436840785345869  0.74441492240172580
  0.75448974601689223  0.76495539575660598  0.77589111847693260  0.78741337983619331
  0.79845189281304829  0.80866604062005554  0.81845414608685363  0.82818628441493780
  0.83831181519027442  0.84913524215658853  0.86023636358265276  0.87129599354347320
  0.88170994174307271  0.89147975559982262  0.90121333125567360  0.91098969759187076
  0.92118926670640566  0.93156753121939273  0.94194506201473360  0.95301894447385871
  0.96421669073235927  0.97568018245976573  0.98772722722057027  1.00000000000000000
 -0.00215956503362661  0.00988131555714988  0.02032459188243822  0.03112482018547134
  0.04201119996302524  0.05273352574115028  0.06325463006396392  0.07489229130352991
  0.08581311291513008  0.09651794325806021  0.10753361522894025  0.11889399254241401
  0.13024309340250875  0.14089746483892271  0.15168900806606639  0.16227973391688436
  0.17246702367431405  0.18288978745362558  0.19307438048237840  0.20347998873882964
  0.21405460715063537  0.22459890380777486  0.23475492366798459  0.24477068187824563
  0.25488511536247543  0.26501474804132480  0.27503129578103996  0.28523263893848955
  0.29520057263373978  0.30503217841538577  0.31473200606274765  0.32485718515764378
  0.33452844985102737  0.34406085702934708  0.35356811749116712  0.36359728588294898
  0.37341766949182537  0.38314968984253739  0.39293888941441796  0.40310642054588391
  0.41339259517369092  0.42386863323824781  0.43454959458153009  0.44514880226598774
  0.45542543713076816  0.46562627837972453  0.47568984544115878  0.48576266223457798
  0.49567609455036582  0.50580919765642596  0.51610066968410850  0.52614439905487431
  0.53595938154800082  0.54568312992254553  0.55563001253540167  0.56571976242987032
  0.57608776875812728  0.58658551469080411  0.59749201397161855  0.60879361558912715
  0.62031956541575572  0.63167406668828885  0.64260558934793277  0.65318284699802476
  0.66405257895269709  0.67546524866105462  0.68684981437413772  0.69776227921013290
  0.70892582719217567  0.72062541015493387  0.73220420016850185  0.74330218325428066
  0.75412698437882486  0.76486752556211923  0.77532688610846878  0.78568160758559102
  0.79601676415416878  0.80648005766388053  0.81696935699699669  0.82761606452143854
  0.83846586535676293  0.84925010217627939  0.85993876229115651  0.87047896133123059
  0.88105431265270762  0.89200378425529381  0.90337365247074930  0.91489332545086000
  0.92627653791608344  0.93722728983517034  0.94801221549939463  0.95865676381857690
  0.96908354764625471  0.97956128005407239  0.98972718781601221  1.00000000000000000
  0.01417065546383774  0.01632772174692905  0.02121800760215423  0.02697123764803688
  0.03284609063974375  0.03862907078925873  0.04419910455833216  0.04965786137822157
  0.05514845581962624  0.06062810418173280  0.06597866925827449  0.07125497668044396
  0.07658012226638471  0.08198436168696639  0.08747948863320469  0.09310855311357814
  0.09871332846063088  0.10436597977211684  0.11002393415301888  0.11566941557338492
  0.12134246868545948  0.12695139853928572  0.13247092247063766  0.13790881485474873
  0.14346827284121019  0.14911768821271310  0.15488426013157325  0.16054319538701384
  0.16605183797873421  0.17147503690598578  0.17686628409755259  0.18226049064248781
  0.18775333629827931  0.19359311106557417  0.19985782323701520  0.20615959693440283
  0.21263241010430733  0.21922397718105477  0.22596234916499672  0.23277748193047731
  0.23969783818729443  0.24659599060759743  0.25339940642367775  0.26016099744674986
  0.26706016510908626  0.27412474417784810  0.28135469661601920  0.28866149078219600
  0.29583971098255135  0.30290896939123235  0.30992823413338372  0.31704916857402149
  0.32422813117063393  0.33167705074445608  0.33926000379194199  0.34728970301300982
  0.35513452212547530  0.36290894883769792  0.37049198527363691  0.37812613694226416
  0.38591133978947595  0.39394698856145799  0.40216911805722039  0.41061221525976110
  0.41914639963545236  0.42803081157710998  0.43727318513315222  0.44690833560446724
  0.45660203304356878  0.46641793905221018  0.47644319765426968  0.48690208669133750
  0.49748159926401003  0.50809553551566944  0.51909288472665427  0.53018240850839660
  0.54155512518771454  0.55337001986408285  0.56547621782245272  0.57773769594336044
  0.59041368500775537  0.60400980533031179  0.61777950497095346  0.63194601711621445
  0.64663447466551460  0.66231911081067718  0.67868484623662062  0.69555351620268679
  0.71360444000073564  0.73423119845143792  0.75809548466052257  0.78543312078929961
  0.81700058168295386  0.85250120323475764  0.90040431861372205  1.00000000000000000
 -0.00263882172032224  0.01034586908141252  0.02130153073383256  0.03115932146831187
  0.04085905567213841  0.05062170444749280  0.06074143612614852  0.07128676953722062
  0.08143933172968507  0.09224877820791651  0.10296546944587054  0.11360614616955475
  0.12409463424391495  0.13505069963804453  0.14631209010704907  0.15716603815669777
  0.16753686054371675  0.17771220739437329  0.18827999654126029  0.19935774123182712
  0.21080395268714561  0.22221068841029087  0.23312384984490209  0.24379441326299905
  0.25441387692516010  0.26500940672939971  0.27567622636643468  0.28649144530080523
  0.29715967507320379  0.30736208132513515  0.31737811905151125  0.32735886285040211
  0.33716506892864617  0.34686440340485236  0.35688749079530069  0.36712287047935732
  0.37794088539272014  0.38896628848235082  0.39964515384111671  0.40976049662591191
  0.42007307264241078  0.43107286763928954  0.44183535304462007  0.45181093095024388
  0.46165629867863522  0.47181746990987777  0.48241739756716229  0.49305221739167931
  0.50397515673937321  0.51518453321540059  0.52635989128614102  0.53701016862943995
  0.54766579236476876  0.55787651571579877  0.56837016964302900  0.57894605325714477
  0.58935937112706904  0.59952447672387466  0.61010268794441247  0.62099492903153319
  0.63228802424749442  0.64326881621236431  0.65437125558820652  0.66473049894519831
  0.67519791558800712  0.68583756919075867  0.69683015355810962  0.70740964098625347
  0.71779317696322908  0.72838022447680328  0.73879980639378395  0.74920495088556649
  0.75964965356130465  0.77033425286529345  0.78128278570843390  0.79180209350039310
  0.80227646267011332  0.81266159636175117  0.82376656913580049  0.83482364917343765
  0.84561253417833582  0.85623381462215131  0.86697960222823633  0.87777178655661126
  0.88847462741623839  0.89917762505819665  0.90989365729712257  0.92027543250202193
  0.93042643090942467  0.94035652004681758  0.95045006867485804  0.96044895072562697
  0.97068499843284306  0.98046467486864552  0.99044870624262205  1.00000000000000000
  0.02449864419668240  0.03124020103806729  0.04040509177117534  0.05003230124553660
  0.05982511029026644  0.07004350913932637  0.08093897974515205  0.09187788717619259
  0.10238917558013197  0.11215134699941683  0.12116466010545954  0.13000454706780154
  0.13886546735599856  0.14797843153456072  0.15792195277976107  0.16814172655467385
  0.17880811863093901  0.18933200171764852  0.19975198869611158  0.21027321101357971
  0.22064258904617712  0.23078273800384222  0.24061818317866551  0.25073805466534355
  0.26134495817034814  0.27228760648016798  0.28294801309774653  0.29306904689160940
  0.30293873725745296  0.31268079724204079  0.32211010389959277  0.33145983528287826
  0.34129844996697439  0.35221920095253195  0.36353280265790711  0.37458559183605916
  0.38538688512179414  0.39633186994019337  0.40704521560672707  0.41758481251601437
  0.42747003375229187  0.43719907294992144  0.44655326891415559  0.45642618826289094
  0.46666460345003380  0.47658158505353315  0.48654923559674068  0.49657885986867506
  0.50668308690845631  0.51655403306863812  0.52637991919240767  0.53629350795653996
  0.54605150605330255  0.55538051628415119  0.56483397564701976  0.57473390918146494
  0.58509591762564495  0.59505749415157527  0.60517038933915290  0.61558940866610257
  0.62622583379701613  0.63656472203236814  0.64665356482609593  0.65664397048577949
  0.66647579722882677  0.67617745150447806  0.68579973201543187  0.69614392133822312
  0.70644854479921526  0.71698619268870023  0.72744347030423462  0.73796195165686462
  0.74854772778181033  0.75917090146055510  0.77014780749977652  0.78221151204671602
  0.79438227031135322  0.80607296646801463  0.81700483290978354  0.82741259857484994
  0.83750065707233645  0.84729479751935088  0.85696492256377366  0.86644997202281759
  0.87592529615913906  0.88540026195756860  0.89499066480015754  0.90466063116708717
  0.91459935510553814  0.92488447542101571  0.93525843561429123  0.94546492202712362
  0.95575476309502994  0.96511535273651750  0.97089636192829043  1.00000000000000000
  0.07190476522682016  0.13540467605756368  0.15584187036926864  0.17294681435731327
  0.18855056254533323  0.20124887663556346  0.21299950003123860  0.22394126817344928
  0.23478343428294907  0.24505590529748197  0.25485530978886872  0.26450563826442025
  0.27423588482113742  0.28383605374594317  0.29331665677878760  0.30290057820837807
  0.31239534399888486  0.32149579387540755  0.33047165068324147  0.33928918399759328
  0.34789567944309746  0.35615061591442415  0.36422187910439197  0.37214990725837466
  0.37987530777473333  0.38760957423015019  0.39541446346291581  0.40314111461810392
  0.41070666330469546  0.41804234554350156  0.42515151824624720  0.43195861976114480
  0.43853269878177020  0.44488374433811034  0.45124299676218466  0.45763069785880783
  0.46412855303165224  0.47069068838611061  0.47725069392254993  0.48380972431414865
  0.49022338923810044  0.49656881529571778  0.50280655434228805  0.50883048245483664
  0.51473680374188779  0.52045555894748075  0.52602701991372725  0.53176107713620802
  0.53750177174785418  0.54315078506022252  0.54869955471170551  0.55421129098067190
  0.55972539847355041  0.56510535431054809  0.57028022293493463  0.57540780386065959
  0.58049819053859297  0.58554824044454967  0.59050010402007513  0.59564263584227839
  0.60077611095461114  0.60576344267120086  0.61069895005399222  0.61548085256132201
  0.62029915964888171  0.62527224768594869  0.63038637223247840  0.63555776207925296
  0.64069889947907877  0.64596928930341357  0.65121166204810144  0.65648907179044247
  0.66173800986483888  0.66682003242779397  0.67185022587145737  0.67684409627955378
  0.68182463355094181  0.68695668165420165  0.69223511330172216  0.69769042405559600
  0.70316996103661633  0.70883178741164454  0.71475357253098892  0.72076893972230593
  0.72695936599095867  0.73355598686758261  0.74048400889658372  0.74777403704183532
  0.75563130792387390  0.76396858003225099  0.77310125317517087  0.78395535016352869
  0.79863381585488169  0.81617960494762676  0.90058204995883340  1.00000000000000000
   1.3845365032565541E-025  -1.0000000000000000     
 F F F F F F F F F F F F F F F F T F T F T F T F F F F F F F F F T F T F T F T F T F F F F F F F T F T F T F T F T F T F T F T F F F F F F F F F F F F F F F F F T F T F T F T F F F F F F F F F T F T F T F T F T F F F T F T F T F T F T F T F T F T F T F T F
  <DiscreteSampler_grid>
  grouped_processes
  1 # 1 for a reference and 2 for a running grid.
  10 # Attribute 'min_bin_probing_points' of the grid.
  1 # Attribute 'grid_mode' of the grid. 1=='default',2=='initialization'
  0.0000000000000000 # Attribute 'small_contrib_threshold' of the grid.
  0.5000000000000000 # Attribute 'damping_power' of the grid.
 # binID   n_entries weight   weight_sqr   abs_weight
    13   10   1.261610730368487E-015   5.372710236844459E-030   1.261610730368487E-015
    14   10   1.261610730401336E-015   5.372710236870347E-030   1.261610730401336E-015
    16   10   1.049017929250605E-015   3.570946146959273E-030   1.049017929250605E-015
    17   10   1.049017929266701E-015   3.570946146964943E-030   1.049017929266701E-015
  </DiscreteSampler_grid>
