  0.00000000024149286  0.00000000037979425  0.00000000047339561  0.00000000056383473
  0.00000000063897781  0.00000000071868552  0.00000000080021125  0.00000000088318634
  0.00000000096801747  0.00000000105333127  0.00000000113401647  0.00000000120995151
  0.00000000130253500  0.00000000140673770  0.00000000151724728  0.00000000163839840
  0.00000000177238911  0.00000000190644203  0.00000000203333567  0.00000000215335089
  0.00000000227161606  0.00000000239307859  0.00000000251600474  0.00000000263774013
  0.00000000275902703  0.00000000288047847  0.00000000299701389  0.00000000311354306
  0.00000000322582846  0.00000000334292499  0.00000000345248661  0.00000000356837077
  0.00000000369015670  0.00000000380799025  0.00000000393188564  0.00000000405519896
  0.00000000419000913  0.00000000431793035  0.00000000444931414  0.00000000458241299
  0.00000000472115725  0.00000000486323006  0.00000000502066344  0.00000000516526911
  0.00000000531090116  0.00000000545388905  0.00000000559697735  0.00000000574867860
  0.00000000591535369  0.00000000606426683  0.00000000622959341  0.00000000638990465
  0.00000000655511419  0.00000000672561466  0.00000000688825962  0.00000000704655084
  0.00000000719282634  0.00000000735268848  0.00000000752903502  0.00000000772251767
  0.00000000794081328  0.00000000818599627  0.00000000841466437  0.00000000864081327
  0.00000000886943310  0.00000000909822133  0.00000000932952769  0.00000000956316819
  0.00000000979668533  0.00000001003661041  0.00000001025987527  0.00000001048164158
  0.00000001071930259  0.00000001096749087  0.00000001122910423  0.00000001148793293
  0.00000001175074730  0.00000001201428471  0.00000001231381286  0.00000001265414086
  0.00000001300524664  0.00000001335892568  0.00000001371523409  0.00000001407806854
  0.00000001444237871  0.00000001480049030  0.00000001519287815  0.00000001560802310
  0.00000001610573512  0.00000001675967699  0.00000001749541571  0.00000001837010498
  0.00000001948291799  0.00000002149030308  0.00000002397196795  1.00000000000000000
  0.00943896005822417  0.01790036575181003  0.02894566829587951  0.03894214318766813
  0.04765188620356243  0.05731130856248642  0.06676615721693403  0.07608172020040055
  0.08560104309665167  0.09478620219389020  0.10518394139582234  0.11531267170879556
  0.12540256333484781  0.13561143070285001  0.14673656665359924  0.15878344500282304
  0.17244055403061065  0.18670679148467298  0.19978349168109708  0.21087402991550872
  0.22102772291014616  0.23093507917887815  0.24078306004645600  0.25022543587312024
  0.25988658674946158  0.27045325513607144  0.28212738038687124  0.29354613687006054
  0.30412659408148701  0.31462436975939945  0.32567893852604785  0.33662178099817913
  0.34700145293585821  0.35767082948735568  0.36930733298975804  0.38116097630339080
  0.39332161298585527  0.40555564574381137  0.41779225379540941  0.42881506016750132
  0.43918242269590874  0.44896897639170019  0.45965600056422068  0.46936679541517196
  0.48011442954375078  0.49121176516241566  0.50300152492459071  0.51396326910415402
  0.52581357846947563  0.53787856906915010  0.54845311477878556  0.55795363381067065
  0.56736310485222130  0.57687794517041124  0.58679756821241735  0.59563690059768937
  0.60490070080983482  0.61684233306062575  0.62839511922878377  0.63814284811940325
  0.64760475923794758  0.65750675495619337  0.66749004242043208  0.67633179753816697
  0.68528206060638319  0.69518446958596636  0.70515455071237199  0.71548748697297104
  0.72672958561668299  0.73887953295904640  0.75130673493703459  0.76344359448767440
  0.77507292600313304  0.78553191837522107  0.79526341539857170  0.80495719158287760
  0.81490660020024275  0.82465905822516783  0.83401923355641494  0.84346930252134200
  0.85358936958462783  0.86443389345512289  0.87634073457505679  0.88923778547173626
  0.90119309314642582  0.91070283964390841  0.91938072806459392  0.92780826577897058
  0.93623357784344696  0.94459185219029040  0.95245824575437421  0.96074187158875524
  0.97251438475018337  0.98214252703941252  0.99128089210884074  1.00000000000000000
 -0.00001238970523807  0.00063746240718398  0.00276742042177938  0.00613118556813745
  0.01011384002329720  0.01363763611261594  0.01810566887147050  0.02443323424369252
  0.03140752350741983  0.03835358085106517  0.04569305675990078  0.05225262641446666
  0.05818069542782406  0.06450766987605347  0.07089392683659031  0.07747167439771051
  0.08431578271100812  0.09237345685977039  0.10172905269985789  0.11204259529571986
  0.12321870788466917  0.13436980598143930  0.14438228006813533  0.15313499636408665
  0.16192152534346882  0.17082431039145599  0.17931434304791266  0.18864297937297062
  0.19816368386557282  0.20740010136362549  0.21606728826723484  0.22501586233895826
  0.23311645596435338  0.24257681984640389  0.25334782744093887  0.26449246565644419
  0.27343297316918563  0.28265257683974127  0.29161746784109843  0.29988263413017491
  0.30779912198774817  0.31614925870230692  0.32541107384709861  0.33418298091903265
  0.34354188010484160  0.35356554443720184  0.36312245309746749  0.37261133269512581
  0.38219956190311399  0.39159142849130152  0.40090633407330778  0.41047028979156130
  0.42054694127435421  0.43102251254153512  0.44103730987753792  0.45157852413863647
  0.46216084509426980  0.47268164602299184  0.48391811942070107  0.49586241696463995
  0.50814215684526154  0.52033521602792154  0.53168331621398457  0.54550927788051240
  0.56119308556624803  0.57742361791918873  0.59392720955161604  0.60806688168377998
  0.62236990369231326  0.63629103493239303  0.64955792912481858  0.66237677198728406
  0.67517645308155094  0.68826525353276713  0.70121987221618109  0.71403986455233281
  0.72693821342532838  0.74041738776603427  0.75433485825777891  0.76820685707163405
  0.78146804463125408  0.79627674695096884  0.81125332829335606  0.82619176628415436
  0.84099260142692667  0.85550830145395762  0.87056894993970557  0.88561558600167745
  0.90063563489365228  0.91551777456924999  0.92977189922746806  0.94470880225297726
  0.95900575687794221  0.97286046970717999  0.98658655816170249  1.00000000000000000
 -0.00336933710211535  0.01341116764309483  0.02629382408230510  0.03685832354188399
  0.04714086967506683  0.05729679964750430  0.06676743413620867  0.07630797323830353
  0.08666035873568380  0.09845877982157772  0.11057929523147950  0.12211929403277400
  0.13276293927977417  0.14316415252981493  0.15421222207809598  0.16478860481551286
  0.17566352996493192  0.18505810188373698  0.19473061980315182  0.20478689365237154
  0.21357666461016286  0.22269828366352559  0.23313835252471007  0.24309771337960043
  0.25208696589949631  0.25942226630492343  0.26772587767162837  0.27689006161808033
  0.28739363966442821  0.29781713443018665  0.30855060965633513  0.32072563517737440
  0.33463897103751472  0.34694872918524189  0.35735448060967434  0.36685532584390851
  0.37575463191732095  0.38607128550442210  0.39748791622914031  0.41001082250609006
  0.42344298735406266  0.43663614543558216  0.44845222160633708  0.45955491473993215
  0.47007165294097358  0.48037011358270987  0.49024462625037984  0.49983675876499895
  0.50971352648051826  0.51984075213096659  0.53140010475528554  0.54307212643774305
  0.55565061358809431  0.56449820179940768  0.57304176668395934  0.58118288902510873
  0.59095009867082626  0.60145039412602253  0.61242349335703661  0.62347468544774687
  0.63560189967853553  0.64627933965439077  0.65571506927097323  0.66432397821451605
  0.67262874843655240  0.68147591047581790  0.68996273863157420  0.69871944355151572
  0.70788768427011328  0.71827241660229790  0.72846558195682176  0.73814787126491355
  0.74773285974634129  0.76115635210463439  0.77541550019828442  0.78884591454359509
  0.80110450840855985  0.81285974906207970  0.82501663569916395  0.83664015884296361
  0.84685502447611050  0.85616517354271227  0.86521400851656560  0.87391049412242483
  0.88252334188069281  0.89199682631527943  0.90342234305598546  0.91643252693801991
  0.92992990738661907  0.94290326112525180  0.95461589676143099  0.96343443679193363
  0.97150376084248125  0.98055675966789213  0.99030336250044992  1.00000000000000000
 -0.00415717232947738  0.01436839809252652  0.02795970893297710  0.03895948932275717
  0.04862308608702338  0.05794800862583381  0.06825739378839392  0.07861484283969482
  0.08933530800912187  0.10071218236666835  0.11058750907807202  0.11831680102014190
  0.12553533040549555  0.13462098380309773  0.14441607748445556  0.15255909563801084
  0.15993814190872571  0.16812556993765698  0.17814666243706961  0.18925836947599786
  0.20086122265252229  0.21269622197460539  0.22139588904965835  0.23018176316122160
  0.23918253226185862  0.24985633717747188  0.26313344394928984  0.27758607988448675
  0.29122001691551974  0.30284857824989825  0.31399125690476293  0.32514266280459309
  0.33612278073948176  0.34809489028882085  0.36001857075205240  0.37113149549247287
  0.38131488010496373  0.39078471760591887  0.39997519091742650  0.41029399302873165
  0.41958789652655831  0.42883563861041196  0.44017659520739133  0.45301065746108121
  0.46532924333863551  0.47555130147292696  0.48450325244943687  0.49304529419542076
  0.50248356464053101  0.51308430248932635  0.52216324951428528  0.53230558271045680
  0.54190245615687271  0.55163078109475316  0.56198369843537521  0.57234223498642278
  0.58209237533897451  0.59210550205017509  0.60250542978507826  0.61256039237096149
  0.62228217024999266  0.63235827810813050  0.64281784839751155  0.65387594804330851
  0.66465011495216286  0.67441867641704967  0.68399410219885293  0.69302960340839592
  0.70353904568121928  0.71305235972357395  0.72188849903364349  0.73095802837895685
  0.74033867091992001  0.74970912576631132  0.75978595961146778  0.77102536273728617
  0.78128866143966524  0.79139140462304935  0.80294618324940192  0.81625278700390558
  0.82875523169230858  0.83962206966532005  0.85045989441317305  0.86160920321305956
  0.87320204277192603  0.88491415860573397  0.89613928388145236  0.90645709289623422
  0.91636646003055378  0.92656419662478062  0.93656614324677723  0.94689635408266848
  0.95836191935133697  0.97134743389151934  0.98555699863218660  1.00000000000000000
 -0.00164734487949830  0.00806877077847974  0.01828780361469284  0.02852313258699869
  0.04025857372697458  0.05254348522321651  0.06445239588297633  0.07628689954669063
  0.08729251115308101  0.09886570675570984  0.10841073750001508  0.11785085233369794
  0.12727570969579341  0.13844764224165715  0.15060215415456085  0.16362372128481509
  0.17439321230143048  0.18666727164711805  0.19837713595808062  0.21017510185250868
  0.22192853201632781  0.23325670654698175  0.24494001301576990  0.25609353602952595
  0.26725596120022177  0.27856437803443629  0.29109429499282108  0.30339738113619930
  0.31539630675671571  0.32601980372218081  0.33514117333099630  0.34404610070755282
  0.35383748663353459  0.36489361155713823  0.37630394727437727  0.38805116064637724
  0.40039291190804543  0.41318130709541384  0.42572164070236179  0.43780273116015334
  0.44952518731035562  0.46093419011686421  0.47183448775101300  0.48168073528655309
  0.49202464493068615  0.50169543732419397  0.51100440637018696  0.52051930752218467
  0.52934175967176034  0.53753946719026457  0.54669504960735671  0.55605212645537139
  0.56528589415225761  0.57465632741131634  0.58398505140827184  0.59306310550502139
  0.60205800919211261  0.61078145564971442  0.61982002627179822  0.62930755569098762
  0.64007160621664083  0.65133871028436563  0.66309136211733288  0.67398774893720903
  0.68475740131683216  0.69544597721889934  0.70534579673246534  0.71545761426956545
  0.72531924642978562  0.73805582337420095  0.75132815425118016  0.76092367467488309
  0.76979683862533177  0.77739675350347071  0.78533465413913894  0.79438290884024620
  0.80402368598933460  0.81287700708916577  0.82251567615669696  0.83340806656110167
  0.84522792203472785  0.85735580297428859  0.86921553330530377  0.87999495605951539
  0.88971924143176562  0.89929160176809586  0.90946700957454463  0.91902161893389744
  0.92961591151286038  0.94078196992191798  0.95209650154478354  0.96198913426999610
  0.97108646553209277  0.98016603701283989  0.98986477713186460  1.00000000000000000
  0.00466960531015251  0.01092711661676872  0.01622486721608825  0.02125858618887051
  0.02672567571141120  0.03210503484248511  0.03765278257637034  0.04330764835963269
  0.04852213303631291  0.05398440795281334  0.05956469269877904  0.06487105059426107
  0.06955615855440389  0.07399263805485976  0.07850110246336636  0.08310021510171800
  0.08764988007556801  0.09253582720887471  0.09773587952036804  0.10285280979420355
  0.10805871392781094  0.11320300423804355  0.11829022083221004  0.12335404610029212
  0.12876887938687798  0.13466753665323219  0.14068336108489929  0.14641606664219387
  0.15170607766654967  0.15691088224020569  0.16277648540054718  0.16790922684823903
  0.17311627206899993  0.17845733313435400  0.18386762443926988  0.18994202409355715
  0.19560842037274584  0.20085363455620384  0.20571059105837261  0.21068454013008517
  0.21628540917674258  0.22276497639198850  0.22977855119925381  0.23678141640649394
  0.24381082906595694  0.25061063260816735  0.25712293212826848  0.26382422132480049
  0.27059066644747254  0.27751389050309966  0.28518437446041439  0.29257103529404427
  0.29968638242292467  0.30717100309357642  0.31397266614211033  0.32056109618677381
  0.32724220793960562  0.33443190788990995  0.34256688748981484  0.35150532499657783
  0.36029606610448545  0.36846012288901636  0.37625025462233846  0.38405326912007276
  0.39218271877003180  0.40080376835211939  0.41002073308431974  0.41961833889338923
  0.42967948913823439  0.44018400986748707  0.45097044993569446  0.46250007513787894
  0.47455938920265239  0.48696023483264805  0.49911462660549888  0.51077363614363636
  0.52311506757079029  0.53683453846130558  0.55066715568093649  0.56384092251081974
  0.57618649707727587  0.58907269806465579  0.60332985178645893  0.61703022805320595
  0.62875023474058733  0.64531451771809512  0.65610035167016389  0.67326260554580486
  0.69117896611156238  0.71054638597052511  0.73359526211645165  0.75903789147602907
  0.79467136974060493  0.83815114908873056  0.88562808050666564  1.00000000000000000
 -0.00407679632653884  0.01283049058711487  0.02704522166156378  0.03957993544599523
  0.05106660998870292  0.06203196238835679  0.07292911518905235  0.08261800857870652
  0.09083636734256258  0.09903809837326931  0.10819858819858973  0.11786014694791232
  0.12938826145236490  0.14152252078631677  0.15432937794927501  0.16793889696030762
  0.18010517285901884  0.18982367518863222  0.19968493576527016  0.20918603523766530
  0.21752236349685139  0.22664265587161012  0.23760308036451358  0.24907561681140142
  0.25928744225706513  0.26865381955772416  0.28128497894836352  0.29349127946053677
  0.30328099804853237  0.31278472636341309  0.32274218363597551  0.33252140207332015
  0.34260931788263510  0.35338654865734459  0.36527192034788780  0.37759698671838637
  0.39001430980302187  0.40200176761911921  0.41315867892993724  0.42431600771063055
  0.43577924595032896  0.44680506173551932  0.45769433668108889  0.46833117100897736
  0.47973322993503881  0.49120565125472110  0.50332570362303497  0.51593835849416836
  0.52777165921695934  0.53925802529010691  0.54932195738832779  0.55839934427838434
  0.56764219243464664  0.57731397784885141  0.58699706891840420  0.59627616203716349
  0.60596759279915358  0.61682539985129847  0.63091568857996772  0.64503010280428608
  0.65945416737437279  0.67393927290361977  0.68769655127699336  0.70024540219259901
  0.71178276040154898  0.72256547724200915  0.73267224403160058  0.74241361307654385
  0.75138167883746931  0.76027236672212117  0.77038071206992975  0.78021197975295842
  0.78860660487218281  0.79599944880811146  0.80372422385259490  0.81194288703893402
  0.82053815663707708  0.82945169174014477  0.83945398793427051  0.84811124215508915
  0.85534388747574663  0.86175424095104525  0.86894452711237635  0.87695178665676576
  0.88701691545118488  0.89724187410753187  0.90684161229451521  0.91589552295689125
  0.92545852061260114  0.93582279553422498  0.94585321428131341  0.95758569020591688
  0.96927873572267464  0.97968111428870031  0.98940252966032505  1.00000000000000000
  0.64352661366916475  0.68887303228059693  0.72127160363167975  0.74544211673943339
  0.76587674993156285  0.78506285765479011  0.80496406040400803  0.82243160791402992
  0.83690259670931166  0.84985191882512212  0.86121004642636989  0.87218270819252730
  0.88183017162146848  0.88969395539060181  0.89642793019058309  0.90222595924631155
  0.90816638685655959  0.91379978494990433  0.91839467436645006  0.92202090453596341
  0.92542310645553283  0.92869156458051483  0.93166044588729180  0.93430394947767470
  0.93674992665473478  0.93903353140549051  0.94127247710912165  0.94327399560054737
  0.94512892884006861  0.94682807308529759  0.94843651359887815  0.94992631314632903
  0.95125194467373952  0.95256537219765758  0.95387624507590218  0.95514189916989545
  0.95631598714325849  0.95739680917198899  0.95838007475349085  0.95921609739747127
  0.95995480540990574  0.96062585569399650  0.96126894411723895  0.96189910890400976
  0.96249830148195936  0.96305585680765293  0.96360192661814570  0.96415049263480579
  0.96469149046721292  0.96522511572702885  0.96577556751155547  0.96626196612828996
  0.96672118654935657  0.96715077571878449  0.96755523492173146  0.96794868052943017
  0.96832379408809233  0.96868597855964378  0.96903296633963942  0.96935749785161107
  0.96968032410773553  0.97003400495147118  0.97047653632723241  0.97132978301763784
  0.98216985635912635  0.98237093165037248  0.98254578697287542  0.98270083106425110
  0.98286409688221832  0.98303773615377910  0.98322240829264340  0.98341136696012932
  0.98360513038921371  0.98380542936033910  0.98401823338338890  0.98425109176889458
  0.98452664454333061  0.98483243484816707  0.98514557976338624  0.98548591687694387
  0.98587934953794254  0.98629865426087759  0.98672984873550074  0.98717892237033600
  0.98763897084356345  0.98811440817848206  0.98869152538315996  0.98929791605122142
  0.98996298214614764  0.99075562091608771  0.99172243940528382  0.99283808798188267
  0.99409478063572410  0.99556102401873836  0.99745328734964012  1.00000000000000000
  0.07340010802591831  0.14830975019715914  0.16612077165320233  0.17686134198650816
  0.19096684652812779  0.20165788371505966  0.20908953906942979  0.21577346758341953
  0.22304598172475160  0.23032242984630932  0.24022786010412273  0.25172420140376939
  0.26329157607134701  0.27401787255048343  0.28268414202692799  0.29038830987120162
  0.29783959634617091  0.30561238926403456  0.31519158689560844  0.32609113471608664
  0.33674400110835778  0.34816684314425339  0.35946709889792422  0.36953187924840170
  0.37885496706404181  0.38755415279598388  0.39576541028906026  0.40375037732473962
  0.41109029825431798  0.41788858745222951  0.42429465580939940  0.43130678177214593
  0.43858460414258016  0.44606893691051275  0.45344798867162123  0.46049074894399888
  0.46766555224428585  0.47458846130605753  0.48137981847447037  0.48784608981827121
  0.49416171201531534  0.50000708503061153  0.50530580836726890  0.51034993129796724
  0.51530407505443132  0.52013185606135559  0.52493859633174833  0.52982251568270622
  0.53475676133364791  0.53969545401869157  0.54490170126831927  0.55069234521791777
  0.55677537273047528  0.56292796793315225  0.56901017596269277  0.57509612076056005
  0.58114159623609163  0.58715603818592987  0.59328806784142896  0.59955547063008607
  0.60592493746731413  0.61238478615775693  0.61900618073921465  0.62580627173911463
  0.63213658812310114  0.63816438215522364  0.64392410725103810  0.64939321323449206
  0.65445679008286739  0.65942116140037266  0.66464557375574207  0.67032874745260451
  0.67657869430522921  0.68318849335144283  0.68962146852570527  0.69579659167992747
  0.70207679468934625  0.70894087074137457  0.71597419975708099  0.72269267134334680
  0.72964003096536700  0.73723047670358355  0.74538194723307150  0.75292241801862880
  0.75760415856607621  0.76306250599391201  0.76821345330454083  0.77321878024399848
  0.77915869571781471  0.78555016254471655  0.79232983464788853  0.79990966373561101
  0.81282307484444216  0.83758103331205713  0.86985083204412084  1.00000000000000000
   2.5291968928017821E-020  -1.0000000000000000     
 T F F F F F F F F F F F F F F F T F T F T F T F F F F F F F F F T F T F T F T F T F T F T F T F T F T F T F T F T F T F T F T F T F F F F F F F F F F F F F F F T F T F T F T F F F F F F F F F T F T F T F T F T F T F T F T F T F T F T F T F T F T F T F T F
  <DiscreteSampler_grid>
  grouped_processes
  1 # 1 for a reference and 2 for a running grid.
  10 # Attribute 'min_bin_probing_points' of the grid.
  1 # Attribute 'grid_mode' of the grid. 1=='default',2=='initialization'
  0.0000000000000000 # Attribute 'small_contrib_threshold' of the grid.
  0.5000000000000000 # Attribute 'damping_power' of the grid.
 # binID   n_entries weight   weight_sqr   abs_weight
    13   10   9.518872836845557E-013   2.763495931353684E-024   9.518872836845557E-013
    14   10   9.518872836845538E-013   2.763495931353676E-024   9.518872836845538E-013
    16   10   5.353556595720977E-013   8.514158104493223E-025   5.353556595720977E-013
    17   10   5.353556595721046E-013   8.514158104493569E-025   5.353556595721046E-013
  </DiscreteSampler_grid>
