  0.00000000024994563  0.00000000033517527  0.00000000040396593  0.00000000045961004
  0.00000000052110646  0.00000000060135806  0.00000000069702220  0.00000000078802268
  0.00000000088155933  0.00000000097110134  0.00000000106530046  0.00000000116261648
  0.00000000125542220  0.00000000133560063  0.00000000141002117  0.00000000148261053
  0.00000000156560273  0.00000000166859820  0.00000000177333619  0.00000000186480405
  0.00000000194679157  0.00000000203043201  0.00000000211910944  0.00000000221770522
  0.00000000232459314  0.00000000246420415  0.00000000262572236  0.00000000275947376
  0.00000000287905763  0.00000000298701369  0.00000000308966370  0.00000000318747117
  0.00000000328588263  0.00000000337659410  0.00000000346645960  0.00000000356105887
  0.00000000365905138  0.00000000376536337  0.00000000387546804  0.00000000397740670
  0.00000000407818314  0.00000000418168481  0.00000000431006768  0.00000000441848806
  0.00000000451932390  0.00000000462104901  0.00000000473200874  0.00000000484764480
  0.00000000496907657  0.00000000508293076  0.00000000519799477  0.00000000532336282
  0.00000000545475233  0.00000000558013953  0.00000000569378145  0.00000000588771258
  0.00000000610021750  0.00000000630819059  0.00000000652734645  0.00000000674003514
  0.00000000696518169  0.00000000720227829  0.00000000743789096  0.00000000770194009
  0.00000000796433321  0.00000000821579232  0.00000000844071316  0.00000000867611296
  0.00000000890890050  0.00000000913470742  0.00000000935347738  0.00000000956722891
  0.00000000979425682  0.00000001005529766  0.00000001033351477  0.00000001062036196
  0.00000001092262796  0.00000001125134343  0.00000001163675134  0.00000001207399010
  0.00000001257218200  0.00000001304646883  0.00000001348625899  0.00000001390134272
  0.00000001430981044  0.00000001474498149  0.00000001522025465  0.00000001575041553
  0.00000001635436099  0.00000001708226260  0.00000001790057797  0.00000001900515475
  0.00000002016328414  0.00000002231683196  0.00000002367928087  1.00000000000000000
  0.00866419639093419  0.01784190791261296  0.02839323588434929  0.04006580022034633
  0.05087079600239090  0.06214555045393932  0.07483060538288280  0.08662574344119671
  0.09482711761962714  0.10132409967794284  0.10754353919301347  0.11354467626272743
  0.12139624222784577  0.13007789873848627  0.13806731644430451  0.14655935000416834
  0.15715145048182905  0.16890967625225889  0.17862908606791128  0.18859695588096773
  0.19973655155378153  0.21152757921471396  0.22325492147954107  0.23447854070230567
  0.24609911614870714  0.25781883006680473  0.26910303682383696  0.28121196540164273
  0.29461722685569808  0.30975842087078148  0.32449505834852577  0.33847716420505219
  0.35270963976844433  0.36673037585302265  0.38079689515165560  0.39516348394754786
  0.41105724299448487  0.42711564779671068  0.44248875492592565  0.45722048691041905
  0.47156941108058659  0.48278702788276473  0.49307494167673593  0.50065526886445622
  0.50817644624016722  0.51465346434973713  0.52219086564007755  0.52872012292844794
  0.53625292399066349  0.54238504340936466  0.54777224617072640  0.55326619477988659
  0.55862682400290142  0.56363400924219986  0.56858794501888665  0.57247378757560863
  0.57665863572925502  0.58134463973061201  0.58571767901114946  0.59002565031570564
  0.59496916690911317  0.60007514035016007  0.60617862866726391  0.61475811824816218
  0.62509104645609115  0.63752485375475021  0.65178442724794006  0.66558367660153961
  0.67842818572027153  0.69189331203362903  0.70666053828532838  0.72033503687581846
  0.73236312072932774  0.74487461815389044  0.75662257064615335  0.77067680498538260
  0.78286604757595868  0.79377208770584051  0.80411004774822703  0.81499055719183311
  0.82792626134981695  0.84230691363742705  0.85453253294865028  0.86513198244766532
  0.87699149858771253  0.88962347145531406  0.90226207387002522  0.91409410390763857
  0.92453854598251639  0.93464608926089288  0.94336294568677181  0.95174015305259796
  0.96060284057379253  0.97107545211763713  0.98331853508184652  1.00000000000000000
 -0.00000018717697315  0.00009464458543711  0.00076928685530212  0.00205846660671027
  0.00358298656382820  0.00563447265847162  0.00893966306146641  0.01235546260655254
  0.01541154221418794  0.01919868921638154  0.02405851362278203  0.02996567792031610
  0.03655173557747049  0.04308501688815470  0.04946601925548746  0.05545097561413267
  0.06174181578799479  0.06837365941810274  0.07656077370524375  0.08475852662122893
  0.09264704635271676  0.10059712556308524  0.10892066863281387  0.11808464368775066
  0.12819247780475868  0.13818778805737453  0.14829309104124613  0.15728964113798752
  0.16819440613308456  0.17996528133317172  0.19191121002516620  0.20401721065377643
  0.21611147845954629  0.22825424014962395  0.23983456486267171  0.25120511468659074
  0.26380732382441918  0.27758713203166352  0.29094137161197692  0.30210517380557800
  0.31281220093726636  0.32424030968761663  0.33704524960837795  0.35086503274167746
  0.36573852245664729  0.38198249429179199  0.39976392580528486  0.42031607982282942
  0.43564092116507902  0.44811607294890010  0.45849759414619456  0.46694801896918758
  0.47559454131214929  0.48580347653332995  0.49611649266051572  0.50549878163671458
  0.51538804856760467  0.52481089753148658  0.53425733144992271  0.54317775565893955
  0.55317827026443944  0.56357396974422058  0.57385029421185074  0.58514339259573023
  0.59601227845550331  0.60677479186363925  0.61716794044291934  0.62774483763041544
  0.63827841035403798  0.64824922509360927  0.65853759424300817  0.66963117726748811
  0.68134841520860912  0.69320710269716490  0.70494494134442898  0.71714660895127480
  0.72880400232900933  0.73977857319223561  0.75011906499596837  0.76042386090316638
  0.77020901691553190  0.78002436869451963  0.79007342689744042  0.80057337725121247
  0.81169560970708321  0.82322997791417529  0.84266078473866746  0.86219056146203610
  0.87996932304556419  0.89826348791243560  0.91694755502953906  0.93560766755616687
  0.95323407811655936  0.96957233924393715  0.98493157484770599  1.00000000000000000
 -0.00293136020650728  0.01134233977632447  0.02173418489181981  0.03136982675248667
  0.04123279723788064  0.05134983758247189  0.06177128659082003  0.07217674869716710
  0.08284413565173843  0.09441184314675305  0.10673564538070637  0.11929759606388293
  0.13223082370111583  0.14596400753042507  0.16045905755710604  0.17350421752528744
  0.18509720687338227  0.19662321029849580  0.20833458486173442  0.22004882030014719
  0.22939111750651908  0.23935338593558342  0.24948592597848909  0.26100777732041092
  0.27389356628798267  0.28740815548738269  0.30209287114390088  0.31683052880620444
  0.33109806449132539  0.34463433152959355  0.35590197239700200  0.36622440781189197
  0.37633904921231398  0.38508517992040164  0.39300597711461865  0.40239654123985263
  0.40959955515384627  0.41712156478173840  0.42522428729239486  0.43637924245537763
  0.44732274166485586  0.45713480500340592  0.46711539426627080  0.47753914302931877
  0.48817179951120609  0.49967487503718422  0.51320126596549154  0.52742089450409535
  0.54125746075381964  0.55413585621689521  0.56645067869385890  0.57864889806506226
  0.59143772076443746  0.60444680503857373  0.61718453616992985  0.62934455546296331
  0.64149973167536822  0.65344070040555580  0.66791557111814392  0.67932879271758007
  0.69098848798874968  0.70438684699789733  0.71738752128046512  0.73185804043312530
  0.74852997850625169  0.76523243812358455  0.77739236131889211  0.78970007268474984
  0.79544694853656761  0.80072182508172685  0.80575793284342645  0.81081511307843956
  0.81580174516481974  0.82114531126732460  0.82667220718458490  0.83114880537088276
  0.83529505733091436  0.84031785439983031  0.84590101358003777  0.85087319551356455
  0.85781272951021670  0.87123765139537301  0.88443349010587824  0.89566656017135815
  0.90483952749920882  0.91280282147488578  0.92025248728466602  0.92730376412341897
  0.93413707925489275  0.94150941598324323  0.94978787724982816  0.95876764094747235
  0.96836342415447274  0.97876449585443226  0.98912982729387744  1.00000000000000000
 -0.00262227841145274  0.00716420562362610  0.01716922663916847  0.02796383535548489
  0.04042601014247953  0.05105755331517542  0.06162120867754544  0.07246802588175393
  0.08195322204572686  0.09150803099633188  0.10280646961108243  0.11500036112591291
  0.12930682855058598  0.14472442565026625  0.15936192863016146  0.17237177626574207
  0.18452468524864685  0.19792418226635394  0.20952658428397899  0.22099126693055063
  0.23343699480477376  0.24665123735137642  0.25869010720950525  0.27085848826510317
  0.28407670692722342  0.29670903888420713  0.30851933324150765  0.32024468508890902
  0.33178457384055915  0.34321022205313551  0.35447941744876799  0.36575054850266714
  0.37764576850542936  0.38799799606242175  0.39887244050106563  0.41078911738926072
  0.42324200881658797  0.43490076946427564  0.44560151748903198  0.45577816268428406
  0.46814645502924723  0.48126681924843151  0.49322384908825817  0.50327534234966043
  0.51214513354277746  0.52183203881148588  0.53290144749885737  0.54472465782268187
  0.55620020975823170  0.56686094250966768  0.57621544139418401  0.58755267108474674
  0.60022471936730226  0.61161437451797451  0.62180895087407562  0.63208280441162978
  0.64150045323684279  0.65186312759757858  0.66380286351345785  0.67354449196357480
  0.68215025990920664  0.69136107160787208  0.70128096384303684  0.70997493929887323
  0.71853793455540316  0.72852583618257571  0.74153303643975244  0.75171656865497349
  0.75754404358009242  0.76384390943728087  0.76986730043255758  0.77618780029623169
  0.78365191381377464  0.78924042056698096  0.79361914517700660  0.79785144255425156
  0.80241834715246085  0.80700402772204172  0.81107866124616546  0.82390233745400476
  0.83925219737023604  0.85297904594121843  0.86675696461920471  0.87746438421008743
  0.88645547280156034  0.89489274436509181  0.90532062080504405  0.91419938933322908
  0.92272851297678871  0.93158785362046836  0.94163218094922452  0.95284437991547177
  0.96355640959677546  0.97440494301339253  0.98662057445389539  1.00000000000000000
 -0.00142739167553916  0.00627168172779436  0.01375710211200338  0.02115124268225278
  0.02855364275599406  0.03690951618061887  0.04695862727087640  0.05994133542558608
  0.07502672928515532  0.08734597124740014  0.09874272067213150  0.10855332708243559
  0.11756755751106189  0.12658299712137464  0.13695737259506718  0.14883714745246859
  0.16155188924817243  0.17309441744396953  0.18433280027856810  0.19589908940671552
  0.20643009801592133  0.21592734060162136  0.22512758041580455  0.23503681423386322
  0.24693805309462302  0.26004165490144066  0.27166423526150218  0.28238210718062778
  0.29365104501773454  0.30344282227031638  0.31348534085075352  0.32271127260455601
  0.33191297247271545  0.34244579914608148  0.35309492882302707  0.36285117663463928
  0.37261520617982347  0.38293705847741344  0.39489371094764991  0.40848675791858952
  0.42169339686521851  0.43395803222934881  0.44615869112188788  0.45838587138881359
  0.47172449196427924  0.48546032906931408  0.49921348983988328  0.51348363496823624
  0.52842248860064289  0.54293686376020323  0.55626310407790736  0.56764037209831064
  0.57541739360179900  0.58455442030924798  0.59322315814486926  0.60299638483275220
  0.61309226180509402  0.62261094033255360  0.62869354687626955  0.63329582124739314
  0.63830750233943800  0.64329493620944933  0.64812966398668781  0.65329790581686265
  0.65853381820684398  0.66365517204849755  0.66875647212225509  0.67313393001304966
  0.67763250539985720  0.68215341744323377  0.68740125493201165  0.69580593196504814
  0.70552183960950587  0.71497177923243060  0.72534840413332968  0.73762047505319395
  0.75094909239342489  0.76549628887707377  0.78050734180301462  0.79274640631993343
  0.80375958268429815  0.81393824412575277  0.82495189293043858  0.83565254545302425
  0.84552324409809609  0.85615588195209635  0.86919912888999673  0.88585058196215150
  0.90306190336947145  0.91976730561101361  0.93531241364754070  0.95110418267552110
  0.96422726100242528  0.97663593789006553  0.98863128317032822  1.00000000000000000
  0.00959232106236674  0.01335618780931797  0.01755164785051230  0.02118932527362011
  0.02515405119364942  0.02892254029023264  0.03159983365081636  0.03487546163883387
  0.03813372524983222  0.04153226481325537  0.04506989480589049  0.04844372185406937
  0.05191135988866006  0.05665115605816414  0.06073285896006872  0.06378965907617294
  0.06616346408221804  0.06844333395730059  0.07132347468722898  0.07500155594623915
  0.07904816788129790  0.08243375791319467  0.08538091700766018  0.08839373565188706
  0.09175356274026858  0.09479173824000083  0.09735030994539282  0.09987032466273103
  0.10237949656958528  0.10481167969361345  0.10742497520859141  0.11036875074564027
  0.11362455391991773  0.11718753234797649  0.12074333100055944  0.12405628492076948
  0.12828134874446137  0.13407500019770097  0.13944739173133372  0.14474464820574889
  0.15025952950731666  0.15607315167622607  0.16248169226553444  0.17065589339028053
  0.18003973454760214  0.18909775617347499  0.19669587126081597  0.20331511761337678
  0.21018396800544159  0.21719623287814779  0.22469865726738691  0.23218974912198562
  0.23905859894074724  0.24563609935473127  0.25278384424919259  0.26169317992044711
  0.27083534163401135  0.28026152507365099  0.29051146148635387  0.30169242330163620
  0.31290395682784300  0.32420344223211217  0.33430967910689680  0.34455546449148938
  0.35487825866259470  0.36542163108950859  0.37858964371308607  0.39123005848282105
  0.40310637623435797  0.41373246112639683  0.42239905728099097  0.43089170738149180
  0.43924889817837992  0.44894912487817212  0.46048345224158693  0.47377084910749112
  0.48680116519553412  0.49844718671126564  0.50983302736465042  0.52206431277956356
  0.53381446026281743  0.54482215324892591  0.55583069662720908  0.56805858272204557
  0.58403544283151554  0.60437394698669644  0.62583696458324456  0.64662202966161308
  0.66783656659564439  0.69268661868549930  0.72070494098356974  0.75826095990482956
  0.80181566854455488  0.84812144463124139  0.90413395403820085  1.00000000000000000
 -0.00149226537840646  0.00549900150286919  0.01271734388095401  0.02043686634119274
  0.03033043480181640  0.04252116392660868  0.05640603151529697  0.07221976702519439
  0.08706607431345154  0.09942010354755651  0.11173615511017329  0.12535681851612093
  0.13981362280100493  0.15408582738224008  0.16687113708799844  0.17839746090485209
  0.19079997754419420  0.20446059805573849  0.21986152455494504  0.23309129010115073
  0.24400107632283868  0.25423455609325629  0.26473134661525732  0.27629669691703074
  0.28881176390586377  0.30112550585525888  0.31290684913326289  0.32506825638156034
  0.33995866470849873  0.35619266721151938  0.36905375202226109  0.38093773177985729
  0.39249079264897940  0.40337976328812686  0.41431775905115781  0.42671989713505171
  0.43649192946641002  0.44127839646760869  0.44517540236946573  0.44986935372643466
  0.45517127603948160  0.46120032125329685  0.46683342960495811  0.47142330393596793
  0.47746538089986973  0.48254391592942347  0.48704088067730889  0.49233045341707565
  0.49729865228058073  0.50437911328051011  0.51657379286555327  0.52720749763161101
  0.53512105000305377  0.54281707755378183  0.54952354938636416  0.55680091939941467
  0.56595717623195407  0.58028153227963786  0.59200808163915575  0.60323040720109533
  0.61319902266638682  0.62341555013606964  0.63413142975985148  0.64590840768562863
  0.65665148556408104  0.66667738200373461  0.67600558932444132  0.68594837262020525
  0.69518422061024820  0.70418170761796273  0.71366460043187252  0.72301240597669481
  0.73505948642339625  0.74652683963194033  0.76105205558602873  0.77521814643165943
  0.79090548150010109  0.80728678359684947  0.82257195069056355  0.83742554539769565
  0.85284294239690484  0.86679085708739489  0.88143186729140222  0.89591098181104833
  0.90877255219521424  0.91921825915661004  0.92844016389737916  0.93764015439940951
  0.94827676676868933  0.96060236108585184  0.96957736598215638  0.97790626769293287
  0.98452556758392673  0.98999536596282334  0.99527746411463980  1.00000000000000000
  0.64680497931408776  0.67069907573962229  0.69538011089009011  0.71732972957267116
  0.73953808969681345  0.75861266623495049  0.77586796097419763  0.79226063283278725
  0.80543997910181986  0.81785732165867997  0.82927111413582510  0.83947247688886661
  0.84838069626131141  0.85550121244444122  0.86361485682922212  0.87177106512534763
  0.87823519906188519  0.88427310694897954  0.89155803004307377  0.89792984256865338
  0.90359785800592995  0.90894583550229824  0.91384150655750152  0.91822196640504850
  0.92215874215941196  0.92572222172105489  0.92899570433678924  0.93211756136994373
  0.93494055214111860  0.93746989046706775  0.93969736231195233  0.94171794377884177
  0.94374571035514665  0.94551344628825529  0.94739707204805657  0.94922656785998216
  0.95078845474942641  0.95236752093732047  0.95377565617265281  0.95498447683494569
  0.95616223472782114  0.95740984366423121  0.95845458323261790  0.95915974264390558
  0.95988145849943118  0.96063791417712241  0.96136831894957864  0.96206393424434034
  0.96270901990015323  0.96333123446041047  0.96394800429294925  0.96456091015865209
  0.96516828633563789  0.96571147764369814  0.96622320098004422  0.96670867869345711
  0.96716924106559887  0.96759876812016332  0.96801420670591476  0.96841498330316167
  0.96882116037291532  0.96922822506743433  0.96963482612502405  0.97008946460916956
  0.97060020305060912  0.97144050765361423  0.98175076272255302  0.98213269381302704
  0.98244758385004172  0.98271966021242207  0.98297648129579018  0.98322914038714482
  0.98348719061488576  0.98376533006421518  0.98406671826849268  0.98440029700623188
  0.98475016860557485  0.98511186855191768  0.98547936931422209  0.98588611807227611
  0.98630583347662648  0.98677771965301364  0.98728683370518111  0.98776887543246983
  0.98820852760236422  0.98867198463166917  0.98914630429802464  0.98968526420309189
  0.99033948846963327  0.99127901001499130  0.99229915370026278  0.99340150280183015
  0.99458887541227725  0.99593315078203870  0.99763213261285755  1.00000000000000000
  0.13473124236718587  0.15471129229295444  0.17353110359712590  0.18865909899765645
  0.19709079263649104  0.20354870640015763  0.20917205187854152  0.21439073044180956
  0.21973151428663676  0.22591409665246823  0.23140172447628818  0.23586782212435803
  0.24043275376925208  0.24596969086024248  0.25331781175157292  0.26162903624835543
  0.26930009960596446  0.27632244930851546  0.28325637244497037  0.29005429406177646
  0.29675163792049902  0.30378376959694864  0.31138726917972409  0.31883821461789985
  0.32561308536396810  0.33235758436202817  0.33965105394693984  0.34713715094048153
  0.35470651747952031  0.36214252336804675  0.36901301709682999  0.37674899684607488
  0.38405936818083602  0.39077364683266114  0.39693636867820425  0.40264469845289191
  0.40806800497287521  0.41416805711454191  0.41944704198697147  0.42444434522078545
  0.42948447481679963  0.43472845207097649  0.44032014596042313  0.44615942935996167
  0.45312410451839430  0.45958215418917742  0.46599191238826387  0.47268971333516840
  0.47969621029259829  0.48690803851457332  0.49436228807028887  0.50127611023181307
  0.50746767249199676  0.51350427078907490  0.51915105207329837  0.52459275231546176
  0.53010138360220183  0.53574579649401199  0.54167774781416689  0.54771235609806801
  0.55352100262197290  0.55886034053221201  0.56336860621289353  0.56712687390285255
  0.57128202386432436  0.57500699293247692  0.57832645806712379  0.58151112302797736
  0.58532620838795935  0.59000733775312908  0.59488544765857476  0.59917934180920784
  0.60328910428903726  0.60727725820677114  0.61133834073001736  0.61548117850940420
  0.61940209354075926  0.62299399278145862  0.62817382348025719  0.63503777269489292
  0.64298084397569544  0.65198775482142990  0.66079786069880486  0.67218556378724448
  0.68634240527084911  0.69486085282497112  0.70307548062829184  0.71048527930513539
  0.71888840273722887  0.72849234830943654  0.73851183099447926  0.74763374239576452
  0.76172012885318097  0.78078223315114359  0.96068062854970326  1.00000000000000000
   4.7197942735669850E-020  -1.0000000000000000     
 F F F F F F F F F F F F F F F F T F T F T F T F T F F F T F F F T F T F T F T F F F F F F F F F T F T F T F T F T F T F T F T F F F F F F F F F F F F F F F F F T F T F T F T F T F F F T F F F T F T F T F T F F F F F F F F F T F T F T F T F T F T F T F T F
  <DiscreteSampler_grid>
  grouped_processes
  1 # 1 for a reference and 2 for a running grid.
  10 # Attribute 'min_bin_probing_points' of the grid.
  1 # Attribute 'grid_mode' of the grid. 1=='default',2=='initialization'
  0.0000000000000000 # Attribute 'small_contrib_threshold' of the grid.
  0.5000000000000000 # Attribute 'damping_power' of the grid.
 # binID   n_entries weight   weight_sqr   abs_weight
    13   10   5.284316001111081E-013   8.104906811237941E-025   5.284316001111081E-013
    14   10   5.284316001111066E-013   8.104906811237895E-025   5.284316001111066E-013
    16   10   3.008995986471503E-013   2.981789953099733E-025   3.008995986471503E-013
    17   10   3.008995986474246E-013   2.981789953102793E-025   3.008995986474246E-013
  </DiscreteSampler_grid>
