  0.00000000005630065  0.00000000013329713  0.00000000019207907  0.00000000025072896
  0.00000000031580343  0.00000000038283199  0.00000000045257772  0.00000000052533823
  0.00000000059917681  0.00000000068465861  0.00000000076849013  0.00000000085606002
  0.00000000094556006  0.00000000103832533  0.00000000113395520  0.00000000122776671
  0.00000000132464388  0.00000000142940992  0.00000000153542567  0.00000000164048445
  0.00000000174510015  0.00000000185584675  0.00000000197055316  0.00000000208876344
  0.00000000220770610  0.00000000232781574  0.00000000245294183  0.00000000257556566
  0.00000000269719269  0.00000000281961323  0.00000000294346738  0.00000000307436008
  0.00000000321345430  0.00000000334890753  0.00000000348819596  0.00000000362472948
  0.00000000376110242  0.00000000389699183  0.00000000403624681  0.00000000418418038
  0.00000000432898347  0.00000000447298306  0.00000000461431694  0.00000000475742640
  0.00000000490134475  0.00000000504596855  0.00000000519528629  0.00000000535378211
  0.00000000551692317  0.00000000568011961  0.00000000584182282  0.00000000600390203
  0.00000000617376061  0.00000000634639673  0.00000000651998755  0.00000000669330678
  0.00000000688623467  0.00000000709052053  0.00000000729218698  0.00000000749267474
  0.00000000769559492  0.00000000790202208  0.00000000811556308  0.00000000833149228
  0.00000000854784904  0.00000000876195835  0.00000000897401266  0.00000000919976658
  0.00000000943672603  0.00000000967274704  0.00000000991232244  0.00000001015573649
  0.00000001040050548  0.00000001065675024  0.00000001092868654  0.00000001120219499
  0.00000001147463617  0.00000001176709339  0.00000001209070505  0.00000001243051606
  0.00000001277745662  0.00000001313173549  0.00000001349125526  0.00000001386290455
  0.00000001424745109  0.00000001465089322  0.00000001509451335  0.00000001560036383
  0.00000001618416933  0.00000001683926205  0.00000001753406690  0.00000001832944274
  0.00000001931822313  0.00000002058298767  0.00000002119810105  1.00000000000000000
  0.00963769530090880  0.01598000857409480  0.02490729215775020  0.03452951880367500
  0.04415707100804864  0.05390970436569993  0.06391906002255432  0.07415894188380823
  0.08428695512251239  0.09426596724395341  0.10423630256666072  0.11411413406662185
  0.12401227186971513  0.13416339887351131  0.14465253996749899  0.15500451008919727
  0.16506537631715604  0.17512930156064241  0.18544760485319134  0.19578716304818156
  0.20619899149531704  0.21692772335030219  0.22803872295025374  0.23923748266497843
  0.25017403590300735  0.26082837995491265  0.27129181454647161  0.28172671545922756
  0.29209572799977118  0.30244222308574198  0.31303423756468068  0.32390410290576988
  0.33470588233136755  0.34531964277532562  0.35593792076159553  0.36663189869097673
  0.37760018765605752  0.38871210869821726  0.39941599512687270  0.40904308179323778
  0.41863505498079845  0.42805347357957330  0.43833180767958035  0.44845354608947618
  0.45843708361393587  0.46900292547107081  0.48000273727532333  0.49147447802255273
  0.50228315839494952  0.51287947140098922  0.52371053524177735  0.53476982040366039
  0.54538750673107805  0.55592213163978188  0.56686497061088781  0.57768816739532836
  0.58840785648537253  0.59859268000351440  0.60917294128812949  0.61989934553261117
  0.63099815268451698  0.64198802854248782  0.65325141339953552  0.66455730259562551
  0.67552752605162070  0.68616075678100441  0.69645238235685747  0.70667727943890579
  0.71721714402679670  0.72794865991778213  0.73856421935804495  0.74882176196405648
  0.75903569109179714  0.76934860677972727  0.78011841177333829  0.79110459114299858
  0.80176643437041040  0.81174828147936962  0.82151352481073214  0.83143046959103784
  0.84209577844788031  0.85284222360580875  0.86376672223535200  0.87371164356652953
  0.88387907034823432  0.89417124924434588  0.90475872497059617  0.91493028729480941
  0.92489050192699551  0.93537292539878192  0.94623544603439091  0.95753334055010886
  0.96882409778844569  0.97983423858508800  0.99010718483971494  1.00000000000000000
 -0.00230064510971292  0.00802593935574533  0.01735572603271894  0.02617748070488036
  0.03527962764476173  0.04440078624323349  0.05396234573404946  0.06354265303674708
  0.07331153346235117  0.08353964644399817  0.09400752139915758  0.10430789915548073
  0.11463299782047637  0.12518647064689128  0.13595705452506701  0.14690998118483253
  0.15795537703894780  0.16876844218602985  0.17909108325745557  0.18916504491135996
  0.19909681937547000  0.20892688594035674  0.21887089665273962  0.22917834344287474
  0.23991645837741354  0.25062413562932540  0.26094074152797764  0.27082986078186516
  0.28040659292111975  0.29011092406998762  0.29995556099762949  0.31000085639725494
  0.32017532115588554  0.33034532086616397  0.34021749479799879  0.34997076240572633
  0.35959464755738563  0.36920116769246192  0.37919306740729752  0.38952456805730806
  0.40006135696938716  0.41012010451218461  0.41981556186216973  0.43014169989106443
  0.44051635775813425  0.45138200965997816  0.46195737356203675  0.47293893051694486
  0.48288959601559511  0.49247921844436449  0.50218734698038536  0.51239718958050073
  0.52276903673037056  0.53302508706402696  0.54347481537346698  0.55483710766971961
  0.56622813506989800  0.57736206828334846  0.58820000089631552  0.59908759882648988
  0.61000418965132708  0.62074514863900032  0.63189471768884775  0.64306950884594549
  0.65402494587802296  0.66501423298799212  0.67667014699733963  0.68869272122469727
  0.70016225502798290  0.71199277071362532  0.72326891543015537  0.73396692526523566
  0.74435074320484551  0.75561680493454175  0.76731955382300077  0.77858311679852099
  0.78936934391876412  0.79994597095767594  0.81007632861020629  0.82022833951761598
  0.83092090919657935  0.84235501942925817  0.85369849408620779  0.86446723304231399
  0.87484958678896152  0.88551237376308645  0.89632015964279943  0.90790771051987185
  0.91949064696802718  0.93143219885995654  0.94283397606278352  0.95418806223918684
  0.96565145085124016  0.97696089053546775  0.98838846627440269  1.00000000000000000
 -0.00208638351514411  0.00988572221813893  0.01992971281904777  0.02972909256794229
  0.03972222325908735  0.04958565810255255  0.05939033810515661  0.06926155725107300
  0.07956167728370066  0.08980135104712736  0.10008271191759217  0.10991895171831574
  0.11946331924307207  0.12843729559701655  0.13747582838498909  0.14673358797240968
  0.15659208820401069  0.16663511156552852  0.17714243085462880  0.18809224373774891
  0.19926318874625251  0.21020402427150836  0.22105866532422541  0.23198168356962470
  0.24272389059983568  0.25328942704535434  0.26390519602464879  0.27428864972880462
  0.28483952865593520  0.29534510213795084  0.30598733199145683  0.31658372586256012
  0.32658589990902903  0.33703212046928060  0.34724874558823160  0.35802025277599858
  0.36774944594939979  0.37708730310620475  0.38599197616495434  0.39537583474796878
  0.40546373619788978  0.41604403910610099  0.42676947973014162  0.43753850176752002
  0.44839419826646526  0.45926015060940284  0.47003177436919186  0.48068576920301415
  0.49143043006780351  0.50234332360552036  0.51347241727179171  0.52473535513617031
  0.53603584698481344  0.54708504604938923  0.55795200007876944  0.56881203605277375
  0.57988937463656165  0.59074928939666571  0.60114198210316327  0.61149982251802637
  0.62135305808047980  0.63159182025204408  0.64243990635159587  0.65370750454159443
  0.66500731743226826  0.67539674885859147  0.68611855388659915  0.69694381042512665
  0.70786270459109013  0.71877807654476156  0.72970860267240956  0.74088927579195507
  0.75194716349711732  0.76284569279103420  0.77364794365755074  0.78414078572159496
  0.79492896811593317  0.80593144117709048  0.81687326240303748  0.82725655223920302
  0.83760698608091688  0.84811795896121378  0.85878542323855789  0.86902991518182238
  0.87895244298333985  0.88883545692264254  0.89893443297092179  0.90943312666657916
  0.92057927959527974  0.93209079596370958  0.94402439568721674  0.95601842608004917
  0.96745781022522714  0.97861857367066829  0.98918058311990509  1.00000000000000000
 -0.00196830650191115  0.00959024725802371  0.01974514793095618  0.02992090398053155
  0.04013013674386413  0.04999559684076176  0.06004667198596447  0.07053941043512386
  0.08125804077979962  0.09199974735303323  0.10276495930689702  0.11383455307607376
  0.12545020922913910  0.13706519430750752  0.14853850257107817  0.15971877641225768
  0.17046954500988640  0.18048900611673108  0.19033188014354713  0.20044403554135862
  0.21081371339417032  0.22126746478321663  0.23176031198028546  0.24208618703787396
  0.25214286009623726  0.26203462481332579  0.27239539470628110  0.28331963922663189
  0.29424747219241720  0.30496771861017596  0.31628710843439850  0.32849676071310663
  0.34061626068123979  0.35165881886245193  0.36229733843135903  0.37282424999883634
  0.38341554632344382  0.39406425762503627  0.40484952126861878  0.41528896380614999
  0.42634936402901652  0.43755701622735171  0.44845609840330874  0.45896307354226168
  0.46892760326002164  0.47904370461690376  0.48879878818822814  0.49818157948847830
  0.50767738959979569  0.51713345981335834  0.52754222390063321  0.53709938371628396
  0.54677360063583491  0.55646825945779876  0.56624026326740173  0.57640493137298809
  0.58708143122391288  0.59839795464590384  0.60970307462509477  0.62038324501264419
  0.63093060555565883  0.64128153234612539  0.65206047439206694  0.66337184293843621
  0.67530213324320854  0.68707553332158122  0.69833800201094243  0.70916948168894123
  0.71934160285606963  0.72955590603843212  0.73898986321158877  0.74821944515819971
  0.75765346984466553  0.76746608297068419  0.77759502755798393  0.78831438609415561
  0.79917255213022009  0.81056832255300715  0.82153938207895694  0.83294303399208469
  0.84301795524837431  0.85311096980654855  0.86332829363656982  0.87411615675485455
  0.88429715849532375  0.89409738354685286  0.90401820434085733  0.91458739728717076
  0.92515578900380480  0.93617388249362921  0.94723177971903705  0.95773454830562332
  0.96770616768835127  0.97786780905467952  0.98874181866422317  1.00000000000000000
 -0.00216948822178272  0.00922558804138796  0.01969156048590984  0.03008877339265887
  0.04145840425381196  0.05279635658460771  0.06414339483702146  0.07470413242269107
  0.08546170833188281  0.09570110516661091  0.10562672967503887  0.11514321245505246
  0.12489504864052786  0.13537071390972086  0.14555927074466707  0.15625600205645274
  0.16685228640725264  0.17777597231139364  0.18874645855579533  0.19942709227189065
  0.21036205203029798  0.22120166223063956  0.23190637571025099  0.24267182018785949
  0.25284162736721777  0.26284549588955902  0.27273837216110230  0.28279633380989039
  0.29313113692409098  0.30333273872511818  0.31372120050802565  0.32412856185594829
  0.33472842494130711  0.34516567097484829  0.35533679407634217  0.36504014141269392
  0.37459017412372275  0.38407866322073708  0.39420817810036562  0.40419607300894117
  0.41418446966200945  0.42410032848920964  0.43420465489586457  0.44435557642553569
  0.45463803529145452  0.46532364122406150  0.47618893601690443  0.48661972079801397
  0.49667784920491292  0.50666014554033179  0.51639094250704565  0.52600682964717160
  0.53559631291216436  0.54597867743212214  0.55675970008808007  0.56751343009530564
  0.57842116496572471  0.58946313240439441  0.60024083463689559  0.61103084457639778
  0.62222859784973505  0.63364368628228951  0.64466679782350800  0.65501015689203335
  0.66509485355755060  0.67481215845006703  0.68447099373757769  0.69465318179025504
  0.70547903652050648  0.71680433703548618  0.72860743735373945  0.74072306125393661
  0.75246905116642671  0.76334448333099492  0.77387583383338421  0.78450418887884632
  0.79536774672989063  0.80635731154441859  0.81734683928997665  0.82878859793013426
  0.84007099493188431  0.85128422337814236  0.86221321485108648  0.87306279459314151
  0.88390523092613249  0.89435076255516677  0.90513387339893214  0.91581230261000746
  0.92720785303204489  0.93835057900626173  0.94922774909065133  0.95969510826017823
  0.96971829047290015  0.97983517636755602  0.98992107519672357  1.00000000000000000
  0.01247956633326650  0.01685093244340417  0.02035720669648269  0.02558507857565056
  0.03149144815301779  0.03753625647595316  0.04365598067505410  0.04975428688796501
  0.05595219804517608  0.06201468014964001  0.06781673143890873  0.07344475834905673
  0.07907069209498661  0.08487858112070820  0.09087302281145093  0.09692921932117821
  0.10297503473105724  0.10884192650948950  0.11462793125813779  0.12043818709302766
  0.12607247755405998  0.13157526897572316  0.13710996075464421  0.14272265583396973
  0.14835217059709940  0.15395953837786275  0.15959316821708192  0.16510896950039600
  0.17109253452024989  0.17712727300841155  0.18348764038247653  0.18994200305708037
  0.19648418162108880  0.20297224692712956  0.20934221233402778  0.21555160046856842
  0.22166687158841430  0.22773871394412937  0.23377597081127585  0.23984414130539924
  0.24613779761324298  0.25268136323293144  0.25929342092218338  0.26574027315040905
  0.27203439892068765  0.27848024379304992  0.28502831109899052  0.29173435862175140
  0.29849926349594214  0.30569759887258230  0.31303759802136588  0.32036740987643358
  0.32756424624448188  0.33469877551586463  0.34213031929576804  0.34977752714928895
  0.35764560329650397  0.36551564085055815  0.37309251787680059  0.38063118351085456
  0.38851990714261719  0.39681224723162078  0.40537283033638638  0.41393390302519772
  0.42251945032892235  0.43121874742455074  0.43990484927489421  0.44886879890307696
  0.45797679356208776  0.46757229145091544  0.47718926501815190  0.48727744619958313
  0.49758995158430680  0.50833446939065663  0.51962647689811226  0.53078540984349309
  0.54191412014235041  0.55311349943239596  0.56499034568634698  0.57746936754218858
  0.59026547489203607  0.60358903662852292  0.61780346160088440  0.63214693584959258
  0.64650824015010278  0.66158085474680128  0.67817590229178359  0.69591442140595838
  0.71470310461640318  0.73532775570117781  0.75796352844230164  0.78388760428021631
  0.81450344730368840  0.85107021178795506  0.90058603732418874  1.00000000000000000
 -0.00251417204403222  0.00973205693595205  0.02041284324990614  0.03138874418405317
  0.04294835651599733  0.05370269297591911  0.06388917395063412  0.07363612629068547
  0.08360072662840692  0.09404263034596311  0.10402734387232675  0.11395372756533280
  0.12398249704485552  0.13414841948963752  0.14505135973914524  0.15560409277680839
  0.16616602765777863  0.17653491027380622  0.18699525421590985  0.19754288683687368
  0.20837940145211648  0.21920921804405166  0.22941519056977233  0.23913886118638614
  0.24865786702089643  0.25836491954112578  0.26816289146182531  0.27820084766765885
  0.28868698601566478  0.29958765531306791  0.31045720507211000  0.32090505940179659
  0.33125640986492849  0.34192623678248657  0.35294539136397679  0.36392772764279080
  0.37444099926527419  0.38502425050019129  0.39564602080277067  0.40603724111314055
  0.41632948476081111  0.42672565945034568  0.43708884951778676  0.44731378995838217
  0.45751762163571180  0.46813755738411883  0.47894388435592827  0.48937601863879804
  0.49996152087164897  0.51101867882955321  0.52217489858176003  0.53295992226640343
  0.54285137796351590  0.55274631767032534  0.56280630529863840  0.57377115596428896
  0.58414459915721839  0.59555850208549077  0.60662643574750885  0.61792505699759659
  0.62854384335489344  0.63926835705598062  0.64962588843016134  0.65994612518367701
  0.67033561801281838  0.68082800877491512  0.69165296873159909  0.70250643962964232
  0.71283842838579947  0.72280575808246661  0.73258951597375621  0.74271829046988125
  0.75325255765354415  0.76412209239773166  0.77492810083756769  0.78574319521565061
  0.79627622102116968  0.80706413223062734  0.81770568266776844  0.82884040957228056
  0.84020523136238590  0.85155731053651473  0.86249708614715714  0.87345871827238075
  0.88455814125799037  0.89553290390902107  0.90568647616967268  0.91598557420402349
  0.92657564725255315  0.93738421164600871  0.94803355373712028  0.95891805675123032
  0.96970192648089315  0.97967543641762311  0.98965731257012068  1.00000000000000000
  0.02457294342779682  0.03131493629585626  0.04063298209127136  0.05037611252054175
  0.05976953677391656  0.06922141296397520  0.07866823726850758  0.08820113377006278
  0.09793427141628956  0.10792607719127863  0.11802274221095450  0.12804864967707574
  0.13817710572327987  0.14869339883988486  0.15952368945821999  0.16993196242952557
  0.17994049645944699  0.18981546176274530  0.19968328341606070  0.20972747648268936
  0.21963055915026169  0.22981248796171719  0.24027519206928849  0.25065578394043914
  0.26109205876517982  0.27164416793254731  0.28216372913014953  0.29182754159010760
  0.30127214256997681  0.31079274635166998  0.32116803255631687  0.33158761311180801
  0.34190288510664008  0.35208199962101122  0.36236395923816817  0.37258317015030473
  0.38278364553126687  0.39322885437972349  0.40377979551429066  0.41448053311550115
  0.42483179037186031  0.43508171381225796  0.44513981104908856  0.45510490885804172
  0.46523834213397397  0.47572137860247843  0.48678519304070111  0.49796081307165663
  0.50856685614466690  0.51854923321368807  0.52829547858331061  0.53811173911902876
  0.54799821175704944  0.55808295320681878  0.56777895739800455  0.57752829616557977
  0.58700000278358866  0.59680941446771962  0.60647700929176396  0.61582583848959793
  0.62507893543808579  0.63461307378282139  0.64479341982988259  0.65515161334934180
  0.66570958325617746  0.67628776727748185  0.68684738961576142  0.69704928580037984
  0.70721558059152290  0.71744378425688049  0.72782039633625695  0.73831167663183528
  0.74886188204660198  0.75929713190475001  0.76945637547350676  0.77930494230899716
  0.78939193755403581  0.79968740917378089  0.81012501510374890  0.82055934630218264
  0.83128311278378297  0.84219552024937072  0.85295915741176076  0.86342228078430028
  0.87391349553273290  0.88407493774219070  0.89422704253093999  0.90433557211496585
  0.91428360437631029  0.92439829358939329  0.93473736535728225  0.94520390651000308
  0.95586933853422762  0.96547213420707123  0.97102217712272409  1.00000000000000000
  0.06129402977377928  0.11575839799529618  0.13564009267089028  0.15106917059203021
  0.16580919591096474  0.17911890251152812  0.19189542979331747  0.20387976024190993
  0.21460908751305949  0.22429911581402645  0.23386487708139148  0.24320999720644806
  0.25231720921842848  0.26101241964917637  0.26968111533859507  0.27858238399733160
  0.28764759632018438  0.29629058896318144  0.30470851889283063  0.31274628110504765
  0.32050388162264504  0.32805073164378762  0.33561869063677013  0.34336174516095130
  0.35113334402269619  0.35865937466456121  0.36606070659500722  0.37308690344643014
  0.38021858703522265  0.38720777205575835  0.39412420870866577  0.40088320345064760
  0.40759938911820559  0.41438190635894417  0.42112453493623558  0.42796045166851659
  0.43472669167768851  0.44120858507767491  0.44736985767566773  0.45336653783203251
  0.45935040664021232  0.46544904832672890  0.47167479590798550  0.47797289211685134
  0.48430809758906374  0.49047892429284318  0.49653046152294100  0.50253745600477318
  0.50860638189691165  0.51477964281281352  0.52090080756188206  0.52692142047899793
  0.53283267318135730  0.53872677015374271  0.54466841105432706  0.55064090293546553
  0.55649697832886513  0.56208134683623279  0.56749454427900592  0.57291194585101035
  0.57848075934215026  0.58439115759497950  0.59043213463534050  0.59646598519694050
  0.60233286624939941  0.60795622139261696  0.61331904400883752  0.61859660657634141
  0.62388637038028394  0.62921756402332285  0.63468204652259153  0.64023718854674705
  0.64575065069939896  0.65162612867006575  0.65744295277690634  0.66330166404529189
  0.66926932309295739  0.67525744461537751  0.68124432003551361  0.68740346828651189
  0.69369010046414781  0.70013823075930215  0.70667821862183389  0.71325428227903653
  0.72005204164048564  0.72723319057845170  0.73487214214340268  0.74332761022905747
  0.75200267225672135  0.76217434698386954  0.77357082694582191  0.78668133414014596
  0.80294643209081651  0.82481282995615113  0.86155741803023345  1.00000000000000000
   1.0547995094416759E-019  -1.0000000000000000     
 F F F F F F F F F F F F F F F F T F T F T F T F F F F F F F F F T F T F T F T F F F F F F F F F T F T F T F T F T F T F T F T F F F F F F F F F F F F F F F F F T F T F T F T F F F F F F F F F T F T F T F T F F F F F F F F F T F T F T F T F T F T F T F T F
  <DiscreteSampler_grid>
  grouped_processes
  1 # 1 for a reference and 2 for a running grid.
  10 # Attribute 'min_bin_probing_points' of the grid.
  1 # Attribute 'grid_mode' of the grid. 1=='default',2=='initialization'
  0.0000000000000000 # Attribute 'small_contrib_threshold' of the grid.
  0.5000000000000000 # Attribute 'damping_power' of the grid.
 # binID   n_entries weight   weight_sqr   abs_weight
    13   10   4.339932608112037E-009   7.638943175614318E-017   4.339932608112037E-009
    14   10   4.339932608112052E-009   7.638943175614392E-017   4.339932608112052E-009
    25   10   2.681872284899517E-009   2.122447033366977E-017   2.681872284899517E-009
    26   10   2.681872284899632E-009   2.122447033367053E-017   2.681872284899632E-009
  </DiscreteSampler_grid>
