  0.00000000005679306  0.00000000013374938  0.00000000019678661  0.00000000025958733
  0.00000000032853882  0.00000000040112476  0.00000000047676103  0.00000000055098268
  0.00000000062769784  0.00000000070782183  0.00000000078877615  0.00000000087217549
  0.00000000095617247  0.00000000104445872  0.00000000113872369  0.00000000123206562
  0.00000000133142979  0.00000000144180233  0.00000000155376161  0.00000000166146653
  0.00000000177531918  0.00000000189834762  0.00000000202334166  0.00000000214262787
  0.00000000226044445  0.00000000238240199  0.00000000250724400  0.00000000263271076
  0.00000000275985342  0.00000000288843031  0.00000000302021738  0.00000000316039956
  0.00000000330195034  0.00000000344771018  0.00000000360126993  0.00000000375821283
  0.00000000391548505  0.00000000407296600  0.00000000422773411  0.00000000437721940
  0.00000000452472325  0.00000000467133265  0.00000000481639020  0.00000000496251771
  0.00000000511357534  0.00000000527389183  0.00000000543947641  0.00000000560461759
  0.00000000576731165  0.00000000592946127  0.00000000609583724  0.00000000626271145
  0.00000000643138097  0.00000000659202706  0.00000000675606484  0.00000000692326811
  0.00000000709577807  0.00000000727266869  0.00000000744926677  0.00000000762583747
  0.00000000780624146  0.00000000798390379  0.00000000817522087  0.00000000836623964
  0.00000000856851251  0.00000000877131785  0.00000000900286615  0.00000000925273875
  0.00000000949675034  0.00000000973296411  0.00000000996733094  0.00000001019912595
  0.00000001043585333  0.00000001068956648  0.00000001094452870  0.00000001120172521
  0.00000001146262475  0.00000001173812567  0.00000001204300187  0.00000001237916356
  0.00000001271978586  0.00000001307512647  0.00000001343269521  0.00000001380642606
  0.00000001418765542  0.00000001458385432  0.00000001498305213  0.00000001545912452
  0.00000001600541560  0.00000001661339714  0.00000001729805821  0.00000001809401240
  0.00000001910675097  0.00000002048272110  0.00000002123154842  1.00000000000000000
  0.00899630930317860  0.01762527992531694  0.02876456800991714  0.04052580989218169
  0.05158084184967351  0.06279619315695145  0.07293575639335251  0.08292624683652446
  0.09334415724504289  0.10455735516448067  0.11622436264812346  0.12880245476165567
  0.14187855856387666  0.15481281548472767  0.16744424447657988  0.17979867381423192
  0.19126988954449828  0.20198778419020233  0.21270871688905912  0.22339934959926588
  0.23373659653725237  0.24408231786329229  0.25456465463124711  0.26543611015726154
  0.27604172622053058  0.28605565756673174  0.29587385208106071  0.30596195828887940
  0.31657123559829664  0.32757045795151568  0.33864649586719087  0.34988627930051530
  0.36011290126458112  0.36974531328490001  0.37944144153827841  0.38910041369820703
  0.39904103342556668  0.40886903550835302  0.41897999309535250  0.42956352955661109
  0.44041325689646926  0.45140679427754410  0.46174392689693911  0.47067763247173039
  0.47976933121243032  0.48909867735724771  0.49840545947910886  0.50691437384048044
  0.51514855679325311  0.52366505441025413  0.53257330316358531  0.54168554621127729
  0.55136021390052992  0.56052270643543944  0.57061571906848130  0.58097643983979141
  0.59169163105489875  0.60249539223350335  0.61301016019637167  0.62311432803459366
  0.63317897021337599  0.64326966578837308  0.65355593171688853  0.66359192025567015
  0.67360804961860243  0.68383843946131628  0.69427730980171631  0.70486967463759698
  0.71516051535461367  0.72518243106315694  0.73505087270450575  0.74511663663645089
  0.75520902087320241  0.76542082340165507  0.77553177633978543  0.78595705567893004
  0.79696269491649929  0.80821562016740467  0.81903473934189253  0.82982426120404862
  0.84123528080869669  0.85285746873189983  0.86442419751168620  0.87610335374527226
  0.88770408756160202  0.89875796146230191  0.90896230462411121  0.91930992103534537
  0.93003491248334702  0.94047472538912447  0.95079144293234619  0.96140876568531952
  0.97148937609921826  0.98078996236052673  0.99119846981541737  1.00000000000000000
 -0.00272891084372309  0.01100762015264498  0.02275141471096997  0.03429235007712148
  0.04603167380381330  0.05785900257015205  0.07002699448213577  0.08238046476211211
  0.09352369762747659  0.10497410772911069  0.11642686687000858  0.12844969226642855
  0.13989783069704564  0.15115621587557682  0.16260056043704277  0.17381767463637401
  0.18491681205189375  0.19588784225035991  0.20678589367834987  0.21765853669268856
  0.22868873778160168  0.23999263559512321  0.25159474171070395  0.26219790482697841
  0.27336579429549429  0.28450311581673965  0.29548487614198199  0.30565645416141796
  0.31565617809632041  0.32582924436433847  0.33610633472251755  0.34617476992136187
  0.35657643023113600  0.36669568917261636  0.37670149578548251  0.38632279482577464
  0.39574940958274984  0.40536106797551313  0.41523729079958088  0.42561145353244856
  0.43574163852644099  0.44531264398809423  0.45492035776148765  0.46493034740657629
  0.47567829878099588  0.48672094373472607  0.49786299439041215  0.50913582298351312
  0.52064900248246981  0.53267085431749983  0.54517552058228425  0.55754007246734416
  0.56946174323644350  0.58146264737915376  0.59365399741107494  0.60595324445488963
  0.61785420664583146  0.62819255277953823  0.63814015025067417  0.64803796791494539
  0.65812258113530098  0.66776887502734172  0.67675823938172119  0.68556953388312192
  0.69510327537026095  0.70483859601178345  0.71428651895692008  0.72340342385671863
  0.73272168482194577  0.74207403989435161  0.75162575099463291  0.76097187777817121
  0.77081419327316780  0.78160401883045316  0.79222153423683839  0.80207451177105360
  0.81155765516125999  0.82094094282140562  0.83040706592275371  0.83971118605556716
  0.84903935421270937  0.85952321765520767  0.87084210130739026  0.88118757467586672
  0.89067827527295362  0.90028537684726495  0.91013938959438179  0.91993871131018323
  0.92972618277496244  0.93958495544841625  0.94981511021886844  0.95998430091668352
  0.96981958374484001  0.97980707672041900  0.98984497199853250  1.00000000000000000
 -0.00190743589330729  0.00916130345910173  0.01910930116603937  0.02911793377681806
  0.03952241435095803  0.04949500334776558  0.05934414189269704  0.06906231271533211
  0.07909266369089618  0.08886197725068889  0.09858401895733675  0.10833114733599239
  0.11856660832444721  0.12858747263363274  0.13885163831241162  0.14906125085526628
  0.15961036538268958  0.16994494332736917  0.17989473161923847  0.19006820635186575
  0.20118944897883831  0.21263880123942205  0.22376203139181267  0.23465823161169500
  0.24537195420749794  0.25570364725784367  0.26575529872947240  0.27607021089272105
  0.28667138773830253  0.29711587418233076  0.30726708368425742  0.31796149648461769
  0.32850935432013900  0.33889505557673499  0.34873317752745869  0.35916861102371428
  0.36972141157364868  0.38054777151650560  0.39155123114803642  0.40266598363750578
  0.41413526393223526  0.42550348617645317  0.43721128837846618  0.44850958194756813
  0.45957701716555216  0.47095846358531296  0.48265243075763581  0.49479901932547987
  0.50686132149278840  0.51818362888991987  0.52881347362112008  0.53923104501974239
  0.54981693044184987  0.56048121666350847  0.57132993417427991  0.58273483367300416
  0.59419781703256913  0.60499988660084991  0.61512596105681716  0.62535053620886494
  0.63592379994583970  0.64651326258793862  0.65715921152756340  0.66749394784782989
  0.67754843546625110  0.68769726528533015  0.69819789930890308  0.70856268404045508
  0.71828593742523561  0.72771947827963224  0.73748067961295316  0.74745637789048458
  0.75754207849116817  0.76726839463497321  0.77812986499196901  0.78900816899365078
  0.80019727101612237  0.81123591702822262  0.82213116910570827  0.83258589393780513
  0.84280945300276566  0.85328181795713764  0.86379335622469822  0.87458857386483013
  0.88513048812895312  0.89531602690330003  0.90540261630576568  0.91561886647201685
  0.92731695610583209  0.93981889571088184  0.95062252453250717  0.96098516473026063
  0.97054965939917004  0.98017789818275547  0.98985898632694269  1.00000000000000000
 -0.00297720480854672  0.01121218089456316  0.02218580759969994  0.03307601106317157
  0.04455603391053676  0.05643389789684652  0.06706112394671199  0.07671958967557727
  0.08634376757421865  0.09621076487991807  0.10618701611488347  0.11588704483782061
  0.12548681873716497  0.13567293227206187  0.14576910173601332  0.15584828192155822
  0.16594321669256912  0.17672311418402165  0.18808198694108941  0.19991831828680323
  0.21112443643853232  0.22149920275972751  0.23155840133005534  0.24200707995963408
  0.25270414102630512  0.26309340995893132  0.27373382216246778  0.28510378369202571
  0.29663259961597266  0.30793571428839200  0.31968884669114112  0.33147963143742765
  0.34283838333435485  0.35346727079004181  0.36435241962679027  0.37535890757727414
  0.38681688858200669  0.39828247454239596  0.40974550504403606  0.42090778464129530
  0.43155593344287307  0.44287232283564276  0.45380081373404219  0.46450054003603475
  0.47396649045344474  0.48475341204683792  0.49509214045848626  0.50627659863654406
  0.51673820623823219  0.52781604700172979  0.53915280186647419  0.55073951212637540
  0.56229424713879450  0.57352360778568601  0.58434421257810354  0.59477566581944119
  0.60507009685069624  0.61552186751104043  0.62628202626028606  0.63758396395666650
  0.64856463893972816  0.65811010018241933  0.66788636508021604  0.67774267653184594
  0.68772834221210211  0.69712523306041874  0.70658261222120056  0.71620121698316708
  0.72604334442760154  0.73613915441629163  0.74654653565932272  0.75679245775208237
  0.76655970821143360  0.77668712869494927  0.78718347920030463  0.79713019115853534
  0.80591170626862529  0.81452596411802458  0.82341229678102257  0.83278331565469677
  0.84215438187744340  0.85112838846449812  0.86166320612423142  0.87237604401507007
  0.88222946727702667  0.89188239500184929  0.90190901540232071  0.91287325716259815
  0.92381770529056839  0.93495496681235779  0.94603031279023919  0.95750210241087030
  0.96842643237370785  0.97930749360053304  0.98981522154227308  1.00000000000000000
 -0.00226915226429745  0.00932624255901018  0.01939389036954017  0.03005611587152551
  0.04102654914682845  0.05310988580745005  0.06482214908791196  0.07591633511498634
  0.08748951511556756  0.09902617551010363  0.10979735043630824  0.11975261318480379
  0.12970073519960459  0.13937238842401017  0.14968718061923575  0.15973363334734858
  0.16984459953539105  0.17907531560459608  0.18798248613063337  0.19834208493033037
  0.20880305563197013  0.21938949844029135  0.23029755563784005  0.24122276858678746
  0.25250309172334279  0.26296817183232796  0.27408142660062340  0.28544726322993719
  0.29636627822788758  0.30635562469272748  0.31646277590199157  0.32729215030922915
  0.33871283308107702  0.35032370846042304  0.36256692014459668  0.37484959573140592
  0.38624382541897745  0.39698486363083402  0.40745037812706009  0.41802416167431372
  0.42903922459870225  0.44017547939341012  0.45099244468940175  0.46156612520394880
  0.47204204177399256  0.48257530296801460  0.49320337082026083  0.50401793624285429
  0.51512192951898383  0.52630348362210377  0.53748743511529617  0.54870748263814462
  0.55989131989326835  0.57216117795430910  0.58482582728533861  0.59629248388075817
  0.60719533461501773  0.61729225360532569  0.62727466574988999  0.63600300789616593
  0.64527553058748688  0.65469409236598719  0.66411664221936462  0.67371364047121374
  0.68352011070557372  0.69369717678409026  0.70369230850312414  0.71335549808574583
  0.72288081582669117  0.73263437166333856  0.74266753536891550  0.75267570108383941
  0.76296220600384224  0.77308250276320722  0.78314938951993629  0.79330140975858798
  0.80391071808409353  0.81468256541748152  0.82532507156826429  0.83592768733328715
  0.84711511549652452  0.85782198287796085  0.86851120825902617  0.87884173069487181
  0.88928970274179098  0.89978734347815492  0.91001483187913346  0.92053165317573260
  0.93126819450173293  0.94187796012981451  0.95214149256611269  0.96209058751550880
  0.97190488721133028  0.98153015547151656  0.99069195846459956  1.00000000000000000
  0.00173048430127635  0.11866854774587260  0.18082949872627557  0.22372542778984758
  0.25685866142549069  0.28358279803945963  0.30763126160709253  0.33058323569006010
  0.35267614483611831  0.37292344605369421  0.39176644163166291  0.40825006601484076
  0.42331041091351712  0.43815829866331646  0.45283332303229673  0.46798108014623785
  0.48268554806295005  0.49671320343046793  0.50926103427947456  0.52121942486365669
  0.53194336849605872  0.54275013539747030  0.55309080434176872  0.56333268799735836
  0.57287093378268417  0.58238394593181286  0.59180797252731465  0.60103329682315032
  0.60974043125603361  0.61869678389471505  0.62757942275861123  0.63678752500825908
  0.64573216777129028  0.65397866559194640  0.66166431870299069  0.66898920898189951
  0.67616909571991179  0.68346997727823611  0.69097546761385997  0.69854207618114228
  0.70582410207102531  0.71326393067917826  0.72069760395339155  0.72819299999272413
  0.73557565135999980  0.74272574879592546  0.74974441102288036  0.75690154692731337
  0.76419329607967412  0.77153535520624084  0.77860448535040161  0.78548853367225302
  0.79231234249362281  0.79904511066173922  0.80576292650840176  0.81224973703125780
  0.81854375833441007  0.82479471276701255  0.83090223173974942  0.83672643629572674
  0.84222057680833740  0.84766339412479885  0.85324293056884526  0.85889990294335794
  0.86465911205371571  0.87043423398038577  0.87597156668238341  0.88095656554058299
  0.88575976289690195  0.89055886168283127  0.89516031945300578  0.89964418219787068
  0.90409077722202891  0.90857529344101329  0.91307414474325155  0.91737680132687061
  0.92150555086292341  0.92558411166867638  0.92960332571168425  0.93358095836029387
  0.93757576522641006  0.94159315573489122  0.94546204673660805  0.94913193142328411
  0.95267740880735718  0.95635207568390235  0.96021581058323857  0.96408865304907010
  0.96786203938481219  0.97146665340068739  0.97513888357539802  0.97861212543514509
  0.98187514021832190  0.98435874530741430  0.98727152731571510  1.00000000000000000
 -0.00176150665149267  0.01006605186268474  0.02057428864175675  0.03129054172740327
  0.04184958465299778  0.05203117623007390  0.06234900443973915  0.07316062868507385
  0.08418796142646401  0.09565195953044216  0.10759813894776118  0.11917355920845173
  0.13057232909207819  0.14096664976885226  0.15134996540913781  0.16179193069480427
  0.17259731989524887  0.18323944957914404  0.19358158659650013  0.20374400601585624
  0.21429345399419711  0.22430517181254450  0.23392604974778100  0.24288040238404698
  0.25258239308822705  0.26285095444462320  0.27353638725850055  0.28417889681320696
  0.29518389241390930  0.30640544973973433  0.31715324994326777  0.32783733174873647
  0.33856941626722875  0.34868030865792637  0.35859015285047091  0.36859035375853383
  0.37923134128641867  0.38993825907333934  0.40043415336809318  0.41095756668242961
  0.42180853721422906  0.43312061838028060  0.44508216408214879  0.45721355293421828
  0.46899789042895201  0.48002867490607987  0.49065661307328268  0.50138106691861040
  0.51264777020378394  0.52454287478601502  0.53644379986574731  0.54867317787648473
  0.56053572831213294  0.57149011053785781  0.58188248540399501  0.59155348269517649
  0.60164309160773177  0.61179166422693343  0.62171965890399727  0.63154698328173342
  0.64157067772356879  0.65239081266333809  0.66327870164300418  0.67364711592611370
  0.68391976694111833  0.69454292673206675  0.70528327559972315  0.71616091032764073
  0.72699823954861720  0.73693409234071539  0.74633363090806493  0.75564215383238542
  0.76487095482142076  0.77387677169844327  0.78270836073031091  0.79213478114301394
  0.80262661712895611  0.81319307814581265  0.82351356177614432  0.83378935833382029
  0.84415944593059145  0.85492069913326418  0.86560716636949231  0.87593793470339676
  0.88579007069521232  0.89575219788210214  0.90661540419963271  0.91740793657131237
  0.92727076502738226  0.93702678675178130  0.94722682515736645  0.95819464993903991
  0.96906538292150857  0.97902516784102744  0.98958203817294677  1.00000000000000000
  0.02434790612771209  0.03283459366308698  0.04305598834175384  0.05185432290178564
  0.06005169972897341  0.06824407088356503  0.07692007607592044  0.08567363087846891
  0.09404178983725843  0.10247506942364115  0.11190870262921222  0.12219330511054874
  0.13210541308228008  0.14136337583884062  0.15080131109451103  0.16060528770710891
  0.17070140499734160  0.18101136145633470  0.19174285442282654  0.20280725360795104
  0.21368898815089271  0.22492513664443897  0.23605245864663588  0.24715283730880047
  0.25773197438809914  0.26806077625321617  0.27788542277472134  0.28744909963495147
  0.29696831979735777  0.30669684735749081  0.31639737858882389  0.32576810153417113
  0.33470630621278613  0.34383423412193892  0.35356212176441654  0.36362396863469298
  0.37307820602920927  0.38283078982869639  0.39267635426202191  0.40263513793805755
  0.41288545317461472  0.42387701140344675  0.43579175251289853  0.44713853739684745
  0.45844152037001101  0.46940529315876234  0.48043082154401578  0.49061645211989652
  0.50075061605334670  0.51033702759692512  0.51979962497238219  0.52990807903118620
  0.54002068263170855  0.55024220115810585  0.56061157911845150  0.57010846384936231
  0.57981136635705588  0.58920070825137805  0.59886958861565476  0.60866649106864013
  0.61838123577568560  0.62873317256296968  0.63977656866077026  0.65085735570456882
  0.66206105948887872  0.67289254067874693  0.68347099769568975  0.69364517610675425
  0.70361879304401109  0.71325514880020657  0.72267680217649288  0.73216029775991687
  0.74188749686763600  0.75184619418771803  0.76238101787043322  0.77353114375894638
  0.78515835013553126  0.79644343545871299  0.80722651153330272  0.81804324620170843
  0.82861333574070961  0.83870984575428997  0.84835932114391865  0.85809444286412717
  0.86849234606120551  0.87912443860649148  0.88973432436124200  0.89989340619944080
  0.90959481732631431  0.91998580545161879  0.93090938689957214  0.94167531190761966
  0.95260587215749548  0.96320769738240786  0.97163265102475227  1.00000000000000000
  0.07641796020146510  0.24177540252859941  0.27424969347390216  0.29954290737005007
  0.32143467796096564  0.33960938235467081  0.35594643432567108  0.37084310487362904
  0.38547381817243559  0.39992560591038950  0.41397740826135493  0.42678356686155555
  0.43920598950797890  0.45153440468316891  0.46351377414456624  0.47488289652874199
  0.48562007322935297  0.49605271151794711  0.50678200976483301  0.51780456896993066
  0.52862683138918787  0.53881618401837506  0.54858585739676757  0.55816453019663836
  0.56728720557419121  0.57625320573200056  0.58518687614521658  0.59416160122797124
  0.60283576446034814  0.61116506537699278  0.61928087755607641  0.62736011078191267
  0.63546586412803796  0.64346796424749542  0.65113657251096768  0.65825398748800767
  0.66518003091343469  0.67149318674663394  0.67764710824998464  0.68403541622590180
  0.69012110938509308  0.69577716485187191  0.70139707049280986  0.70710607114437718
  0.71263870658347872  0.71799869831609120  0.72323978212397988  0.72852980522489030
  0.73379855261370641  0.73884994715793817  0.74357026125791037  0.74806017742537156
  0.75251223715204951  0.75692088748469266  0.76137907438873664  0.76572169570541948
  0.77005188682468484  0.77395516077159909  0.77779842239526609  0.78153777731233387
  0.78515555571219042  0.78874620421200314  0.79234798045960020  0.79594060133993971
  0.79930230324023943  0.80258254277199137  0.80590528095600855  0.80949270455961753
  0.81322390917305043  0.81667622898354564  0.81995974352306378  0.82311661776812362
  0.82633082969999649  0.82957097095408938  0.83276588617883851  0.83582760344464824
  0.83891599518610571  0.84217062203499260  0.84599352508265502  0.85009622114488259
  0.85380753479570781  0.85726843191354862  0.86055037349781294  0.86414739676305208
  0.86797442117456614  0.87207039098867989  0.87606228052560986  0.88011674991523348
  0.88404872491464370  0.88790816419906760  0.89204886351598989  0.89570541542889914
  0.89938027587296898  0.90607255537751807  0.91315595326645871  1.00000000000000000
   2.4376837276786943E-024  -1.0000000000000000     
 F F F F F F F F F F F F F F F F T F F F F F T F F F F F F F F F T F T F T F T F F F F F F F F F T F T F T F T F T F T F T F T F F F F F F F F F F F F F F F F F T F F F F F T F F F F F F F F F T F T F T F T F F F F F F F F F T F T F T F T F T F T F T F T F
  <DiscreteSampler_grid>
  grouped_processes
  1 # 1 for a reference and 2 for a running grid.
  10 # Attribute 'min_bin_probing_points' of the grid.
  1 # Attribute 'grid_mode' of the grid. 1=='default',2=='initialization'
  0.0000000000000000 # Attribute 'small_contrib_threshold' of the grid.
  0.5000000000000000 # Attribute 'damping_power' of the grid.
 # binID   n_entries weight   weight_sqr   abs_weight
    13   10   1.528508574967484E-014   1.031484777295077E-027   1.528508574967484E-014
    14   10   1.528508574967651E-014   1.031484777295540E-027   1.528508574967651E-014
    25   10   2.050105723677725E-014   1.662949848321495E-027   2.050105723677725E-014
    26   10   2.050105723677730E-014   1.662949848321503E-027   2.050105723677730E-014
  </DiscreteSampler_grid>
