  0.00000000024870824  0.00000000033728261  0.00000000042004443  0.00000000050289980
  0.00000000058604682  0.00000000067176497  0.00000000075753688  0.00000000084623821
  0.00000000093466359  0.00000000102420708  0.00000000111432855  0.00000000120862635
  0.00000000131612237  0.00000000142837366  0.00000000153325187  0.00000000163769256
  0.00000000174720657  0.00000000185659580  0.00000000196516819  0.00000000207410687
  0.00000000219617684  0.00000000231721134  0.00000000244679645  0.00000000257144343
  0.00000000269693902  0.00000000282423016  0.00000000295331674  0.00000000308902482
  0.00000000323124234  0.00000000337584904  0.00000000351927760  0.00000000366630179
  0.00000000380280472  0.00000000393739213  0.00000000407078946  0.00000000420666801
  0.00000000434010129  0.00000000447968919  0.00000000462290345  0.00000000476910603
  0.00000000491734120  0.00000000506995894  0.00000000522567486  0.00000000537726566
  0.00000000552555857  0.00000000567362662  0.00000000582760342  0.00000000599269987
  0.00000000616215677  0.00000000633547288  0.00000000651270135  0.00000000669519701
  0.00000000686977443  0.00000000703751049  0.00000000720577302  0.00000000737469688
  0.00000000755136370  0.00000000774771107  0.00000000794169065  0.00000000813526980
  0.00000000832467622  0.00000000851758205  0.00000000871768331  0.00000000892272736
  0.00000000912503723  0.00000000932544395  0.00000000953734281  0.00000000976903122
  0.00000001001598765  0.00000001026900902  0.00000001052187113  0.00000001076468937
  0.00000001100742679  0.00000001125207510  0.00000001150394062  0.00000001177829373
  0.00000001205264471  0.00000001234053026  0.00000001266273868  0.00000001300923686
  0.00000001336608491  0.00000001372953074  0.00000001410116538  0.00000001449083958
  0.00000001489194190  0.00000001531946988  0.00000001575168001  0.00000001621922306
  0.00000001683922547  0.00000001749535179  0.00000001823925971  0.00000001912278815
  0.00000002014159198  0.00000002223725054  0.00000002367844578  1.00000000000000000
  0.00958712498364163  0.01670358148825983  0.02665108777831350  0.03709144450686425
  0.04741120419224093  0.05821036401415033  0.06864945326937141  0.07908801414499654
  0.08961949542784468  0.10023827548399653  0.11105139803054360  0.12169769400406721
  0.13136656189280990  0.14038388511383332  0.14947881310389421  0.15924452820535501
  0.16941518181274526  0.17953921478355298  0.18966364416875087  0.19995365532486450
  0.21050564397513830  0.22136612463485753  0.23175443113566682  0.24172126286438608
  0.25233722193744657  0.26349623835769453  0.27418232850846402  0.28433156188865344
  0.29423564110565803  0.30429214470962040  0.31412514263092201  0.32357204809322998
  0.33312862385831571  0.34288400944507397  0.35307978525090511  0.36371598823066215
  0.37432879479382170  0.38511693595323054  0.39607331678698321  0.40791482049157274
  0.41931725265918451  0.42997967710695933  0.44062879227110713  0.45180882187637716
  0.46334892434146235  0.47465344964376244  0.48606220971598418  0.49746067620961709
  0.50847949157463790  0.51932543831181410  0.53014728272205847  0.54078145504250219
  0.55115478235048598  0.56135110842808422  0.57176077456835783  0.58239660912725244
  0.59280806941024988  0.60299928747052600  0.61296943121139447  0.62256214804496035
  0.63175754638452075  0.64104593696095447  0.65135531557598836  0.66296229354883329
  0.67423430302149678  0.68541666931450596  0.69671827556287824  0.70840448433281011
  0.71980677120842984  0.73100063249758007  0.74252880176445391  0.75372940205855610
  0.76472443019371061  0.77519235042660495  0.78532404081846552  0.79547492137776954
  0.80582472589227472  0.81616955697896620  0.82633394856867137  0.83676397490047771
  0.84767053323924157  0.85801722511772793  0.86807643495097053  0.87815160652689839
  0.88912105209864201  0.89982574132107829  0.91010090074124683  0.92023030586652055
  0.93053124669599918  0.94099569316084253  0.95139886100055104  0.96150957152577055
  0.97118573453103230  0.98124974917556396  0.99146773802362331  1.00000000000000000
 -0.00226745049498616  0.00908401974703276  0.01860075209445109  0.02866325619423892
  0.03834668065998141  0.04801840221215048  0.05728026964379940  0.06699655562176671
  0.07707463416334291  0.08765766867558696  0.09895029657371759  0.10979258463744879
  0.12016318287505458  0.13114336131932017  0.14267064601822799  0.15466768060948036
  0.16615491335003077  0.17741591099575588  0.18797922873193068  0.19802723555256913
  0.20838478689608014  0.21927662128643219  0.23029515021587293  0.24061678126874900
  0.25116902634530203  0.26160595797270170  0.27244571670395312  0.28257010171768393
  0.29349702504488784  0.30479676901696562  0.31695575898633205  0.32889406184529280
  0.34176689659443510  0.35337055795566813  0.36434839365993521  0.37484817493135053
  0.38571835746186506  0.39690149590762364  0.40796135883525225  0.41920006658135034
  0.43016604028209943  0.44071924734959994  0.45079346124378206  0.46096196160351482
  0.47154233839523058  0.48225913002991372  0.49269063823726261  0.50271993840823870
  0.51237855059754955  0.52167084982393308  0.53095326922781449  0.54047566965900107
  0.55062609526839112  0.56091252338156405  0.57152208048087760  0.58251474024330907
  0.59414598760657944  0.60523052437359848  0.61511882303459453  0.62493685857638581
  0.63494853359129433  0.64477951353656060  0.65453489795997966  0.66472007321505522
  0.67537346516269814  0.68594883747509661  0.69617942853835246  0.70662038099092461
  0.71732340073529932  0.72827455333611946  0.73945400250581272  0.75042109955098790
  0.76145263739564895  0.77198301890207410  0.78192138413931822  0.79170980023371951
  0.80152096830358066  0.81148774424658432  0.82169435897964116  0.83142403805229803
  0.84187300637594054  0.85190358855339865  0.86238078003523788  0.87247836445112048
  0.88268122182624598  0.89273555024878981  0.90278167199487103  0.91266787967433549
  0.92305663863207077  0.93406614517091135  0.94505560741738870  0.95635784071979457
  0.96750916756961114  0.97850358692643868  0.98881005697963231  1.00000000000000000
 -0.00280568971984756  0.00944010261026324  0.01999856743984427  0.02979533602751141
  0.04013439317602175  0.05091646612465411  0.06161803255686326  0.07188824490300251
  0.08188419557389387  0.09248246352653164  0.10333592564704158  0.11427972373442875
  0.12516210945169187  0.13622750093848671  0.14689403587496225  0.15759439607210790
  0.16803192766550185  0.17845186777345498  0.18887481949862858  0.19924368313328886
  0.20951050693562154  0.21976288604393560  0.23038237314255869  0.24152665209068541
  0.25271030420700447  0.26401249134040961  0.27493778376906092  0.28685916814019541
  0.29750896257345716  0.30804927282926825  0.31881061840659364  0.32956951710970450
  0.33971884219032339  0.34944897911907330  0.35943205667907535  0.36944564024678106
  0.37946143763316814  0.38937122636472637  0.39988121473666038  0.41026198636985101
  0.42114947951793591  0.43258433102588512  0.44402550256033313  0.45517337757657111
  0.46590439440096959  0.47640150318054536  0.48675443728745321  0.49687239835652114
  0.50742295116505964  0.51886284499619317  0.53059798088751520  0.54210832046639779
  0.55214199959725108  0.56187261797866339  0.57094180283469687  0.58031643782304076
  0.59052582359849870  0.60104761680125984  0.61199594019863046  0.62236530254083944
  0.63370738722024367  0.64443311442790296  0.65514712460089808  0.66568338450060172
  0.67628169462867616  0.68700280316577345  0.69730400874647369  0.70752824381518931
  0.71794920547636631  0.72830227619672605  0.73859993906975618  0.74831369942737747
  0.75849795460074709  0.76878700891997720  0.77907526224712109  0.78965585413994599
  0.80043276285440790  0.81109973680393677  0.82119547915405933  0.83107313843762176
  0.84129140377499601  0.85197821890618375  0.86317729762551787  0.87509928695172745
  0.88737973589357999  0.89883214420692037  0.90919564901622574  0.91968306220336526
  0.92963284761198506  0.93925787649375336  0.94850758573177385  0.95812703168670199
  0.96861404069632262  0.97918109063506742  0.98948171237617155  1.00000000000000000
 -0.00200581686447320  0.00864036621788985  0.01747778948109287  0.02657847278057607
  0.03636283099461415  0.04652723119724684  0.05715125391922210  0.06736206099449361
  0.07734324353830183  0.08745548010004446  0.09786027228048333  0.10889958405219860
  0.12063797957156680  0.13294390380648158  0.14511593763058006  0.15678381283125628
  0.16792046676152109  0.17877632404550259  0.19001470433596332  0.20092256989539611
  0.21215491989795751  0.22322703316096187  0.23407061993300463  0.24460410159704096
  0.25529783480410345  0.26595492652723079  0.27602920210000031  0.28567505008718436
  0.29560580443288986  0.30584988945717945  0.31599720122759800  0.32591203220449161
  0.33572911607361194  0.34609182299773411  0.35641061153646530  0.36683143833781745
  0.37661005320395247  0.38575829195464206  0.39461894563590111  0.40387229116377171
  0.41381487041248244  0.42425880164385615  0.43465820203410477  0.44526851347720292
  0.45598476124805587  0.46752036159610905  0.47948722545607309  0.49088114547297379
  0.50167714926113627  0.51207793049188033  0.52264807269679836  0.53306633007949866
  0.54311452997130116  0.55280015584576669  0.56261071757906311  0.57332702324359031
  0.58403826098551093  0.59375707432019675  0.60300400368467821  0.61257744738869979
  0.62271970930356824  0.63318315322086460  0.64403111370870270  0.65531998109846601
  0.66704612594883617  0.67809548701867361  0.68900039361172094  0.69983252443945887
  0.71092022186814163  0.72148711410494404  0.73264508000661777  0.74386374623271267
  0.75548676317778130  0.76596083128393710  0.77607275741183079  0.78612308478788373
  0.79652283170153348  0.80752535763165334  0.81842472362016816  0.82911373376035724
  0.83978216253671256  0.84995243529680742  0.86015283323504921  0.87044161775235973
  0.88138515224503933  0.89216963887177669  0.90332671371005457  0.91424010469676831
  0.92519520240521635  0.93619188526150221  0.94719586811737122  0.95817288293148928
  0.96902480656542067  0.97942790381613609  0.98972378793674354  1.00000000000000000
 -0.00241038732115652  0.01050934422608614  0.02129534193972084  0.03053576929968694
  0.04015143123971295  0.04966937697207303  0.05963427547093245  0.06936739959709277
  0.07889535902364533  0.08928404763817428  0.10029287136257999  0.11101290671714341
  0.12192649659386634  0.13221428119755119  0.14292778801341072  0.15424673523755522
  0.16542431065077656  0.17669187536488656  0.18793725589289162  0.19984475171336952
  0.21121661986350729  0.22257137278356118  0.23314300314148570  0.24397802275664773
  0.25468049702992746  0.26583917659860390  0.27684292088537421  0.28750619372729835
  0.29785496168431352  0.30794975974052824  0.31799384365116123  0.32804008398542350
  0.33795335105357666  0.34760365258982284  0.35729090656054546  0.36719705663346436
  0.37741964718999427  0.38799798226842008  0.39906732855755989  0.41077497184361517
  0.42265987276279049  0.43414101823302431  0.44516296390705867  0.45545779299917372
  0.46563961193474446  0.47601690175178840  0.48661366289910046  0.49745936237487332
  0.50790874930789953  0.51818267067637980  0.52794015701669528  0.53825202439141773
  0.54891834407505180  0.55906215603055831  0.56876491845061505  0.57845788563402678
  0.58855437388932985  0.59907932358129723  0.60937356626644357  0.61961150151654376
  0.62905253479532164  0.63865727428370733  0.64841340528008529  0.65854508214364726
  0.66841551792980258  0.67783143693442516  0.68766657485361493  0.69765854714463371
  0.70785227795057015  0.71755237431758245  0.72745269001593094  0.73812430448897293
  0.74878873304278892  0.75989017104808143  0.77109393825855543  0.78256835659736479
  0.79428646746561116  0.80529612190731870  0.81674478394635419  0.82711963680060840
  0.83750985788136501  0.84727720689442976  0.85700775888941427  0.86693890193081780
  0.87723915373731420  0.88882567171778892  0.90003347386994725  0.91113097802169074
  0.92245377603610401  0.93351966131938569  0.94489219225817622  0.95546498840776983
  0.96720405111275509  0.97835956724792328  0.98952239204665504  1.00000000000000000
  0.01528185041634996  0.01847817208927581  0.02171514258540339  0.02723844442326305
  0.03236843149788212  0.03743859703874480  0.04229109512946459  0.04695893493272257
  0.05145633414981975  0.05602687633559092  0.06076187108191872  0.06560616771834088
  0.07046658542825086  0.07519155837439924  0.07978635038260011  0.08434052486515220
  0.08916667417725366  0.09410328178575851  0.09908784506333358  0.10414304532472651
  0.10934688767327604  0.11466815050088916  0.12009840190879087  0.12556736338175573
  0.13084112688343119  0.13605236171462176  0.14128238915738933  0.14650712140383612
  0.15203882444034680  0.15768444678051383  0.16339005058359624  0.16929459525155657
  0.17525602097480758  0.18117406850844175  0.18705648634024338  0.19287220664081489
  0.19855196112223511  0.20413551285769826  0.20972287661991829  0.21534075887853613
  0.22133238754188825  0.22734042561622933  0.23366649110248899  0.24005077021058621
  0.24659593799963436  0.25316993236966678  0.25997176924889420  0.26671939678558815
  0.27376246993045661  0.28073195757309571  0.28759549210777935  0.29443131789051186
  0.30130348350686131  0.30845109528433828  0.31582872236500487  0.32330556765915341
  0.33089519227139957  0.33853562406998960  0.34610172482077134  0.35369618492686533
  0.36156664195855265  0.36951320243869945  0.37776104588508119  0.38654484172782339
  0.39552829312665888  0.40430896673718936  0.41290182986164664  0.42164949598813323
  0.43050336960355845  0.43982975281977515  0.44950671253679081  0.45977171613227780
  0.47046733403356744  0.48151411354434898  0.49296429119225926  0.50437431010286071
  0.51566222169794007  0.52694164031138790  0.53869614795625465  0.55135027747735255
  0.56464359077132875  0.57841395918298844  0.59323046063458984  0.60860370657130902
  0.62412716107926758  0.64031666776896368  0.65735415956525522  0.67523922715365803
  0.69518027638459623  0.71820748907982934  0.74424381066679302  0.77214675483534323
  0.80281303308494800  0.84036739531690330  0.89406280939507565  1.00000000000000000
 -0.00232266851504263  0.00876155759803659  0.01764768616366907  0.02646517214367130
  0.03501981966122282  0.04379255324812345  0.05309883667523188  0.06215576554399773
  0.07149382893241846  0.08110906672804508  0.09185083734811568  0.10243439813260978
  0.11276466769943001  0.12339461691941768  0.13447549301698805  0.14578714149596836
  0.15645187150834533  0.16658253941972145  0.17663320123118437  0.18663646287219113
  0.19657868702941092  0.20675908136516427  0.21758140924309588  0.22903141387056583
  0.24017791168323613  0.25078335168911209  0.26100045652732301  0.27107664158230488
  0.28103979715203403  0.29095043181743385  0.30074880437168505  0.31054002343306891
  0.32061654554838565  0.33139167481415494  0.34263525268509015  0.35391834925934657
  0.36527984906414707  0.37671806559059379  0.38845684189453700  0.40033241134222303
  0.41269162379477986  0.42449200643345053  0.43603862478256278  0.44756187789540797
  0.45888181203215894  0.47002936137630191  0.48105351991578887  0.49244303235414705
  0.50351339870095158  0.51446672782661940  0.52537878919156999  0.53649300378983056
  0.54792682187264152  0.55890319652338194  0.56944541641202640  0.57969466394873392
  0.59010842853094370  0.60102043831054330  0.61190312912763711  0.62278019014270669
  0.63361129344541922  0.64404944435910783  0.65421115048104683  0.66442231518243722
  0.67460043592971153  0.68492426337855772  0.69481740845499718  0.70415400935713335
  0.71312996148562091  0.72243598796977537  0.73189019228269447  0.74210338907579076
  0.75238918471086813  0.76356391965255543  0.77502827026485344  0.78615768172600919
  0.79680706890450315  0.80741059248707014  0.81780861294762797  0.82890177994379621
  0.84044206034479163  0.85215879391402094  0.86271825153152026  0.87355253360611806
  0.88433062065151502  0.89480500007416752  0.90478381824679399  0.91452770904956393
  0.92493828567768466  0.93520152192998851  0.94565956456625899  0.95614496243132829
  0.96745139866131136  0.97881419528402747  0.98952953808185506  1.00000000000000000
  0.02422295301336703  0.03201707699735051  0.04013396292736229  0.04932982841425288
  0.05899297362131935  0.06821215441766612  0.07777434688708944  0.08750159397164758
  0.09762557904372944  0.10770973236660401  0.11737159524796119  0.12716853274900067
  0.13756242265496096  0.14826690023001132  0.15884615825723647  0.16898461417658320
  0.17895011664710400  0.18878588620801551  0.19944123627873289  0.21028448845577261
  0.22179069156570047  0.23272712654167677  0.24271051330509472  0.25220088999336238
  0.26176530901504064  0.27147306830021095  0.28112529885929205  0.29067976286038150
  0.30072058539622365  0.31057024179536724  0.32022146819867192  0.32953311318933970
  0.33930514696938080  0.34897130083292810  0.35869271574411260  0.36824882000575493
  0.37791993953786102  0.38780005708444648  0.39762352204887108  0.40772925190058407
  0.41803939930702116  0.42854931269717750  0.43889037056713687  0.44891745473956784
  0.45944221700753740  0.47026343705064960  0.48074610137272517  0.49090470413887061
  0.50114712946578133  0.51171933381508017  0.52237689540391596  0.53298234753486451
  0.54349115189435149  0.55344517260107351  0.56278397207157671  0.57199196993797485
  0.58198308128795906  0.59261407825879497  0.60297467734344823  0.61279267014724859
  0.62262038057350511  0.63316823794888966  0.64418314232235785  0.65487009641254001
  0.66539687141858261  0.67610272310444530  0.68652371040053806  0.69615112155008851
  0.70544801271597823  0.71519235110759272  0.72545430456621152  0.73573779303576436
  0.74592392369571270  0.75610862321002825  0.76613776381290943  0.77628519777408600
  0.78659850374606044  0.79729020638231163  0.80797085779233302  0.81828163651336394
  0.82817304785585588  0.83831836196530463  0.84824365140785851  0.85824890734908976
  0.86780786484943517  0.87772229378138344  0.88808931313367001  0.89849235782335546
  0.90911234653718453  0.92000893972984799  0.93103560087742310  0.94235754917409476
  0.95423576724294112  0.96512505434034235  0.97118074327721549  1.00000000000000000
  0.07909255908451561  0.10275051775695747  0.12419022061164985  0.14360313569644434
  0.15765187491376639  0.16918892069539596  0.18036113110280602  0.19070604774337419
  0.20042331885206333  0.20897625783286372  0.21694615156854616  0.22457262210536702
  0.23209317740000149  0.23891178714726227  0.24528861482626230  0.25153202370481259
  0.25770928386889058  0.26414215217967968  0.27070799162448556  0.27733276812325003
  0.28394295467593078  0.29022128974760664  0.29617135086622876  0.30201901906973760
  0.30782308528007668  0.31381221654614977  0.31957443564411836  0.32529268543387940
  0.33106909414042096  0.33678652766210637  0.34254934793344527  0.34822915749818700
  0.35400658961516496  0.35959126211539100  0.36522706122313453  0.37090627902186385
  0.37676316049509861  0.38277093039077437  0.38865375818222708  0.39431878098267170
  0.39979580093686690  0.40517342436949827  0.41058393268743737  0.41606892540241669
  0.42156709963189987  0.42694585474397345  0.43236533824223655  0.43765830762000207
  0.44302496777607436  0.44834706974903760  0.45369288316835349  0.45892082451769844
  0.46420091598693586  0.46960685408408698  0.47505313959603879  0.48046572847894747
  0.48563203593648635  0.49074065895173868  0.49593672240324177  0.50111724461642604
  0.50633805782366381  0.51144091898741562  0.51656769423681947  0.52172465730731310
  0.52689223329867196  0.53196839425086184  0.53706273508064506  0.54240323113206046
  0.54797566260411457  0.55362747869793938  0.55913687967363646  0.56450802348406426
  0.56998696744670263  0.57549182430516899  0.58110593685537160  0.58694254586664363
  0.59304052196372137  0.59936075729940252  0.60602034042395514  0.61310896878673837
  0.62016678814942439  0.62737703286432955  0.63474150790750894  0.64244301306813478
  0.65039332821497153  0.65909911466282756  0.66796731237125473  0.67771849078156365
  0.68811200007951223  0.69838644233773206  0.70929166169388203  0.72123527854556502
  0.73519713855401303  0.75152398462408854  0.77405932093538077  1.00000000000000000
   7.6621545009343904E-019  -1.0000000000000000     
 F F F F F F F F F F F F F F F F T F T F T F T F F F F F F F F F T F F F T F T F F F F F F F F F T F T F T F T F T F T F T F T F F F F F F F F F F F F F F F F F T F T F T F T F F F F F F F F F T F F F T F T F F F F F F F F F T F T F T F T F T F T F T F T F
  <DiscreteSampler_grid>
  grouped_processes
  1 # 1 for a reference and 2 for a running grid.
  10 # Attribute 'min_bin_probing_points' of the grid.
  1 # Attribute 'grid_mode' of the grid. 1=='default',2=='initialization'
  0.0000000000000000 # Attribute 'small_contrib_threshold' of the grid.
  0.5000000000000000 # Attribute 'damping_power' of the grid.
 # binID   n_entries weight   weight_sqr   abs_weight
    13   10   1.495595418880088E-008   1.401292265342153E-015   1.495595418880088E-008
    14   10   1.495595418878168E-008   1.401292265337648E-015   1.495595418878168E-008
    16   10   4.983407165389364E-009   6.823398303437965E-017   4.983407165389364E-009
    17   10   4.983407165380854E-009   6.823398303413992E-017   4.983407165380854E-009
  </DiscreteSampler_grid>
