  0.00000000025086961  0.00000000033566831  0.00000000041055301  0.00000000048980384
  0.00000000056891491  0.00000000065156633  0.00000000073619072  0.00000000082515182
  0.00000000091501130  0.00000000100781213  0.00000000110275575  0.00000000119833742
  0.00000000130163166  0.00000000140558554  0.00000000150387709  0.00000000159849016
  0.00000000170356319  0.00000000180967703  0.00000000191942136  0.00000000203150447
  0.00000000214991341  0.00000000227258204  0.00000000239443913  0.00000000251584923
  0.00000000263450407  0.00000000276131818  0.00000000289068490  0.00000000301610257
  0.00000000313761420  0.00000000325689413  0.00000000337448837  0.00000000350435286
  0.00000000364249320  0.00000000378228144  0.00000000392217645  0.00000000406174787
  0.00000000419985011  0.00000000433579577  0.00000000447266213  0.00000000461729846
  0.00000000477024729  0.00000000492479855  0.00000000507753347  0.00000000522740546
  0.00000000537433809  0.00000000551738335  0.00000000565912218  0.00000000581730973
  0.00000000598240750  0.00000000614568104  0.00000000630885697  0.00000000647266668
  0.00000000663892230  0.00000000680971850  0.00000000698358814  0.00000000715754602
  0.00000000733081003  0.00000000752352186  0.00000000772558278  0.00000000793104945
  0.00000000812991460  0.00000000833015070  0.00000000853546714  0.00000000874098538
  0.00000000894471488  0.00000000914958212  0.00000000935244005  0.00000000955749262
  0.00000000979841805  0.00000001004250752  0.00000001028706422  0.00000001053401440
  0.00000001078538278  0.00000001104243666  0.00000001130606300  0.00000001157027952
  0.00000001185051906  0.00000001212775876  0.00000001243952336  0.00000001277878834
  0.00000001312375531  0.00000001347970159  0.00000001385960725  0.00000001426489848
  0.00000001469234824  0.00000001513244967  0.00000001555390116  0.00000001604016841
  0.00000001662887398  0.00000001729835800  0.00000001807636151  0.00000001898888609
  0.00000002009262694  0.00000002212972789  0.00000002368858731  1.00000000000000000
  0.00937194826254720  0.01648157787565466  0.02623536422295980  0.03646963394908181
  0.04662014873122314  0.05682039662645230  0.06706986691006273  0.07696438767252944
  0.08708877208924075  0.09746662622928212  0.10793391898835973  0.11856620580385992
  0.12915272898897906  0.13962184306551836  0.15005675290053233  0.16029002203807327
  0.17080307205815054  0.18086672405159243  0.19065924406550014  0.19993163965536553
  0.20950482971205917  0.21981001362827729  0.23103612936452431  0.24244375941738994
  0.25401601150810327  0.26515987109719003  0.27665131195000758  0.28823895986441939
  0.29884973513591989  0.30952199887789200  0.32010919053983555  0.33092184606846037
  0.34124077881721188  0.35185809688240899  0.36266209793672594  0.37320679330548134
  0.38337361366725914  0.39352964072733737  0.40383440675619592  0.41460936310729296
  0.42569773340721040  0.43688482386796135  0.44788330628866663  0.45850477342417645
  0.46876023264396499  0.47891474791328542  0.48953354974561197  0.50039912576709344
  0.51109379565098467  0.52154491644464485  0.53195891345158086  0.54230862234036148
  0.55261446282820248  0.56295684690437953  0.57325450196908800  0.58370397199679269
  0.59402002391293796  0.60424217006807368  0.61438991039656787  0.62465345658201288
  0.63454417364934779  0.64408123585301935  0.65336378786101512  0.66270202234612907
  0.67198988338439913  0.68108894801052944  0.69049213519531283  0.70053533055490913
  0.71070020753018248  0.72087379962943166  0.73112843865389210  0.74171712107716459
  0.75257072974603045  0.76322354257114988  0.77379830628657775  0.78446649023751058
  0.79501362236715611  0.80506921055862724  0.81475376857503989  0.82434791444136291
  0.83407083455389119  0.84408676522208115  0.85444775998185019  0.86484941537373738
  0.87493247307288313  0.88500712425410588  0.89485161426787829  0.90493345080334475
  0.91515824943610014  0.92600466110506574  0.93739799953625724  0.94879932073705364
  0.95998976902401345  0.97023010312428570  0.98077014218549641  1.00000000000000000
 -0.00245335697675076  0.00929787219871374  0.01928615367262896  0.03078612227185380
  0.04192648708673249  0.05268897019225033  0.06336592033442320  0.07440165085788275
  0.08513744971190247  0.09567081259896695  0.10611497148776930  0.11740945623836672
  0.12859357494523063  0.13998461232117029  0.15108345871654838  0.16188534527835166
  0.17215339616510378  0.18229778810844008  0.19249763516043092  0.20269871741774736
  0.21301907051958971  0.22349346770709630  0.23429317368181046  0.24488865530604337
  0.25519551329019508  0.26545965532408722  0.27574306025984119  0.28652873714099819
  0.29729176939050456  0.30779965687054994  0.31809812673415955  0.32840423316244743
  0.33843166929839652  0.34800434849416229  0.35753779907302147  0.36718490058611819
  0.37700438362770833  0.38684429241953394  0.39668388820524247  0.40674670768150811
  0.41703776457236941  0.42739118839833046  0.43779321062171295  0.44842416213009995
  0.45931824956040118  0.47006091660544774  0.48061868809476399  0.49124789415009346
  0.50193487095969114  0.51271796248385637  0.52323007589456250  0.53384940813790316
  0.54446901328684161  0.55551159940609707  0.56668459121839532  0.57737314007186102
  0.58782577718885465  0.59812008784083648  0.60833978378946363  0.61840201565244213
  0.62877941348059552  0.63949876374836001  0.65031149552097678  0.66126979566372346
  0.67211693043738685  0.68267801899958191  0.69298930341446485  0.70331294797849664
  0.71418614547831238  0.72544460256676790  0.73685980389211914  0.74828535509600569
  0.75961161966091939  0.77043786567210915  0.78038696328605361  0.79045492049893074
  0.80080623727123124  0.81139387414031328  0.82152834501795924  0.83163741976904570
  0.84193930521655158  0.85267138182593272  0.86362026999246500  0.87491906719621537
  0.88627821693558340  0.89732752799528359  0.90800316661661029  0.91881107100534054
  0.92933675077674649  0.93969235200152768  0.94947443623746575  0.95960848578937541
  0.96975119068423243  0.98005536349500133  0.99006516338066031  1.00000000000000000
 -0.00249810983654444  0.01197890045767461  0.02351201587821630  0.03457260152705285
  0.04531711474842926  0.05629739733000139  0.06712884289284587  0.07785049339310217
  0.08841904877747593  0.09870744706498275  0.10866323719141062  0.11867059125449823
  0.12893550686173838  0.14009812758046261  0.15111275185689391  0.16221879943406686
  0.17324688777812142  0.18414482694729600  0.19427750399220822  0.20413176465899377
  0.21447382969068302  0.22539599033477897  0.23660039670795510  0.24785772180078000
  0.25943849331386598  0.27097484786552384  0.28165604879200512  0.29191946589237633
  0.30234390906334169  0.31288532048093054  0.32332681259814461  0.33376317132175309
  0.34453474859180838  0.35544971201532494  0.36637262791143499  0.37730439658874548
  0.38819960254334618  0.39897096082120947  0.40947986204417275  0.41970532173140745
  0.42984672966153259  0.44008794478776581  0.45036167870916094  0.46072128579873650
  0.47139098999310819  0.48201660149184139  0.49210471063303596  0.50188394505616429
  0.51179056701081083  0.52147997871556984  0.53115024065720262  0.54095632118325865
  0.55124041071538366  0.56173304133875313  0.57219391797804020  0.58273033790762307
  0.59332388160552929  0.60397904982141615  0.61468564646971158  0.62500954344079329
  0.63499014660430830  0.64500085808885466  0.65520937963919634  0.66548905224660682
  0.67603942763947289  0.68721835253729890  0.69877296552352708  0.70982891808731408
  0.72012650302883341  0.73011294076639377  0.73999373133997359  0.75020525169472130
  0.76034687349209995  0.77047856581773355  0.78061624542252184  0.79081753813320299
  0.80137286614536096  0.81272191002735972  0.82412225237167458  0.83478231521974633
  0.84456340818103315  0.85382609202442727  0.86350064323333964  0.87354185968367948
  0.88437255842540519  0.89540194666530282  0.90582187964989835  0.91600632339780341
  0.92615639721420495  0.93624000574852662  0.94608794706444521  0.95616331902991658
  0.96699935352446476  0.97820723002224974  0.98902819431551259  1.00000000000000000
 -0.00220562341285922  0.00946017092687292  0.01903890946602540  0.02899733851096223
  0.03887673733806991  0.04924191963668628  0.05968599922210384  0.07037209599225758
  0.08128818976311417  0.09159906701674289  0.10171635044728974  0.11226777138943997
  0.12346908986094933  0.13450011310406340  0.14532574974889972  0.15597427897782676
  0.16619261492106641  0.17621174687984800  0.18633705866735645  0.19636464739532408
  0.20613542873232066  0.21627289484628565  0.22685036998182004  0.23722943063764365
  0.24702369178564920  0.25693019469917255  0.26742505122319887  0.27833076245785637
  0.28909516425498755  0.29960274794811331  0.30994965277499248  0.32037854018252654
  0.33122797392517944  0.34233345554675049  0.35308599153153364  0.36344219590145671
  0.37359352150774772  0.38398540051648777  0.39462426457124750  0.40542992879416379
  0.41643156923793334  0.42734068251028878  0.43807544053646108  0.44877807624689670
  0.45957622487418648  0.47019181725983833  0.48077266849233619  0.49127875651992065
  0.50199806603815922  0.51309008215945362  0.52420366948814767  0.53518552580202428
  0.54605240069650363  0.55668889793925169  0.56735657854533850  0.57801155228248480
  0.58885756886119667  0.59979877176482932  0.61043571163157540  0.62114398033869178
  0.63156236337337501  0.64183648545869265  0.65205738877864405  0.66232047611610001
  0.67261915698755703  0.68319644261437851  0.69365357397249239  0.70433354548270966
  0.71453211230407332  0.72452873667768358  0.73436840697684025  0.74441492155057587
  0.75448974517585510  0.76495539498083720  0.77589111772470776  0.78741337918824394
  0.79845189227793034  0.80866604013767074  0.81845414564012497  0.82818628402206684
  0.83831181486844530  0.84913524189683354  0.86023636331161824  0.87129599328185414
  0.88170994149841775  0.89147975538333357  0.90121333105584966  0.91098969744711233
  0.92118926663898837  0.93156753126273961  0.94194506207923290  0.95301894451614155
  0.96421669065964533  0.97568018237681964  0.98772722713103867  1.00000000000000000
 -0.00215956503016491  0.00988131557435577  0.02032459189547900  0.03112482022186299
  0.04201119993292329  0.05273352564365055  0.06325462986671704  0.07489229099759179
  0.08581311262805251  0.09651794300623404  0.10753361506266815  0.11889399236855072
  0.13024309322384442  0.14089746458330921  0.15168900770012661  0.16227973339037360
  0.17246702304695843  0.18288978674782783  0.19307437971254038  0.20347998789958882
  0.21405460625362280  0.22459890284618023  0.23475492260408418  0.24477068076182776
  0.25488511417397913  0.26501474686338011  0.27503129448734365  0.28523263764878692
  0.29520057133653810  0.30503217717433445  0.31473200476572560  0.32485718386662832
  0.33452844853899388  0.34406085568580175  0.35356811604587080  0.36359728442042738
  0.37341766809982313  0.38314968851016418  0.39293888808019756  0.40310641920372992
  0.41339259383921045  0.42386863188873269  0.43454959326178882  0.44514880100809145
  0.45542543589371320  0.46562627713268467  0.47568984416839455  0.48576266097951865
  0.49567609334158091  0.50580919645331923  0.51610066851473135  0.52614439794633461
  0.53595938052987102  0.54568312898455729  0.55563001164959092  0.56571976158968429
  0.57608776802351713  0.58658551411081183  0.59749201355984904  0.60879361534146925
  0.62031956528073129  0.63167406659167780  0.64260558923092070  0.65318284688890993
  0.66405257884708691  0.67546524856953782  0.68684981428385072  0.69776227913000077
  0.70892582712906116  0.72062541011099968  0.73220420014986842  0.74330218322569774
  0.75412698432394676  0.76486752546408443  0.77532688603061450  0.78568160752540783
  0.79601676408635180  0.80648005757767760  0.81696935689585748  0.82761606443482294
  0.83846586527664291  0.84925010210335861  0.85993876218815324  0.87047896115447165
  0.88105431244404553  0.89200378411606374  0.90337365250111812  0.91489332566369874
  0.92627653816721167  0.93722729006932304  0.94801221569572025  0.95865676395100852
  0.96908354776456729  0.97956128010006194  0.98972718786264213  1.00000000000000000
  0.01417065546429062  0.01632772175377634  0.02121800755439272  0.02697123755489055
  0.03284609056017302  0.03862907076754056  0.04419910458441085  0.04965786141441073
  0.05514845582337879  0.06062810415488983  0.06597866923435003  0.07125497665660364
  0.07658012221821731  0.08198436158907589  0.08747948851610524  0.09310855303483766
  0.09871332843382555  0.10436597979637242  0.11002393417739362  0.11566941557321221
  0.12134246866793708  0.12695139852906492  0.13247092247335385  0.13790881486505385
  0.14346827285343214  0.14911768821787000  0.15488426015702111  0.16054319544163423
  0.16605183804278145  0.17147503695300975  0.17686628411443719  0.18226049063933669
  0.18775333629352242  0.19359311107699562  0.19985782323547921  0.20615959690319052
  0.21263241004490901  0.21922397709398214  0.22596234908808363  0.23277748184723165
  0.23969783808095546  0.24659599047153910  0.25339940628016172  0.26016099733671716
  0.26706016507149438  0.27412474420430832  0.28135469669972513  0.28866149089650395
  0.29583971113055585  0.30290896956943569  0.30992823435948358  0.31704916881667700
  0.32422813141474666  0.33167705092475525  0.33926000395238409  0.34728970313255753
  0.35513452225905506  0.36290894904681098  0.37049198553800322  0.37812613723160632
  0.38591134002913119  0.39394698871948153  0.40216911815301315  0.41061221533605757
  0.41914639968416589  0.42803081162669943  0.43727318521652053  0.44690833572922106
  0.45660203315525300  0.46641793912209911  0.47644319764406612  0.48690208661914952
  0.49748159913277862  0.50809553535250795  0.51909288455200020  0.53018240831875052
  0.54155512506123415  0.55337001980386302  0.56547621783627255  0.57773769597102598
  0.59041368513487769  0.60400980546125893  0.61777950503517265  0.63194601709681619
  0.64663447460453871  0.66231911075770800  0.67868484611284507  0.69555351608629123
  0.71360443989537603  0.73423119840884887  0.75809548470563060  0.78543312092227813
  0.81700058185263547  0.85250120345013469  0.90040431901427853  1.00000000000000000
 -0.00263882173778486  0.01034586914321728  0.02130153078985852  0.03115932140469819
  0.04085905547780704  0.05062170414747789  0.06074143576855561  0.07128676919878553
  0.08143933140694375  0.09224877789184693  0.10296546903717502  0.11360614566360636
  0.12409463373015989  0.13505069915254655  0.14631208964457193  0.15716603770232734
  0.16753686009160804  0.17771220700383683  0.18827999617835511  0.19935774088746736
  0.21080395236608762  0.22221068814770692  0.23312384963971156  0.24379441306123020
  0.25441387668529575  0.26500940645405430  0.27567622604391329  0.28649144488820444
  0.29715967456460701  0.30736208073972321  0.31737811843159369  0.32735886223376592
  0.33716506835716492  0.34686440285035064  0.35688749021825356  0.36712286990588816
  0.37794088481785698  0.38896628791325399  0.39964515334994738  0.40976049618972199
  0.42007307216880913  0.43107286707310477  0.44183535244566557  0.45181093026724001
  0.46165629789975099  0.47181746902210164  0.48241739664733152  0.49305221646585873
  0.50397515586821295  0.51518453239223116  0.52635989057342769  0.53701016797763235
  0.54766579184846309  0.55787651530397608  0.56837016936256368  0.57894605305640900
  0.58935937097470481  0.59952447656323304  0.61010268771616938  0.62099492873463569
  0.63228802384098826  0.64326881587846896  0.65437125526446294  0.66473049862237843
  0.67519791520091488  0.68583756873955193  0.69683015309551544  0.70740964053703903
  0.71779317657948360  0.72838022414409320  0.73879980608247442  0.74920495051797986
  0.75964965306714172  0.77033425226105778  0.78128278505029780  0.79180209294654114
  0.80227646216560866  0.81266159589913756  0.82376656863852804  0.83482364873582415
  0.84561253378517154  0.85623381425975365  0.86697960185069567  0.87777178620834828
  0.88847462711752001  0.89917762479706365  0.90989365709124914  0.92027543236712983
  0.93042643084328858  0.94035652003519121  0.95045006865830939  0.96044895071159331
  0.97068499835734767  0.98046467477508936  0.99044870617665792  1.00000000000000000
  0.02449864419614169  0.03124020101857750  0.04040509174184243  0.05003230123632983
  0.05982511028820192  0.07004350914069798  0.08093897983253127  0.09187788728658319
  0.10238917568057065  0.11215134701529259  0.12116466009689535  0.13000454702915576
  0.13886546726906765  0.14797843136288688  0.15792195259334096  0.16814172635327132
  0.17880811848157666  0.18933200166349184  0.19975198874860459  0.21027321111594952
  0.22064258913566140  0.23078273802751240  0.24061818312602057  0.25073805451095038
  0.26134495795515772  0.27228760623136655  0.28294801280579318  0.29306904654735499
  0.30293873679359590  0.31268079670321658  0.32211010329563805  0.33145983459922101
  0.34129844914690832  0.35221919999336204  0.36353280161786622  0.37458559075377162
  0.38538688400057924  0.39633186889312655  0.40704521462270143  0.41758481165763756
  0.42747003296119940  0.43719907224926496  0.44655326828624781  0.45642618758993936
  0.46666460274025356  0.47658158431986891  0.48654923484109841  0.49657885909779914
  0.50668308616317936  0.51655403237250808  0.52637991852359733  0.53629350728410441
  0.54605150536286151  0.55538051556317036  0.56483397491781540  0.57473390848660788
  0.58509591703110797  0.59505749367973837  0.60517038894436981  0.61558940833218390
  0.62622583347251159  0.63656472170373346  0.64665356455596135  0.65664397029911881
  0.66647579708508098  0.67617745137442054  0.68579973184626908  0.69614392110147461
  0.70644854452698969  0.71698619244045037  0.72744347012352961  0.73796195155796196
  0.74854772773111133  0.75917090137877430  0.77014780733439592  0.78221151197915806
  0.79438227028493735  0.80607296646668047  0.81700483283822667  0.82741259843181658
  0.83750065690449582  0.84729479737045466  0.85696492242824074  0.86644997186731509
  0.87592529600959812  0.88540026182393727  0.89499066470333699  0.90466063105555372
  0.91459935496290889  0.92488447526095541  0.93525843556076083  0.94546492209468436
  0.95575476324261033  0.96511535283338823  0.97089636192571227  1.00000000000000000
  0.07190476525834680  0.13540467579886906  0.15584186997509292  0.17294681387756627
  0.18855056212849169  0.20124887635962538  0.21299949990929234  0.22394126810635676
  0.23478343417585049  0.24505590516182349  0.25485530962059749  0.26450563805629296
  0.27423588460560272  0.28383605352050911  0.29331665651978467  0.30290057790567571
  0.31239534368810429  0.32149579356100405  0.33047165032037701  0.33928918360088128
  0.34789567902630442  0.35615061551894478  0.36422187869915518  0.37214990683596094
  0.37987530732782371  0.38760957376793354  0.39541446296626293  0.40314111408509179
  0.41070666271064182  0.41804234493075115  0.42515151763911635  0.43195861920878553
  0.43853269831886765  0.44488374394386943  0.45124299640107712  0.45763069749134744
  0.46412855263605324  0.47069068798640995  0.47725069350402294  0.48380972386547139
  0.49022338874523569  0.49656881476395887  0.50280655377891970  0.50883048188411539
  0.51473680318285520  0.52045555843398517  0.52602701943165242  0.53176107665310213
  0.53750177125095533  0.54315078455834809  0.54869955421495320  0.55421129050497553
  0.55972539803203591  0.56510535389324767  0.57028022251815025  0.57540780343310949
  0.58049819011793302  0.58554824003344264  0.59050010364717564  0.59564263546984120
  0.60077611059459191  0.60576344231550916  0.61069894971289562  0.61548085226874172
  0.62029915938416447  0.62527224743980969  0.63038637201329628  0.63555776187971380
  0.64069889927853407  0.64596928910597506  0.65121166185900714  0.65648907157925429
  0.66173800963778628  0.66682003220590202  0.67185022565601049  0.67684409606967444
  0.68182463333805809  0.68695668143571942  0.69223511308761254  0.69769042386376467
  0.70316996084961092  0.70883178714526018  0.71475357221218505  0.72076893939368258
  0.72695936573134434  0.73355598670047706  0.74048400885492205  0.74777403710480050
  0.75563130801139489  0.76396858015934721  0.77310125324976287  0.78395535017336238
  0.79863381566633040  0.81617960464450856  0.90058204998945124  1.00000000000000000
   8.6533531153145252E-023  -1.0000000000000000     
 F F F F F F F F F F F F F F F F T F T F T F T F F F F F F F F F T F T F T F T F T F F F F F F F T F T F T F T F T F T F T F T F F F F F F F F F F F F F F F F F T F T F T F T F F F F F F F F F T F T F T F T F T F F F T F T F T F T F T F T F T F T F T F T F
  <DiscreteSampler_grid>
  grouped_processes
  1 # 1 for a reference and 2 for a running grid.
  10 # Attribute 'min_bin_probing_points' of the grid.
  1 # Attribute 'grid_mode' of the grid. 1=='default',2=='initialization'
  0.0000000000000000 # Attribute 'small_contrib_threshold' of the grid.
  0.5000000000000000 # Attribute 'damping_power' of the grid.
 # binID   n_entries weight   weight_sqr   abs_weight
    13   10   7.885067064803048E-013   2.098714936267369E-024   7.885067064803048E-013
    14   10   7.885067065008357E-013   2.098714936277483E-024   7.885067065008357E-013
    16   10   6.556362057816284E-013   1.394900838655966E-024   6.556362057816284E-013
    17   10   6.556362057916886E-013   1.394900838658181E-024   6.556362057916886E-013
  </DiscreteSampler_grid>
