  0.00000000005587709  0.00000000013687001  0.00000000020195478  0.00000000026557696
  0.00000000032973057  0.00000000039775746  0.00000000047151672  0.00000000054858338
  0.00000000063245324  0.00000000071953725  0.00000000080689939  0.00000000089708170
  0.00000000098872564  0.00000000108881688  0.00000000119278217  0.00000000129450813
  0.00000000139575742  0.00000000149812609  0.00000000160291231  0.00000000171411698
  0.00000000183538259  0.00000000195981726  0.00000000207849441  0.00000000219386625
  0.00000000230416595  0.00000000242059505  0.00000000253751243  0.00000000266220812
  0.00000000279389896  0.00000000292038214  0.00000000304447000  0.00000000317255444
  0.00000000329980142  0.00000000342924625  0.00000000356290408  0.00000000369584941
  0.00000000383178142  0.00000000396791540  0.00000000411086271  0.00000000425699429
  0.00000000440496722  0.00000000455428834  0.00000000470700945  0.00000000485937773
  0.00000000500890059  0.00000000515915797  0.00000000531646079  0.00000000548385591
  0.00000000565105070  0.00000000581662749  0.00000000598433837  0.00000000615971521
  0.00000000634019820  0.00000000652311301  0.00000000670850088  0.00000000689688680
  0.00000000708962652  0.00000000728421932  0.00000000747634945  0.00000000766674783
  0.00000000785796624  0.00000000804538821  0.00000000824196518  0.00000000844266741
  0.00000000864639273  0.00000000885035485  0.00000000906763229  0.00000000929423523
  0.00000000952032165  0.00000000974743735  0.00000000998084696  0.00000001022356728
  0.00000001047357789  0.00000001072154187  0.00000001097176026  0.00000001122502756
  0.00000001147350842  0.00000001176270274  0.00000001208311314  0.00000001242468940
  0.00000001277975654  0.00000001314041624  0.00000001350457572  0.00000001387580656
  0.00000001424837729  0.00000001463376085  0.00000001502310179  0.00000001546446410
  0.00000001604501892  0.00000001672385743  0.00000001745704497  0.00000001826609113
  0.00000001920835841  0.00000002049223862  0.00000002126224033  1.00000000000000000
  0.00960167264367294  0.01576622975446336  0.02435516321813383  0.03387536814874119
  0.04379668247721042  0.05416333148014171  0.06447204619473680  0.07432834812749488
  0.08431004848136346  0.09485578305739231  0.10580116768939110  0.11663647445188718
  0.12710309202203088  0.13742936699056266  0.14775337625751317  0.15795834129753031
  0.16808397650590179  0.17826704652477929  0.18842564942425780  0.19825024697509980
  0.20790905703691770  0.21782567395057684  0.22799208926594938  0.23802462423342891
  0.24778034698229856  0.25769354883639733  0.26780829725937377  0.27818856820892246
  0.28833967645563291  0.29856403838470391  0.30877532800678903  0.31897518117542456
  0.32958525673167094  0.34051531861708290  0.35186200665500239  0.36352584929722404
  0.37483238119461193  0.38605210989509320  0.39712153302948949  0.40797721240356688
  0.41880178141623159  0.42939760471474603  0.43972333504899269  0.44993392694448547
  0.46023658152141900  0.47100720803658491  0.48152303951888215  0.49188693175492060
  0.50254644413961402  0.51403609287926688  0.52483605111461962  0.53521423331765228
  0.54535339801873661  0.55597589337380182  0.56623645895361030  0.57632663322811606
  0.58655603462232853  0.59718213827592781  0.60766036462537820  0.61869971695910386
  0.62976948427635959  0.64154494149525176  0.65206245822826281  0.66208326498077918
  0.67233018675051481  0.68320497902617472  0.69409787464508377  0.70470910320646463
  0.71525721681337351  0.72607054208853006  0.73674535562909016  0.74741817670072008
  0.75826647340993902  0.76906973949202351  0.77994980748197462  0.79089917981436186
  0.80117630658806716  0.81119317777638067  0.82113123454854076  0.83083130398820759
  0.84019553387411605  0.84975705834828186  0.85968512559819843  0.87105721360816613
  0.88226357095398955  0.89419677959173494  0.90472404612183777  0.91449662367417306
  0.92452529733817201  0.93485075280470042  0.94571900167229972  0.95635710403389740
  0.96642415912582103  0.97671039642076851  0.98737621364476336  1.00000000000000000
 -0.00247508223435048  0.01067040224533633  0.02196887461546730  0.03318607652918928
  0.04419618457762112  0.05480604655829630  0.06583812777284420  0.07637210237155793
  0.08702332636870985  0.09806854002871673  0.10944525995470181  0.12162794743577347
  0.13275764667733900  0.14404118683840486  0.15464750883672418  0.16517721353156528
  0.17542681551906020  0.18626244886061838  0.19758545735110458  0.20874567710128550
  0.21972841604244861  0.23060879674986154  0.24150916099121447  0.25238823320433917
  0.26317237557023149  0.27367135621044242  0.28380602099980506  0.29404865058294971
  0.30444310797832580  0.31529240439558526  0.32602854113905866  0.33685075265803460
  0.34776145877175180  0.35878337804616856  0.36948483970727475  0.38007583585954208
  0.39081211976808616  0.40154137235923865  0.41210860043830372  0.42281117353935754
  0.43383079052635570  0.44504712859186907  0.45656131555220736  0.46868930556708210
  0.48097842653152489  0.49277318139290677  0.50397111801323236  0.51469543894775360
  0.52470781760253526  0.53406577879406048  0.54351463858159099  0.55318071579446826
  0.56272742475173587  0.57214107256365643  0.58173408953946915  0.59215421701797555
  0.60285876872202193  0.61333391099361079  0.62384031779950344  0.63447916888200018
  0.64508687265973774  0.65528568396940390  0.66529847140426079  0.67560818473938067
  0.68655375128993790  0.69762285425374060  0.70859774981987855  0.71941396688416759
  0.72995833982692415  0.73939833609266004  0.74907024136098765  0.75898831541238088
  0.76890015921638877  0.77897305891171564  0.78860562200668882  0.79912727713805787
  0.80984730654811210  0.82081052984482694  0.83175460313076977  0.84261904461571413
  0.85298414195087424  0.86308762994031396  0.87335773345835277  0.88326373612472375
  0.89307208030515750  0.90264285392900900  0.91229924563962439  0.92230798746725740
  0.93211066046393987  0.94231496693228189  0.95245848030905433  0.96312335890259060
  0.97305547022640082  0.98240639423500931  0.99117894093712156  1.00000000000000000
 -0.00334077011839063  0.01027212108666462  0.02178486166290013  0.03288863797385150
  0.04386835588374718  0.05447228767798912  0.06461984943824449  0.07441740905333320
  0.08441634046344568  0.09448646915537368  0.10462320976035926  0.11536150591648886
  0.12650999385183720  0.13765119232795620  0.14885011252702129  0.15990656887202104
  0.17034604442709794  0.18040027224586708  0.19060814798582384  0.20138477021802248
  0.21196434271034120  0.22204779705257538  0.23241382907185343  0.24239179651759143
  0.25223462880569641  0.26205206478120807  0.27206917888839471  0.28242057384611613
  0.29296040910513782  0.30379334658748891  0.31441795077989804  0.32466807802698527
  0.33508928026674234  0.34646221557794532  0.35809201561108633  0.36937413297734822
  0.38030128499557225  0.39074662743044786  0.40078171132381646  0.41048728870905077
  0.41988242189309599  0.42926202855469681  0.43939313883439896  0.45017800697684762
  0.46144007982040247  0.47255953107494031  0.48327015024739411  0.49402657496449226
  0.50427211980421249  0.51379776726801418  0.52323623787880114  0.53254892779454088
  0.54266794063466517  0.55305370918002683  0.56413225859532723  0.57593451967466269
  0.58732910010214812  0.59819158029888053  0.60871767591832460  0.61910252284779910
  0.62971479070314484  0.64060865889356233  0.65165170095691105  0.66261901350383690
  0.67343413153230480  0.68396669611164929  0.69408279717877108  0.70386122277510699
  0.71302589795339466  0.72179912223611675  0.73048350448441202  0.74005509002018177
  0.74959819992115273  0.75942809991443017  0.76951678775937971  0.78055968949513377
  0.79203261437781025  0.80302365290674949  0.81338739286504436  0.82334639206269822
  0.83335602100671713  0.84379202941754372  0.85450339545561738  0.86495723970412663
  0.87514431481770216  0.88578899689804469  0.89725438573750138  0.90905071969384843
  0.92034992295173501  0.93121345151858104  0.94216788005122032  0.95354303979402533
  0.96540274509451207  0.97698987831008233  0.98871085836205397  1.00000000000000000
 -0.00285592356862199  0.01042057679914601  0.02250745862038287  0.03545897245048124
  0.04724683141376537  0.05758741229167272  0.06734256325336369  0.07712633228237395
  0.08708877690154640  0.09690904205873031  0.10664504416953725  0.11631639926923704
  0.12581548118635544  0.13542656899955077  0.14590077635107579  0.15719418502843815
  0.16822636420675116  0.17844953443012262  0.18839936504292470  0.19832908909860036
  0.20791961754503269  0.21723470150534094  0.22665598299367354  0.23703548399327901
  0.24780125317518084  0.25814501950347657  0.26836129724748131  0.27891317201912730
  0.28972835418792314  0.30046575760904232  0.31154033016708038  0.32291849389156524
  0.33439898415502717  0.34544370581429107  0.35634731984238083  0.36662081863896551
  0.37748355595308619  0.38797294329614929  0.39850045343297663  0.40892352844387780
  0.41953795399048172  0.43062930649094755  0.44222055358040868  0.45375176806682815
  0.46468399620213885  0.47530380034037145  0.48604444405227837  0.49702923459900106
  0.50748750794199537  0.51768067000018780  0.52776816361136036  0.53786216834006018
  0.54798897431347460  0.55794776550201897  0.56776916910481179  0.57753179515015185
  0.58770155817695491  0.59835597218148528  0.60929766657639972  0.62043057887604702
  0.63157965393649218  0.64309594659757408  0.65509503202530850  0.66661313680850931
  0.67707248479800175  0.68681956363580099  0.69722519737662259  0.70731761333620247
  0.71800173234403541  0.72815895800061670  0.73859775637388525  0.74921100512545680
  0.75990874827552424  0.77066241319905626  0.78089041019518302  0.79126235026376635
  0.80247431924406754  0.81340513911362833  0.82383147616198493  0.83378630150574751
  0.84318023037412237  0.85244269875937928  0.86181022935269325  0.87125121410038131
  0.88149054818520989  0.89169329238915518  0.90263615017124643  0.91370990548184128
  0.92516605693459797  0.93610866380006841  0.94699504959395564  0.95761936690389793
  0.96778522325229832  0.97821026010891399  0.98864482393139763  1.00000000000000000
 -0.00246651366300351  0.00909361421163891  0.01800893119395821  0.02732584855665925
  0.03641996317923668  0.04626212740098455  0.05673212803009185  0.06707886149105242
  0.07756634892355369  0.08789476073447872  0.09890039417166968  0.10970076031391174
  0.12081359985615851  0.13146597852145034  0.14237477664987044  0.15342760446220247
  0.16495641563780555  0.17639969843839404  0.18785295222986192  0.19969071415639705
  0.21189964452924795  0.22420961134963721  0.23659058149882309  0.24862760110046669
  0.26040827701862118  0.27278105762983623  0.28524295806340538  0.29672644103400397
  0.30717488397849024  0.31722020760651687  0.32754943830336813  0.33821407171464546
  0.34955228910242409  0.36050399410857742  0.37107624496022457  0.38148605370929445
  0.39183179009369101  0.40209051770118615  0.41211289152211994  0.42223923206991854
  0.43270395110655713  0.44375155323626142  0.45544099897229029  0.46710463816965331
  0.47844369017572436  0.48943491908631842  0.50051969614297953  0.51110529082282075
  0.52196796641025289  0.53353873826005960  0.54534353000434643  0.55643377542690176
  0.56738411047529824  0.57784793810622970  0.58929213594727736  0.60073259293540393
  0.61187393875026452  0.62306399829189552  0.63417434720585586  0.64545670900995011
  0.65598289524775666  0.66697785398019616  0.67871623357797972  0.69090230664497343
  0.70304658495115702  0.71479902977427501  0.72584559010376293  0.73610551963871840
  0.74594209318279092  0.75472609663588330  0.76312016906056490  0.77185503332137251
  0.78031503891143850  0.78854989259777752  0.79666269590913008  0.80485222719936456
  0.81320660493231745  0.82223830972758016  0.83142352596028524  0.84126020333372831
  0.85170252090100418  0.86234654773247443  0.87298612942334464  0.88333373503422807
  0.89364793443008750  0.90357328396306180  0.91369184180725360  0.92286052273863695
  0.93210242892823969  0.94170189756751277  0.95212209702794515  0.96229021675036586
  0.97207429180014260  0.98105149570287808  0.99071684471893040  1.00000000000000000
  0.00230093358535400  0.11527205008254587  0.17460054823423110  0.21731552760005510
  0.25092762054856160  0.27794520557283708  0.30194318962937972  0.32357740804237517
  0.34379979953861128  0.36257818414287435  0.38007658867733302  0.39669524099219788
  0.41376493977370365  0.42958809683795318  0.44396991030126137  0.45739497607605412
  0.47020449811497816  0.48299626226816328  0.49603528860350099  0.50845294087726822
  0.52015222515614168  0.53112647125284307  0.54161712808180229  0.55181038474379462
  0.56179193590499998  0.57163013574549659  0.58150212532382350  0.59073418141739420
  0.59974657864682146  0.60825255231786568  0.61666793275458665  0.62506173084486782
  0.63349762335871707  0.64170376645687022  0.64992458904421524  0.65818443031420959
  0.66634416982554812  0.67433834491148537  0.68206165098792504  0.68952810040618473
  0.69644617069597559  0.70340936467178272  0.71022678104725234  0.71701700823610537
  0.72353839741119064  0.73043699263046713  0.73767760688875172  0.74486422025202770
  0.75169483180029351  0.75825337366364953  0.76477643844500232  0.77111212746353730
  0.77728854063604136  0.78339098562882714  0.78941606512927820  0.79543556197913456
  0.80124176961940619  0.80695134376725586  0.81266272071491452  0.81852514157320599
  0.82455363742588361  0.83067916989068624  0.83682096054428157  0.84290295670132953
  0.84901319983901757  0.85506521999336149  0.86074661306279354  0.86607378084918685
  0.87113960606517449  0.87601159461323774  0.88054800941184774  0.88518392238706345
  0.88983247274674260  0.89449761237666314  0.89916185189477305  0.90383286565892107
  0.90852242542385508  0.91316055691904174  0.91769953039448693  0.92223126739349037
  0.92679197011916281  0.93150421013105666  0.93629953568322843  0.94110287520635638
  0.94583675155522495  0.95055694926781931  0.95522567205788111  0.95978419638855850
  0.96417083061242326  0.96837705156375919  0.97243078566829577  0.97635738205293321
  0.98042697724279626  0.98405285033211043  0.98623506145426432  1.00000000000000000
 -0.00220663180688182  0.00912203277627117  0.01813406763737138  0.02807418995933248
  0.03816968526031102  0.04910715010685211  0.05980154104248704  0.07034993941933380
  0.08146832350848641  0.09246308787199775  0.10326745962172709  0.11408332661843533
  0.12491289639879616  0.13511755938480394  0.14479450407986200  0.15466560267265883
  0.16475770613825405  0.17533021031008475  0.18541336405747574  0.19600464882244659
  0.20726071620087200  0.21841986723271412  0.22930694582567485  0.23939141768488006
  0.24944815290350422  0.25950017110155377  0.26946557811432409  0.27903096538484012
  0.28880720578222835  0.29922987529996808  0.30983689462131009  0.31995426201186017
  0.32995231959133831  0.34052351536984493  0.35104109097952491  0.36091212442308118
  0.37060997123925099  0.38070491758777836  0.39105320023785467  0.40134516340136744
  0.41194710974663790  0.42352617432192158  0.43563895874973385  0.44675514055208077
  0.45701308766972598  0.46696354011426383  0.47681474659632861  0.48653954961925450
  0.49633294598383670  0.50660905383517141  0.51743477305608543  0.52864843244176996
  0.53994751597937274  0.55127187926539101  0.56247686487707715  0.57319125430445339
  0.58363821439536911  0.59386704456373918  0.60403251932194402  0.61428323181039823
  0.62458952717325922  0.63521365238473293  0.64560560786148447  0.65584443122731195
  0.66614421715500771  0.67695643022465768  0.68775654582146384  0.69781342596351648
  0.70742977708251531  0.71723279591326738  0.72727597655677589  0.73749074771880585
  0.74768620114844986  0.75817994563106117  0.76854638289849553  0.77859451769819299
  0.78848997176325419  0.79839853959428519  0.80850592834599744  0.81907696086186210
  0.82963369390072961  0.84029955267700329  0.85131959103151023  0.86280069386617786
  0.87440874841720218  0.88572495174757848  0.89687117025483221  0.90787144679751397
  0.91897405925193310  0.93064888948586044  0.94235644427553011  0.95404666595858412
  0.96524501035774879  0.97696477871257603  0.98828754518922335  1.00000000000000000
  0.02465825590559374  0.03140906800288813  0.04072077142108411  0.05047958920052327
  0.06055746367175341  0.07072324542838131  0.08046078416565115  0.09007497347486909
  0.10004429115778925  0.11070897905658589  0.12209781517272371  0.13261729954722093
  0.14290012386700698  0.15286117999849391  0.16248090410977029  0.17164415586488371
  0.18074604881763803  0.19005018408048618  0.19992001520994465  0.20986657550672258
  0.21965091509405860  0.22886274386635200  0.23848396873457159  0.24845941684117284
  0.25928286303899739  0.27049656604202083  0.28080525040537879  0.29101907624576495
  0.30171728384459828  0.31306674217986336  0.32459769032237540  0.33599574788281167
  0.34708717579061182  0.35741135090492032  0.36736985229778374  0.37759350665047947
  0.38766686550858709  0.39770183422326127  0.40774783624178534  0.41806383495809407
  0.42837931807364521  0.43847442041867024  0.44834825006091239  0.45822427383610298
  0.46829628765149001  0.47857636842302431  0.48910966846597226  0.49954671039045961
  0.50994370463806771  0.52061709881398444  0.53180493322662892  0.54303868396464805
  0.55384446982022106  0.56405684341858287  0.57375553919211741  0.58359022518976855
  0.59384571233392303  0.60443192422512859  0.61494144957379804  0.62528257775735074
  0.63477271019925774  0.64375913731535839  0.65249526909988864  0.66115437943103073
  0.67032143458382698  0.67942926611448007  0.68923135440151451  0.69987774268032232
  0.71053124148948288  0.72075138135376293  0.73114163378808539  0.74090569896152936
  0.75008224295018000  0.75895582523301586  0.76808098273540415  0.77787748664233802
  0.78784821106004832  0.79869567603852687  0.80985384155985862  0.82081585002452628
  0.83179507268348596  0.84276038435245582  0.85320094218404507  0.86273728174548014
  0.87196920245117759  0.88140794944233691  0.89143819507534117  0.90186329192849179
  0.91238966761015305  0.92280918386160737  0.93255998868976220  0.94276892259154321
  0.95407228736085958  0.96425737253855481  0.97104188061110497  1.00000000000000000
  0.06237779571133268  0.19935591336923569  0.23556609220799193  0.26417243559792924
  0.28536588269822244  0.30353695552037036  0.32105835205253530  0.33738866551508417
  0.35277526507546736  0.36661231226163193  0.38025126838356804  0.39292636521281588
  0.40509605969060247  0.41700940424919064  0.42855900315996881  0.44010980823221485
  0.45179475300081834  0.46300293355306910  0.47371230430553468  0.48436920016316731
  0.49532515677331918  0.50620130567215016  0.51687629451054851  0.52738863220103183
  0.53772388810643967  0.54769681106631052  0.55718716105314259  0.56627118303379642
  0.57506539617964614  0.58368000883517313  0.59221562091479973  0.60084796291222653
  0.60949519171211519  0.61792633113731843  0.62622100551924409  0.63442830620355339
  0.64262490910326409  0.65077588043251766  0.65879075811290810  0.66661816152553877
  0.67425472246670859  0.68177189731082399  0.68880162112241905  0.69512525616715548
  0.70121171502616897  0.70734841527433345  0.71344576589211095  0.71941212416852984
  0.72512840583254046  0.73054302272937266  0.73562240838647963  0.74058743553462147
  0.74566384608298519  0.75070424271316838  0.75561608273618674  0.76041715607244320
  0.76521013226281653  0.76998781078768741  0.77461391329097384  0.77904777949569926
  0.78336500192943859  0.78752159597975602  0.79157211038142417  0.79561013502041089
  0.79970662194896125  0.80391022147312896  0.80825138650196882  0.81242972206748620
  0.81605749683829643  0.81951797711472907  0.82309130599319658  0.82695101568253881
  0.83095133047186653  0.83478215002369383  0.83835640055671112  0.84178962620102094
  0.84511293476132698  0.84859477600084776  0.85222745108402720  0.85605721359811193
  0.86017524339361962  0.86465126465800013  0.86898077006665364  0.87281496163189454
  0.87706949362415088  0.88232175795552692  0.88793333899690596  0.89399556050303308
  0.90048603418653639  0.90753569974375015  0.91451561925333125  0.91880405275743493
  0.91962437346239412  0.92538158204328402  0.93268087857632764  1.00000000000000000
   2.3133929288124243E-019  -1.0000000000000000     
 F F F F F F F F F F F F F F F F T F T F F F T F F F F F F F F F T F T F F F T F F F F F F F F F T F T F T F T F T F T F T F T F F F F F F F F F F F F F F F F F T F T F F F T F F F F F F F F F T F T F F F T F F F F F F F F F T F T F T F T F T F T F T F T F
  <DiscreteSampler_grid>
  grouped_processes
  1 # 1 for a reference and 2 for a running grid.
  10 # Attribute 'min_bin_probing_points' of the grid.
  1 # Attribute 'grid_mode' of the grid. 1=='default',2=='initialization'
  0.0000000000000000 # Attribute 'small_contrib_threshold' of the grid.
  0.5000000000000000 # Attribute 'damping_power' of the grid.
 # binID   n_entries weight   weight_sqr   abs_weight
    13   10   3.307469522290257E-009   5.055332016683882E-017   3.307469522290257E-009
    14   10   3.307469522290300E-009   5.055332016684022E-017   3.307469522290300E-009
    25   10   1.783396366957972E-009   1.349197777109574E-017   1.783396366957972E-009
    26   10   1.783396366957967E-009   1.349197777109571E-017   1.783396366957967E-009
  </DiscreteSampler_grid>
