  0.00000000005384425  0.00000000014660667  0.00000000021089284  0.00000000028345914
  0.00000000036340654  0.00000000045810806  0.00000000055140554  0.00000000065178812
  0.00000000075649336  0.00000000086330305  0.00000000097177650  0.00000000108623022
  0.00000000119635161  0.00000000130411874  0.00000000142121764  0.00000000153992449
  0.00000000165567910  0.00000000177325227  0.00000000189531119  0.00000000203463927
  0.00000000217969154  0.00000000231573616  0.00000000244347514  0.00000000255981024
  0.00000000265844399  0.00000000274832282  0.00000000284812320  0.00000000295977081
  0.00000000307873956  0.00000000318099446  0.00000000327923701  0.00000000338168865
  0.00000000348132281  0.00000000359543888  0.00000000372326884  0.00000000385758572
  0.00000000396875799  0.00000000408524560  0.00000000420281432  0.00000000431768040
  0.00000000443702097  0.00000000457022713  0.00000000469956891  0.00000000483161174
  0.00000000496627718  0.00000000511122286  0.00000000527894941  0.00000000546268516
  0.00000000564993880  0.00000000582897636  0.00000000600103966  0.00000000615373433
  0.00000000633005931  0.00000000651885534  0.00000000671071451  0.00000000690205471
  0.00000000709414445  0.00000000729284428  0.00000000750089889  0.00000000773823372
  0.00000000794320381  0.00000000812246344  0.00000000832202346  0.00000000852972043
  0.00000000875172610  0.00000000899103746  0.00000000924147143  0.00000000951199489
  0.00000000980383320  0.00000001008800919  0.00000001035860315  0.00000001061599391
  0.00000001087425261  0.00000001113970145  0.00000001140520197  0.00000001167006264
  0.00000001192716661  0.00000001216474014  0.00000001242377509  0.00000001270422098
  0.00000001299456581  0.00000001330576411  0.00000001366327536  0.00000001405660066
  0.00000001442197766  0.00000001479396489  0.00000001518282916  0.00000001565497374
  0.00000001626227067  0.00000001689749581  0.00000001757780385  0.00000001830559722
  0.00000001920133432  0.00000002035111863  0.00000002125622038  1.00000000000000000
  0.00906863964692807  0.01716054953550917  0.02805875225571811  0.03819219623403037
  0.04608935491970825  0.05218185256553366  0.05842991642612345  0.06499517703698514
  0.07188967597826915  0.07881355228635413  0.08561796493341176  0.09187316916477223
  0.09794025314099797  0.10643177063036655  0.11991961719296934  0.13537492523045397
  0.14950296072894489  0.16183078782367061  0.17212805856819210  0.18096771294078737
  0.19045507764449093  0.20032062408545573  0.21133467486625776  0.22335593579079852
  0.23416514041912290  0.24288083392368459  0.25094091881146924  0.25887488704729628
  0.26768590244448853  0.27628432926049601  0.28384639742791140  0.29138601104768724
  0.30050930450158192  0.31138455094473344  0.32201365747574501  0.33537093942207691
  0.35125946148909110  0.36722199240893505  0.38034659501271578  0.39029810198310927
  0.40031150629380091  0.40963946080527430  0.41835068021581906  0.42849119399282504
  0.43833017572647343  0.44807960012826697  0.45889975339002065  0.47073265823976668
  0.48185253580997944  0.49236733880762679  0.50271876822171968  0.51393672074703678
  0.52734576759645158  0.54126240398593972  0.55486555266093296  0.56770103204847300
  0.58022404051177068  0.59298442472467350  0.60623773338941189  0.62171279280802239
  0.63769145955374285  0.65021970688025432  0.65984903877839685  0.66869542648179736
  0.67826517910407957  0.68833509145799643  0.69832134050543415  0.70974131202868973
  0.72252259862738155  0.73469508680372331  0.74590194409420074  0.75694320418188576
  0.76817769811539072  0.77886088348149984  0.78971286241428207  0.80062208153901293
  0.81074753964691015  0.82194499682883615  0.83430718464330311  0.84613172105117584
  0.85778133879539553  0.86942270428838919  0.87900891346702537  0.88644939041294346
  0.89411636695362551  0.90193072881634917  0.90924324488369768  0.91617652071114486
  0.92345368909237813  0.93101919203372130  0.93737980016064570  0.94623933901423818
  0.95682430635163729  0.96852743717574752  0.98236212677120061  1.00000000000000000
 -0.00001455978383479  0.00060172689684425  0.00286446010845302  0.00633025304681416
  0.01111347583955742  0.01573885276960720  0.02100641855639496  0.02811396113827173
  0.03514070526069228  0.04193333229779703  0.04884302730694658  0.05587828470174217
  0.06340064525560911  0.07209420652975092  0.08262142367172851  0.09382348936405678
  0.10490517589185898  0.11506507636083388  0.12420967289787192  0.13303425106496056
  0.14072858257239129  0.14788843311193425  0.15522404093833544  0.16320360737698938
  0.17301359568057625  0.18305879425352475  0.19301541261146168  0.20115996741580561
  0.20825267668823005  0.21541472871201253  0.22248475145534657  0.22997444729453073
  0.23794305665919468  0.24583167267312023  0.25421636524877234  0.26270066205641557
  0.27059436554965505  0.27759655075344836  0.28392474667398687  0.29016332631712960
  0.29725541066082556  0.30588701286366965  0.31452532696928198  0.32278506159209835
  0.33120576831968923  0.34073543771311077  0.34997049105564348  0.35865275587354267
  0.36907668523720905  0.38103812496152550  0.39388740339032463  0.40697841147770503
  0.42010846372316019  0.43351183519646397  0.44788668590485592  0.46209497699691798
  0.47695788288951513  0.49251938488339397  0.50863014146972751  0.52504477367705249
  0.54145259168762072  0.55713685488227871  0.57159694523523830  0.58487391663103361
  0.59776189568626670  0.61159820105064844  0.62459965588481370  0.63761219130105740
  0.64997470809748825  0.66172121727037625  0.67309971305964855  0.68445515772832011
  0.69618213919632566  0.70857274924791691  0.72064969064340834  0.73136852354668247
  0.74115821593829689  0.75136759878715031  0.76181676673490140  0.77186424702138823
  0.78153299274710630  0.79685385390624131  0.81278858116569142  0.82854097267022164
  0.84336428220955428  0.85703853317156553  0.87066655207671384  0.88405467366192780
  0.89768856188349055  0.91167843338130539  0.92599429085557439  0.94035046947381207
  0.95498791365546631  0.96984116720211710  0.98486378717456946  1.00000000000000000
 -0.00270407988439829  0.01083895250356023  0.02075813588795632  0.03003687113811552
  0.03943585995726882  0.04926779133726332  0.06027439190818978  0.07097866821983752
  0.08295492492873829  0.09548923557086791  0.10806601320973616  0.12135362811023864
  0.13442644217371258  0.14774272248367701  0.15967135271391858  0.17034324642363852
  0.18110169085928665  0.19337708046908958  0.20814877728667247  0.22227425450848226
  0.23509589586636653  0.24562499544793095  0.25531948765649026  0.26402645340872027
  0.27328211974733507  0.28441799584358113  0.29515949214287096  0.30464218647190633
  0.31407337382495332  0.32414169703470935  0.33482553741919646  0.34546864148006090
  0.35575252852183997  0.36691542245015846  0.37857256522121668  0.39116919512591986
  0.40626935541212927  0.41923601705902319  0.43218921687542938  0.44365085217843386
  0.45494469880440302  0.46597422911013398  0.47727938318205315  0.48660279082042096
  0.49418228986242396  0.50247895714585078  0.51180078899183423  0.52200725810836912
  0.53351177125619820  0.54362670887203091  0.55227303235536740  0.55987385416768420
  0.56655926076193475  0.57280182480596320  0.57988333339090936  0.58617820776133767
  0.59156686111011647  0.59739523772599712  0.60626887222511350  0.62027466917539331
  0.63542029653915455  0.64883209010898579  0.66102865242828435  0.67268014884218941
  0.68403423295388432  0.69611190400152989  0.70869959228358792  0.71970050497122695
  0.73025311300761253  0.74029335129823537  0.75046565611911897  0.76012318442528193
  0.76912926579287533  0.77940242168167673  0.79074503168330668  0.80027036225743986
  0.80982765931149026  0.81923516654381756  0.82919513146580703  0.84093684298316995
  0.85417341305185579  0.86558110211252981  0.87769492346597056  0.88940474153533811
  0.90336886117588822  0.91684279695449455  0.92368888356042245  0.93092034840166926
  0.93815538719584224  0.94603160753012361  0.95405805488082673  0.96218980702737400
  0.96991292337623602  0.97716089596315236  0.98563633625850378  1.00000000000000000
 -0.00211604522018211  0.00857187212107397  0.01892638704268246  0.02710418902714971
  0.03521943909396087  0.04329468651381803  0.05293956560048142  0.06377562592684671
  0.07484596501795726  0.08559649023290850  0.09621974595858630  0.10521081641180376
  0.11396695450504433  0.12307170368334784  0.13104817228688956  0.13933648379694724
  0.14771132395844003  0.15479688713683129  0.16232434033813556  0.16972871239429471
  0.17675115827920518  0.18536884174894208  0.19372120346900648  0.20168351512196517
  0.21130217095524040  0.22378762070699509  0.23638362422665546  0.24796145662684752
  0.26256924604464904  0.27368676350749394  0.28275351244605662  0.29115086810887958
  0.29918386182683637  0.30672872503699572  0.31434276317159893  0.32216172771888835
  0.33051267431075820  0.33996786545329960  0.34849722180313947  0.35696595913132950
  0.36659457646061488  0.37873225651736175  0.38750406805346432  0.39875584477998210
  0.40996188428864699  0.42053424531030953  0.43008662420002663  0.43957565156986267
  0.44980475450079688  0.46217700216571739  0.47611001226343980  0.49237527639321366
  0.50823252606809977  0.52284451857429215  0.53626869898981810  0.54893322182830351
  0.56148002790571072  0.57424692973350389  0.58646681230220454  0.59729556491242275
  0.60741535927907653  0.61859916587826291  0.62873457727605120  0.63909258163403326
  0.64827901126942766  0.65797040725540434  0.66843600792436186  0.67933335128008798
  0.69061306650450160  0.70270278789075158  0.71579061271009836  0.72899440719710462
  0.74077426147027570  0.75145401693447123  0.76301641113230811  0.77561977869731824
  0.78794365940754796  0.80000010514007225  0.81158630764995454  0.82260201890549489
  0.83498768586187455  0.84618042468883714  0.85829444473004690  0.86979047423594136
  0.87937928124330922  0.88902506931743608  0.89964208531058376  0.91202403134157628
  0.92225894715539458  0.93348619527734289  0.94524570002920372  0.95714401515945957
  0.96909893934453950  0.98049551801733470  0.99104849098451409  1.00000000000000000
 -0.00183592490232879  0.00830902690960503  0.01859923067643951  0.02954607289603775
  0.04248593942228422  0.05282032388956101  0.06082633908902856  0.06831047189272373
  0.07506614604488410  0.08206831774008613  0.09123543961021310  0.10303531927909151
  0.11567536006368612  0.12978302857429283  0.14486084428081744  0.15923101248792459
  0.17217002071379320  0.18296739467082773  0.19480438789911611  0.20763437256229167
  0.22017763209553387  0.23183884313634243  0.24296403389330465  0.25339525841126559
  0.26264357977132113  0.27232231697901493  0.28251811331722804  0.29264428490187916
  0.30260850818259899  0.31267248001414727  0.32343558022604224  0.33467272153192412
  0.34608499171347762  0.35786451638709438  0.37001633034834203  0.38249568777075832
  0.39557701130138168  0.40948169699848130  0.42405081490329155  0.43638833415622036
  0.44963591770773292  0.46235588149241452  0.47631539687082536  0.49099364622191566
  0.50404091906024562  0.51559207032356458  0.52727642706674616  0.53943807062189153
  0.55148715590897379  0.56225008066298410  0.57440139793312583  0.58701729997897034
  0.59679179975372343  0.60876326772063194  0.62109434502248606  0.63173158870202384
  0.64154750306453734  0.65052071448587101  0.65874390152498929  0.66775767753161985
  0.67798214139484148  0.68924815281588558  0.70149273047115390  0.71395459303738085
  0.72634246872443109  0.73937569771618039  0.75018817484989042  0.75805872397449292
  0.76745596433216290  0.77812421974196933  0.78789794895970489  0.79586335702394673
  0.80296312906430234  0.81074721279412854  0.81793511800723029  0.82510233187823712
  0.83242549554823109  0.83907085459828179  0.84467470987648019  0.85039989013498218
  0.85770684290515542  0.86562221496185610  0.87275920799723194  0.88148769413862882
  0.89238011152284236  0.90273323721193011  0.91202260097191334  0.92138176899307855
  0.93094703745891161  0.94036850432248209  0.94903894748695683  0.95964800208944689
  0.97002196587265577  0.97969700073412036  0.98941832199001556  1.00000000000000000
 -0.00999375426093238  0.11507333468694526  0.18456489464251821  0.22980071623479154
  0.26326094486388169  0.28836432935328604  0.30810611297251517  0.33131641297697495
  0.35967751953477306  0.38537616836711713  0.40640906812401101  0.42455506028629442
  0.43784832250370337  0.45188158050515337  0.46588667131485167  0.48009222860553086
  0.49400679315810092  0.50748976354743225  0.51942051368392006  0.52832602826331654
  0.53629429543505036  0.54486519277575363  0.55347784535946676  0.56201971970799258
  0.56974000883396703  0.57673973219782582  0.58377390920068883  0.59164463286728919
  0.59963516688256768  0.60773573142483861  0.61626116017059240  0.62476394453298456
  0.63251722168989233  0.64017448372921182  0.64730585015857167  0.65556029749414102
  0.66371966215223610  0.67228633302162744  0.68132332615412139  0.68970163819400909
  0.69790818223964135  0.70619487717375007  0.71408488638234524  0.72214415687859235
  0.73047656518964366  0.73852200864552264  0.74578096909783376  0.75270167727957338
  0.75993885687043716  0.76717480988510778  0.77396390868192111  0.78061788445430347
  0.78718741937739189  0.79333214082528081  0.79972566274845891  0.80625068936246547
  0.81198083188261561  0.81452101716180658  0.81753479938949958  0.82057829238492497
  0.82428376685694649  0.82871934532780767  0.83287403921541059  0.83701468852990679
  0.84114032781971038  0.84584116559676903  0.84997159011308698  0.85356950922340846
  0.85716347677414739  0.86106902569255184  0.86586196219667966  0.87110077079525505
  0.87540086665483419  0.88094436574534618  0.88620733189437328  0.89145021062735363
  0.89667457661392080  0.90166115318850337  0.90712157502657131  0.91357016626958321
  0.91966826475404073  0.92512442577478993  0.93036559264485752  0.93523064737401218
  0.93984482791139068  0.94549228267646535  0.95096142703840369  0.95572502215622446
  0.96001905308760049  0.96399002627520192  0.96816798375714253  0.97266558362597078
  0.97729914605862378  0.98266082818641654  0.99006578352230878  1.00000000000000000
 -0.00231137539127646  0.01071565550012638  0.02225336747466260  0.03376913084943151
  0.04485227472548367  0.05598795678624927  0.06639161852369613  0.07676589023580729
  0.08579371821927496  0.09422162825875577  0.10328426210752165  0.11392441204771130
  0.12431538041906748  0.13613412716664358  0.14699055548330622  0.15873732198716903
  0.16773282929302602  0.17383171118314672  0.18123261831647533  0.18934173079822691
  0.19784815918582668  0.20547447806060803  0.21290053836742995  0.22082959976060135
  0.23078223244111787  0.24379814205992176  0.25497753136819151  0.26450543674210247
  0.27457930120819479  0.28436372954698325  0.29230540032349750  0.30028776826207892
  0.30777413029592421  0.31569661166946983  0.32285482120947201  0.32898506336594452
  0.33625863123824745  0.34288306508825223  0.34844180325727825  0.35570709048527538
  0.36743973273429048  0.38347554774623482  0.39529614340856778  0.40638835320102518
  0.41704863730216696  0.42739633918618997  0.43931524938045680  0.45356076540150742
  0.46890802591372793  0.48421340490178677  0.49894802521437975  0.51277349521514415
  0.52750418142271038  0.54250059683344354  0.55721642410528582  0.57166333234332611
  0.58559782389652892  0.59910302645050073  0.61311627505423927  0.62640756585890545
  0.63887112215633146  0.65169072873750500  0.66373269407613056  0.67774544145894933
  0.68956660500243627  0.70042210401175131  0.71067633588469459  0.72192281699793248
  0.73310209248775526  0.74329305194002282  0.75233879298995421  0.76062299489353902
  0.76943401156719993  0.78010199996364160  0.79183560903693173  0.80097404611847345
  0.80896871271334814  0.81718222059821688  0.82616369148374658  0.83413493958049956
  0.84252087543581311  0.85251859060821933  0.86299313281118784  0.87392823512952678
  0.88505330227147949  0.89645940402848623  0.90849832959167043  0.92140540377832936
  0.93394483066721379  0.94597238005699402  0.95698648402310871  0.96482620084100301
  0.97314974932476184  0.98195993705651929  0.99055511183451017  1.00000000000000000
  0.64332085601153299  0.68318199727994799  0.71151362555004460  0.73448586247882786
  0.75655873136203011  0.77667765547198631  0.79367107341414345  0.81076047922242023
  0.82671980743878581  0.84104746468150093  0.85461618054438981  0.86662246050147895
  0.87650908359919277  0.88446422491832843  0.89242974305737421  0.89938644680768720
  0.90529917580726393  0.91013549563358920  0.91441640313031602  0.91862722373236749
  0.92284802346921424  0.92662951984835817  0.93009946210440175  0.93345449740138853
  0.93655339519119496  0.93884980264876050  0.94073601918515892  0.94260412361518808
  0.94449541644670987  0.94621332531410740  0.94779020297377614  0.94926271831218378
  0.95074766668200150  0.95217484901500671  0.95351249866606314  0.95474825495498328
  0.95587024257067699  0.95687693822943976  0.95778169902739807  0.95859963479609189
  0.95932439841538275  0.96003246848265589  0.96069897263721438  0.96138136553261433
  0.96208503066923379  0.96277167597371205  0.96343661955834381  0.96405919479772439
  0.96460768533951935  0.96511167257982522  0.96559116455402549  0.96605093828425836
  0.96647986751986670  0.96691716823975882  0.96735249842519400  0.96774659303602506
  0.96805330698871217  0.96837219195852642  0.96868060603456752  0.96897616739518333
  0.96926566586878349  0.96956262868343168  0.96989304638300833  0.97029301834605330
  0.97184202669414288  0.98209284393450347  0.98241139932089272  0.98264095686380903
  0.98283510261360851  0.98303094762433207  0.98322000730767967  0.98339730221577626
  0.98358589395595564  0.98382289262169753  0.98408196246809110  0.98434695213698320
  0.98461396365085097  0.98489397507845922  0.98517537356279838  0.98545941757560029
  0.98577190454697305  0.98610448737248080  0.98644409073619255  0.98684603630989376
  0.98731146522841762  0.98783521120986428  0.98842384996334642  0.98912792714260345
  0.98991867989174376  0.99079729969065367  0.99173911643028922  0.99279700386129188
  0.99395264523884641  0.99520017732280519  0.99693546531660204  1.00000000000000000
  0.05432846072640381  0.20339194104611202  0.23035560221892296  0.24270693931651807
  0.25504235676632059  0.26765293142073543  0.28042247586194713  0.29051362732368780
  0.29863485267245388  0.30541912386598452  0.31141952094828362  0.31660080728275430
  0.32138612650066062  0.32685225257348749  0.33294018815326093  0.33896585009570479
  0.34457923389042511  0.34979507715954783  0.35500706637055490  0.36026710427797232
  0.36523011643913544  0.36964490390909016  0.37403771324254792  0.37925407275626549
  0.38602384405649298  0.39331442707982162  0.40060916731305396  0.40731409653597250
  0.41327606902968750  0.41782994118417222  0.42139887018727284  0.42527376984553406
  0.42957240336651692  0.43431254183893347  0.43873012738478817  0.44281378480448502
  0.44668587018806416  0.45061303147314369  0.45451610380023866  0.45845675026426080
  0.46227257810604994  0.46562844635347911  0.46840132183421634  0.47100775676475382
  0.47346835050032543  0.47718544025094273  0.48167249603653728  0.48671934171106135
  0.49134497662728055  0.49644918775824920  0.50123063847488580  0.50653529744252479
  0.51235793726025280  0.51771941291159496  0.52332680957240818  0.52929654567964235
  0.53569963434928580  0.54236020310920985  0.54886142316845243  0.55508556121053398
  0.56097064812505804  0.56695327645052862  0.57332461636433207  0.58000456819358670
  0.58637744044817974  0.59309085639437265  0.59985755472319924  0.60714855061190354
  0.61583122587565708  0.62261554168433375  0.62846627666161936  0.63456062396365598
  0.64054944349909793  0.64659628759340804  0.65406855581180612  0.66269650658404988
  0.67144011507811252  0.68036820587110070  0.68968330346940987  0.69963372190642592
  0.71070255330777510  0.72339835675983233  0.73740034145681055  0.75154443476478749
  0.76545852305018725  0.77955922267405808  0.79180096742080019  0.80110874303100654
  0.81004540202505060  0.81718034653604044  0.82619099380454164  0.83699282251225759
  0.84719252032992498  0.87098659126973399  0.93178807863392632  1.00000000000000000
   2.3709529633921138E-026  -1.0000000000000000     
 T F F F F F F F F F F F F F F F T F T F T F T F T F T F T F T F T F T F T F T F F F F F F F F F T F T F T F T F T F T F T F T F T F F F F F F F F F F F F F F F T F T F T F T F T F T F T F T F T F T F T F T F F F F F F F F F T F T F T F T F T F T F T F T F
  <DiscreteSampler_grid>
  grouped_processes
  1 # 1 for a reference and 2 for a running grid.
  10 # Attribute 'min_bin_probing_points' of the grid.
  1 # Attribute 'grid_mode' of the grid. 1=='default',2=='initialization'
  0.0000000000000000 # Attribute 'small_contrib_threshold' of the grid.
  0.5000000000000000 # Attribute 'damping_power' of the grid.
 # binID   n_entries weight   weight_sqr   abs_weight
    13   10   2.329264388782170E-017   2.768515110797801E-033   2.329264388782170E-017
    14   10   2.329264388782606E-017   2.768515110799237E-033   2.329264388782606E-017
    25   10   1.806649082646698E-017   1.756134360646897E-033   1.806649082646698E-017
    26   10   1.806649082646689E-017   1.756134360646871E-033   1.806649082646689E-017
  </DiscreteSampler_grid>
