  0.00000000024149286  0.00000000037979425  0.00000000047339561  0.00000000056383473
  0.00000000063897781  0.00000000071868552  0.00000000080021125  0.00000000088318634
  0.00000000096801747  0.00000000105333127  0.00000000113401646  0.00000000120995151
  0.00000000130253500  0.00000000140673769  0.00000000151724728  0.00000000163839840
  0.00000000177238912  0.00000000190644204  0.00000000203333568  0.00000000215335091
  0.00000000227161608  0.00000000239307861  0.00000000251600476  0.00000000263774014
  0.00000000275902705  0.00000000288047849  0.00000000299701391  0.00000000311354307
  0.00000000322582848  0.00000000334292500  0.00000000345248663  0.00000000356837079
  0.00000000369015672  0.00000000380799027  0.00000000393188567  0.00000000405519899
  0.00000000419000915  0.00000000431793037  0.00000000444931416  0.00000000458241301
  0.00000000472115727  0.00000000486323008  0.00000000502066345  0.00000000516526912
  0.00000000531090118  0.00000000545388907  0.00000000559697736  0.00000000574867862
  0.00000000591535369  0.00000000606426684  0.00000000622959342  0.00000000638990466
  0.00000000655511420  0.00000000672561466  0.00000000688825962  0.00000000704655084
  0.00000000719282634  0.00000000735268849  0.00000000752903503  0.00000000772251769
  0.00000000794081329  0.00000000818599628  0.00000000841466438  0.00000000864081327
  0.00000000886943310  0.00000000909822132  0.00000000932952767  0.00000000956316817
  0.00000000979668530  0.00000001003661038  0.00000001025987526  0.00000001048164157
  0.00000001071930258  0.00000001096749087  0.00000001122910422  0.00000001148793292
  0.00000001175074729  0.00000001201428470  0.00000001231381284  0.00000001265414084
  0.00000001300524662  0.00000001335892565  0.00000001371523407  0.00000001407806852
  0.00000001444237870  0.00000001480049030  0.00000001519287815  0.00000001560802310
  0.00000001610573511  0.00000001675967696  0.00000001749541566  0.00000001837010491
  0.00000001948291791  0.00000002149030301  0.00000002397196797  1.00000000000000000
  0.00943896005009270  0.01790036586149212  0.02894566846704437  0.03894214329915251
  0.04765188629796532  0.05731130870175732  0.06676615738529180  0.07608172041970622
  0.08560104328240227  0.09478620230191875  0.10518394112502419  0.11531267081104973
  0.12540256239885769  0.13561142962586092  0.14673656530975823  0.15878344332033045
  0.17244055238515388  0.18670678945240404  0.19978348907091881  0.21087402747554204
  0.22102772041492183  0.23093507671163044  0.24078305828631175  0.25022543418159743
  0.25988658542749710  0.27045325400373971  0.28212737932706511  0.29354613600566826
  0.30412659332677672  0.31462436915880054  0.32567893791112845  0.33662178040730611
  0.34700145247193481  0.35767082944603446  0.36930733315348580  0.38116097680733851
  0.39332161369978996  0.40555564664701993  0.41779225469714887  0.42881506107450246
  0.43918242358715714  0.44896897748007780  0.45965600158332864  0.46936679648768548
  0.48011443074964089  0.49121176646892123  0.50300152619524774  0.51396327034573708
  0.52581357984297872  0.53787857034554698  0.54845311576104172  0.55795363497177874
  0.56736310589021000  0.57687794629053524  0.58679756925588611  0.59563690142816217
  0.60490070198472290  0.61684233446447356  0.62839512002795239  0.63814284902816099
  0.64760475990698585  0.65750675557760141  0.66749004251202348  0.67633179738300497
  0.68528205986452628  0.69518446869526462  0.70515454952713752  0.71548748594362033
  0.72672958444000058  0.73887953168275033  0.75130673392738734  0.76344359388797300
  0.77507292580201359  0.78553191816891732  0.79526341512520704  0.80495719150056633
  0.81490660028201833  0.82465905841439013  0.83401923378325749  0.84346930266947118
  0.85358936961618381  0.86443389348145461  0.87634073472806906  0.88923778565983125
  0.90119309334959019  0.91070283991297052  0.91938072826241468  0.92780826589295406
  0.93623357790609740  0.94459185225911202  0.95245824580030147  0.96074187155576274
  0.97251438473118001  0.98214252701425397  0.99128089212267245  1.00000000000000000
 -0.00001238970509681  0.00063746239604839  0.00276742038640065  0.00613118552699023
  0.01011384000742439  0.01363763603691801  0.01810566876388336  0.02443323413802769
  0.03140752338158859  0.03835358074229568  0.04569305661459522  0.05225262625351425
  0.05818069513221925  0.06450766939987619  0.07089392626478534  0.07747167375110665
  0.08431578203950867  0.09237345614881369  0.10172905213479994  0.11204259470659458
  0.12321870728509014  0.13436980538343707  0.14438227954149330  0.15313499583267348
  0.16192152474252536  0.17082430978464425  0.17931434252965173  0.18864297889963272
  0.19816368355874309  0.20740010109816684  0.21606728793534222  0.22501586197823054
  0.23311645577251525  0.24257681967303751  0.25334782738674366  0.26449246552117545
  0.27343297309737313  0.28265257681341471  0.29161746780487341  0.29988263414780669
  0.30779912203969739  0.31614925888077383  0.32541107400222435  0.33418298113956257
  0.34354188032841493  0.35356554454332895  0.36312245298275575  0.37261133232204097
  0.38219956126104704  0.39159142760950777  0.40090633289120364  0.41047028838072558
  0.42054693975827889  0.43102251089957150  0.44103730819279324  0.45157852243523622
  0.46216084341587782  0.47268164441273453  0.48391811782592653  0.49586241546714876
  0.50814215540846841  0.52033521462756271  0.53168331495802190  0.54550927660624426
  0.56119308415230440  0.57742361664512620  0.59392720869547844  0.60806688087420435
  0.62236990299870976  0.63629103449675162  0.64955792905704768  0.66237677219440216
  0.67517645328979126  0.68826525353772905  0.70121987188345869  0.71403986375889361
  0.72693821219811516  0.74041738633160370  0.75433485678986456  0.76820685564582536
  0.78146804349173649  0.79627674586728192  0.81125332708559350  0.82619176483161527
  0.84099259971136719  0.85550829976813592  0.87056894831420972  0.88561558430947862
  0.90063563337979802  0.91551777351581332  0.92977189858090248  0.94470880203496121
  0.95900575678178013  0.97286046969810136  0.98658655815988883  1.00000000000000000
 -0.00336933705327608  0.01341116753159413  0.02629382368005618  0.03685832309495277
  0.04714086932153749  0.05729679951297946  0.06676743399009842  0.07630797294770114
  0.08666035817991469  0.09845877923035309  0.11057929461394428  0.12211929334861767
  0.13276293850002663  0.14316415163518662  0.15421222139138213  0.16478860422487152
  0.17566352950047323  0.18505810124839250  0.19473061929397253  0.20478689335227426
  0.21357666442863563  0.22269828351113521  0.23313835233027114  0.24309771333419625
  0.25208696567693373  0.25942226636925325  0.26772587775737700  0.27689006196298915
  0.28739364027806613  0.29781713497012136  0.30855061009584478  0.32072563566362244
  0.33463897180477359  0.34694872947644750  0.35735448123939362  0.36685532649521502
  0.37575463268684228  0.38607128606217783  0.39748791660246852  0.41001082279013751
  0.42344298776437994  0.43663614569499704  0.44845222183156425  0.45955491497429130
  0.47007165339493961  0.48037011431937887  0.49024462703956395  0.49983675926305493
  0.50971352695347771  0.51984075249672479  0.53140010512355995  0.54307212720348741
  0.55565061335861210  0.56449820210791413  0.57304176679374175  0.58118288883644165
  0.59095009866842185  0.60145039389622912  0.61242349307091648  0.62347468507072024
  0.63560189964365987  0.64627933957542194  0.65571506923364420  0.66432397801181431
  0.67262874814011320  0.68147591025648369  0.68996273834091026  0.69871944308508926
  0.70788768392885615  0.71827241578850198  0.72846558122671534  0.73814787049213459
  0.74773285973871029  0.76115635161415252  0.77541549986389613  0.78884591470342769
  0.80110450855064297  0.81285974905053948  0.82501663580644802  0.83664015914383638
  0.84685502488237852  0.85616517394294844  0.86521400872529186  0.87391049400881693
  0.88252334145990441  0.89199682580836270  0.90342234248176434  0.91643252655999008
  0.92992990726878078  0.94290326095053312  0.95461589630109256  0.96343443645272231
  0.97150376061741994  0.98055675956041644  0.99030336239632499  1.00000000000000000
 -0.00415717236264914  0.01436839833932914  0.02795970936629368  0.03895948953260831
  0.04862308600200942  0.05794800809067373  0.06825739333634445  0.07861484258380703
  0.08933530811173790  0.10071218279614050  0.11058750958372691  0.11831680141982512
  0.12553533063923036  0.13462098435661662  0.14441607795792361  0.15255909594583475
  0.15993814212990101  0.16812557048352014  0.17814666294307768  0.18925837018831762
  0.20086122334212006  0.21269622262329416  0.22139589001312185  0.23018176411560870
  0.23918253334713835  0.24985633855809927  0.26313344550092121  0.27758608116616029
  0.29122001759656807  0.30284857887988637  0.31399125769878888  0.32514266360987959
  0.33612278193025563  0.34809489224753970  0.36001857289898226  0.37113149745790819
  0.38131488188437423  0.39078471924577513  0.39997519238807178  0.41029399466768107
  0.41958789792492246  0.42883564005318731  0.44017659728708358  0.45301065988563760
  0.46532924543122239  0.47555130319576761  0.48450325413777395  0.49304529608648495
  0.50248356657622606  0.51308430406460293  0.52216325082477666  0.53230558389728244
  0.54190245747744548  0.55163078253953401  0.56198370009128695  0.57234223683367524
  0.58209237705492434  0.59210550374876503  0.60250543137504342  0.61256039373973048
  0.62228217156116139  0.63235827929640664  0.64281784939499942  0.65387594891368861
  0.66465011552394959  0.67441867676965250  0.68399410233665969  0.69302960353891585
  0.70353904585386817  0.71305235987410720  0.72188849918289566  0.73095802835158818
  0.74033867099083994  0.74970912599707107  0.75978596013752653  0.77102536356997076
  0.78128866222359439  0.79139140554034848  0.80294618421398700  0.81625278811822222
  0.82875523259313166  0.83962207049753268  0.85045989525294785  0.86160920412144959
  0.87320204392449452  0.88491415992330247  0.89613928504353668  0.90645709385573381
  0.91636646080459261  0.92656419717579275  0.93656614367695923  0.94689635448506426
  0.95836191977384899  0.97134743419380221  0.98555699874939329  1.00000000000000000
 -0.00164734485249818  0.00806877067098954  0.01828780347185987  0.02852313244803128
  0.04025857349474736  0.05254348482557264  0.06445239526788579  0.07628689865356564
  0.08729250981519970  0.09886570546436330  0.10841073604887226  0.11785085078971730
  0.12727570824950526  0.13844764065889353  0.15060215225066323  0.16362371977681700
  0.17439321126511792  0.18666727034541991  0.19837713448960606  0.21017510013650684
  0.22192853016014030  0.23325670474587704  0.24494001158314499  0.25609353507903054
  0.26725596036708738  0.27856437715386217  0.29109429411164495  0.30339738058034932
  0.31539630616029390  0.32601980317100249  0.33514117281965583  0.34404610024220034
  0.35383748606940746  0.36489361087821204  0.37630394647972221  0.38805115978850618
  0.40039291078965916  0.41318130601006281  0.42572163977358007  0.43780273035892064
  0.44952518662937019  0.46093418943776071  0.47183448699064207  0.48168073435321035
  0.49202464430988768  0.50169543693469099  0.51100440643937051  0.52051930797073953
  0.52934176019778012  0.53753946767861804  0.54669505010862085  0.55605212716088270
  0.56528589485558067  0.57465632826571267  0.58398505215835639  0.59306310616508406
  0.60205800985581892  0.61078145649609106  0.61982002729989472  0.62930755701491925
  0.64007160777046102  0.65133871214676919  0.66309136393292856  0.67398775062788807
  0.68475740284152231  0.69544597839908706  0.70534579785698337  0.71545761536054320
  0.72531924772981560  0.73805582401187764  0.75132815457786950  0.76092367466888133
  0.76979683871410420  0.77739675354357740  0.78533465406779368  0.79438290871856132
  0.80402368589350426  0.81287700696924270  0.82251567613194398  0.83340806665678646
  0.84522792249301371  0.85735580368347153  0.86921553385720163  0.87999495645005843
  0.88971924157156224  0.89929160187005175  0.90946700965355776  0.91902161900666435
  0.92961591178148617  0.94078197006152453  0.95209650158549508  0.96198913431303568
  0.97108646542360177  0.98016603689700099  0.98986477695358543  1.00000000000000000
  0.00466960526956744  0.01092711676022202  0.01622486742570386  0.02125858653903635
  0.02672567624208260  0.03210503525281249  0.03765278277065447  0.04330764837867972
  0.04852213305042054  0.05398440793713560  0.05956469260388079  0.06487105042329733
  0.06955615838645746  0.07399263785046521  0.07850110223969080  0.08310021489852081
  0.08764987998698576  0.09253582717527871  0.09773587953445587  0.10285280986759585
  0.10805871414500905  0.11320300458105487  0.11829022118056647  0.12335404642708678
  0.12876887972158063  0.13466753703098883  0.14068336151414332  0.14641606708674457
  0.15170607818134227  0.15691088286012442  0.16277648597628566  0.16790922710230838
  0.17311627223679688  0.17845733315469861  0.18386762467246828  0.18994202427226292
  0.19560842051015351  0.20085363467423697  0.20571059104216929  0.21068453999033565
  0.21628540883949407  0.22276497603254081  0.22977855061086788  0.23678141584903334
  0.24381082841124552  0.25061063175602921  0.25712293108417689  0.26382422019883445
  0.27059066536854931  0.27751388932885201  0.28518437342542174  0.29257103405317392
  0.29968638132449166  0.30717100193074720  0.31397266535451734  0.32056109541766453
  0.32724220717488733  0.33443190703247994  0.34256688661310608  0.35150532410870355
  0.36029606517727547  0.36846012191201460  0.37625025352864394  0.38405326811744611
  0.39218271790418502  0.40080376741070561  0.41002073203472378  0.41961833788267783
  0.42967948809675455  0.44018400881876080  0.45097044880901033  0.46250007407757815
  0.47455938832980887  0.48696023421889145  0.49911462621442793  0.51077363587171021
  0.52311506736809332  0.53683453823886051  0.55066715528158994  0.56384092187642154
  0.57618649638892250  0.58907269764574133  0.60332985164717756  0.61703022776979977
  0.62875023436749422  0.64531451719893862  0.65610035075818385  0.67326260464012466
  0.69117896523093647  0.71054638494227440  0.73359526112494244  0.75903789029315183
  0.79467136821862361  0.83815114832299364  0.88562808012376903  1.00000000000000000
 -0.00407679626507380  0.01283049024734954  0.02704522091662487  0.03957993450934155
  0.05106660907460231  0.06203196153271304  0.07292911441822082  0.08261800793951708
  0.09083636683684078  0.09903809803949425  0.10819858777857673  0.11786014650164472
  0.12938826049472701  0.14152251943488472  0.15432937631782218  0.16793889580326354
  0.18010517228849007  0.18982367439464254  0.19968493512368915  0.20918603489345786
  0.21752236322347776  0.22664265583382753  0.23760308063980906  0.24907561722735316
  0.25928744267799758  0.26865382024791029  0.28128497991341467  0.29349128088989551
  0.30328099879975823  0.31278472751368203  0.32274218484419420  0.33252140353182130
  0.34260931957819868  0.35338655084429932  0.36527192287132626  0.37759698949525755
  0.39001431237986067  0.40200176980388924  0.41315868118695476  0.42431600983944640
  0.43577924807493978  0.44680506358389466  0.45769433833775497  0.46833117254614914
  0.47973323165322262  0.49120565291121038  0.50332570553669198  0.51593836019417960
  0.52777166058525615  0.53925802641193887  0.54932195829971531  0.55839934508809785
  0.56764219329924703  0.57731397859793399  0.58699706961121501  0.59627616272426864
  0.60596759354888852  0.61682540072512826  0.63091568989547986  0.64503010395485616
  0.65945416853756289  0.67393927391025377  0.68769655204258795  0.70024540272910862
  0.71178276073981706  0.72256547740638344  0.73267224410368303  0.74241361312602794
  0.75138167887758667  0.76027236678853261  0.77038071211459591  0.78021197978959400
  0.78860660493346735  0.79599944888871610  0.80372422387441389  0.81194288703097917
  0.82053815650267969  0.82945169142806630  0.83945398746821276  0.84811124178622088
  0.85534388717100007  0.86175424056743988  0.86894452653100696  0.87695178580896316
  0.88701691442787345  0.89724187331095906  0.90684161165446631  0.91589552249824524
  0.92545851999706408  0.93582279519129274  0.94585321399427669  0.95758569019914042
  0.96927873576855650  0.97968111421608339  0.98940252947182927  1.00000000000000000
  0.64352661365592767  0.68887303218613194  0.72127160349107267  0.74544211664502003
  0.76587674993081811  0.78506285754525162  0.80496406012147215  0.82243160758525691
  0.83690259627912433  0.84985191841317442  0.86121004610136487  0.87218270784838359
  0.88183017131125152  0.88969395508979954  0.89642792993798259  0.90222595901186176
  0.90816638656541171  0.91379978464805578  0.91839467414464615  0.92202090428864603
  0.92542310622128798  0.92869156437321643  0.93166044570408824  0.93430394930868477
  0.93674992649577848  0.93903353126075284  0.94127247698280547  0.94327399548889124
  0.94512892872556875  0.94682807298305383  0.94843651350206903  0.94992631306171693
  0.95125194460506257  0.95256537213089065  0.95387624501248414  0.95514189911171299
  0.95631598709123300  0.95739680912522118  0.95838007471121833  0.95921609736403501
  0.95995480538007483  0.96062585566742753  0.96126894408706132  0.96189910886921115
  0.96249830144248494  0.96305585675860239  0.96360192656401289  0.96415049257987540
  0.96469149041079949  0.96522511567106362  0.96577556746118720  0.96626196608649850
  0.96672118651827776  0.96715077569529451  0.96755523490302808  0.96794868051548211
  0.96832379407359026  0.96868597854567473  0.96903296632576241  0.96935749783648217
  0.96968032408719984  0.97003400492971581  0.97047653631721664  0.97132978296495232
  0.98216985637159282  0.98237093166579792  0.98254578698921802  0.98270083108061557
  0.98286409689480037  0.98303773616381607  0.98322240830159968  0.98341136696527065
  0.98360513039054820  0.98380542936014725  0.98401823339177252  0.98425109176994718
  0.98452664453816241  0.98483243484189043  0.98514557975460537  0.98548591686394382
  0.98587934952762457  0.98629865425747787  0.98672984873518432  0.98717892237425009
  0.98763897084839691  0.98811440818278640  0.98869152537657246  0.98929791603580830
  0.98996298212736866  0.99075562089990588  0.99172243939498683  0.99283808797385342
  0.99409478061241663  0.99556102394392887  0.99745328724177529  1.00000000000000000
  0.07340010810858236  0.14830974310667810  0.16612076954641963  0.17686133894920142
  0.19096684304197956  0.20165788191432144  0.20908953777433759  0.21577346620129320
  0.22304598025438380  0.23032242813133474  0.24022785803167271  0.25172419905417348
  0.26329157378082679  0.27401787068453676  0.28268414067096342  0.29038830886079720
  0.29783959532319809  0.30561238807476071  0.31519158591475127  0.32609113322880928
  0.33674400013508837  0.34816684170317813  0.35946709735005439  0.36953187815632693
  0.37885496618424885  0.38755415219354777  0.39576540949636230  0.40375037631311472
  0.41109029753861803  0.41788858676231627  0.42429465538276545  0.43130678112753601
  0.43858460350064971  0.44606893619192933  0.45344798783695012  0.46049074808355706
  0.46766555117452085  0.47458846034353980  0.48137981751998077  0.48784608884922420
  0.49416171094785838  0.50000708408100525  0.50530580738584319  0.51034993027605347
  0.51530407425589364  0.52013185524416861  0.52493859557193512  0.52982251485430443
  0.53475676054116306  0.53969545323237056  0.54490170020031237  0.55069234407776513
  0.55677537148734080  0.56292796652068355  0.56901017442731028  0.57509611913843839
  0.58114159446827185  0.58715603635503744  0.59328806588102501  0.59955546855690045
  0.60592493531837865  0.61238478393489926  0.61900617836915506  0.62580626984732879
  0.63213658584088450  0.63816438005702736  0.64392410502888153  0.64939321086429691
  0.65445678783632266  0.65942115894616082  0.66464557127485580  0.67032874468511960
  0.67657869099830770  0.68318849050371711  0.68962146579019634  0.69579658863473870
  0.70207679225594810  0.70894086767609776  0.71597419663099526  0.72269266804160093
  0.72964002738899059  0.73723047179193379  0.74538194184810702  0.75292241498960433
  0.75760415491228505  0.76306250253220276  0.76821345016094345  0.77321877678393403
  0.77915869192783693  0.78555015883964330  0.79232982927633466  0.79990965852766371
  0.81282306309143160  0.83758102254934608  0.86985082743732767  1.00000000000000000
   4.0467150513333607E-027  -1.0000000000000000     
 T F F F F F F F F F F F F F F F T F T F T F T F F F F F F F F F T F T F T F T F T F T F T F T F T F T F T F T F T F T F T F T F T F F F F F F F F F F F F F F F T F T F T F T F F F F F F F F F T F T F T F T F T F T F T F T F T F T F T F T F T F T F T F T F
  <DiscreteSampler_grid>
  grouped_processes
  1 # 1 for a reference and 2 for a running grid.
  10 # Attribute 'min_bin_probing_points' of the grid.
  1 # Attribute 'grid_mode' of the grid. 1=='default',2=='initialization'
  0.0000000000000000 # Attribute 'small_contrib_threshold' of the grid.
  0.5000000000000000 # Attribute 'damping_power' of the grid.
 # binID   n_entries weight   weight_sqr   abs_weight
    13   10   1.523019653895289E-019   7.074549584265434E-038   1.523019653895289E-019
    14   10   1.523019653895286E-019   7.074549584265409E-038   1.523019653895286E-019
    16   10   8.565690553153563E-020   2.179624474750266E-038   8.565690553153563E-020
    17   10   8.565690553153672E-020   2.179624474750353E-038   8.565690553153672E-020
  </DiscreteSampler_grid>
