  0.00000000023930665  0.00000000037383767  0.00000000043391307  0.00000000049324911
  0.00000000056610353  0.00000000064418677  0.00000000071246126  0.00000000077859291
  0.00000000084673862  0.00000000091527807  0.00000000100035061  0.00000000109764803
  0.00000000119267936  0.00000000129799407  0.00000000140014551  0.00000000150300275
  0.00000000161901189  0.00000000175721953  0.00000000190300472  0.00000000202889647
  0.00000000213840050  0.00000000224918991  0.00000000237984756  0.00000000249890416
  0.00000000259385302  0.00000000267349653  0.00000000274566222  0.00000000281954485
  0.00000000290101517  0.00000000300936070  0.00000000314445004  0.00000000327563434
  0.00000000340364765  0.00000000353176799  0.00000000365884170  0.00000000378089777
  0.00000000389628112  0.00000000401575192  0.00000000413419457  0.00000000425742219
  0.00000000438881554  0.00000000453726035  0.00000000469287423  0.00000000485652662
  0.00000000503535684  0.00000000522650745  0.00000000541882935  0.00000000559308482
  0.00000000576167849  0.00000000593325945  0.00000000610292913  0.00000000624822141
  0.00000000639763684  0.00000000654293361  0.00000000668790550  0.00000000683972370
  0.00000000704357807  0.00000000721507372  0.00000000739969042  0.00000000758855383
  0.00000000777811510  0.00000000798823951  0.00000000819597501  0.00000000839786468
  0.00000000859276255  0.00000000881418482  0.00000000902423936  0.00000000924022900
  0.00000000947092577  0.00000000970139684  0.00000000992296637  0.00000001015485348
  0.00000001038042079  0.00000001060722698  0.00000001085478673  0.00000001116339074
  0.00000001152574004  0.00000001186502880  0.00000001216849813  0.00000001246952845
  0.00000001278954559  0.00000001313351474  0.00000001348085762  0.00000001382598827
  0.00000001419341423  0.00000001457901762  0.00000001506712673  0.00000001554180750
  0.00000001617355436  0.00000001696431621  0.00000001787278299  0.00000001892010505
  0.00000002010948211  0.00000002215592355  0.00000002369738054  1.00000000000000000
  0.00840181814816216  0.01917091477573038  0.03080029877677602  0.04074036873818777
  0.04942290372742869  0.05798630149307313  0.06900080055753782  0.07774107151386786
  0.08656374890545988  0.09527666117528691  0.10437373895729860  0.11565386204832763
  0.12740991261311405  0.13815603008050611  0.15008939673742988  0.16184567366196423
  0.17574247097604684  0.19168359421880632  0.20840097663594176  0.22412027907394777
  0.23611518022527725  0.24494047970871774  0.25322925935322144  0.26122675900029252
  0.26918068793341976  0.27675464423862306  0.28396337971515179  0.29136917723319122
  0.30090407437751415  0.31127575374259603  0.32088127697883961  0.33018691177178522
  0.34107342443205091  0.35211505911985042  0.36138737826974998  0.36971900885316905
  0.37865370946347660  0.38752758234978246  0.39566965406357923  0.40244300677554956
  0.40943303000565440  0.41791120261086911  0.42730090953560579  0.43569579547240506
  0.44295607061725556  0.44904624866294535  0.45613603691299481  0.46535893944996415
  0.47773276293970890  0.48925403583704652  0.49634834569214537  0.50343537873288036
  0.51121967709864014  0.51982099519493385  0.52863466153040839  0.53622734764528968
  0.54581481434266022  0.55617546806054741  0.56525361181009959  0.57352319003815266
  0.58354899236151070  0.59498624514337362  0.60707971973676411  0.61770624582246614
  0.62928982915362053  0.64212505783270601  0.65480666873174276  0.66844147901256834
  0.68546816865008886  0.70297566580871840  0.71910729799789663  0.73090721159909045
  0.73699821753308215  0.74429345564835547  0.75231235308377686  0.76168808073022121
  0.77332903074408088  0.78325049090046062  0.79206856875056852  0.80329269814179816
  0.81914682970141395  0.83529210869798720  0.85053657233853186  0.86260116588927815
  0.87373925059356705  0.88468512844081637  0.89716319403497946  0.91299509190983896
  0.92830270404537540  0.94166066872694210  0.95305781277167689  0.96314095460939952
  0.97226081493808070  0.98194001448663248  0.99125686302463545  1.00000000000000000
 -0.00000018181216248  0.00006977860131265  0.00053437088738589  0.00154620270559124
  0.00374549745632415  0.00661868150858732  0.00973416725142624  0.01291532365048448
  0.01622834866338606  0.02057967583395352  0.02576365939994229  0.03176590194724923
  0.03766523941693792  0.04429956236249391  0.05044457230435639  0.05587424475666498
  0.06113703270132698  0.06663159176490326  0.07223436573622677  0.07760021078532789
  0.08265815205549880  0.08862184479996602  0.09575637385326886  0.10302901462564323
  0.10953120480938813  0.11618244230152251  0.12340182565031441  0.13225873444935296
  0.14313652284641148  0.15451578433981022  0.16526023418645100  0.17482628423784377
  0.18357060808806824  0.19206922602704465  0.20140559752772885  0.21158149451074218
  0.22116298778748045  0.23041275459484734  0.24013914716646656  0.25120553532478507
  0.26266845966573760  0.27265386502375821  0.28220760909096887  0.29095474239401742
  0.30470498967540216  0.31947365653166360  0.33375547471245204  0.34705786018080564
  0.36004310795206884  0.37373621173157540  0.38782134863356282  0.40189073920624391
  0.41563869162412581  0.42888401399941273  0.44014116773217765  0.45104482007974833
  0.46219332034857719  0.47376660015537558  0.48495623800565946  0.49557127920978161
  0.50615159349247618  0.51787508303488372  0.53354264020289532  0.54934707010170469
  0.56447796287740271  0.57956765935206478  0.59362273705875723  0.60672259077533686
  0.62008062794215479  0.63327494977236365  0.64584055716708944  0.65854710714044840
  0.67303145068949755  0.68796379221761617  0.70358415640790395  0.71809461692878396
  0.73271631806767923  0.74784235921172859  0.76005342682736388  0.77297507568552037
  0.78672049642286768  0.80056730813076582  0.81457072722306112  0.82850466175683568
  0.84189604317704203  0.85595438286719638  0.86986019293707173  0.88354621581537329
  0.89703125524387128  0.91007394544663467  0.92379336360028563  0.93875880723054383
  0.95443876708635167  0.96998381284144097  0.98516590585613173  1.00000000000000000
 -0.00175765122842586  0.00822246857481283  0.01559528588183013  0.02375841908641132
  0.03448397849562251  0.04610017865251701  0.05672256586957281  0.06652664803826827
  0.07581458515836852  0.08308028553580445  0.09009838246661024  0.09799504110409285
  0.10708926423386182  0.11599652260448751  0.12525763711162408  0.13499735065826957
  0.14552621126417398  0.15634978676787484  0.16771540098941079  0.17917592090497744
  0.19040086118967658  0.20035965706477032  0.20948598538248953  0.21828147533679917
  0.22566457622502864  0.23217541848657841  0.23828880276822881  0.24465204484332692
  0.25390195720450975  0.26733303408062098  0.28138842060537428  0.29569522251323560
  0.31163004456080340  0.32911307082963387  0.34388625236431569  0.35737057251970211
  0.37002865593636447  0.38084505185270967  0.39238611658948458  0.40277897682601410
  0.41560131830785335  0.42727595395673135  0.43816619645939764  0.44752471637131036
  0.45663053821026672  0.46619154601120716  0.47663029768511350  0.48822358699855045
  0.49953871139863870  0.51030799811098226  0.52002002077428500  0.52855882074229721
  0.53792573515284747  0.54736258386244963  0.55677014188937968  0.56396064362220522
  0.56956354828927780  0.57518666940397123  0.58107142620555685  0.58699769696227988
  0.60279498680659616  0.61603674344706727  0.62745727971296650  0.63826690922497387
  0.64915159830102065  0.66067242935151493  0.67152071044031680  0.68258575437865021
  0.69193117238747748  0.70152912850193871  0.71125022165683982  0.72329005339873487
  0.73607057598403902  0.74979078679175015  0.76158329697707672  0.77348106194395105
  0.78548603331369260  0.79570528345847824  0.80601982836515396  0.81632524277103435
  0.82582897754539175  0.83443510708731183  0.84251121861064870  0.85001168389368353
  0.85762516673652611  0.86750619300871212  0.87831446578046968  0.88892010583749292
  0.90128787658726783  0.91453556062795371  0.92670721078096163  0.93812211784157840
  0.95123741986501920  0.96473141939341422  0.97922208324877069  1.00000000000000000
 -0.00203692694745197  0.01076444282714325  0.02134567877582922  0.03373511501889240
  0.04459256467205917  0.05611022272741519  0.06544087886362666  0.07461457589257647
  0.08388812386757769  0.09363524405123778  0.10315571846136554  0.11366062769048475
  0.12637772310543349  0.14003878201092129  0.15559536696861914  0.17045789588004709
  0.18302752723357926  0.19439412302902329  0.20459363263006325  0.21296256689928203
  0.21950540739473165  0.22486390961724811  0.22997758133129717  0.23549119604889329
  0.24328993411710995  0.25248673349989076  0.26090083287103216  0.26866580383804683
  0.27675355786805633  0.28617397331890432  0.29681218109903107  0.30824598701943440
  0.32130280710537618  0.33326615047057706  0.34411965091221147  0.35419545380418055
  0.36426779964613432  0.37384150648795145  0.38560492205940061  0.39741787329606032
  0.41021334192163744  0.42440593286295386  0.43766687357158757  0.44881841014531149
  0.46041889086977439  0.47274407841451377  0.48464692288951416  0.49585548547015168
  0.50650038768482886  0.51573319773070903  0.52900649282144763  0.54555351405887664
  0.56109222021022076  0.57435533968965136  0.58476575768605787  0.59352905552722990
  0.60224065331627319  0.61189714002424944  0.62220795547880070  0.63084122136248355
  0.63950046459942000  0.64926661233408389  0.66922426494183829  0.68369773856797478
  0.69425684066968441  0.70240084823373805  0.71072858885886392  0.71921201002745327
  0.72749997803888256  0.73658389755050457  0.74491643975265864  0.75351888191764482
  0.76315909966294593  0.77244580461476331  0.78292439709723316  0.79133810524323134
  0.80524323340621096  0.81734737545968372  0.82829251060537101  0.83789187867954784
  0.84619134562772891  0.85669348825932157  0.86804496311649215  0.87890704005185494
  0.88899325101753057  0.89961569667327734  0.91298888234258824  0.92535980727523726
  0.93758030596415476  0.94776119656046331  0.95592554263120577  0.96375629531689522
  0.97166591653687506  0.97981789871066882  0.99008557871377634  1.00000000000000000
 -0.00205236013706764  0.01013574865094080  0.01938161771273460  0.02835467417638277
  0.03684824031746067  0.04519711946238973  0.05157405414512892  0.05844322619125378
  0.06716117327730943  0.07771136221696100  0.08719778470882557  0.09644613543390446
  0.10581846391820647  0.11843535100239881  0.13221729980168179  0.14725454367577998
  0.16545641376658407  0.17518905600286316  0.18414151056093009  0.19257067636036790
  0.20149356126137766  0.21050805522997096  0.22132738963255869  0.23488399573248608
  0.24740917807897231  0.25760729054149117  0.26631756280365942  0.27436982847380903
  0.28144482330884002  0.28874331155044558  0.29713879585820652  0.30756289303353090
  0.31891724320225828  0.33097545722132565  0.34099916573552674  0.34965051750236331
  0.35865194210836132  0.36709765745398931  0.37492546506036262  0.38387064266118820
  0.39368951275385694  0.40770865224524633  0.42308563933827059  0.43672127558057505
  0.44800544111116058  0.45861850225795325  0.46972357348804000  0.48086609002566877
  0.49305283535660510  0.50531235799587260  0.51768184978313803  0.53003379435068998
  0.54149602855942969  0.55193230509129465  0.56299222107931357  0.57387190288469980
  0.58184874437892031  0.58994114238610307  0.59856984410886716  0.60893910761849490
  0.61999660585347904  0.63016215338724391  0.63934993262513196  0.64866069053997877
  0.65725554772638684  0.66528863959017071  0.67500670823726561  0.68759855185124230
  0.70068830433732876  0.71167443638383088  0.72024027162553317  0.72953502887119515
  0.73963760382226984  0.74870978030925484  0.75910389322184213  0.76840506949826248
  0.78508670596717900  0.79827308911505912  0.80886357552014909  0.81821052464945088
  0.82553282189037047  0.83375409932665856  0.84238995757596458  0.85063223132345411
  0.86541222224770298  0.88157942722077731  0.89659046318741320  0.91038198157979733
  0.92445135762261144  0.93926900926290646  0.95054353778492062  0.96074207800961509
  0.97104122040223839  0.98090408803254270  0.99049759055159581  1.00000000000000000
 -0.01280102466487137  0.09977817324942781  0.15622732336216552  0.19584594412804091
  0.22920960761359274  0.24935114145297660  0.26631390253709147  0.28283894899009454
  0.30200725717495697  0.31783330524205133  0.32897895899210838  0.34141132103976368
  0.35579394772238554  0.37009333272373590  0.38359476456529334  0.39948908327747179
  0.41744856720500556  0.43776331645351352  0.45704562038818697  0.47188163711688619
  0.48240002473678095  0.49090436098114693  0.49881798459258819  0.50697116121781693
  0.51705050779739703  0.52779757669747907  0.53799445931329548  0.54634358053471987
  0.55356750284318368  0.56190354509534635  0.57171808107534894  0.58446462468712712
  0.59731973312724140  0.60806019042024373  0.61792798427333895  0.62834662826051835
  0.63960545435623317  0.65043964922975739  0.66027690121860316  0.67043689085606406
  0.68114843777411926  0.69078667216441692  0.70050506074110275  0.70975309975512224
  0.71855426933964783  0.72737312242927588  0.73623502768453020  0.74427477375948348
  0.75174352692554491  0.75874528237317695  0.76550549739901941  0.77256763810503148
  0.77978562035194965  0.78697436267093013  0.79465353281728257  0.80288499832650351
  0.81093103164283675  0.81864699077283087  0.82597703605905626  0.83322909843654325
  0.84028807458821231  0.84680992043631953  0.85348662195287117  0.86026400040161199
  0.86673365307227457  0.87305905830036501  0.87897544681587780  0.88463240283809663
  0.89039646997021937  0.89656114893047700  0.90287141769674140  0.90913911276943471
  0.91525603376146636  0.92016636219778991  0.92404700822212127  0.92812295688413871
  0.93213950623526021  0.93602782873441503  0.93931423172802209  0.94247344639982678
  0.94565210706322633  0.94887855512924235  0.95196937873268195  0.95512842084914840
  0.95809217152878468  0.96095670308230074  0.96409703768036881  0.96794653888386073
  0.97237963056729471  0.97674241240150761  0.98066867966759108  0.98352614599129318
  0.98607324055509127  0.98917780427272106  0.99387710200469992  1.00000000000000000
 -0.00316591177452988  0.01138114981223257  0.02493625284041762  0.03931633957807752
  0.05473727474700046  0.06976281576184705  0.08289344770379427  0.09459512948004069
  0.10568752135194170  0.11491437625523467  0.12542344625033189  0.13649153157795382
  0.14996448893293593  0.16082946181863778  0.17117236121570276  0.18013543065695131
  0.18862614605687478  0.19827442644476484  0.21063085863300438  0.22255801939959435
  0.23226719015313160  0.23984922733571701  0.24774104953316592  0.25717346702479182
  0.26797738999643528  0.28212022353702065  0.29425856591597210  0.30517801170952302
  0.31611304683287145  0.32776146786966431  0.33861617644979530  0.34875792444113274
  0.35867017579081317  0.36769043125569600  0.37629790164557958  0.38354278838646511
  0.39094957963353044  0.39937175677658021  0.40809216659561037  0.41668264974765495
  0.42554373718947919  0.43506743944444859  0.44617207320701885  0.45892201172094027
  0.47128568870372167  0.48134039638120191  0.48940247038327067  0.49744027890385251
  0.50573394866488663  0.51352536549730055  0.52188803065060319  0.52963418533935414
  0.53778089494995063  0.54598704266750553  0.55525444065888574  0.56438213258327374
  0.57396652267201342  0.58432012575067627  0.59500855704054578  0.60598129196902772
  0.61462234392661774  0.62153665197361141  0.62906421108536104  0.63827597623364196
  0.64845474677114379  0.65651407939527262  0.66256531207872560  0.67157596847566325
  0.68431834830084926  0.69844078553838351  0.71261496591403817  0.72549090911353076
  0.73937035238403703  0.75264985792565353  0.76905794517213744  0.78257577501339370
  0.79472100161399994  0.80618413525579991  0.81634353643370161  0.82535686113781248
  0.83458460993880423  0.84407470848447663  0.85381696469406387  0.86544472450619370
  0.87952583337440637  0.89383995174189301  0.90461770444735012  0.91496157060320038
  0.92371491798940764  0.93232757127332988  0.94223411474876972  0.94979297798437723
  0.95867717234811312  0.96996051334787015  0.98358132072579962  1.00000000000000000
  0.64567254081043590  0.66728591964695860  0.68461454078604667  0.70966099872734534
  0.73713657005280009  0.75864751362101746  0.77735283096000052  0.79597914024719663
  0.81007428592216069  0.82143628398288027  0.83108140135937070  0.84042151924572228
  0.84870862896957122  0.85732031979646284  0.86436887735724377  0.87007175706785145
  0.87553447627784153  0.88112331645725350  0.88742897171903823  0.89383571272437434
  0.90065191884516671  0.90699875648909478  0.91236877122359483  0.91665161631490755
  0.92005308338716896  0.92314326627300514  0.92592457348400703  0.92830921253109255
  0.93054204376838456  0.93289781274761863  0.93555651735271961  0.93812719439648085
  0.94029642236443567  0.94234376877439374  0.94425159944199177  0.94583670284320942
  0.94741761331617813  0.94891212555780613  0.95039079129149495  0.95180992932535080
  0.95310600409409096  0.95431821615350121  0.95550505384829143  0.95674885206345439
  0.95784912551149448  0.95882445320464083  0.95966035416056061  0.96046599108348374
  0.96125685545478323  0.96199848226470008  0.96268952868335778  0.96330636472330122
  0.96390121601803902  0.96448180392170635  0.96503577242977689  0.96556421294342443
  0.96608075586185227  0.96660713647476315  0.96707763579048822  0.96752655709781732
  0.96795848473163115  0.96834953729091822  0.96869653554924462  0.96902548546922118
  0.96935278992384888  0.96967027405916806  0.97002713840370425  0.97043734422991901
  0.98182570462046981  0.98223485255595855  0.98255686161315048  0.98285222004301653
  0.98312785916087042  0.98342067542683853  0.98371863422669714  0.98402732615694188
  0.98436149952495733  0.98470003866565470  0.98504754301029329  0.98540255484951311
  0.98575995335000921  0.98614388033861933  0.98656229428553488  0.98705816364640697
  0.98761921436361233  0.98824495703602444  0.98892539094318788  0.98968709167183921
  0.99054160022583959  0.99135216639524204  0.99222977033462367  0.99314268976661546
  0.99427245736463310  0.99573045024654938  0.99762168821975372  1.00000000000000000
  0.11338645021221119  0.21858553837524494  0.24217931169290574  0.25215840090787528
  0.26078484377767863  0.26932277479089128  0.27753126764378588  0.28544792128700619
  0.29357422133178740  0.30123806446287404  0.30784741777479074  0.31839231559621595
  0.32942761822408145  0.34111749749217662  0.35082328689783915  0.35860132432658942
  0.36668222107766113  0.37429317609265511  0.38136320181152139  0.38888153508760986
  0.39665291695844340  0.40343338022138087  0.40956949540966159  0.41541840439944594
  0.42129385889984894  0.42742402127854828  0.43315840859515675  0.43855920106515139
  0.44324851900512058  0.44730657301491772  0.45140815215378910  0.45568654271425424
  0.45960765646727914  0.46417201826665450  0.46802519567240719  0.47151065752110766
  0.47486245019023765  0.47828192380781243  0.48257557773548554  0.48740772272338240
  0.49225102885360367  0.49706826815299882  0.50188880102157440  0.50635356360742045
  0.51010154802698260  0.51376833759207341  0.51720921754751481  0.52113721729625029
  0.52670162520322072  0.53269657311292706  0.53910614368079346  0.54544527278653621
  0.55207425558275913  0.55888283536870009  0.56568705259253615  0.57244490535081738
  0.57928116330941937  0.58596376952356055  0.59158499403095599  0.59757793670198955
  0.60369172257277870  0.61022207310293308  0.61724667304995429  0.62414500429431019
  0.63057806949036532  0.63651344272267618  0.64259435116245389  0.64941887017580990
  0.65628247991462585  0.66333924651287079  0.67068061368696419  0.67858600736133068
  0.68755905832173458  0.69734246505619613  0.70747881604458696  0.71693390369965870
  0.72631395780838814  0.73488312569601788  0.74201714594232715  0.75082809463577982
  0.76009634393756531  0.76812606618117063  0.77604283237462246  0.78404207702650708
  0.79323507731425758  0.80599187696399544  0.81535076227159020  0.82059700260157209
  0.82440589282314791  0.82932381424751966  0.83624235004917047  0.84468122013824920
  0.85418802534500093  0.86531794370289383  0.87617401399622930  1.00000000000000000
   6.0427110581688102E-031  -1.0000000000000000     
 T F F F F F F F F F F F F F F F T F T F T F T F T F T F T F T F T F T F T F T F F F F F F F F F T F T F T F T F T F T F T F T F T F F F F F F F F F F F F F F F T F T F T F T F T F T F T F T F T F T F T F T F F F F F F F F F T F T F T F T F T F T F T F T F
  <DiscreteSampler_grid>
  grouped_processes
  1 # 1 for a reference and 2 for a running grid.
  10 # Attribute 'min_bin_probing_points' of the grid.
  1 # Attribute 'grid_mode' of the grid. 1=='default',2=='initialization'
  0.0000000000000000 # Attribute 'small_contrib_threshold' of the grid.
  0.5000000000000000 # Attribute 'damping_power' of the grid.
 # binID   n_entries weight   weight_sqr   abs_weight
    13   10   4.311537477364676E-023   8.226377211293899E-045   4.311537477364676E-023
    14   10   4.311537477364441E-023   8.226377211292813E-045   4.311537477364441E-023
    16   10   2.873255704852193E-022   6.961087777279999E-043   2.873255704852193E-022
    17   10   2.873255704852394E-022   6.961087777281065E-043   2.873255704852394E-022
  </DiscreteSampler_grid>
