  0.00000000005658984  0.00000000013576988  0.00000000019890994  0.00000000026232419
  0.00000000033013992  0.00000000040240741  0.00000000047614162  0.00000000054979508
  0.00000000062592604  0.00000000070715648  0.00000000079047383  0.00000000088050587
  0.00000000097416735  0.00000000107277345  0.00000000117359910  0.00000000127199549
  0.00000000138025665  0.00000000149490254  0.00000000160201729  0.00000000170392644
  0.00000000181258263  0.00000000193371757  0.00000000205416601  0.00000000217541371
  0.00000000229583734  0.00000000242143926  0.00000000254543959  0.00000000266859596
  0.00000000279417843  0.00000000292403878  0.00000000305719119  0.00000000319548263
  0.00000000333484235  0.00000000347677937  0.00000000361917555  0.00000000376508006
  0.00000000390446205  0.00000000405275878  0.00000000419849315  0.00000000433969120
  0.00000000448360374  0.00000000462407760  0.00000000476756381  0.00000000491139302
  0.00000000505591517  0.00000000520975715  0.00000000536632442  0.00000000552433545
  0.00000000568093560  0.00000000583865420  0.00000000599633685  0.00000000615331286
  0.00000000631205120  0.00000000647380467  0.00000000663744327  0.00000000681027101
  0.00000000699566745  0.00000000718270678  0.00000000737106063  0.00000000755867808
  0.00000000775227448  0.00000000794967200  0.00000000814902946  0.00000000835288518
  0.00000000856101789  0.00000000876983051  0.00000000899892304  0.00000000923652878
  0.00000000947797152  0.00000000971263704  0.00000000994499885  0.00000001017787009
  0.00000001041454131  0.00000001066627686  0.00000001091831859  0.00000001117862654
  0.00000001143723731  0.00000001172656069  0.00000001203958535  0.00000001236627565
  0.00000001270269949  0.00000001304580411  0.00000001340318627  0.00000001378012945
  0.00000001417636908  0.00000001458165980  0.00000001499745162  0.00000001548661985
  0.00000001608413181  0.00000001674582922  0.00000001744176860  0.00000001821472793
  0.00000001912876495  0.00000002045957215  0.00000002125508774  1.00000000000000000
  0.00958391485305221  0.01544770727498495  0.02463823416606519  0.03570268731130703
  0.04587804446641955  0.05573125950443028  0.06587464876557339  0.07642204629300504
  0.08735192150934984  0.09839566280404734  0.11008169150207714  0.12178833260322310
  0.13234147151366238  0.14191475958663877  0.15140962801960342  0.16116660730871027
  0.17128817034296978  0.18159781482234344  0.19222672584856054  0.20305310314739630
  0.21366606884261230  0.22416023181107020  0.23434494193925576  0.24480500897352836
  0.25541383478755403  0.26643860320754087  0.27710897620013397  0.28728392123020252
  0.29743644721283480  0.30789841722880473  0.31868721941782241  0.32966316263322137
  0.34051208291441659  0.35121620043347246  0.36190643077184970  0.37260272103875280
  0.38295991074655289  0.39292390131397503  0.40276541159570661  0.41279761647192159
  0.42278067778177958  0.43251901334528448  0.44206503540743985  0.45206455672694096
  0.46262512532861455  0.47386789047213806  0.48469609734117386  0.49516182980935602
  0.50576202566246509  0.51605034087128299  0.52613068222536352  0.53602971953897860
  0.54679329812102984  0.55786565084136241  0.56852512434562685  0.57870701635534916
  0.58902950980708024  0.59963773873606374  0.61043620459882730  0.62127686500235035
  0.63248552210432596  0.64372359142555591  0.65418860091452036  0.66462566165507642
  0.67527303127418192  0.68546715934013569  0.69564206784103710  0.70576730991046710
  0.71654116316495053  0.72750090799383926  0.73835546310597122  0.74913799896619482
  0.75990806054767202  0.77045107644044064  0.78132539158965941  0.79209125479011766
  0.80278717703309443  0.81289248729998476  0.82264072385920595  0.83252810163076485
  0.84282399876251846  0.85297193398637194  0.86235168655567374  0.87158617008801309
  0.88154238723834588  0.89179158413995130  0.90217032439450884  0.91278804305047589
  0.92417614604189202  0.93557093168688077  0.94594049933837410  0.95641391237481288
  0.96654836520644682  0.97755564995745248  0.98845042304921726  1.00000000000000000
 -0.00209037841700893  0.00819865146840604  0.01722909900897271  0.02687342591866838
  0.03690058978964422  0.04743810220874983  0.05792444259194511  0.06859364547505101
  0.07926120715158197  0.08951703159499960  0.09958463381508503  0.10959439645971068
  0.11939899241941193  0.12940172097611879  0.13966364001652257  0.14994212767894041
  0.16016190745915360  0.17036376144665344  0.18074669292608975  0.19110763204839123
  0.20125921887836254  0.21174663682595415  0.22225755480938336  0.23222425341394276
  0.24228216823107554  0.25234691414711047  0.26256367552668808  0.27234544900095570
  0.28223815353714132  0.29242981505664151  0.30264746265974113  0.31297415940157908
  0.32305823624905655  0.33296044769785049  0.34298186884264120  0.35322837341146474
  0.36329130960878864  0.37337459938400475  0.38408130221140874  0.39533614330671402
  0.40615034377357156  0.41654449956913681  0.42693106601293296  0.43758080997099574
  0.44832483917153371  0.45929438371467701  0.46936831750907421  0.47941213656664700
  0.48943868324400058  0.49965183871913849  0.50961673585141309  0.51985309795097956
  0.53079417528785688  0.54197922187102177  0.55248233195221885  0.56284048432207878
  0.57318260450587366  0.58345881367795616  0.59354224089576590  0.60390703601178342
  0.61512196311813638  0.62657985968401364  0.63811840008509846  0.64919797606098917
  0.66040799435647446  0.67151727193966138  0.68258881640247859  0.69369028336422378
  0.70521178893807868  0.71704098620585444  0.72843766205652050  0.73923290095216698
  0.75012386632999872  0.76130773422181852  0.77283456029278907  0.78409474033354754
  0.79537862396243153  0.80639742544134096  0.81734460174203261  0.82793968467953227
  0.83882960528044093  0.84962069202963253  0.85976906993187463  0.86982075289916228
  0.88054132293994669  0.89235675968270689  0.90448674920258165  0.91588252577719031
  0.92630248320621156  0.93641284676717818  0.94640864111586542  0.95657845832847488
  0.96700530382647920  0.97756357614215850  0.98870877676961355  1.00000000000000000
 -0.00233587467404454  0.00863868673570455  0.01853375477446585  0.02865659757820698
  0.03848085060120275  0.04835054946193042  0.05840633117518973  0.06916874533596051
  0.07998809448565974  0.09163185448275483  0.10294379339607088  0.11308645853319696
  0.12333380000552759  0.13366129167584481  0.14433990365748856  0.15505524256724126
  0.16538066020149139  0.17658471695720182  0.18729035166385727  0.19822815934252078
  0.20871095147981561  0.21900264058204000  0.22947845944887191  0.24012499424121961
  0.25130676685019693  0.26235823914330270  0.27374184820145414  0.28518739595891074
  0.29613083337121904  0.30679098708824554  0.31757612847583794  0.32897616799739654
  0.34013224313240803  0.35088821017588201  0.36168929424560675  0.37236767225170264
  0.38268355813790883  0.39319210481988476  0.40410585086183687  0.41477392658973833
  0.42482247170076226  0.43476132175462229  0.44505817439006040  0.45541142964150960
  0.46547001379429670  0.47544433686957033  0.48585672525768564  0.49692056076050040
  0.50763727173691664  0.51832643153212021  0.52892928578791032  0.53994301727858784
  0.55000495529012561  0.55972237119145407  0.57007468060986299  0.58097776252820965
  0.59236803496367196  0.60339850908466175  0.61415328318301055  0.62492551802561291
  0.63530719687129023  0.64579072810045646  0.65562368507561575  0.66529709140477011
  0.67526813663031104  0.68537494146795663  0.69564832460497283  0.70592305609163819
  0.71685972993917535  0.72801580581564329  0.73833943125698864  0.74836965079118078
  0.75891674271323928  0.76997534464865491  0.78122387347890399  0.79215956096279605
  0.80328104143231993  0.81432404897443422  0.82498312632381998  0.83517682781832048
  0.84515940771635589  0.85518793511060465  0.86572500704975031  0.87638088815705606
  0.88654430622834501  0.89680472635444430  0.90623290823125768  0.91613674036234449
  0.92611278850523049  0.93636645959333209  0.94645410633108229  0.95680971056290487
  0.96746460361854358  0.97845612929200732  0.98909430766444806  1.00000000000000000
 -0.00248746700201049  0.00932669843388030  0.01941920127151354  0.02975501199760929
  0.04026025305172159  0.05104632040113494  0.06163379219083496  0.07188200589889923
  0.08193265226019179  0.09235032343574746  0.10272513327815933  0.11328504538285017
  0.12356584337378598  0.13471028125490819  0.14563120674080524  0.15670520643930919
  0.16754858714758009  0.17821869411520641  0.18839287805782384  0.19814554931710743
  0.20803959578730480  0.21812945302585354  0.22854264310288319  0.23876424795238060
  0.24874959877981653  0.25865510082092980  0.26884961472420554  0.27915869311916841
  0.28936558697278636  0.29947977517027491  0.30965938994997166  0.31971456597863179
  0.32994967375740542  0.34057370953397126  0.35210135050456931  0.36362107148941325
  0.37478672605892138  0.38596075021189841  0.39708945025232634  0.40814851914776562
  0.41922516812390564  0.43006507392520588  0.44078184207656690  0.45110053797557209
  0.46164581862369009  0.47266237124787780  0.48425624851503823  0.49608586558576157
  0.50751352598195709  0.51885741175690459  0.53045338967819200  0.54163980405994139
  0.55261191950927924  0.56363106263023066  0.57464366433399805  0.58530028637586684
  0.59518220686090439  0.60499412695312127  0.61465420738390841  0.62439879730529257
  0.63443763300111655  0.64449441256714712  0.65486828907414474  0.66539717443288826
  0.67606580397820093  0.68666082836799125  0.69730594223247211  0.70796148008754400
  0.71815636408118311  0.72801875388589166  0.73807105996286604  0.74829451666226166
  0.75875638493099085  0.76916459020316263  0.77993776919547131  0.79071811700461947
  0.80247460788896741  0.81378148035203812  0.82426658080673132  0.83474000365194689
  0.84486265246428705  0.85466365752091322  0.86416365547327767  0.87372275010205414
  0.88346724240268371  0.89309039326759176  0.90328551236293197  0.91388811864854302
  0.92463921568925134  0.93531372275209534  0.94610500612477533  0.95763228796754030
  0.96818844270998150  0.97890189342627476  0.98942911427414226  1.00000000000000000
 -0.00250232144996419  0.00961973911197955  0.01979495574922602  0.03101195966167274
  0.04173209336875722  0.05227574943761845  0.06259417768509014  0.07354833545822767
  0.08500933197011044  0.09593281960150372  0.10623183880854030  0.11564757681399931
  0.12533813311096606  0.13523002131108952  0.14507428815060208  0.15526426300099616
  0.16553869002211671  0.17645937852329860  0.18772033233291566  0.19897134715667358
  0.21011849598040649  0.22020230466550186  0.23001973853091229  0.23968261890884354
  0.24977093983776799  0.26027465036971198  0.27057161478995029  0.28120147805475598
  0.29190394335425213  0.30266089725822404  0.31342670848879089  0.32414636457583523
  0.33485753436419680  0.34573623501949802  0.35626596798509730  0.36682877321426638
  0.37755156604287593  0.38920350427053185  0.40094412359806519  0.41221087219035379
  0.42309485206623482  0.43394882627132914  0.44435152632581887  0.45415521679283244
  0.46357773922067580  0.47347689619554800  0.48374647013111205  0.49479521510769187
  0.50550708470346850  0.51640245306024513  0.52701689070769531  0.53788560602951252
  0.54950168157543278  0.56107384942389493  0.57234343219864237  0.58337362327806785
  0.59492796516809010  0.60627930174064415  0.61771626360201382  0.62882430182075066
  0.64016057198448229  0.65131612369699510  0.66235008061393918  0.67341118763318242
  0.68480296344846292  0.69618010742383873  0.70689347378738410  0.71692426111339425
  0.72665051412671489  0.73640504659414419  0.74641125023661303  0.75619118467400737
  0.76603463261786209  0.77570320197611220  0.78573261967933850  0.79542377431096400
  0.80528199711251247  0.81506337475584567  0.82532401439420644  0.83520913251765505
  0.84538537713469808  0.85531027068248433  0.86523001377465369  0.87538751768377043
  0.88595294857834428  0.89649649979458301  0.90634468547729696  0.91605039386097764
  0.92598841063075166  0.93634741566877466  0.94700848299370122  0.95803741591231062
  0.96906406685479873  0.97977124709420849  0.98992613064964952  1.00000000000000000
  0.01361703326249932  0.01665565554313467  0.02042343452813264  0.02502785455443122
  0.03036894382854333  0.03561379913373057  0.04071389163571263  0.04580307657564581
  0.05078083554495431  0.05565501600688658  0.06048455073266762  0.06586449912372883
  0.07145201850522777  0.07696857701043275  0.08241856353019686  0.08807833392307432
  0.09389857498477494  0.09965081442815860  0.10532161097097677  0.11085815758548917
  0.11650256106517952  0.12212361014838943  0.12762052128749268  0.13303588862109159
  0.13843030550931329  0.14393800838481391  0.14937102958081047  0.15464304394762277
  0.15998251973451946  0.16543726939808159  0.17114790039158750  0.17699733779053553
  0.18295148925355345  0.18907181421327979  0.19516411202499806  0.20124430325240883
  0.20736223525218228  0.21362486717389931  0.22006555953574244  0.22643673266296929
  0.23286472239420780  0.23919170784020868  0.24564672709434060  0.25239718497856772
  0.25946075291086312  0.26649338064526196  0.27360808910618539  0.28097626313559604
  0.28826924863284525  0.29561175909239984  0.30308201356251391  0.31054187061508376
  0.31794680870295622  0.32533021294218334  0.33313259403296874  0.34048367486141806
  0.34801226966283938  0.35532179552260346  0.36288365275308221  0.37067956362329568
  0.37886952418806286  0.38707067530560346  0.39566159053181271  0.40459271575424971
  0.41361318973549732  0.42249118365771704  0.43132728006248167  0.44021474762467550
  0.44932449941038488  0.45879652168933160  0.46853607141426346  0.47863611587235649
  0.48871067218448538  0.49878970900307501  0.50936644464669523  0.52005721749483746
  0.53140650980161974  0.54282713860016607  0.55450790305212128  0.56625129672751850
  0.57858816145759273  0.59161981121214702  0.60575241526278145  0.62031139698245852
  0.63523076803453882  0.65100582482494385  0.66842693971416789  0.68710272344320622
  0.70699965844579671  0.72734320777205719  0.75007118968869302  0.77663217504833726
  0.80953191209781139  0.84658188121328037  0.89521477764763902  1.00000000000000000
 -0.00237302724721977  0.01085160684312233  0.02191745791704113  0.03239314199228643
  0.04278426348371782  0.05321614708534930  0.06381949575136692  0.07366236266992759
  0.08370496966050381  0.09434419987428759  0.10535794903933682  0.11603129453754525
  0.12660226550297579  0.13710397791288301  0.14763841770755065  0.15779087934378500
  0.16799391438416517  0.17831029874090779  0.18867073545386043  0.19905151612298630
  0.20971998103488471  0.22038084802505931  0.23089524769092942  0.24103814416517377
  0.25119698494081322  0.26155062107790578  0.27225922058794066  0.28304376255129010
  0.29336855451884536  0.30324573685540024  0.31308305278915816  0.32328835394570021
  0.33368677126635776  0.34402643878669642  0.35444805075588465  0.36494397800583483
  0.37542468437793974  0.38583672828062682  0.39622575997198661  0.40655451093453293
  0.41673638837780086  0.42671071937424560  0.43702813894516052  0.44774462354218320
  0.45892866211771466  0.46989600158434275  0.48060481247909653  0.49088024841274830
  0.50119593966779985  0.51149265822899947  0.52204912026076400  0.53250445290209136
  0.54286521621266548  0.55305995747825554  0.56294026327364033  0.57269301442959442
  0.58253342896703519  0.59284633602404113  0.60345685356600953  0.61429584176952112
  0.62531089029314946  0.63650281661023944  0.64753971840721092  0.65853331798030634
  0.66966065756514825  0.68100121268127201  0.69203981120506930  0.70282629029531551
  0.71345295281656163  0.72348429756960975  0.73368007136932012  0.74407036328712350
  0.75482057042417072  0.76570501917002576  0.77624355620080854  0.78703363136492988
  0.79705147334038351  0.80739584045715929  0.81767437094290207  0.82771171067230609
  0.83753448359843408  0.84731539233285824  0.85716451423403872  0.86842063361391153
  0.87949074047492659  0.89036023790142715  0.90084970230189099  0.91171420789149460
  0.92285074295349290  0.93403803387260176  0.94500958620240438  0.95600484982369394
  0.96692704136171337  0.97787138695160447  0.98894086878159260  1.00000000000000000
  0.02443739123141925  0.03137314139967372  0.04021945528105939  0.04958232517820881
  0.05877398497849811  0.06835451969126659  0.07817334625784637  0.08833869219739066
  0.09859461424501034  0.10851745379956226  0.11797858516093156  0.12743126685650416
  0.13725397247011148  0.14725467330194764  0.15756129785231324  0.16798584723411347
  0.17847567190314520  0.18876271779362649  0.19861976171942200  0.20874081253967039
  0.21932735050346705  0.23017753173781630  0.24093727122547784  0.25124755067952997
  0.26145474324592094  0.27161098435789849  0.28182103382697710  0.29223177515419207
  0.30242296280583331  0.31242919475727832  0.32220921858704893  0.33186759256201925
  0.34135548106652713  0.35079612138851479  0.36050857562056887  0.37053780280510196
  0.38067829814375931  0.39083274832137399  0.40096174432338050  0.41135976902397520
  0.42187319012962154  0.43250394630036482  0.44322148764515468  0.45402516830024914
  0.46496024820092913  0.47617384405616781  0.48689112232045340  0.49730997166835333
  0.50678852713455746  0.51641543173147419  0.52630882968001835  0.53628312932087774
  0.54596356445258887  0.55563608824230382  0.56545879130008225  0.57578774454361337
  0.58609429033835414  0.59640217567459874  0.60662846702635098  0.61738574807102087
  0.62809764234073029  0.63872018036417788  0.64898070720532952  0.65880396682571718
  0.66813742520671626  0.67750042294470081  0.68717189269660206  0.69788576326755958
  0.70785971752985832  0.71827725231728679  0.72866157019925770  0.73874581487401514
  0.74869828377518055  0.75837365051178018  0.76837738803427513  0.77840905920694681
  0.78839425375511685  0.79843765450280568  0.80865135880785977  0.81897006128691197
  0.82952927190032244  0.84013741047381885  0.85115504397165442  0.86185284760580538
  0.87255819452781935  0.88301734706560031  0.89367659883229555  0.90424306431751833
  0.91478837735531982  0.92525666466109846  0.93573014782225172  0.94607081335711596
  0.95629473032164869  0.96537767827002841  0.97090257709460348  1.00000000000000000
  0.07917994823412002  0.11084164339276620  0.13398109794130061  0.15075258865451380
  0.16471174887162954  0.17825267022698568  0.19132634015613131  0.20368469561324865
  0.21548679175446836  0.22680062731677228  0.23737813036941471  0.24732641485759282
  0.25677319875651344  0.26612694978214479  0.27532528847638488  0.28416544875659944
  0.29281124560368138  0.30139653497834895  0.30980781404838986  0.31788400874890371
  0.32559367552226209  0.33325380397450616  0.34114671218008991  0.34923520590975499
  0.35695073835438845  0.36431378044864210  0.37144998197966456  0.37875641608500826
  0.38596141674064027  0.39314549765936657  0.40007037072179980  0.40698780747162028
  0.41394760722496382  0.42064330461801946  0.42728011883398292  0.43393701385975630
  0.44055699982401936  0.44703846878034559  0.45334773652852139  0.45965129573797348
  0.46608565152382181  0.47232509091084196  0.47840642516470760  0.48433152373317512
  0.49028334753974029  0.49623062640471616  0.50207005101812574  0.50770353344873675
  0.51324263138810677  0.51876301887837106  0.52424759946778243  0.52977232213927750
  0.53528926024568446  0.54075985452380448  0.54615152518423060  0.55164377401438669
  0.55698875786754687  0.56237541646245637  0.56777451915019506  0.57331882712864801
  0.57893664075537088  0.58454353729432051  0.59008108785784263  0.59559322385318625
  0.60114408029416733  0.60671471211730932  0.61228594105604683  0.61784217280046827
  0.62311995656962149  0.62875943979065296  0.63421874873043860  0.63979155749003525
  0.64544409750481546  0.65115261215313980  0.65707416657900053  0.66317304816518607
  0.66910730852635036  0.67491764453967296  0.68043549939566872  0.68604031731347270
  0.69184353360032735  0.69806468266048549  0.70446918072260822  0.71086883154407232
  0.71730016801798036  0.72387612181706795  0.73091819942569658  0.73888725853003989
  0.74710004293942656  0.75620476026665873  0.76581799107427573  0.77738165266020143
  0.79047918909553272  0.80596867158673047  0.82623582490280667  1.00000000000000000
   6.5512437249970272E-021  -1.0000000000000000     
 F F F F F F F F F F F F F F F F T F T F T F T F F F F F F F F F T F F F T F T F F F F F F F F F T F T F T F T F T F T F T F T F F F F F F F F F F F F F F F F F T F T F T F T F F F F F F F F F T F T F T F T F F F F F F F F F T F T F T F T F T F T F T F T F
  <DiscreteSampler_grid>
  grouped_processes
  1 # 1 for a reference and 2 for a running grid.
  10 # Attribute 'min_bin_probing_points' of the grid.
  1 # Attribute 'grid_mode' of the grid. 1=='default',2=='initialization'
  0.0000000000000000 # Attribute 'small_contrib_threshold' of the grid.
  0.5000000000000000 # Attribute 'damping_power' of the grid.
 # binID   n_entries weight   weight_sqr   abs_weight
    13   10   7.765539508702478E-011   3.758968170912161E-020   7.765539508702478E-011
    14   10   7.765539508702579E-011   3.758968170912285E-020   7.765539508702579E-011
    25   10   1.365535834121735E-010   8.526609695544623E-020   1.365535834121735E-010
    26   10   1.365535834121811E-010   8.526609695545603E-020   1.365535834121811E-010
  </DiscreteSampler_grid>
