  0.00000000004972942  0.00000000016525093  0.00000000025172017  0.00000000033814416
  0.00000000042767486  0.00000000051737451  0.00000000061009829  0.00000000070322434
  0.00000000079773130  0.00000000089538062  0.00000000099541915  0.00000000109740692
  0.00000000120050762  0.00000000130470562  0.00000000141673258  0.00000000153243350
  0.00000000164836664  0.00000000176806032  0.00000000189210910  0.00000000201281299
  0.00000000213048719  0.00000000224908232  0.00000000237299747  0.00000000250062895
  0.00000000262932461  0.00000000275775271  0.00000000288794258  0.00000000302174432
  0.00000000316060928  0.00000000329950517  0.00000000343701666  0.00000000357344875
  0.00000000370976302  0.00000000384419142  0.00000000398166341  0.00000000412865091
  0.00000000428220364  0.00000000443578774  0.00000000458813427  0.00000000473964347
  0.00000000488729847  0.00000000503368333  0.00000000518507036  0.00000000534016091
  0.00000000549837304  0.00000000566109383  0.00000000582169759  0.00000000598769546
  0.00000000614843001  0.00000000630810438  0.00000000646949449  0.00000000663184424
  0.00000000679617450  0.00000000696768516  0.00000000714346269  0.00000000731826506
  0.00000000749114877  0.00000000766268445  0.00000000783711362  0.00000000801969642
  0.00000000820811656  0.00000000840392924  0.00000000860382714  0.00000000880338906
  0.00000000900206225  0.00000000920218247  0.00000000940389395  0.00000000961332997
  0.00000000982510590  0.00000001004300224  0.00000001026985838  0.00000001050119644
  0.00000001073260950  0.00000001096287065  0.00000001119407031  0.00000001143352497
  0.00000001169609004  0.00000001198467153  0.00000001228081623  0.00000001258590877
  0.00000001290174054  0.00000001323031381  0.00000001356714553  0.00000001390290741
  0.00000001425244510  0.00000001461870158  0.00000001500337342  0.00000001544282363
  0.00000001596716906  0.00000001656337439  0.00000001722619760  0.00000001797443794
  0.00000001889621413  0.00000002022848185  0.00000002137618882  1.00000000000000000
  0.00913048589774079  0.01732676392435699  0.02815962322699184  0.03951971016340868
  0.05059042825393568  0.06154137473450791  0.07264322621321959  0.08355691830378975
  0.09431516014599843  0.10532891426170606  0.11586626677197151  0.12659197157186858
  0.13740556482320987  0.14836363278154216  0.15928717659011160  0.17074577171493036
  0.18258015997635560  0.19444531264695056  0.20582100192445624  0.21669700775998066
  0.22740149458896489  0.23794301233426679  0.24818603143205789  0.25829141971581832
  0.26850825354032665  0.27876550463200467  0.28875416648367619  0.29873568507212400
  0.30865819597116062  0.31844573358630662  0.32803863621436558  0.33782454704678372
  0.34793637067396166  0.35828634161789458  0.36864491520590559  0.37912574862806486
  0.38982741485334466  0.40066192973038167  0.41131399734897678  0.42145656685190797
  0.43141311958369938  0.44169536776095913  0.45224632565610445  0.46268695555659900
  0.47281192537539773  0.48282371061796797  0.49312188481007746  0.50391385742662542
  0.51475206877444579  0.52494372650236765  0.53457432271718608  0.54438509142830038
  0.55473360529866456  0.56535290421176476  0.57579014857598521  0.58593392488966067
  0.59590675557264572  0.60577457178494920  0.61564532396779870  0.62577844953365291
  0.63630230937587573  0.64697001568376045  0.65738494185917418  0.66717883310481962
  0.67657082481552056  0.68606687277252831  0.69622359986027382  0.70696921719594086
  0.71792225394449394  0.72868166693964587  0.73912174691250077  0.74927790107689107
  0.75924377026302581  0.76924885452298464  0.77945571202906083  0.78985092469480100
  0.80050512562290799  0.81123539784578247  0.82186783835827992  0.83234133645394093
  0.84252009375983417  0.85273385888064246  0.86312873009872149  0.87417600671016304
  0.88536918884053839  0.89644193728976851  0.90702180615058736  0.91726920498840514
  0.92680425347183382  0.93653147448872620  0.94665223965663647  0.95664524280877483
  0.96721185034319390  0.97768388265507444  0.98894500365011262  1.00000000000000000
 -0.00281017695618772  0.01111184368048497  0.02201741800581548  0.03238870843668971
  0.04262826899869118  0.05308347845677425  0.06406634792694782  0.07526980257693874
  0.08735674258570809  0.09918642228216012  0.11148152529006611  0.12376153784856804
  0.13573133942180907  0.14711567593224983  0.15796707696006768  0.16993934509079425
  0.18216582755045760  0.19374594125772138  0.20397902721517044  0.21488324591783137
  0.22602318502670124  0.23689747016199780  0.24799662065212566  0.25917575779451690
  0.27030490622312936  0.28112060396782818  0.29107998196620677  0.30169337942996616
  0.31218637382366909  0.32278649727202291  0.33345047314708165  0.34386483527278944
  0.35447385237434309  0.36493150482954134  0.37546211650367151  0.38569727928816816
  0.39583159594364736  0.40646171589672214  0.41704922590933935  0.42795238762840065
  0.43852637933237792  0.44927216322683439  0.45968744025226693  0.47032276579104632
  0.48055558403000354  0.49049940004950859  0.50033325277259855  0.51043111234030425
  0.52047754461660944  0.53014362786719726  0.53960622141041159  0.54958808661194580
  0.55991055891109309  0.57106735371799766  0.58248475709957870  0.59377085350764214
  0.60536810193489066  0.61644264901925139  0.62791156486847943  0.63893559003426548
  0.64938595708582991  0.65956591146296606  0.66936481285009763  0.67924359281810254
  0.68883847722128633  0.69886272259124171  0.70886196638660337  0.71920778982637612
  0.72939995053853124  0.73944844518108477  0.74938882813258689  0.75930207623551493
  0.76918006668761596  0.77907525421227963  0.78911741759149645  0.79940153111852996
  0.80934714406874209  0.81932753341860731  0.82930364284360569  0.83936751289429579
  0.84937002111327708  0.85923590679778628  0.86942749194667879  0.87958557723625175
  0.88982192847242791  0.89990567243863162  0.90983247229792119  0.91971116904881356
  0.92967479999813307  0.93990962461491134  0.94993256999020137  0.95994505573445210
  0.96997228544525893  0.97993340278940300  0.99005366736285660  1.00000000000000000
 -0.00203495960770256  0.00820173781797903  0.01700561574320490  0.02681716208434613
  0.03707262820680911  0.04770082053937377  0.05906441152573652  0.06970350223608869
  0.08015195131187708  0.09106167079206737  0.10202793849871594  0.11277660341974474
  0.12270846332613361  0.13253273513493463  0.14186526909717412  0.15163269397981055
  0.16165068107931274  0.17198532207508160  0.18282866702953768  0.19366330147704949
  0.20535379663861203  0.21614989911188473  0.22620070783732338  0.23637992506022901
  0.24649934663230141  0.25688526475267337  0.26714345667621453  0.27798615706501872
  0.28890912359482085  0.29969660476006732  0.31038164581999889  0.32120068231593923
  0.33196623046542750  0.34278913030881292  0.35386186068485531  0.36548715006844129
  0.37746807792935694  0.38957862328188103  0.40139400884425858  0.41277238051300236
  0.42376014756581959  0.43456272661837220  0.44545477640269687  0.45647698972496803
  0.46743392145339230  0.47815508463511225  0.48886071582933549  0.49950460138927300
  0.51004321715809509  0.52069652436481628  0.53149730953123209  0.54213669884465310
  0.55255395184928646  0.56282863216205226  0.57328667758652785  0.58390433553500787
  0.59475832634842851  0.60580833637071296  0.61667034601017812  0.62766394094724975
  0.63857588301482393  0.64893020252799172  0.65890489505779692  0.66874177869094176
  0.67847256610671580  0.68803725247114189  0.69780168468263504  0.70805147173529082
  0.71949381782311150  0.73050118159390220  0.74100078244583611  0.75134181322164628
  0.76178781831142239  0.77204811537788487  0.78163616310107364  0.79118914167883148
  0.80112550475421607  0.81183518015595990  0.82300083855026884  0.83403756209295410
  0.84465981138204227  0.85507700193556446  0.86560426284436043  0.87638083687261037
  0.88730064389456254  0.89751440607176292  0.90747432858253940  0.91729135138837647
  0.92792481928257808  0.93853140753257891  0.94889731759948415  0.95883249978955543
  0.96939397763026458  0.97975286553860197  0.98998893488829154  1.00000000000000000
 -0.00196402619715035  0.00922831341657480  0.01870674100340534  0.02940746352375360
  0.03984248501720749  0.05022050226920247  0.06006137063808678  0.07050918848118953
  0.08092354794047008  0.09116777352876304  0.10142637400885719  0.11186956478843066
  0.12244134439117196  0.13280540132751678  0.14339967019706401  0.15401640581052470
  0.16471386982225597  0.17542220357770696  0.18625766470474836  0.19680058608668419
  0.20736495023399804  0.21807504548985795  0.22900757401037575  0.23953559713740635
  0.24985018500855841  0.26031053250709391  0.27079590040857904  0.28107893963179853
  0.29113018233791910  0.30169322113610697  0.31235913794699433  0.32317707961366576
  0.33407638395711453  0.34566049197023169  0.35678079992319262  0.36748749863968738
  0.37854897955658434  0.38971093919759492  0.40126599031847471  0.41271732188211058
  0.42428080606989432  0.43577425487919452  0.44690119900052100  0.45747381270978077
  0.46741572738244841  0.47722414410047859  0.48687039393344966  0.49644611407809569
  0.50622941686977652  0.51633981974582044  0.52640630004733469  0.53613486823486067
  0.54629719670345323  0.55671800327045162  0.56749454144540556  0.57762133596896170
  0.58815225064181864  0.59907146032205827  0.60975436593033361  0.61997633148563991
  0.63021010162170055  0.64047951704917083  0.65132336065132379  0.66244824829949034
  0.67366999332532496  0.68474289483942186  0.69570143377238725  0.70629853841468959
  0.71660691393391562  0.72652338650898407  0.73651534802461560  0.74676013481891257
  0.75692379964620715  0.76680588625176482  0.77641364424291504  0.78601894877205358
  0.79644248108288906  0.80717182745246285  0.81871473883935464  0.83003358935297489
  0.84137415180798769  0.85264883415816406  0.86426068268144274  0.87586910723034850
  0.88723042905461369  0.89870472577770866  0.90977488991100752  0.92076797567855073
  0.93175604338528895  0.94192665645056683  0.95185658265696993  0.96128353700477609
  0.97100889000252810  0.98073402754807704  0.99050509047319224  1.00000000000000000
 -0.00250607472403723  0.00995724018231674  0.02072766309360878  0.03145595424029664
  0.04215348771860130  0.05266838387721944  0.06292580011203622  0.07288411341008581
  0.08252948673733265  0.09206530819334670  0.10180515845483916  0.11173979889292242
  0.12173103152063101  0.13204410426520519  0.14223753935636799  0.15218676073543833
  0.16197564960293614  0.17209388500280567  0.18236173087860338  0.19230326336905357
  0.20200282394689359  0.21196367681372474  0.22241701376882667  0.23340068566755598
  0.24468036398806059  0.25553731235426635  0.26597271409888196  0.27625860936170904
  0.28661464679582760  0.29682397548032413  0.30711895570461339  0.31749613871929383
  0.32802697041383438  0.33889428632627328  0.35001042875516986  0.36086335659974461
  0.37116838085549403  0.38164368767024598  0.39220276937596221  0.40261976543105510
  0.41294256141973967  0.42326707010232267  0.43361127839727315  0.44425734422396401
  0.45524609407776889  0.46654877579584775  0.47810733337975792  0.48989408947330620
  0.50104252104648761  0.51115265581474023  0.52116473113874273  0.53170429277204556
  0.54235582589272879  0.55304718948011033  0.56382420659344956  0.57451636562078479
  0.58506765736300004  0.59556060586296844  0.60603743069902416  0.61638792703393597
  0.62688997069693420  0.63762163243364456  0.64823294304364676  0.65833858559286296
  0.66842338145929547  0.67882896309523888  0.68973185308637619  0.70085455365294669
  0.71175721916420487  0.72219562621057121  0.73261127881311960  0.74323481289607951
  0.75398479297183385  0.76451726605600856  0.77495499836311288  0.78540940725747188
  0.79570799790891367  0.80626015556310648  0.81694170139365041  0.82812050612024912
  0.83879697753045956  0.84918421661805910  0.85953776195819442  0.87024169783643412
  0.88171791165979319  0.89325354346305630  0.90452184331764374  0.91564067130734128
  0.92658989773114853  0.93792150419410536  0.94846234678733088  0.95885384245002658
  0.96893751937564709  0.97939945061865419  0.98985856519465354  1.00000000000000000
 -0.00574545401189168  0.14428360089779829  0.20717394421336763  0.24964738251481833
  0.28148172716242509  0.31019767930358993  0.33527749576763011  0.35775436207072570
  0.37810089577465350  0.39608990217519641  0.41318365338771756  0.43014236175329751
  0.44654231362759012  0.46139412501874105  0.47525486620538737  0.48807639779307715
  0.50018480161570045  0.51221592872911959  0.52444708955675012  0.53653834541158285
  0.54843371938174501  0.55991490980263947  0.57083091649053297  0.58141412990681085
  0.59146163131804019  0.60093753175184728  0.60991112525272650  0.61846674594011641
  0.62679608809784981  0.63497926397629956  0.64335078646856392  0.65192423814598666
  0.66048803126244293  0.66876498856600120  0.67675398359173311  0.68447443799155050
  0.69185176011775207  0.69897110335299129  0.70614044894158623  0.71322531922539845
  0.72003923056222097  0.72664200757156705  0.73324052939064499  0.73993068988412647
  0.74664353689686147  0.75309972135704106  0.75919836433517041  0.76521180806580835
  0.77122464108410571  0.77742375826526777  0.78343357166816507  0.78939777392447408
  0.79532869213539714  0.80130685415348579  0.80723903594687152  0.81320338073432941
  0.81916706009565821  0.82499048977580569  0.83063742398438511  0.83603014894166539
  0.84134878263322821  0.84668455719435143  0.85201212473621957  0.85711017443250304
  0.86216491921794325  0.86719075546429891  0.87208175802409638  0.87693262258303839
  0.88175324398910804  0.88663263822622640  0.89153328092896311  0.89636410401022748
  0.90099015096324497  0.90564839448808099  0.91038564214779871  0.91506764056925394
  0.91966816020354725  0.92417288948241327  0.92855683447896908  0.93290133849845469
  0.93726455630166616  0.94164852698695611  0.94613057509698295  0.95064535179534027
  0.95517978115574842  0.95964848326085461  0.96392728879163270  0.96809594648593067
  0.97224426905458050  0.97628145730836235  0.98025413269503603  0.98412048790527618
  0.98593572168519417  0.98698801818384063  0.98770603561942860  1.00000000000000000
 -0.00238623467214477  0.00964567697761262  0.01969312955320290  0.02985849919824130
  0.04027719972007900  0.05090248369419809  0.06171847256741737  0.07230654230265599
  0.08244421603435620  0.09254812763579301  0.10254502567318143  0.11308243350249107
  0.12384949815849398  0.13393716790728100  0.14458071502798936  0.15497082305517609
  0.16567188798157276  0.17601787461188881  0.18674955414479005  0.19742481692194547
  0.20767566303168841  0.21773478876918806  0.22783702066569209  0.23818661129192051
  0.24857144114324364  0.25896130620931812  0.26976621667848771  0.28062249702058295
  0.29198187138893900  0.30371271251009235  0.31514093726223308  0.32568199933447906
  0.33584204207018264  0.34607382576372131  0.35658327901436387  0.36714186601466858
  0.37788444348447581  0.38906948377857059  0.39999091514666146  0.41096733355882631
  0.42172297408851761  0.43172646831336686  0.44128205164445178  0.45051519381049521
  0.46047574847414929  0.47114476079968487  0.48187514626203820  0.49260404890252640
  0.50321267688068338  0.51370550338911547  0.52387565362907695  0.53376249226179329
  0.54360172231019299  0.55381730684099062  0.56436611909031209  0.57521216184473722
  0.58608794486901838  0.59691053302393038  0.60722162667011337  0.61746074490146141
  0.62797183904240306  0.63873733033457147  0.64940109753014341  0.66039869825136344
  0.67165195827354041  0.68272430064799861  0.69351111523227216  0.70398408917967914
  0.71481800774720250  0.72588561864359746  0.73699366177738801  0.74798813225817873
  0.75875439258747979  0.76942465129574511  0.77999193211714335  0.79102193421129596
  0.80195238278084680  0.81287541122069273  0.82323999382805313  0.83383584949119172
  0.84382678925912313  0.85424912782980367  0.86429345565874738  0.87411957138662377
  0.88364910911170025  0.89402097363459898  0.90520281521662038  0.91644685133598669
  0.92696426742561688  0.93703174323699312  0.94703822846933372  0.95730162086921156
  0.96759592573796349  0.97784713524761369  0.98879439522953216  1.00000000000000000
  0.02413275903171585  0.03344505057936284  0.04299728399571789  0.05369550163472345
  0.06432880126321860  0.07557201410639983  0.08698429452152054  0.09832372903283247
  0.10849242944502273  0.11799644544485302  0.12762119976334649  0.13760548584005428
  0.14760868263973753  0.15713649653995879  0.16606136993113244  0.17512204348627566
  0.18448324130314148  0.19377326838570103  0.20288924395238336  0.21188223405342982
  0.22125356821533476  0.23086515399358160  0.24009689791416555  0.24923720051794879
  0.25872053035299208  0.26862916568299477  0.27823482592017718  0.28794397815636696
  0.29824333517569240  0.30881467243287086  0.31857301038348368  0.32776061998732692
  0.33698771027016478  0.34671347352348036  0.35662734179145017  0.36673507643272762
  0.37669101581582132  0.38709393912954454  0.39723297306021038  0.40793679073190109
  0.41791622295398734  0.42730627878041322  0.43651999541784170  0.44615763984227941
  0.45621490427260869  0.46578381816148029  0.47529497023596001  0.48517624496969658
  0.49538340595018948  0.50507243736450436  0.51456130473990447  0.52392722528477342
  0.53405804168352888  0.54435070693783283  0.55473861331513941  0.56497318780978456
  0.57504812212941503  0.58502298872365266  0.59486280576592088  0.60471789216771565
  0.61469565897687328  0.62464743772182030  0.63449258567006916  0.64425492814847640
  0.65439719758575510  0.66488801974349176  0.67563183698053741  0.68661298337594512
  0.69799819250564354  0.70943156053272105  0.72077251676991827  0.73198627222791524
  0.74322366219885727  0.75382317723443248  0.76326588574197496  0.77320399115114169
  0.78335531583175477  0.79431329550876284  0.80423825464650378  0.81421755295904474
  0.82445268056683563  0.83550780367791178  0.84622442124400610  0.85774607061157471
  0.86833192849220375  0.87975612833665673  0.89085373149658686  0.90198014264741888
  0.91244783742143221  0.92231585426315565  0.93250044932751086  0.94290510905353386
  0.95463916635887791  0.96444495703702549  0.97127674821454058  1.00000000000000000
  0.04707408165676786  0.19866695937119153  0.24566836101491624  0.27443770244047322
  0.29674516095423675  0.31535466988898847  0.33186609614047796  0.34700052926784408
  0.36137186135627919  0.37536373535008510  0.38933438315263286  0.40275885086059221
  0.41516754770685482  0.42709332170846415  0.43909314925855197  0.45113230976577506
  0.46278201363740257  0.47409285800130752  0.48515827431373554  0.49621722211204050
  0.50714945788842380  0.51766905021381648  0.52798067587135877  0.53816039858441389
  0.54830668948507011  0.55824105062713902  0.56803587747592232  0.57765296160787727
  0.58703768336447371  0.59605247421755236  0.60489250832787467  0.61353874161132127
  0.62182058601725321  0.62981963701051047  0.63758169064461168  0.64499273815726010
  0.65219860017098497  0.65922335119345310  0.66612676169765705  0.67298997071208455
  0.67974489395023019  0.68641482343655236  0.69287988240338549  0.69916098217744227
  0.70537249094321286  0.71140019497428408  0.71721886837401416  0.72295202406641312
  0.72861837645664196  0.73408870460940667  0.73940278648242630  0.74472516358809560
  0.74994368660565347  0.75508527301990613  0.76012909849599331  0.76506274685213460
  0.77000742989996129  0.77418199626776607  0.77836457698836736  0.78265221606289115
  0.78696392498955559  0.79131664498230170  0.79541801931127909  0.79950621848741499
  0.80357688283860629  0.80763497401173301  0.81165277485748688  0.81536442204996507
  0.81903252171172758  0.82273470978517838  0.82655967393618823  0.83046496825319049
  0.83444903795141123  0.83843956821875276  0.84234394390113254  0.84621566386358693
  0.85018613515044505  0.85417489942082314  0.85808184717152625  0.86210197828821256
  0.86632613066456421  0.87073006081349102  0.87526094942701593  0.87999284246618570
  0.88477100630150418  0.88944635545593331  0.89446853225820444  0.90028567850547148
  0.90665552959291928  0.91247202099718649  0.91888147018179733  0.92449001986853396
  0.93017693900110487  0.93422348426743784  0.93677514613660207  1.00000000000000000
   7.2434795596533597E-017  -1.0000000000000000     
 F F F F F F F F F F F F F F F F T F T F F F T F F F F F F F F F T F T F F F T F F F F F F F F F T F T F T F T F T F T F T F T F F F F F F F F F F F F F F F F F T F T F F F T F F F F F F F F F T F T F F F T F F F F F F F F F T F T F T F T F T F T F T F T F
  <DiscreteSampler_grid>
  grouped_processes
  1 # 1 for a reference and 2 for a running grid.
  10 # Attribute 'min_bin_probing_points' of the grid.
  1 # Attribute 'grid_mode' of the grid. 1=='default',2=='initialization'
  0.0000000000000000 # Attribute 'small_contrib_threshold' of the grid.
  0.5000000000000000 # Attribute 'damping_power' of the grid.
 # binID   n_entries weight   weight_sqr   abs_weight
    13   10   2.181861309702517E-006   1.628417297434185E-011   2.181861309702517E-006
    14   10   2.181861309702585E-006   1.628417297434355E-011   2.181861309702585E-006
    25   10   8.859261959359372E-007   2.342082483646970E-012   8.859261959359372E-007
    26   10   8.859261959359406E-007   2.342082483646968E-012   8.859261959359406E-007
  </DiscreteSampler_grid>
