  0.00000000005702810  0.00000000012930948  0.00000000018825422  0.00000000024576165
  0.00000000030966020  0.00000000038143774  0.00000000045885249  0.00000000053622807
  0.00000000061274740  0.00000000069764559  0.00000000078199428  0.00000000086898682
  0.00000000095744630  0.00000000105468766  0.00000000116040986  0.00000000126382574
  0.00000000136974401  0.00000000148373865  0.00000000159745913  0.00000000171139452
  0.00000000182756498  0.00000000194517458  0.00000000206166889  0.00000000217847456
  0.00000000230118735  0.00000000243005402  0.00000000255881203  0.00000000268732254
  0.00000000281376308  0.00000000294159526  0.00000000308021540  0.00000000322843160
  0.00000000338086160  0.00000000353006764  0.00000000367243644  0.00000000380824250
  0.00000000394810227  0.00000000409209375  0.00000000424359110  0.00000000440379185
  0.00000000456286452  0.00000000472007300  0.00000000487171920  0.00000000502962527
  0.00000000519305663  0.00000000536395229  0.00000000553822808  0.00000000571223564
  0.00000000588963179  0.00000000606480714  0.00000000622780766  0.00000000638841444
  0.00000000654773148  0.00000000670855770  0.00000000688023962  0.00000000706068680
  0.00000000724345763  0.00000000742676922  0.00000000761389779  0.00000000780683008
  0.00000000800437567  0.00000000820640571  0.00000000839835803  0.00000000859219692
  0.00000000877956846  0.00000000898952093  0.00000000921303717  0.00000000944250009
  0.00000000967954747  0.00000000992233139  0.00000001015859204  0.00000001039507148
  0.00000001062880741  0.00000001086808054  0.00000001111131770  0.00000001136033916
  0.00000001161788190  0.00000001191233149  0.00000001225877087  0.00000001259798510
  0.00000001293320990  0.00000001327091350  0.00000001361712329  0.00000001398463871
  0.00000001437056405  0.00000001478402973  0.00000001520884552  0.00000001570125908
  0.00000001627643841  0.00000001688870478  0.00000001754215570  0.00000001828709985
  0.00000001917395046  0.00000002051069816  0.00000002126961774  1.00000000000000000
  0.00935310898314714  0.01716432671239022  0.02712208879992456  0.03808407682187053
  0.04818361814274358  0.05801396383091936  0.06796594447663393  0.07830616153555942
  0.08849025211974791  0.09830046268280597  0.10819303628122859  0.11828673826382366
  0.12847348981767442  0.13865013588936512  0.14901820985078693  0.15914705756552233
  0.16931478753678661  0.17965858036166471  0.18984995384395928  0.19993570563189697
  0.21035078215562708  0.22177242905442235  0.23369649752107105  0.24524207365688000
  0.25602184804719480  0.26528741886252294  0.27505378457483975  0.28504088621159468
  0.29481497709632615  0.30438055285074372  0.31356414036099833  0.32451887515447608
  0.33466104727402984  0.34440835348006721  0.35412474913906816  0.36406108609935800
  0.37406199194702000  0.38390960715731304  0.39375590944134931  0.40348142124675790
  0.41320768652891299  0.42309986092540597  0.43303985323550920  0.44259995253985052
  0.45208442246202879  0.46167037895383567  0.47212022757926614  0.48341444667842248
  0.49532591928874292  0.50642488049661472  0.51724744963673031  0.52825527033576225
  0.53922216390141831  0.54959938108394468  0.55948261673875177  0.56923292265439152
  0.57907718713686540  0.58932092036615702  0.59977214540099155  0.61028816708022471
  0.62084776106041639  0.63155335717542582  0.64226638575110939  0.65286774376270373
  0.66355338544579434  0.67386286680140373  0.68390613309820836  0.69450610387242562
  0.70561414360775643  0.71649401043607253  0.72748281344973464  0.73919191399749706
  0.75128718945375095  0.76265412299219593  0.77418609752220036  0.78554763538045280
  0.79738319160262372  0.80843968015480516  0.81945501259328901  0.83032680396949698
  0.84135944585406275  0.85206018846775522  0.86273605468615522  0.87292512602540362
  0.88239280961381350  0.89182245690983830  0.90126252101315418  0.91063770597253646
  0.91940981303375813  0.92836471623220651  0.93754393175170947  0.94793932588565599
  0.95841457750259873  0.96873547889239375  0.97964158661725609  1.00000000000000000
 -0.00137106437916528  0.00963369053077300  0.01926598635656045  0.02899879919526378
  0.03895546579718101  0.04961131983532753  0.06026731162485274  0.07068773642502016
  0.08109055346017939  0.09136702160643431  0.10192768338815780  0.11202305646862715
  0.12163202842227891  0.13099868861771699  0.14029008569548021  0.14977026019160170
  0.15940664350496694  0.16920182552196458  0.17893216410785895  0.18834757583927841
  0.19766375528354307  0.20696249348943685  0.21636924172924599  0.22517946473786560
  0.23386468698984192  0.24283594083571525  0.25257519533270795  0.26374655722535834
  0.27498936492418480  0.28590386262033540  0.29612378004530160  0.30626592014950732
  0.31633552067987247  0.32660542637333018  0.33688257035778213  0.34740414723063351
  0.35758968551211662  0.36789647529572250  0.37835633913236638  0.38900613587258237
  0.39928638391923843  0.40908152611567061  0.41853077629202412  0.42831079190879773
  0.43834661696151000  0.44858637716566224  0.45907893228589775  0.46982082792464430
  0.48012669626411969  0.49016709759062432  0.49996058290923084  0.50994814600365246
  0.51962155586099368  0.52934771105781531  0.53929145179095428  0.55023951410483496
  0.56178482622158998  0.57274956609372996  0.58341003095216704  0.59386369230959779
  0.60421557406296200  0.61399866167016759  0.62380761290213171  0.63405277005323335
  0.64461808167548273  0.65543039009451243  0.66747852327248425  0.68009978525363335
  0.69253359145272508  0.70457668381198424  0.71634489187068129  0.72746354673307712
  0.73810286386055146  0.74862710642264252  0.75967645193100608  0.77064807582329742
  0.78137968988018913  0.79250233924246238  0.80469805818950413  0.81792422452527680
  0.83102155965007707  0.84312708022789440  0.85492140107249803  0.86663071288811377
  0.87744362129637177  0.88708019437634134  0.89691717480688848  0.90751129160065525
  0.91869808488110882  0.93027005936304730  0.94236988199850247  0.95486765604083679
  0.96643854974843502  0.97806358673483085  0.98908329096071612  1.00000000000000000
 -0.00236306439341291  0.00938160474996753  0.01893306303746581  0.02928244157477035
  0.03949511879592372  0.04940626665283150  0.05968654043965210  0.07051236610710190
  0.08114272064641567  0.09096446740959789  0.10047170241881322  0.11023824957429212
  0.12037911719843893  0.13083767370962288  0.14118985126296757  0.15107225201387553
  0.16082800953602372  0.17075025923571491  0.18069819543009555  0.19073530883861817
  0.20068988577980792  0.21065772738212313  0.22109307572660869  0.23202362637821372
  0.24321446636459579  0.25503906327235576  0.26758989941657313  0.28079768674558392
  0.29412122486407904  0.30652368438302841  0.31811624516606640  0.32892747799620670
  0.33995274433493766  0.35063646856584574  0.36125360024099823  0.37163798122529634
  0.38310287609861010  0.39503241633154046  0.40756065974205374  0.41933589736159321
  0.43086046092291264  0.44183528893648744  0.45239681470004151  0.46304372545465944
  0.47319168968753833  0.48338519304180416  0.49377836608537634  0.50431950746070131
  0.51554690509228951  0.52672404564031972  0.53817630042644127  0.54844395647304556
  0.55867166626529552  0.56928103302688327  0.58058373719098300  0.59064333590510754
  0.60041060230991661  0.61111174173615179  0.62139518748695466  0.63170653969733037
  0.64132807663443536  0.65112650701811503  0.66043469668076926  0.66990014334444048
  0.67943850455128585  0.68882880579168393  0.69861294388865702  0.70889061005094944
  0.72167373709688043  0.73408264674825285  0.74605049246238953  0.75680944416861118
  0.76755258200316956  0.77778429661741377  0.78840993365018042  0.79849437484991714
  0.80891483273448161  0.81953205108494476  0.82986757722184579  0.83995248793199151
  0.85019801571289144  0.86093854565029149  0.87166589158842955  0.88180310894531155
  0.89134975751950507  0.90069691833504562  0.91006539638946260  0.91979057848299184
  0.93005434186710667  0.93991797354374351  0.94962823461370316  0.95917551088981590
  0.96955996182241899  0.97992574833735646  0.98989515229069613  1.00000000000000000
 -0.00194840755204136  0.00862966580881471  0.01713486776351986  0.02674509190103089
  0.03657255785248258  0.04689178426452079  0.05802691444189369  0.06897189270931575
  0.07980710885282520  0.08970348855741170  0.09936942837287034  0.10935674692517182
  0.11920172980159136  0.12910913377687452  0.13916234258509380  0.14971719501352584
  0.16085292342875399  0.17237337211339204  0.18414762127625955  0.19619945463061111
  0.20782225663374954  0.21779697231668343  0.22744744203398656  0.23690859884277618
  0.24622441266284634  0.25555420820520941  0.26482506395794947  0.27455730935056027
  0.28529904664950534  0.29664105978359312  0.30801250112763062  0.31965884047196058
  0.33092467903962364  0.34180157849478865  0.35288608158491108  0.36433762986202489
  0.37609359494543215  0.38791565688030233  0.39921958725906653  0.41009380385776434
  0.42071016007064149  0.43103608093272855  0.44127729393944842  0.45168712198890693
  0.46201066714700945  0.47236146581688881  0.48228129750492077  0.49250696751922057
  0.50284518128688982  0.51365394572532697  0.52455638613050837  0.53568660594418716
  0.54742370475128455  0.55910640497212660  0.57013212946742031  0.58029547421128946
  0.59029342297158027  0.60039613540461190  0.61000452884281153  0.61986932518939175
  0.62986409157837719  0.63972650904593742  0.64901567913531155  0.65820900079328115
  0.66840447002838521  0.68023514511620009  0.69227089686968002  0.70285432215989696
  0.71326046756567563  0.72368809923966726  0.73377120638140791  0.74343238378213261
  0.75363887899841220  0.76508514723793997  0.77626742337037069  0.78677156060472564
  0.79764902922825687  0.80845657261186799  0.81955771561443158  0.83106988161345496
  0.84345664097815853  0.85596550288006212  0.86795114828384790  0.87950574095452527
  0.89033410399634416  0.90073595844388721  0.91038000021212129  0.91967804656501329
  0.92910479672507307  0.93910690831803167  0.94993548952582130  0.96029115920406860
  0.97025438357436022  0.97994440229418933  0.98975033148275082  1.00000000000000000
 -0.00217488133351836  0.00965631961688031  0.02010384784339579  0.03003549626558305
  0.04085938501266494  0.05176442900655299  0.06236724375696849  0.07289145989483894
  0.08417874400185674  0.09712574185865659  0.10955453544965593  0.12017938405465345
  0.12989154052113594  0.13939488037324463  0.14882877338561801  0.15811344936409849
  0.16737326699437716  0.17720040910227414  0.18738782514353722  0.19723685782484132
  0.20635053753928378  0.21594826698908998  0.22611218919510104  0.23632653667442877
  0.24642904283584738  0.25676159793225778  0.26742917835454361  0.27810251853284362
  0.28853247879014104  0.29870818734082943  0.30900007195676521  0.31969948965886708
  0.33047065789114682  0.34039966269575883  0.35013741043029206  0.36089188120793986
  0.37216848070654807  0.38300119628182255  0.39374733753894436  0.40478852723718661
  0.41578357118397991  0.42629492293824600  0.43709697707128997  0.44822854459909961
  0.45961819270560922  0.47063624431100820  0.48130497489546298  0.49172049605531065
  0.50262159518430161  0.51388434906685976  0.52500797161014112  0.53550411368133444
  0.54617553846648648  0.55676502874029865  0.56707833478459613  0.57696556346435901
  0.58714072164299291  0.59846415118067431  0.61010556166363805  0.62146981333508178
  0.63263999679732352  0.64290626218569857  0.65406112457526522  0.66538631971768181
  0.67717080317739009  0.68877873076703477  0.70026250056204786  0.71174553942982921
  0.72311286513929585  0.73441052521382344  0.74562401525305477  0.75608755205601808
  0.76594875941337726  0.77588020373175681  0.78584699931555702  0.79609391835496091
  0.80624054854959692  0.81679330678223316  0.82767925346660987  0.83757538483784189
  0.84725808243997403  0.85731180526541417  0.86730439286081573  0.87679428067260234
  0.88587780197056498  0.89467893365264695  0.90451954407283064  0.91464537630114429
  0.92547427141229066  0.93599538049624986  0.94704817206251524  0.95792786835040977
  0.96831048751808468  0.97862664143902134  0.98889351438505879  1.00000000000000000
  0.01530988219594330  0.01722019332980615  0.02069114961701101  0.02472415375974537
  0.02990919207347332  0.03494941766543220  0.03988477580461047  0.04476415529276063
  0.04954280781244273  0.05428174615572454  0.05913768933677813  0.06397934211462457
  0.06864020400216858  0.07348468007359094  0.07824156003461566  0.08302969642127092
  0.08778490456394572  0.09270775182540651  0.09790296681269264  0.10310411600124009
  0.10862395953039827  0.11411940924171585  0.11953088983714907  0.12499125941181488
  0.13048767587991073  0.13606141187947679  0.14158765057236938  0.14693494627039622
  0.15222613890847994  0.15760127078907402  0.16302109526466479  0.16864435436207176
  0.17399969548077310  0.17950316949615971  0.18491306600781873  0.19035488254570371
  0.19584553062409313  0.20145809721719221  0.20690398165426543  0.21241814514285917
  0.21809867940569030  0.22411483578567057  0.23062740581432442  0.23720152731102814
  0.24361315746813475  0.25003205129956102  0.25674713428848994  0.26371295711491205
  0.27074037064424339  0.27787378482388309  0.28500376505559505  0.29234959310490816
  0.29967108873834175  0.30705625790634755  0.31459583622661258  0.32222403179181902
  0.33008248662109552  0.33780305889867079  0.34566946802101356  0.35366218811047845
  0.36208114754480913  0.37044487240372237  0.37903216737527745  0.38767254555416114
  0.39683958060500163  0.40616315865899250  0.41580752654962583  0.42574328060401612
  0.43573467438241498  0.44552808428960100  0.45496376798096694  0.46434846497490667
  0.47404362131456479  0.48437475578698047  0.49531251185190917  0.50692981755029665
  0.51867771557148945  0.53063686083531691  0.54280173114471553  0.55554343890882496
  0.56846893489153871  0.58148033981613789  0.59455032097393090  0.60843273557651278
  0.62332221763500906  0.63992952616575483  0.65764137593837224  0.67601793039137481
  0.69508675185636437  0.71570017793465635  0.73969000891113590  0.76767092762308553
  0.80046760409469775  0.84091563906911349  0.89470489859384528  1.00000000000000000
 -0.00186396969003745  0.01196065826275898  0.02321561105538733  0.03465030045859950
  0.04563241097368387  0.05651434941255386  0.06713221709022894  0.07726586086579044
  0.08718964185711281  0.09738912638994016  0.10789576855550570  0.11882048469913389
  0.12995660242153534  0.14131156031181483  0.15249589104431088  0.16297114469512214
  0.17319210055764367  0.18310610007766009  0.19311816764181752  0.20316854537772919
  0.21362342585592650  0.22473788226598362  0.23601237391126756  0.24722025789926452
  0.25806524907999956  0.26834278762083247  0.27850554528341948  0.28889109651182987
  0.29962030492960867  0.30994178441752068  0.32008506960452393  0.33056257614441825
  0.34206352699524245  0.35399716522638658  0.36560263978585844  0.37689878735878868
  0.38776591837267693  0.39820398521732969  0.40829100941445223  0.41866561674402764
  0.42932872718404153  0.43981450319504334  0.45056050003700637  0.46146396396686618
  0.47228450099509689  0.48312939272778366  0.49343720216788506  0.50348209271410482
  0.51323819122450198  0.52287795395851611  0.53302916206728357  0.54374623389820431
  0.55436228889467054  0.56475357992297093  0.57490043904120003  0.58499035472518435
  0.59506186506450065  0.60573480024604798  0.61750596106420574  0.62965037777640154
  0.64075586132435325  0.65130878936943726  0.66123445702338224  0.67107175515662154
  0.68122934053608941  0.69204367405572920  0.70297095468044324  0.71361135455961811
  0.72412879237569794  0.73493317988910445  0.74552230637042649  0.75619191647757444
  0.76694006856841823  0.77766773266704647  0.78826614634248526  0.79871238938997502
  0.80888645273999438  0.81808001896863292  0.82693927382846344  0.83616018478731102
  0.84521728824979636  0.85402713279722120  0.86305106251754593  0.87226102690810292
  0.88261681439739492  0.89350986941762478  0.90400867017703246  0.91449592437295368
  0.92412344233480626  0.93363690928254728  0.94329614102550574  0.95289032926282113
  0.96299574707731628  0.97459529494805131  0.98677412017134525  1.00000000000000000
  0.02398300260208439  0.03356248606665607  0.04314819982801839  0.05378159282264425
  0.06445605799665709  0.07496018100432533  0.08428672432063668  0.09296106634448525
  0.10155002207983146  0.11076288625196089  0.12067771309107127  0.13109578644907732
  0.14170206076124925  0.15242834406712299  0.16338023131807430  0.17398061867063147
  0.18409487802806282  0.19358948243225862  0.20270045365744291  0.21196841498371438
  0.22155679519114069  0.23154846650920799  0.24170217103991884  0.25205102596481682
  0.26307221454194163  0.27398572826105583  0.28478515739657900  0.29491655179637072
  0.30443792375674977  0.31428226117541935  0.32440019885572086  0.33446397940200212
  0.34393623662795231  0.35309770938470247  0.36235118884628625  0.37154277788205770
  0.38118576002675292  0.39100759871708379  0.40168390800384562  0.41238557673824361
  0.42338413932772723  0.43444851665590500  0.44519843401627318  0.45603384192909086
  0.46719994623304228  0.47790419683319607  0.48842422415987075  0.49819346935705977
  0.50898836079909804  0.51948624860980885  0.52910190553699810  0.53836307441775222
  0.54762769685014356  0.55690407586068291  0.56669848934146316  0.57647676985448348
  0.58634260239132363  0.59822467526110434  0.60970778808830128  0.62126693691995560
  0.63274558269815850  0.64448295015279522  0.65515445644697490  0.66556267559454407
  0.67590020582616350  0.68628013706541291  0.69693061546382018  0.70711222017263620
  0.71670971492665270  0.72575053190527450  0.73463464110529464  0.74378542863385311
  0.75305031911874931  0.76308981860965752  0.77296597759922914  0.78360503290517314
  0.79400742783379763  0.80447259919436154  0.81488721383618445  0.82574408912863939
  0.83658263941306787  0.84751239478524032  0.85767916173601777  0.86740307352899271
  0.87688273075322964  0.88628608057483083  0.89616369375829208  0.90600077644538002
  0.91547263511012800  0.92467132522738860  0.93415793385494605  0.94438280397103880
  0.95490624788200285  0.96514879166995071  0.97106440635638425  1.00000000000000000
  0.09237394757238343  0.12459779599417671  0.13504576614069683  0.14453138599126716
  0.15521585086207174  0.16552412655353824  0.17575821087998850  0.18519040156882194
  0.19388268246057025  0.20209273121619609  0.21003947698244635  0.21754344007113180
  0.22502230584272540  0.23242924754225133  0.23966860815932681  0.24663359303849491
  0.25337798159121949  0.26004869339184250  0.26665440767292642  0.27316165775639972
  0.27957489442515199  0.28593576417703886  0.29233906238559121  0.29878005249070516
  0.30501974528469838  0.31114333897021412  0.31731784087680431  0.32343392495739653
  0.32966913076003879  0.33607547997144727  0.34268244333026665  0.34913484747786344
  0.35525773332130295  0.36069667937353384  0.36599058049593108  0.37133712732703505
  0.37690846332066574  0.38266907557497570  0.38844311924788244  0.39422650377023188
  0.39992099826185223  0.40544065182795974  0.41079081107847676  0.41589705686556028
  0.42109235664258715  0.42635634743827694  0.43200341109582902  0.43752839866024784
  0.44294720500182450  0.44826799161437542  0.45369283509729980  0.45921789350994863
  0.46462807359297598  0.46974787748320762  0.47481959877680974  0.47994055768228189
  0.48509703735188736  0.49031973511213789  0.49564289864267908  0.50097987919380904
  0.50608599827538803  0.51141043839568712  0.51655762488678292  0.52218307633970207
  0.52757488435033162  0.53292324590515383  0.53826876572304050  0.54364831380261125
  0.54904308149427306  0.55440456684040151  0.55980200289915116  0.56541885004937742
  0.57138372782230729  0.57744042660174777  0.58353163076432979  0.59004643298249493
  0.59657578377306131  0.60309258796154674  0.60981236850187248  0.61692911454742561
  0.62442521975306109  0.63215298687324417  0.64006625347825941  0.64795702783667775
  0.65569975746148479  0.66351557350238821  0.67125787210758658  0.67971772806804620
  0.68898167599868754  0.70000872327386832  0.71178857177880850  0.72421884590237862
  0.73958823837440701  0.76171188572046944  0.79820195849036335  1.00000000000000000
   6.1776923691092183E-022  -1.0000000000000000     
 F F F F F F F F F F F F F F F F T F T F T F T F T F F F T F F F T F T F T F T F F F F F F F F F T F T F T F T F T F T F T F T F F F F F F F F F F F F F F F F F T F T F T F T F T F F F T F F F T F T F T F T F F F F F F F F F T F T F T F T F T F T F T F T F
  <DiscreteSampler_grid>
  grouped_processes
  1 # 1 for a reference and 2 for a running grid.
  10 # Attribute 'min_bin_probing_points' of the grid.
  1 # Attribute 'grid_mode' of the grid. 1=='default',2=='initialization'
  0.0000000000000000 # Attribute 'small_contrib_threshold' of the grid.
  0.5000000000000000 # Attribute 'damping_power' of the grid.
 # binID   n_entries weight   weight_sqr   abs_weight
    13   10   1.801756977243755E-012   1.361960168020382E-023   1.801756977243755E-012
    14   10   1.801756977243754E-012   1.361960168020380E-023   1.801756977243754E-012
    25   10   1.147190263667911E-012   3.913822895867835E-024   1.147190263667911E-012
    26   10   1.147190263668147E-012   3.913822895869674E-024   1.147190263668147E-012
  </DiscreteSampler_grid>
