  0.00000000005679306  0.00000000013374938  0.00000000019678661  0.00000000025958733
  0.00000000032853882  0.00000000040112476  0.00000000047676103  0.00000000055098268
  0.00000000062769784  0.00000000070782184  0.00000000078877615  0.00000000087217549
  0.00000000095617247  0.00000000104445873  0.00000000113872369  0.00000000123206563
  0.00000000133142980  0.00000000144180233  0.00000000155376162  0.00000000166146654
  0.00000000177531919  0.00000000189834762  0.00000000202334166  0.00000000214262787
  0.00000000226044445  0.00000000238240199  0.00000000250724401  0.00000000263271077
  0.00000000275985343  0.00000000288843031  0.00000000302021738  0.00000000316039956
  0.00000000330195033  0.00000000344771018  0.00000000360126993  0.00000000375821282
  0.00000000391548505  0.00000000407296600  0.00000000422773411  0.00000000437721940
  0.00000000452472324  0.00000000467133265  0.00000000481639020  0.00000000496251771
  0.00000000511357534  0.00000000527389183  0.00000000543947641  0.00000000560461760
  0.00000000576731166  0.00000000592946128  0.00000000609583725  0.00000000626271146
  0.00000000643138097  0.00000000659202706  0.00000000675606483  0.00000000692326810
  0.00000000709577806  0.00000000727266869  0.00000000744926677  0.00000000762583747
  0.00000000780624145  0.00000000798390379  0.00000000817522087  0.00000000836623963
  0.00000000856851250  0.00000000877131785  0.00000000900286614  0.00000000925273875
  0.00000000949675033  0.00000000973296411  0.00000000996733093  0.00000001019912595
  0.00000001043585333  0.00000001068956648  0.00000001094452870  0.00000001120172521
  0.00000001146262475  0.00000001173812566  0.00000001204300186  0.00000001237916355
  0.00000001271978585  0.00000001307512645  0.00000001343269519  0.00000001380642604
  0.00000001418765540  0.00000001458385430  0.00000001498305212  0.00000001545912451
  0.00000001600541559  0.00000001661339713  0.00000001729805820  0.00000001809401240
  0.00000001910675097  0.00000002048272110  0.00000002123154842  1.00000000000000000
  0.00899630930319415  0.01762527993980958  0.02876456803889560  0.04052580991105770
  0.05158084188422153  0.06279619317720972  0.07293575638375026  0.08292624682171378
  0.09334415726419358  0.10455735527846451  0.11622436291489886  0.12880245520167927
  0.14187855913719100  0.15481281611564254  0.16744424517658227  0.17979867455819773
  0.19126989024373697  0.20198778485351096  0.21270871760628590  0.22339935039899556
  0.23373659740903804  0.24408231878393716  0.25456465549599361  0.26543611101481307
  0.27604172701237545  0.28605565833583713  0.29587385289393786  0.30596195926619091
  0.31657123665362996  0.32757045909086963  0.33864649694303789  0.34988628019701279
  0.36011290195591089  0.36974531396034471  0.37944144224801218  0.38910041452038757
  0.39904103431706106  0.40886903649433992  0.41897999416845944  0.42956353068657616
  0.44041325804298342  0.45140679542505169  0.46174392783903612  0.47067763343765451
  0.47976933220517964  0.48909867839134408  0.49840546041703787  0.50691437474203582
  0.51514855771498680  0.52366505540195529  0.53257330418824878  0.54168554724592788
  0.55136021501240240  0.56052270751830191  0.57061572033993335  0.58097644115746450
  0.59169163234215227  0.60249539345351011  0.61301016132092034  0.62311432916273912
  0.63317897134260803  0.64326966702505506  0.65355593299413028  0.66359192156357616
  0.67360805089167575  0.68383844064061305  0.69427731082243871  0.70486967567770864
  0.71516051631500466  0.72518243197394516  0.73505087358905707  0.74511663766275149
  0.75520902188437133  0.76542082431181724  0.77553177714475041  0.78595705642168223
  0.79696269568556599  0.80821562084974596  0.81903474000345067  0.82982426191805925
  0.84123528153672200  0.85285746935473672  0.86442419794585712  0.87610335396415961
  0.88770408764010278  0.89875796152444454  0.90896230467768491  0.91930992108810683
  0.93003491254030990  0.94047472544369148  0.95079144298881868  0.96140876573738721
  0.97148937614171760  0.98078996238260263  0.99119846981052817  1.00000000000000000
 -0.00272891085129426  0.01100762018361388  0.02275141478552345  0.03429235015631357
  0.04603167382490420  0.05785900253979484  0.07002699449593469  0.08238046485507598
  0.09352369779524612  0.10497410801758529  0.11642686732860076  0.12844969290430264
  0.13989783149269561  0.15115621673065968  0.16260056128000361  0.17381767541963958
  0.18491681288417688  0.19588784319409563  0.20678589481532092  0.21765853803443636
  0.22868873918977112  0.23999263701973558  0.25159474286210554  0.26219790597959708
  0.27336579544577494  0.28450311695986141  0.29548487721018180  0.30565645519137435
  0.31565617917768773  0.32582924547902858  0.33610633580034260  0.34617477098654470
  0.35657643119569932  0.36669569005134728  0.37670149660556584  0.38632279562394012
  0.39574941043251843  0.40536106893338592  0.41523729185653269  0.42561145461232103
  0.43574163948189953  0.44531264490233013  0.45492035862521429  0.46493034822506601
  0.47567829946634854  0.48672094432935603  0.49786299501210984  0.50913582368810073
  0.52064900322116492  0.53267085503627476  0.54517552122023782  0.55754007304087017
  0.56946174386374016  0.58146264800299530  0.59365399807424635  0.60595324514511140
  0.61785420740824204  0.62819255346750291  0.63814015098431098  0.64803796865759355
  0.65812258191276662  0.66776887577115052  0.67675824006223040  0.68556953462391468
  0.69510327615963419  0.70483859676413319  0.71428651959479050  0.72340342440911820
  0.73272168531758819  0.74207404030997060  0.75162575129951759  0.76097187796151777
  0.77081419345802726  0.78160401912505406  0.79222153468170209  0.80207451241829353
  0.81155765592663698  0.82094094359071623  0.83040706659804198  0.83971118662661104
  0.84903935472839820  0.85952321817277444  0.87084210174456089  0.88118757509799750
  0.89067827575038683  0.90028537737572190  0.91013939005634670  0.91993871165718177
  0.92972618295260256  0.93958495544333287  0.94981511009842889  0.95998430078667485
  0.96981958362231524  0.97980707665394617  0.98984497195601295  1.00000000000000000
 -0.00190743589398542  0.00916130352232732  0.01910930120788143  0.02911793383065315
  0.03952241434616018  0.04949500337484438  0.05934414197770482  0.06906231295277072
  0.07909266401843433  0.08886197759842956  0.09858401919889166  0.10833114745757662
  0.11856660830370143  0.12858747256972147  0.13885163823426855  0.14906125078963242
  0.15961036526369848  0.16994494318243936  0.17989473144696697  0.19006820619138595
  0.20118944884417111  0.21263880122464857  0.22376203148388810  0.23465823170334579
  0.24537195422363001  0.25570364714199023  0.26575529852478846  0.27607021058569481
  0.28667138736945347  0.29711587385613880  0.30726708336766251  0.31796149622522452
  0.32850935414277427  0.33889505550280719  0.34873317757968603  0.35916861107413767
  0.36972141155997745  0.38054777137072893  0.39155123090610977  0.40266598330655584
  0.41413526352983887  0.42550348561896134  0.43721128778717627  0.44850958117244227
  0.45957701617734770  0.47095846244443718  0.48265242943849701  0.49479901789777836
  0.50686132001926343  0.51818362747496960  0.52881347235232634  0.53923104395224297
  0.54981692958799400  0.56048121589672162  0.57132993333138460  0.58273483277961013
  0.59419781629238944  0.60499988610847355  0.61512596075615711  0.62535053604562030
  0.63592379979357583  0.64651326235577378  0.65715921122960752  0.66749394749869806
  0.67754843511281571  0.68769726489501692  0.69819789890436601  0.70856268366337682
  0.71828593709328981  0.72771947803938153  0.73748067947967366  0.74745637784378027
  0.75754207848097521  0.76726839464427254  0.77812986495408765  0.78900816905075721
  0.80019727108999872  0.81123591708528675  0.82213116905054662  0.83258589380360992
  0.84280945281598552  0.85328181768905076  0.86379335592810924  0.87458857353839992
  0.88513048788528237  0.89531602672329513  0.90540261616939310  0.91561886623190580
  0.92731695565516847  0.93981889520116080  0.95062252391450808  0.96098516419960578
  0.97054965896067169  0.98017789788012022  0.98985898615883938  1.00000000000000000
 -0.00297720475849889  0.01121218053375061  0.02218580711704677  0.03307601060144292
  0.04455603362386445  0.05643389779413474  0.06706112394495622  0.07671958966983891
  0.08634376755080782  0.09621076488801786  0.10618701612872096  0.11588704486226319
  0.12548681871977710  0.13567293224367249  0.14576910173471849  0.15584828201087927
  0.16594321682424912  0.17672311426395501  0.18808198693054579  0.19991831821181852
  0.21112443642625464  0.22149920283327901  0.23155840153003424  0.24200708026610088
  0.25270414139130998  0.26309341034736761  0.27373382258978235  0.28510378418982840
  0.29663260009277914  0.30793571471684622  0.31968884704480172  0.33147963174424105
  0.34283838360194085  0.35346727102152742  0.36435241981383409  0.37535890776574510
  0.38681688881269566  0.39828247481007961  0.40974550531077147  0.42090778488248626
  0.43155593370880801  0.44287232309086105  0.45380081393847366  0.46450054016555248
  0.47396649057032414  0.48475341223326412  0.49509214067345947  0.50627659894957433
  0.51673820660743885  0.52781604757459477  0.53915280262037046  0.55073951309461577
  0.56229424816910334  0.57352360866520591  0.58434421328151720  0.59477566644809843
  0.60507009751650975  0.61552186824394628  0.62628202706477432  0.63758396475811818
  0.64856463958903265  0.65811010079118493  0.66788636567284321  0.67774267714429459
  0.68772834277874284  0.69712523362682199  0.70658261277453693  0.71620121753281685
  0.72604334496801670  0.73613915497748716  0.74654653617889022  0.75679245816115848
  0.76655970850505106  0.77668712890362224  0.78718347933452071  0.79713019126671592
  0.80591170643240218  0.81452596426681745  0.82341229691145412  0.83278331570270347
  0.84215438185768321  0.85112838831592408  0.86166320583179734  0.87237604371197297
  0.88222946700417104  0.89188239469564690  0.90190901508349230  0.91287325683835119
  0.92381770497303572  0.93495496647493059  0.94603031241106250  0.95750210196796792
  0.96842643186638178  0.97930749312914123  0.98981522127567501  1.00000000000000000
 -0.00226915227624651  0.00932624270014740  0.01939389051346070  0.03005611595118848
  0.04102654900237013  0.05310988551244640  0.06482214876304668  0.07591633484014655
  0.08748951481077605  0.09902617515438833  0.10979735011991740  0.11975261281029230
  0.12970073477547961  0.13937238787083636  0.14968717995130126  0.15973363257000897
  0.16984459870090401  0.17907531471782195  0.18798248504858375  0.19834208377089063
  0.20880305452650116  0.21938949732443244  0.23029755453662992  0.24122276745863347
  0.25250309062558712  0.26296817082681356  0.27408142569497640  0.28544726245211305
  0.29636627763280443  0.30635562420859130  0.31646277545375107  0.32729214974282317
  0.33871283238843375  0.35032370767056265  0.36256691935243163  0.37484959503968146
  0.38624382492067538  0.39698486322447046  0.40745037774948178  0.41802416130199693
  0.42903922426238744  0.44017547910923960  0.45099244437181479  0.46156612477707337
  0.47204204124479632  0.48257530238181218  0.49320337023799304  0.50401793572795317
  0.51512192910040078  0.52630348329983923  0.53748743489178785  0.54870748249521928
  0.55989131976511897  0.57216117780150921  0.58482582704161290  0.59629248364141496
  0.60719533444766360  0.61729225354611228  0.62727466576633639  0.63600300799485299
  0.64527553064172161  0.65469409245476728  0.66411664227554990  0.67371364052894867
  0.68352011073003360  0.69369717688549681  0.70369230867155530  0.71335549828071521
  0.72288081600164467  0.73263437186465952  0.74266753556460574  0.75267570128194672
  0.76296220622634714  0.77308250305001669  0.78314938987489235  0.79330141009455724
  0.80391071840163031  0.81468256563887120  0.82532507170900493  0.83592768736250500
  0.84711511544368645  0.85782198274367283  0.86851120806245097  0.87884173049691761
  0.88928970257866258  0.89978734334701249  0.91001483175987474  0.92053165301211892
  0.93126819432494190  0.94187795996571466  0.95214149242175705  0.96209058739972364
  0.97190488709744161  0.98153015535006471  0.99069195838352508  1.00000000000000000
  0.00173048426862774  0.11866854782320328  0.18082949930230074  0.22372542877517357
  0.25685866242975175  0.28358279898222272  0.30763126247895878  0.33058323658692579
  0.35267614573068973  0.37292344704503133  0.39176644259986876  0.40825006688664467
  0.42331041172532857  0.43815829944724710  0.45283332387193737  0.46798108105629821
  0.48268554891212939  0.49671320422569404  0.50926103500012099  0.52121942557040757
  0.53194336911503370  0.54275013602979127  0.55309080489157481  0.56333268863351793
  0.57287093450153392  0.58238394667957316  0.59180797310923028  0.60103329719180598
  0.60974043159300573  0.61869678436938758  0.62757942341094786  0.63678752573454378
  0.64573216842894399  0.65397866612840372  0.66166431920894075  0.66898920951873686
  0.67616909625366628  0.68346997779822005  0.69097546808894894  0.69854207661110246
  0.70582410245657345  0.71326393102232699  0.72069760429659924  0.72819300038883772
  0.73557565175568174  0.74272574917829248  0.74974441136813397  0.75690154724881542
  0.76419329639402767  0.77153535560959241  0.77860448580901509  0.78548853415609843
  0.79231234294275632  0.79904511103299325  0.80576292682935169  0.81224973733505046
  0.81854375864731044  0.82479471307395691  0.83090223205935476  0.83672643663123702
  0.84222057716329701  0.84766339452742590  0.85324293098288018  0.85889990333975419
  0.86465911240470117  0.87043423429554689  0.87597156694593681  0.88095656580799209
  0.88575976311125082  0.89055886185055533  0.89516031958891062  0.89964418232066312
  0.90409077736597465  0.90857529362897615  0.91307414496688100  0.91737680153738943
  0.92150555104692378  0.92558411181229161  0.92960332581118199  0.93358095840836919
  0.93757576521581876  0.94159315567508184  0.94546204665614864  0.94913193133850082
  0.95267740872659057  0.95635207559570545  0.96021581051011740  0.96408865300541113
  0.96786203935606951  0.97146665334773730  0.97513888350121725  0.97861212536277020
  0.98187514017457678  0.98435874529868661  0.98727152731917678  1.00000000000000000
 -0.00176150666728074  0.01006605206835044  0.02057428894785731  0.03129054209318544
  0.04184958492981231  0.05203117642017515  0.06234900455117771  0.07316062877869525
  0.08418796154274726  0.09565195964379200  0.10759813903085447  0.11917355933411111
  0.13057232922663498  0.14096664990499022  0.15134996540159268  0.16179193061171998
  0.17259731976166487  0.18323944948918597  0.19358158655363578  0.20374400607317569
  0.21429345423170110  0.22430517212593212  0.23392605007630132  0.24288040272145262
  0.25258239342314559  0.26285095482865034  0.27353638768396571  0.28417889737809826
  0.29518389301778608  0.30640545041819256  0.31715325060202015  0.32783733240223706
  0.33856941690980102  0.34868030919398746  0.35859015335319200  0.36859035423993847
  0.37923134179554185  0.38993825961745915  0.40043415399199572  0.41095756740611439
  0.42180853802403556  0.43312061921766976  0.44508216494112146  0.45721355372910916
  0.46899789108042833  0.48002867540202659  0.49065661354189460  0.50138106742269795
  0.51264777074306889  0.52454287533246791  0.53644380045402840  0.54867317850151143
  0.56053572893874293  0.57149011116582127  0.58188248605816251  0.59155348333424462
  0.60164309221175993  0.61179166469161894  0.62171965924248795  0.63154698357244454
  0.64157067807088219  0.65239081309391234  0.66327870202325245  0.67364711619304662
  0.68391976718374070  0.69454292702906528  0.70528327593695439  0.71616091069948851
  0.72699823997708790  0.73693409284850286  0.74633363152664778  0.75564215446968519
  0.76487095542476091  0.77387677220338413  0.78270836115944953  0.79213478157617867
  0.80262661759742471  0.81319307855414791  0.82351356211540772  0.83378935852904867
  0.84415944592909098  0.85492069894525646  0.86560716607813326  0.87593793440654166
  0.88579007046101832  0.89575219775259773  0.90661540420425379  0.91740793667306852
  0.92727076519206919  0.93702678692091257  0.94722682528922941  0.95819465002503235
  0.96906538300105960  0.97902516793130723  0.98958203823968960  1.00000000000000000
  0.02434790612869944  0.03283459366609842  0.04305598834465034  0.05185432291376593
  0.06005169974217299  0.06824407091273431  0.07692007613092400  0.08567363096880237
  0.09404178992527741  0.10247506948123597  0.11190870259764292  0.12219330503999810
  0.13210541301094589  0.14136337578813643  0.15080131102182068  0.16060528763058715
  0.17070140499703679  0.18101136157214348  0.19174285461933285  0.20280725375883735
  0.21368898823982654  0.22492513678231835  0.23605245885938769  0.24715283754791748
  0.25773197448985119  0.26806077622349417  0.27788542268197158  0.28744909951802583
  0.29696831971870546  0.30669684731996050  0.31639737864024142  0.32576810161892950
  0.33470630630142628  0.34383423422296572  0.35356212186432168  0.36362396873923103
  0.37307820604027647  0.38283078986167046  0.39267635429732450  0.40263513787063387
  0.41288545301189195  0.42387701114163084  0.43579175232985168  0.44713853718743835
  0.45844152015700901  0.46940529286743904  0.48043082130774695  0.49061645188120245
  0.50075061584977243  0.51033702736414610  0.51979962461430129  0.52990807871296652
  0.54002068240193246  0.55024220111166122  0.56061157928701311  0.57010846416694583
  0.57981136684248447  0.58920070883924303  0.59886958936065682  0.60866649192126288
  0.61838123678485357  0.62873317373187654  0.63977656987885712  0.65085735699275682
  0.66206106081749294  0.67289254199285686  0.68347099896162555  0.69364517732974973
  0.70361879421651974  0.71325514981452598  0.72267680303615511  0.73216029856245179
  0.74188749774289608  0.75184619513522644  0.76238101890344123  0.77353114478658302
  0.78515835114587296  0.79644343635009174  0.80722651241744248  0.81804324700219366
  0.82861333642492141  0.83870984635739654  0.84835932169647399  0.85809444342372565
  0.86849234668022679  0.87912443928349504  0.88973432502895711  0.89989340671122409
  0.90959481767737826  0.91998580563919230  0.93090938688413227  0.94167531179070774
  0.95260587205430158  0.96320769735243494  0.97163265105004126  1.00000000000000000
  0.07641796027793973  0.24177540264926389  0.27424969327871956  0.29954290718526744
  0.32143467787989322  0.33960938210059732  0.35594643408132071  0.37084310457017056
  0.38547381785914686  0.39992560554841000  0.41397740783047599  0.42678356643106630
  0.43920598913117281  0.45153440443325360  0.46351377397868554  0.47488289639589026
  0.48562007315479461  0.49605271151358316  0.50678200984332622  0.51780456910388262
  0.52862683152446188  0.53881618410584498  0.54858585742589139  0.55816453018116685
  0.56728720553674739  0.57625320570481320  0.58518687610891251  0.59416160113828986
  0.60283576430926922  0.61116506518345726  0.61928087736652249  0.62736011063596131
  0.63546586403757066  0.64346796420766650  0.65113657250683832  0.65825398752950703
  0.66518003096614964  0.67149318682769998  0.67764710830616870  0.68403541627883380
  0.69012110936376614  0.69577716476429452  0.70139707032768450  0.70710607092804434
  0.71263870633324022  0.71799869804819705  0.72323978186143689  0.72852980499751629
  0.73379855241602920  0.73884994698767759  0.74357026110430557  0.74806017726111584
  0.75251223698348524  0.75692088727905882  0.76137907414325734  0.76572169543534230
  0.77005188650936907  0.77395516043736579  0.77779842201980665  0.78153777695446824
  0.78515555540113335  0.78874620396223227  0.79234798025526854  0.79594060115843035
  0.79930230305085104  0.80258254255863815  0.80590528071197109  0.80949270428067399
  0.81322390888281404  0.81667622870226853  0.81995974323528753  0.82311661744347397
  0.82633082934642821  0.82957097054134177  0.83276588574796262  0.83582760299105352
  0.83891599471224343  0.84217062154738465  0.84599352449310317  0.85009622057577494
  0.85380753427403744  0.85726843142884745  0.86055037296969017  0.86414739622333470
  0.86797442069629116  0.87207039060152758  0.87606228015659726  0.88011674959223629
  0.88404872467264528  0.88790816408226858  0.89204886351821167  0.89570541549219773
  0.89938027594287240  0.90607255541032761  0.91315595326025378  1.00000000000000000
   2.4376837450500616E-028  -1.0000000000000000     
 F F F F F F F F F F F F F F F F T F F F F F T F F F F F F F F F T F T F T F T F F F F F F F F F T F T F T F T F T F T F T F T F F F F F F F F F F F F F F F F F T F F F F F T F F F F F F F F F T F T F T F T F F F F F F F F F T F T F T F T F T F T F T F T F
  <DiscreteSampler_grid>
  grouped_processes
  1 # 1 for a reference and 2 for a running grid.
  10 # Attribute 'min_bin_probing_points' of the grid.
  1 # Attribute 'grid_mode' of the grid. 1=='default',2=='initialization'
  0.0000000000000000 # Attribute 'small_contrib_threshold' of the grid.
  0.5000000000000000 # Attribute 'damping_power' of the grid.
 # binID   n_entries weight   weight_sqr   abs_weight
    13   10   1.528508574967486E-018   1.031484777295079E-035   1.528508574967486E-018
    14   10   1.528508574967652E-018   1.031484777295541E-035   1.528508574967652E-018
    25   10   2.050105723677727E-018   1.662949848321497E-035   2.050105723677727E-018
    26   10   2.050105723677732E-018   1.662949848321507E-035   2.050105723677732E-018
  </DiscreteSampler_grid>
