  0.00000000017484104  0.00000000080325289  0.00000000113310780  0.00000000137215925
  0.00000000160027656  0.00000000186735101  0.00000000210576538  0.00000000233396922
  0.00000000255928556  0.00000000278118041  0.00000000296987767  0.00000000312874273
  0.00000000329201803  0.00000000345966849  0.00000000361351708  0.00000000375782168
  0.00000000390083080  0.00000000404035077  0.00000000420767217  0.00000000436346612
  0.00000000451706928  0.00000000465970980  0.00000000478772497  0.00000000492140992
  0.00000000505960434  0.00000000520227103  0.00000000534985356  0.00000000549563245
  0.00000000563997449  0.00000000579855240  0.00000000597472559  0.00000000614263850
  0.00000000629756049  0.00000000644745559  0.00000000659203942  0.00000000673674598
  0.00000000688963594  0.00000000703951725  0.00000000719170248  0.00000000733548932
  0.00000000749826736  0.00000000768416179  0.00000000786319257  0.00000000802711187
  0.00000000818651950  0.00000000832830195  0.00000000845912692  0.00000000859902534
  0.00000000872652571  0.00000000886672217  0.00000000900883132  0.00000000914953516
  0.00000000929772490  0.00000000945198340  0.00000000961243676  0.00000000977808021
  0.00000000997619783  0.00000001018244178  0.00000001039138925  0.00000001060384735
  0.00000001082001655  0.00000001101965824  0.00000001120897084  0.00000001140587791
  0.00000001160128675  0.00000001178055267  0.00000001198102994  0.00000001220763310
  0.00000001243753952  0.00000001265888082  0.00000001289105498  0.00000001311148112
  0.00000001331477976  0.00000001351025527  0.00000001370940327  0.00000001391812701
  0.00000001414527534  0.00000001438395855  0.00000001462530918  0.00000001488515241
  0.00000001519406220  0.00000001549809448  0.00000001570440845  0.00000001594742924
  0.00000001621992214  0.00000001655829485  0.00000001686526261  0.00000001730048815
  0.00000001784720343  0.00000001844008613  0.00000001902744662  0.00000001965786221
  0.00000002046896354  0.00000002209529241  0.00000002388731479  1.00000000000000000
  0.00929943769471546  0.01692765189503420  0.02878481795117929  0.04321586940342534
  0.05582539205113981  0.06773927556516063  0.07813943621502806  0.08700116798945884
  0.09399490775758004  0.10169575185881330  0.11106277527896984  0.12143396952607326
  0.13138099353447086  0.14104994248041128  0.15239660801858698  0.16694145814789335
  0.17792624416206113  0.18897621979751802  0.20026857939484180  0.21348659147783583
  0.22733025257664183  0.24021194758968417  0.25226018454823063  0.26333617807915832
  0.27429954844649584  0.28464054476949130  0.29358750516115201  0.30000923867461415
  0.30748073454569158  0.31651472650146772  0.32578223783579630  0.33478101802155008
  0.34311042870991737  0.35160371291573250  0.36219753511061070  0.37422099201660264
  0.38689064163344167  0.39891996073255359  0.41102423280238182  0.42409116826117943
  0.43830635904109094  0.45335009700293100  0.46676325904176119  0.47851520109381229
  0.49020676411221226  0.50164387188599935  0.51324473835002715  0.52637800591840889
  0.53832414058354283  0.54821423699801042  0.55794090001662255  0.56892447459896656
  0.58065207307584232  0.59153194566976453  0.60007325736469175  0.60855462991139386
  0.61745716132573458  0.62656029125589241  0.63568455261628221  0.64400959928487123
  0.65420666723897070  0.66440860276293412  0.67432608987234222  0.68468865220965702
  0.69471346637407427  0.70339529427300862  0.71180686991426834  0.72102500910102341
  0.73131677746388113  0.74149050865266874  0.75076279251396416  0.76006809323011471
  0.77003119263263720  0.77976565174901880  0.78908672415790337  0.79886090054355741
  0.80947188010042848  0.81983035579295127  0.82964592469056608  0.83956578512708668
  0.84998766696013717  0.86068378823882119  0.87158192601843743  0.88033659628218752
  0.88872958547910663  0.89871164000430359  0.90857068120103934  0.92153643462633550
  0.93131761814579084  0.94089711508745966  0.95126371559975098  0.96132827896715678
  0.97021174125515663  0.98004743947980721  0.99133479207775321  1.00000000000000000
 -0.00001476711084025  0.00053055832586147  0.00236440679771821  0.00502033869413796
  0.00850398880732451  0.01207648938712973  0.01696631359740272  0.02419145445641628
  0.03008662557191859  0.03530588764783239  0.04041352925206528  0.04595964732056670
  0.05219291581524072  0.05805265285216914  0.06391579990520638  0.07010495444063515
  0.07700779768978433  0.08478725043811572  0.09306764411523255  0.10141988889491083
  0.10982375566926937  0.11911664662626924  0.13009209763814755  0.14189074276047428
  0.15273290406356857  0.16278308422279322  0.17289431343242037  0.18255801785961592
  0.19262566756411073  0.20454319869615462  0.21617343149107424  0.22806629666124301
  0.23954832128060718  0.25050417870729996  0.26104455150351130  0.27212546535152859
  0.28341039971227466  0.29412272505201009  0.30407877462770277  0.31365843997106807
  0.32435592073199498  0.33471271591258939  0.34405572341799856  0.35313350887032369
  0.36182344267001632  0.37041057140763356  0.37948267184899342  0.38861256513939024
  0.39773519382873618  0.40673940564650179  0.41621690693624414  0.42585060233254168
  0.43579917018139225  0.44599316954402624  0.45626453629313041  0.46649173287665557
  0.47699177885515165  0.48788557865770837  0.49882260925354660  0.50942808618896041
  0.51968634861953777  0.53022329325030648  0.54159918361210491  0.55344591658586850
  0.56561304554464198  0.57837133504097393  0.59154960487140562  0.60439134508929149
  0.61706411397100003  0.62905332096885402  0.64146370965009158  0.65459299928797576
  0.66764233908795956  0.68041823243385535  0.69457971197090629  0.70937010699945346
  0.72443173419926110  0.73942626184235283  0.75415103516681048  0.76888727072970176
  0.78254448138367105  0.79712223758096634  0.81212862647149486  0.82724803768728683
  0.84253922535829850  0.85770663139352621  0.87313697598307805  0.88828291102581203
  0.90270414233502527  0.91634639078469127  0.92960972119906693  0.94325375622009178
  0.95673615667594747  0.97053001554277485  0.98501744811373537  1.00000000000000000
 -0.00337505999665467  0.01240453812458169  0.02444787978616611  0.03376891373813701
  0.04254379410780285  0.05130158087812012  0.06090269175895947  0.07084977884433324
  0.08026021401934064  0.09066219240359011  0.10054500537773232  0.10819047560637537
  0.11586267324193167  0.12325312844654261  0.13039609848022912  0.13875562185772164
  0.14841365981986146  0.15728770301676478  0.16591925387143922  0.17522874540955430
  0.18469941641941096  0.19678619066537004  0.20937515547581453  0.22121231042556216
  0.23303991620128070  0.24639425182812646  0.26046521855919064  0.27275978327532779
  0.28337755948624122  0.29352467747788769  0.30381198646894014  0.31414259608574713
  0.32380233090778854  0.33349760249414012  0.34439587403305089  0.35574308280856043
  0.36785195351861827  0.38112429176663604  0.39386129573114154  0.40474332976220578
  0.41424319730399611  0.42380033305766701  0.43447137644779543  0.44689091621433324
  0.45817676897100401  0.46759948214863162  0.47689801496683920  0.48579539236412428
  0.49544986145402298  0.50624840567158402  0.51721017995500207  0.52738133246638241
  0.53684837214835801  0.54689574355648907  0.55738857078236537  0.56718164294751439
  0.57623975705272434  0.58527131065140181  0.59453617799480174  0.60381017763727018
  0.61300146994830773  0.62198475193800917  0.63070167747648720  0.63970219769849468
  0.64961352382337922  0.66083865413603748  0.67344705748935962  0.68655623476267980
  0.69987492086512337  0.71360669340432326  0.72577433649575074  0.73615117420994802
  0.74720938188941621  0.75754241554916690  0.76763867482810266  0.77836269067922415
  0.78782046592538257  0.79779644064846422  0.80944195708959399  0.82154481961167025
  0.83252199430975027  0.84316008780561580  0.85421226973797326  0.86322750106040635
  0.87040707050122701  0.87849721806274383  0.88893088389482733  0.90133865207248298
  0.91535597547117997  0.92909597591950310  0.94183023207944272  0.95358250981279769
  0.96464049151479803  0.97592086419007307  0.98755325488965062  1.00000000000000000
 -0.00242756238011695  0.01077480119840137  0.01948231829289487  0.02762008077810080
  0.03597041904050560  0.04655802131318833  0.05849498640187138  0.06876368896979058
  0.07790073617151524  0.08673256570666171  0.09606663416694651  0.10454148807296906
  0.11191521539803286  0.11954288896891947  0.12797751309118732  0.13584363804077762
  0.14373819210323641  0.15254932388265391  0.16200231123777767  0.17204361130644286
  0.18386480814700024  0.19493097073334839  0.20444513132678119  0.21189032431646557
  0.21915810752380163  0.22657251173357443  0.23522268775144828  0.24445937749921665
  0.25424358511867662  0.26356335514089457  0.27400242845516526  0.28837573911603731
  0.29733774234607058  0.30713869496418600  0.31730126227946881  0.32691096809296166
  0.33671030400710505  0.34666751833635151  0.35773017465370466  0.36990944516054236
  0.38260971388563897  0.39529455703237171  0.40726674594849654  0.41842813518155653
  0.42961548543252864  0.44144686643646669  0.45318050857711889  0.46582205527719223
  0.47981924862725439  0.49365719686932502  0.50471699040906537  0.51335838855744698
  0.52190002821663517  0.53057848738631841  0.53969999513264721  0.54846436106567586
  0.55647573292940489  0.56538180353571188  0.57621869317314056  0.58810358755373304
  0.60009196549461907  0.61193579195352621  0.62401654039823617  0.63753970714471808
  0.64961132761356233  0.66198099863700488  0.67465801975743933  0.68698416836632947
  0.69887449886838682  0.71032612167269826  0.72156968495826745  0.73185442038097914
  0.74120542929711730  0.75121816436181132  0.76156551862574984  0.77393862226003340
  0.78591950537742938  0.79665932143306140  0.80685735864164032  0.81714010143011928
  0.82717774234515273  0.83693840322017954  0.84714936062171842  0.85946574993964331
  0.87326952118544687  0.88446563697400693  0.89423931156631731  0.90529726036784930
  0.91682532877825407  0.92906772536687243  0.94069994175290972  0.95305304838566274
  0.96507674497881024  0.97696928102192515  0.98807223383009579  1.00000000000000000
 -0.00257540307680312  0.00983136915611173  0.02178433899840763  0.03495766265264701
  0.04844571250597746  0.06068586765662502  0.07179558183131955  0.08181400891373575
  0.09031817584373744  0.09835215732884413  0.10597424248371848  0.11402762174683136
  0.12529480588481934  0.13836200705762317  0.15067616062604558  0.16260262424033486
  0.17412214809238893  0.18565984624219850  0.19814963850770861  0.21172852536372039
  0.22636488150538930  0.24044487119927727  0.25393553493160909  0.26697952247533291
  0.27985967671488932  0.29249944101748382  0.30536091365258233  0.31917827606173055
  0.33229477280877662  0.34317045844093946  0.35290076263478909  0.36258692344242294
  0.37274154867997289  0.38213804126260797  0.39099821410245655  0.40051617568513997
  0.41152137985019799  0.42115645992175521  0.42945925213169428  0.43718931823194634
  0.44531018077686013  0.45483986671863730  0.46392871832859001  0.47303541049578818
  0.48272862058344540  0.49119313272290860  0.49922371802967858  0.50788288454207453
  0.51799529737887307  0.53023157439051516  0.54201643192163462  0.55089718790141606
  0.55868295926924860  0.56661663394387984  0.57530773359601040  0.58447951962048406
  0.59246898356254218  0.59960581511571376  0.60712857577872559  0.61532867223738341
  0.62436786496831154  0.63351289309726000  0.64505121357318995  0.65724559433208174
  0.66797925686870840  0.67799440766059493  0.68713797344176020  0.69592870421948849
  0.70507925721615383  0.71520015373131562  0.72572398717558551  0.73647454369800847
  0.74757847276509171  0.75918940714055194  0.77099483257438761  0.78289236215018132
  0.79504878415121139  0.80697983828397812  0.81875839505439429  0.83015600251775334
  0.84076151242213881  0.85313273237966325  0.86622109815933668  0.87894404004162574
  0.89032496490935809  0.90030353221388770  0.90928062416088029  0.91773449428322507
  0.92597042349325065  0.93418978370964378  0.94257887919260330  0.95092832994507082
  0.95936644867754328  0.97033944983786868  0.98088280403763750  1.00000000000000000
 -0.01246170651581531  0.12864646207588462  0.18387723465792566  0.23519385286567140
  0.27114084039565101  0.29637340311628280  0.31601242513194222  0.33503109388170171
  0.35260651328850379  0.36731101090516149  0.38288319127333592  0.40202974353446175
  0.42563451417780102  0.44150598798208451  0.45592936825694519  0.46845824493115767
  0.48222094542957866  0.49614650238559960  0.51011912678421500  0.52315926901742549
  0.53571861900839624  0.54914072522106028  0.56304791048742764  0.57658320852837064
  0.58959662642632549  0.60224060396170798  0.61372938513005648  0.62352323135775567
  0.63284985628098356  0.64218210998746028  0.65026842311202382  0.65760649912122415
  0.66491898498361990  0.67279214639859175  0.68188710524959273  0.69085941613235058
  0.69842760818936411  0.70534416845169901  0.71234699747463393  0.71949935872672188
  0.72684020387463244  0.73362663668912154  0.73916508219228616  0.74396367237095051
  0.74862533022984989  0.75448438324659606  0.76113390635026956  0.76823470462708754
  0.77413201994158853  0.77983028596928294  0.78563847740600801  0.79253286526456201
  0.79865728212594000  0.80401469799154257  0.80878423648201059  0.81343252375428987
  0.81819362819029395  0.82331924841152171  0.82935163043768201  0.83549024720482035
  0.84222675301731809  0.84915949747651220  0.85606704058846939  0.86310268603124407
  0.86998456656140233  0.87564830788314996  0.87991155873557747  0.88386700216291647
  0.88794216029135042  0.89194462542792474  0.89565414951133870  0.89979516147961092
  0.90411200720848928  0.90820058235083134  0.91213574728439895  0.91609390869209806
  0.92013226684220206  0.92454557959412342  0.92915896236816764  0.93361640937228130
  0.93759271106488562  0.94116077990799907  0.94490727828374865  0.94873901857017151
  0.95216480217922717  0.95602638479862123  0.95957540522565443  0.96294917990018603
  0.96645260989038928  0.96977008618490157  0.97318262065635919  0.97686679754418637
  0.98094753195381401  0.98571884037626079  0.99193643916873397  1.00000000000000000
 -0.00362977662708002  0.01263645686444551  0.02492140329088178  0.03637194169649283
  0.04705254707741040  0.05764075972084463  0.06890422613848095  0.08025205714219762
  0.09069422231753727  0.10041975921561008  0.11185180033665833  0.12332834174202598
  0.13424032152973742  0.14454264198708988  0.15437607838367942  0.16492630662281724
  0.17576489823235100  0.18758185877254838  0.19986633310451596  0.21247947596383909
  0.22419540169123359  0.23393431030163633  0.24229070561606164  0.25046807483145561
  0.25937514735662420  0.26915864173288778  0.27954001530958206  0.28947020406237950
  0.29770716000954350  0.30568448767082290  0.31317989794725132  0.32136698845954004
  0.32961950531709344  0.33947616607414205  0.35034250004765088  0.36008728673793211
  0.37059850242646425  0.38093553147663162  0.39087448874272235  0.40132338771594922
  0.41277146821703559  0.42491316901106119  0.43681227574063280  0.44799859582834567
  0.45938400524428985  0.47138251065010267  0.48306551842371659  0.49385657365627073
  0.50461538565290454  0.51531220776846287  0.52647046090281502  0.53831718478545876
  0.54870082625535654  0.55905999923644856  0.56920036513661643  0.57942990386671878
  0.58892962518229830  0.60030527644292708  0.61148853175795292  0.62178658975541601
  0.63293226459672369  0.64414931855821089  0.65407318508537227  0.66460584257765731
  0.67472821833899366  0.68580371086777192  0.69823234141440493  0.71011011933607127
  0.72140072397400445  0.73216668776242733  0.74270285893998456  0.75273117563161007
  0.76266974817691124  0.77334896008398069  0.78511187750199818  0.79822265839021200
  0.81012418403007924  0.82077167279786722  0.82970258447573131  0.83842209112445210
  0.84757331423690974  0.85846424167089785  0.87085892644855756  0.88411544200173908
  0.89594275587220917  0.90751134591047111  0.91781921617782547  0.92481976659310883
  0.93251346185324913  0.94061269722868357  0.94999107460177823  0.96026788738333080
  0.96929432321174669  0.97695981295399659  0.98557434790510978  1.00000000000000000
  0.64583223276536883  0.68299878724593344  0.71556214237678284  0.74679893307250556
  0.77226448378430645  0.79135524900389098  0.80991431301425842  0.82586320516653389
  0.84088376744278559  0.85310135628412997  0.86432917944602061  0.87424578074261905
  0.88335452077560672  0.89172967623084931  0.89863485479045258  0.90498232291070846
  0.91141407115403894  0.91708587161478261  0.92150528057015046  0.92546339738135230
  0.92914259693539680  0.93226221373232643  0.93508854043860246  0.93764261920798875
  0.93984407268209358  0.94188184357271498  0.94389192567151492  0.94577655390335380
  0.94749094987632732  0.94907775526531479  0.95062876340537250  0.95210933811768372
  0.95345931893559477  0.95468887319169038  0.95584038906288182  0.95692014040122120
  0.95790956900062985  0.95885951828888405  0.95976301384591711  0.96055786509587726
  0.96127196952634331  0.96195079882449785  0.96259617349495841  0.96320607754503096
  0.96380393957244725  0.96437228299611777  0.96492041229173375  0.96544622794099866
  0.96593977113553364  0.96636041626486080  0.96675204185295827  0.96712388909570990
  0.96747615306063850  0.96781338076246470  0.96814077137159593  0.96846054849327889
  0.96878130737659440  0.96909291394663821  0.96939944075539064  0.96970646007879424
  0.97005032617411435  0.97048122402016435  0.98186375074273635  0.98208786300725681
  0.98228372728871183  0.98244988263357047  0.98258891765540346  0.98274469683837906
  0.98291932251620517  0.98311899584104212  0.98336601541749979  0.98361445346521237
  0.98386237284017330  0.98410908202531444  0.98437032165854632  0.98464754898233786
  0.98494349473614740  0.98526982932717622  0.98562505802913758  0.98600186232346332
  0.98639943370648175  0.98683829750867791  0.98730066779725179  0.98777614725993956
  0.98826380312308715  0.98877254977629747  0.98935352373052154  0.98997198401016528
  0.99067147358109231  0.99146124204259722  0.99232160603440600  0.99324707280036351
  0.99435462422982790  0.99566739996687170  0.99742824648787587  1.00000000000000000
  0.09067539293632945  0.23130982760354141  0.27248985202023773  0.29190092813667956
  0.30682307383695823  0.31924702081357292  0.33045116062676200  0.34086959648354426
  0.35058375613292420  0.36255883055398846  0.37572878633435108  0.38741195401919248
  0.39874007756808855  0.41090834876206772  0.42379051633262405  0.43489756349125036
  0.44477445887731282  0.45423810058513892  0.46351671995403076  0.47252992300437024
  0.48079526496741759  0.48906035205950271  0.49821480479403374  0.50773393276630785
  0.51713448094448489  0.52636491320522050  0.53589798219262852  0.54642900354722435
  0.55728398246940103  0.56926844796614418  0.58072118625844382  0.59108475003088978
  0.60089012648711038  0.60997762359568031  0.61833905350344454  0.62663167031308709
  0.63487719125597120  0.64313917302273838  0.65154616800107179  0.65993216965224222
  0.66774080833833593  0.67389011151430156  0.68010686566035483  0.68618553587802777
  0.69169806263852407  0.69678664955539449  0.70201825819878894  0.70728011715628658
  0.71249864779747241  0.71741344316932576  0.72207257779232492  0.72661812252576685
  0.73134074939232796  0.73535695947726776  0.73905374532607437  0.74248360604810504
  0.74618785509318264  0.75028921540663829  0.75433272045535216  0.75763674178619600
  0.76053820868586242  0.76335485873235387  0.76653795554105741  0.76991260152457319
  0.77321812715586558  0.77648305250077754  0.77934926313216579  0.78247612283434209
  0.78596258330128488  0.78909417482179911  0.79213155952991687  0.79508829011364124
  0.79791807723513108  0.80094936115258264  0.80423079619730420  0.80776014730356571
  0.81163454549276559  0.81558125694707606  0.81929301508387065  0.82281621887719247
  0.82606537647516176  0.83014485393559945  0.83557379561552625  0.84164457953716443
  0.84716243219975873  0.85291207760881926  0.85946343102301903  0.86695430635735604
  0.87649366009290708  0.88724638439215420  0.89392640532242296  0.90029306220881977
  0.90997021738746919  0.92833236552329557  0.97456846990811696  1.00000000000000000
   3.8293267255500807E-035  -1.0000000000000000     
 F F F F F F F F F F F F F F F F T F T F T F T F F F F F F F F F T F T F T F T F F F F F F F F F T F T F T F T F T F T F T F T F F F F F F F F F F F F F F F F F T F T F T F T F F F F F F F F F T F T F T F T F F F F F F F F F T F T F T F T F T F T F T F T F
  <DiscreteSampler_grid>
  grouped_processes
  1 # 1 for a reference and 2 for a running grid.
  10 # Attribute 'min_bin_probing_points' of the grid.
  1 # Attribute 'grid_mode' of the grid. 1=='default',2=='initialization'
  0.0000000000000000 # Attribute 'small_contrib_threshold' of the grid.
  0.5000000000000000 # Attribute 'damping_power' of the grid.
 # binID   n_entries weight   weight_sqr   abs_weight
    13   10   7.156021539087404E-029   1.144434570671451E-056   7.156021539087404E-029
    14   10   7.156021539087377E-029   1.144434570671450E-056   7.156021539087377E-029
    16   10   2.135078656580150E-028   1.927814893738448E-055   2.135078656580150E-028
    17   10   2.135078656580136E-028   1.927814893738436E-055   2.135078656580136E-028
  </DiscreteSampler_grid>
