  0.00000000021625319  0.00000000069284556  0.00000000106438683  0.00000000137920969
  0.00000000164343794  0.00000000187195759  0.00000000210046384  0.00000000232868438
  0.00000000254796120  0.00000000275896614  0.00000000301968064  0.00000000323692547
  0.00000000349071433  0.00000000365928493  0.00000000378486625  0.00000000391572489
  0.00000000404085069  0.00000000415302992  0.00000000424998602  0.00000000434563081
  0.00000000442782327  0.00000000458299669  0.00000000477108086  0.00000000495298909
  0.00000000513785649  0.00000000531327141  0.00000000548470975  0.00000000566622549
  0.00000000586131994  0.00000000606955618  0.00000000629285909  0.00000000650412800
  0.00000000670109044  0.00000000690846376  0.00000000720604203  0.00000000742986104
  0.00000000757468930  0.00000000768456046  0.00000000778513256  0.00000000788578719
  0.00000000799863777  0.00000000814447477  0.00000000830509793  0.00000000842992912
  0.00000000854137859  0.00000000865404895  0.00000000878764991  0.00000000892597932
  0.00000000905363722  0.00000000919103158  0.00000000929742962  0.00000000940991145
  0.00000000952233604  0.00000000962101773  0.00000000974086014  0.00000000986796508
  0.00000000999638950  0.00000001013921041  0.00000001027948282  0.00000001041618534
  0.00000001055430775  0.00000001070139756  0.00000001088634817  0.00000001111881626
  0.00000001135712977  0.00000001157207752  0.00000001177865884  0.00000001199901113
  0.00000001221057222  0.00000001239631276  0.00000001257164778  0.00000001274695872
  0.00000001292240435  0.00000001309965599  0.00000001327709241  0.00000001346043238
  0.00000001362157697  0.00000001380229763  0.00000001399890985  0.00000001421722114
  0.00000001444895311  0.00000001466029380  0.00000001487532036  0.00000001510373109
  0.00000001532610625  0.00000001559333087  0.00000001581498277  0.00000001631233533
  0.00000001711320914  0.00000001798961205  0.00000001886598037  0.00000001975559382
  0.00000002084119719  0.00000002258574642  0.00000002366962021  1.00000000000000000
  0.00936608891590760  0.01654638007398030  0.02097761985656479  0.02784082946224827
  0.03523120611470974  0.04656776038860706  0.06093796352066803  0.07550242079472923
  0.09018032175508152  0.10542017632055185  0.12055000576854592  0.13750631914447736
  0.15073723754419521  0.16318013974696929  0.17715821449233271  0.18790767786011903
  0.19530916950120308  0.20227033670422581  0.20713974228019313  0.21200287343615085
  0.21723428848348458  0.22291262806057358  0.22922166932879792  0.23641194268338755
  0.24281914395452212  0.24815185538246690  0.25719135884685534  0.26800543563730522
  0.27870892061228553  0.29084463124302412  0.30201060059567214  0.31197488999995215
  0.32217019324429341  0.33116188311591321  0.33973934485930801  0.34738379021330917
  0.35362293588563770  0.36378056022970973  0.37582174169321747  0.38908220838205410
  0.40251005488458885  0.41363312312879369  0.42292749553878850  0.43068152104587415
  0.43840756471557313  0.44634182709935794  0.45880916490941231  0.47131724030923200
  0.48298217983998054  0.49504434580888090  0.50721002321547237  0.51743004323548136
  0.52625271671734386  0.53660352501699182  0.54711032736827347  0.55781328388454132
  0.56986602691880295  0.58391985129553203  0.59940134728533179  0.61597474304690591
  0.63278750356325297  0.65007146042476383  0.66759537239336963  0.68491349867421281
  0.69950908796639066  0.71294381016110098  0.72404768049753188  0.73755106668946657
  0.74963002798915479  0.75995085265647699  0.76957516371624313  0.77921933557524747
  0.78623580820001493  0.79518083737813039  0.80835535133750558  0.82100384075233379
  0.83116564136280902  0.83765357614574587  0.84251995533276969  0.84820348564884762
  0.85552598301069449  0.86316410208136929  0.86952757992808982  0.87560870742082897
  0.88167565154381444  0.88812973657512950  0.89676369218364038  0.90854103851079471
  0.92036046821497741  0.93108990860911245  0.94096382242078247  0.94981430427697666
  0.95776172499951362  0.96920190751090685  0.98343768172325019  1.00000000000000000
 -0.00000023234619196  0.00010249498500739  0.00069147046451920  0.00179863855293857
  0.00402182967877800  0.00679913548031435  0.01022260389556575  0.01526351568321607
  0.02015337353658847  0.02465613996093509  0.02846672263717187  0.03256974014635199
  0.03707578727611034  0.04138848916765858  0.04509286044437538  0.05011838957051107
  0.05801309385058148  0.06778131223793309  0.07906261729676692  0.09063382993056113
  0.10160344156348623  0.11254397332767256  0.12371935555562029  0.13604514298038231
  0.14706853968337757  0.15732153292588749  0.16817301897852951  0.18032657011882475
  0.19400326095095194  0.20469845664414132  0.21320037254035679  0.22187511072743848
  0.23043426529444813  0.23876271110268274  0.24766030339681200  0.25697713058758404
  0.26532698605985244  0.27293893949071957  0.28071590637774113  0.28851562653739965
  0.29723513429541426  0.30644385815908731  0.31625457908295934  0.32667489321341098
  0.33792063695507729  0.34851932162816968  0.35549141066094114  0.36196482197601049
  0.37769948801785630  0.39251357145076576  0.40710605289033730  0.42206582541035043
  0.43807322327092668  0.45295300409938521  0.46453396062934293  0.47439052306907897
  0.48403113747907245  0.49470062346113758  0.50595058904475099  0.51490860319356857
  0.52449698370079589  0.53413743819458792  0.54374251254179651  0.55396822545733471
  0.56634167638492550  0.58117969034912731  0.59730268509723250  0.61184439031902371
  0.62669780215519755  0.64097902809685614  0.65307706893428152  0.66378663961455875
  0.67418198755322500  0.68461885227225416  0.69665779928927385  0.71004306574203069
  0.72379915809069373  0.73780648674241367  0.75187290750695279  0.76415466462748449
  0.77617159535413016  0.78747697769785108  0.79815034236099291  0.80848344158976004
  0.82380367148779932  0.83994108050104843  0.85657737582284299  0.87170400674745363
  0.88738831604439894  0.90332285556118663  0.91787574817709838  0.93286558013177923
  0.94846923531226246  0.96468591760696554  0.98169020695474041  1.00000000000000000
 -0.00340377413130647  0.01520011620736637  0.02374766748835394  0.03003988124526627
  0.03513392179722442  0.04040742276470569  0.04733500346421810  0.05389134880431230
  0.05851600895529493  0.06268491829085106  0.06763338452420921  0.07428371178080920
  0.08128729149895353  0.09391674765449701  0.10831762854406952  0.12178155106228249
  0.13261092970822055  0.14261761015719049  0.14819286850267768  0.15337215435588006
  0.16005212437838878  0.16707196311988404  0.17436755747544302  0.18219072109636242
  0.18999588949108698  0.19739724051418259  0.20397055755813162  0.20901292193045160
  0.22299496165231908  0.23653530511092877  0.24833773964177067  0.26260097878792410
  0.27345767405058141  0.28471571661969314  0.29646997773251554  0.30765448563820258
  0.31945099721908349  0.33281259904500121  0.34867415750065728  0.36228518364900919
  0.37326862259564281  0.38389852283722514  0.39525166699533809  0.40799585890617296
  0.42270756207708360  0.44045517296459041  0.45320525549183560  0.46049646416020623
  0.46621447420385381  0.47183632682520527  0.47774237926356472  0.48427569139680909
  0.49046701155102229  0.49601250290602700  0.50184499892168100  0.51304658444335938
  0.52294224520830423  0.53309814814183232  0.54500843559511036  0.55606035995484326
  0.57137528859083653  0.58702970743922678  0.60221604124894124  0.61650799662700539
  0.62881463519250702  0.63941133265240691  0.64823796060079197  0.65598523378140694
  0.66398606726641518  0.67242034070983225  0.68103301699504459  0.69063930191206679
  0.70270175473037444  0.71458200208753253  0.73022805387892453  0.74388311926682937
  0.75989105442959570  0.77560118969984293  0.78960005969701996  0.80227229291977897
  0.81428283889359176  0.82594854618875713  0.83926234509502762  0.85229173939918734
  0.86464560928963707  0.87951880112862046  0.89391381712088747  0.90701531696516735
  0.91921747896079364  0.93070202626408827  0.94153362185339351  0.95288562112356412
  0.96507012616948884  0.97637546834216016  0.98788841163534646  1.00000000000000000
 -0.00578189530834528  0.01937790485736113  0.03714723854267295  0.05363048167848151
  0.06788203981155075  0.07800770005925182  0.08740514683081871  0.09656837017255242
  0.10652699794535361  0.11675604481707617  0.12764643038078660  0.13956196052554679
  0.15302191392760567  0.16688953880210386  0.18073755964476437  0.19605018103949387
  0.21098038736835259  0.22475411581508745  0.23897904181260871  0.25048845217417742
  0.25753664513770996  0.26362643472540437  0.27026459563051142  0.27680391221852668
  0.28225866585088716  0.28708005958967092  0.29226288722730964  0.29763786818637966
  0.30246586796619390  0.30702967345352566  0.31305662106368776  0.32795016187820841
  0.34186696324234178  0.35423004761439009  0.36488114565628199  0.37448016294528030
  0.38320935654887622  0.39116596183470093  0.40111990072392323  0.41093645394461353
  0.41970390340049613  0.43033955521849004  0.44347159674074543  0.45728802064378621
  0.46950946991087716  0.48121508761582282  0.49387479380927718  0.50691308830792126
  0.51845351650016980  0.53109111389941532  0.54230025072656307  0.55258307423663600
  0.56184084979698734  0.57358594376319716  0.58667492100670837  0.59967959285735251
  0.61317017223890991  0.62898765982768379  0.64268798747424838  0.65486262260262751
  0.66509760680204166  0.67425858296669983  0.68410385261919660  0.69480231201643561
  0.70737585420725135  0.72435480240711969  0.74229938444848609  0.75658122288793916
  0.76955652134414054  0.78423353710697541  0.80103404253281307  0.81400084748445090
  0.82117097033960973  0.82547920618439086  0.83079975179681675  0.83604591275809326
  0.84053981000226685  0.84439294352881711  0.85394396035233211  0.86593802536198183
  0.87670791126941350  0.88390456462588618  0.88948861173463711  0.89590446592837036
  0.90234994644383926  0.90717602491399596  0.91283645223492393  0.91840551317989927
  0.92381422556807002  0.92919194365238666  0.93513496425733311  0.94511904905269040
  0.96124459321167977  0.97512340579454371  0.98789474713033765  1.00000000000000000
 -0.00253106260125081  0.01482374340459625  0.02892624087912675  0.04339506779994254
  0.05732209216318183  0.07013370218191399  0.08390626623432169  0.09560939270362019
  0.10712394099001736  0.11941060717607170  0.12963738293004881  0.14099635471808489
  0.15400596315910361  0.16668125146217513  0.17817320392012451  0.19218334145849364
  0.20911125041860210  0.22471507169760227  0.23668609198429685  0.24641459692475362
  0.25643601388765247  0.26634106532641760  0.27461931928867928  0.28020351319196846
  0.28797898091259971  0.29822233255140540  0.31021149409033721  0.32234147549437414
  0.33384158774279166  0.34511838669112488  0.35540865548928097  0.36416728253485264
  0.37279414324082166  0.38282737423881824  0.39472807605438692  0.40803598154126247
  0.42242457417907397  0.43634319018460427  0.44830835727776047  0.45880274981556624
  0.46876692031102518  0.47918647287583804  0.48799204735623042  0.49942443898245137
  0.50942586055088346  0.51825571409785076  0.52742930831708468  0.53616665122504592
  0.54546462453048383  0.55554053102169820  0.56541537189412339  0.57456933249302866
  0.58412571768751231  0.59490225939000618  0.60616269500141529  0.61828202049557024
  0.63074199391042085  0.64318597103714437  0.65597836753947258  0.66897607339654774
  0.68128508248101272  0.69316510197495229  0.70358640272482798  0.71379994025098514
  0.72314590080459917  0.73164479552584116  0.74058120305047170  0.75160769059153265
  0.76449634174807146  0.77789750551127412  0.79156793481993848  0.80465253357548439
  0.81855092613352076  0.83437051657898242  0.85100133286560198  0.86681831339752391
  0.87714649251013810  0.88206709306935294  0.88589083121970669  0.89037224862232833
  0.89495081938941079  0.89970391262409888  0.90399489656470566  0.90878173743239199
  0.91458752117255282  0.91969594641679131  0.92409508957974251  0.92821936650835901
  0.93294744211792258  0.93699794580567108  0.94574434372456173  0.95710403316319903
  0.96796634043952257  0.97831998208243920  0.98852933566190915  1.00000000000000000
  0.00339899609939210  0.01181996495772883  0.01622478624898233  0.01992632190197565
  0.02305922980169333  0.02684435366840087  0.03081088394398442  0.03517691533008214
  0.04004244634192023  0.04520898510688059  0.05069741917610050  0.05638335675701361
  0.06149145796189252  0.06679137757407459  0.07241483575713265  0.07862787327893640
  0.08424758578294955  0.08854199770812858  0.09246083772967595  0.09636415563598399
  0.09998151301007908  0.10372431962971146  0.10618480581046753  0.10822652850933091
  0.11168151218318882  0.11511830893422069  0.11938858307837091  0.12419214414095310
  0.12840047624403514  0.13113217630333168  0.13379927514970916  0.13705347232260065
  0.14126948278283075  0.14371558596108031  0.14631893160075152  0.14889917259345772
  0.15263215807320471  0.15695042342907370  0.16088869444506373  0.16445780626813664
  0.17004772209226435  0.17849668969743548  0.18663509694376518  0.19547034535724800
  0.20497179607809654  0.21380757533370603  0.22228082151948117  0.22963695711619653
  0.23736575913895799  0.24430352140202888  0.25154204961258020  0.25883228682320175
  0.26638695562199544  0.27584386874267508  0.28572953976325582  0.29428847007653819
  0.29847731724060256  0.30468879471843030  0.30976593205596548  0.31475844048513640
  0.32048379353797446  0.32741173075388702  0.33445288752877039  0.34132979769584776
  0.34797592220987450  0.35309651086972460  0.36235231424234887  0.37071429408603962
  0.37967157034760041  0.38873064791352668  0.39772901591693743  0.40792154501601274
  0.41958911226200080  0.43237432766845679  0.44473204185249010  0.45965010607432105
  0.47087308988958082  0.48370301378686936  0.49694876408890698  0.51065920488770378
  0.52433412715838967  0.53906356788339582  0.55561867089342765  0.56933444079984385
  0.58285923673940165  0.59881962485453666  0.61806084337099165  0.63892528807215654
  0.65839974149687908  0.67906030735213196  0.70533089646497282  0.74357542909489782
  0.78603749299956238  0.82670758709342473  0.87864319355469933  1.00000000000000000
 -0.00230165781911362  0.01139986645041813  0.02460005967847776  0.03731749686573032
  0.05123771888567496  0.06212796032361637  0.07204924331840361  0.08167646459237360
  0.09204702473015035  0.10288229505888308  0.11382570410654733  0.12761845043957701
  0.14516392411501591  0.16528675254209033  0.18215146600317478  0.19544055578186803
  0.20761109537051817  0.22026081032306538  0.23236280588907898  0.24271079906645227
  0.25182578064551397  0.26083085681611534  0.27072929999938128  0.27937893449771450
  0.28770708168612535  0.29673433402995364  0.30773145639562749  0.31963372486254854
  0.32883411612666291  0.33929028038165127  0.35105770311374557  0.36404831908688440
  0.38137382280059728  0.39726647207997690  0.41087834791127470  0.42315910845799332
  0.43245262383089006  0.43887212342246007  0.44535461229330048  0.45197700447258043
  0.45840683931600262  0.46574479637732868  0.47359457979848202  0.48460420560069045
  0.49755673551844853  0.50890811761260002  0.51990042371611278  0.52948731841624863
  0.54056677331975322  0.55217039562976100  0.56347927329859004  0.57368085883969078
  0.58433723426875439  0.59765350703513753  0.61360994006126646  0.63613242685414340
  0.65395530916917244  0.66652010327618239  0.67735609521007178  0.68790884910858452
  0.70071480051113355  0.71359895795380834  0.72676134256395319  0.73957534525099911
  0.75103129094555532  0.76159252985467096  0.77191005343729957  0.78156038803738526
  0.79097326804380574  0.80268636793034465  0.81264678788121125  0.82094756145286996
  0.83181260343536101  0.84447248388400897  0.85951198855142119  0.87305856721386232
  0.87967634955474105  0.88411558648738331  0.88869731783313122  0.89480660576652282
  0.90040737138520088  0.90576879486186734  0.91186043855172050  0.91709958510474898
  0.92124309653509373  0.92562866638101449  0.93112633263481182  0.93683121497940203
  0.94226849479710939  0.94792642743102129  0.95305799338486896  0.95849178388457712
  0.96833336580891938  0.97869725243836025  0.98990873612775065  1.00000000000000000
  0.64765598465100627  0.67731416499008779  0.69870481432932441  0.71963471432895565
  0.73578628528768264  0.74995174777337448  0.76474050977850427  0.78350068635269310
  0.80089092422905561  0.81430390585784240  0.82507661235633356  0.83431590708032355
  0.84500613490442988  0.85676026734215849  0.86675456082483149  0.87620095714881774
  0.88493783876359999  0.89259934770627125  0.89960927319768302  0.90614418984688339
  0.91236915179485301  0.91818017422595000  0.92363212611927092  0.92802655197062889
  0.93190277581224101  0.93562146879354469  0.93850593412080663  0.94025056869240642
  0.94200724565842509  0.94340476745477109  0.94425398351435663  0.94487316209331051
  0.94550886179312044  0.94616444670702438  0.94685670316452664  0.94756544910721185
  0.94827643627701697  0.94987397609790269  0.95128539399089940  0.95272072735335289
  0.95414360616436189  0.95546020811298904  0.95667214015956514  0.95768997858715743
  0.95860074427745090  0.95948327290417457  0.96030948303057651  0.96111722781052544
  0.96191513980440724  0.96268481094796610  0.96341835203987658  0.96407812762482537
  0.96467732119255023  0.96522921718054322  0.96575927366074277  0.96631233054019061
  0.96682384346083150  0.96728600429720635  0.96770806094472650  0.96809410476622393
  0.96847898400521848  0.96886275594562965  0.96924013381547447  0.96962339276036880
  0.97005616430393360  0.97056377191698118  0.98107314253068900  0.98202926529351264
  0.98244026801594164  0.98277559186543650  0.98306962973514878  0.98335203247350800
  0.98362595903242955  0.98386784777469127  0.98411195397101647  0.98436160222036440
  0.98460949737729042  0.98485561742825900  0.98516061308424974  0.98549841730369603
  0.98587523248229414  0.98631146512956225  0.98680386315849100  0.98737620748871113
  0.98800390786822301  0.98866833804120668  0.98934400301152670  0.99000414896753641
  0.99067574184640439  0.99139411133082966  0.99233345588376931  0.99351809833774529
  0.99469106198377799  0.99585510418112477  0.99735508191562272  1.00000000000000000
  0.13264229880673228  0.14336888092446115  0.15575429404062496  0.16592820646893344
  0.17618917209761270  0.18788548537784003  0.19799433686522092  0.20713534187505653
  0.21419717079971790  0.21917306918890947  0.22291633492975005  0.22660478993550767
  0.23028154361893444  0.23468001756677978  0.23867382269874479  0.24264591873563579
  0.24680149814361788  0.25237556270957895  0.26002866733632618  0.26738812948275914
  0.27346129031276784  0.27919949469108735  0.28458931865269332  0.28975336749229441
  0.29424862997004553  0.29849361289982490  0.30262108949740751  0.30692177647041408
  0.31143900426212573  0.31615527389757297  0.32068793800556367  0.32481865535896831
  0.32888206930249253  0.33316787290016142  0.34024354624599495  0.34900309414787006
  0.35743953287568864  0.36564962529255535  0.37419304013726207  0.38220072297552299
  0.38724884140419441  0.39265433162586627  0.39766785994253045  0.40252298556038091
  0.40702186897891302  0.41184783896817612  0.41682691789741999  0.42078913606799012
  0.42506529510267682  0.42915126391154634  0.43188240704775754  0.43516026072642960
  0.43790436102877633  0.44105095557856938  0.44514243475137499  0.44961991347793429
  0.45436915092392444  0.45891430152887397  0.46294868311748377  0.46665691769388823
  0.47064006990040630  0.47482263853377654  0.48018762664815168  0.48795790406871392
  0.49661565338581121  0.50482181608821208  0.51225746913326520  0.51895154671231414
  0.52530461668528572  0.53174679929240865  0.53881076396868821  0.54598932656180188
  0.55341555096150452  0.56074368979646683  0.56829068237913249  0.57584101496721629
  0.58366218325749186  0.59369985288686045  0.60335580453316662  0.61427258718521760
  0.62490430302453404  0.63386486320195479  0.64382857734291943  0.65311557882667015
  0.66122045169674815  0.66814779620787701  0.67514797686476680  0.68225562742693469
  0.69016754701122718  0.70073824331817469  0.71174027544459617  0.72370320251621845
  0.73896870641521961  0.75568636134024747  0.78466815331653594  1.00000000000000000
   1.3038875394554543E-032  -1.0000000000000000     
 F F F F F F F F F F F F F F F F T F T F T F T F T F F F F F T F T F T F T F T F F F F F F F F F T F T F T F T F T F T F T F T F F F F F F F F F F F F F F F F F T F T F T F T F T F F F F F T F T F T F T F T F F F F F F F F F T F T F T F T F T F T F T F T F
  <DiscreteSampler_grid>
  grouped_processes
  1 # 1 for a reference and 2 for a running grid.
  10 # Attribute 'min_bin_probing_points' of the grid.
  1 # Attribute 'grid_mode' of the grid. 1=='default',2=='initialization'
  0.0000000000000000 # Attribute 'small_contrib_threshold' of the grid.
  0.5000000000000000 # Attribute 'damping_power' of the grid.
 # binID   n_entries weight   weight_sqr   abs_weight
    13   10   1.899593240896589E-026   2.677698741912329E-051   1.899593240896589E-026
    14   10   1.899593240896558E-026   2.677698741912233E-051   1.899593240896558E-026
    16   10   5.946763731574097E-026   2.907975316948315E-050   5.946763731574097E-026
    17   10   5.946763731574093E-026   2.907975316948317E-050   5.946763731574093E-026
  </DiscreteSampler_grid>
