  0.00000000005585885  0.00000000013640763  0.00000000020019033  0.00000000026433960
  0.00000000033129911  0.00000000039672654  0.00000000046505461  0.00000000053777332
  0.00000000061290931  0.00000000069597469  0.00000000078120150  0.00000000086968260
  0.00000000095659035  0.00000000104945666  0.00000000114836789  0.00000000124786911
  0.00000000134954939  0.00000000145740461  0.00000000156406738  0.00000000167165636
  0.00000000178364264  0.00000000189998276  0.00000000201713921  0.00000000213405027
  0.00000000225006596  0.00000000237053393  0.00000000249541407  0.00000000262132463
  0.00000000274677172  0.00000000286901591  0.00000000298947322  0.00000000311857867
  0.00000000325541346  0.00000000339307150  0.00000000353047444  0.00000000366852417
  0.00000000380654791  0.00000000394708006  0.00000000409240291  0.00000000423807871
  0.00000000438653713  0.00000000453769664  0.00000000469135177  0.00000000484421046
  0.00000000499759781  0.00000000514951496  0.00000000531848982  0.00000000549071466
  0.00000000566501257  0.00000000584238252  0.00000000602215718  0.00000000620313897
  0.00000000638287255  0.00000000655481975  0.00000000671957427  0.00000000689641524
  0.00000000707470534  0.00000000726476168  0.00000000745768510  0.00000000764626708
  0.00000000783432008  0.00000000802653787  0.00000000822548591  0.00000000842957627
  0.00000000863339889  0.00000000883464691  0.00000000903475679  0.00000000927212445
  0.00000000950079637  0.00000000972827701  0.00000000995856123  0.00000001019102579
  0.00000001042564473  0.00000001066882629  0.00000001091189143  0.00000001116372295
  0.00000001142042916  0.00000001170422519  0.00000001203356809  0.00000001238420708
  0.00000001272982201  0.00000001308010135  0.00000001344021612  0.00000001381665900
  0.00000001420994883  0.00000001460210557  0.00000001500694698  0.00000001545422476
  0.00000001601256046  0.00000001670757474  0.00000001746518126  0.00000001831827328
  0.00000001934019995  0.00000002067095939  0.00000002120309716  1.00000000000000000
  0.00939837672154873  0.01671032265077949  0.02673583383591035  0.03708408049984811
  0.04716756606133204  0.05731831297641751  0.06804336997430474  0.07862162166701168
  0.08914693633328566  0.10006488467994007  0.11095527342616479  0.12169959902256969
  0.13256466954435897  0.14297426651017597  0.15300112122375920  0.16264371934156832
  0.17267781076779104  0.18309001309319065  0.19360665301318122  0.20391302856605353
  0.21460606777025512  0.22496392976068219  0.23560248598331615  0.24623870040433321
  0.25697815798586804  0.26762776191059157  0.27839842695853695  0.28959569775391747
  0.30109481237981539  0.31247211167310540  0.32354768715295551  0.33420103457500300
  0.34318798617676111  0.35266361425279014  0.36246497611248546  0.37267931080197186
  0.38253619119766519  0.39248169553738205  0.40326141567855317  0.41465143143137573
  0.42598360569417454  0.43704508481252047  0.44785985339957485  0.45834736165207235
  0.46891232734020727  0.47958667155709950  0.49024046625647777  0.50066114892673730
  0.51077839478191878  0.52087272476180613  0.53104031401324481  0.54141451284630659
  0.55202050144755699  0.56260422713128821  0.57259845687246325  0.58224968022656376
  0.59185967270458939  0.60205761778800304  0.61287118700465215  0.62338464101146929
  0.63375053014228233  0.64411812660496714  0.65478678107590171  0.66550363321577122
  0.67651414561633361  0.68752760790559142  0.69853876632661882  0.70950189220987092
  0.72049417178025910  0.73179032005360456  0.74301126514625848  0.75403970914058749
  0.76477502836811284  0.77597385320444501  0.78714759135508927  0.79812464810454520
  0.80898789373780111  0.81961391573944842  0.83001491785334680  0.83998771140408590
  0.85001255772323780  0.86035281998563518  0.87100909384457004  0.88127806387997820
  0.89136298644101331  0.90142411308267378  0.91197933162542399  0.92234955063086987
  0.93260668161402271  0.94299010755337231  0.95388254028992836  0.96491319774850626
  0.97592303082543352  0.98729641977121241  0.98981830497160128  1.00000000000000000
 -0.00251664801338611  0.01013088112217812  0.02078444100178833  0.03161510305730800
  0.04214376921581564  0.05253268002170300  0.06295171454954501  0.07324600515492966
  0.08325725485121105  0.09333309504185550  0.10357491713110493  0.11362795504492090
  0.12347442563623333  0.13325273924727160  0.14289145419418603  0.15256598408466374
  0.16202968764615383  0.17198958182928456  0.18218804640393804  0.19288662906776063
  0.20330622485896307  0.21410253192702627  0.22504856579794336  0.23584887012788938
  0.24647409929445580  0.25730463443132945  0.26867131708860470  0.27919283714401927
  0.28918518810861282  0.29885395184211488  0.30840214190415866  0.31785639343952538
  0.32731843703421265  0.33685990171414204  0.34712466559956606  0.35758896015626529
  0.36811499034722339  0.37860404767354572  0.38943693143939351  0.40007471524806931
  0.41050314862804110  0.42088464857841185  0.43109917692784661  0.44117909374274844
  0.45087321442387795  0.46079782744809633  0.47106496676241094  0.48183819431873015
  0.49280526781664213  0.50339563774661200  0.51388201164753233  0.52434065107879213
  0.53493512027788714  0.54567258762670290  0.55648943734649292  0.56734995349720474
  0.57840034057261136  0.58970100018047933  0.60138255111352790  0.61271992796634245
  0.62379343397512876  0.63452354550755674  0.64519830287054458  0.65566341977717091
  0.66612451425562735  0.67636558449095829  0.68664105557823207  0.69682170856061587
  0.70713778228024549  0.71772101042269987  0.72824254076981298  0.73911976046125294
  0.75024424737136974  0.76125203542515330  0.77187667455976527  0.78194236256477401
  0.79172576080276080  0.80126959883151916  0.81088091928506845  0.82123129469499678
  0.83199389723608630  0.84289246015126373  0.85354765434916846  0.86425448708790908
  0.87482820415499529  0.88561936369193572  0.89620885501831316  0.90673576613374252
  0.91708196173367584  0.92797215313396431  0.93951881932739756  0.95156328298901227
  0.96348448959573907  0.97496726114493548  0.98717024006696319  1.00000000000000000
 -0.00235465921983857  0.00975719000198000  0.02041419868756897  0.03146152446543656
  0.04278261231098311  0.05376550118159942  0.06499052018882101  0.07685256849300787
  0.08812464888817279  0.09858231108809831  0.10887656187326052  0.11958556238410832
  0.13023263096715088  0.14100801463507667  0.15118594450815181  0.16170699999471946
  0.17210503861283788  0.18290099971139334  0.19354282332014977  0.20421092238742680
  0.21502410916216663  0.22552948491363844  0.23587891516697909  0.24616322260466061
  0.25631150926753177  0.26624320015802577  0.27613550296272066  0.28614663336837709
  0.29650954696854831  0.30718118894728724  0.31755379754165980  0.32740654007958886
  0.33747219698070130  0.34776049853769975  0.35796371905019697  0.36795448511710571
  0.37827350159623602  0.38900826155273438  0.40007647854878098  0.41103825179944065
  0.42218494080838981  0.43309051521369862  0.44374906906941919  0.45413108691721316
  0.46477366300815681  0.47542560852917176  0.48633897084824507  0.49721648515340894
  0.50759203977990863  0.51782893569168864  0.52826174586178010  0.53955572007442187
  0.55051225103881618  0.56100656425494266  0.57076787217861280  0.58060409560447102
  0.59063014914911605  0.60076967362176326  0.61079811407071516  0.62039165848284294
  0.62997049056753396  0.63992638692059378  0.65021739664870071  0.66099028111931390
  0.67079601558376534  0.68096596927444641  0.69060351558011357  0.70118109973693110
  0.71105453844381938  0.72120133248140350  0.73131396571358698  0.74183415198630465
  0.75259346958414342  0.76401178886686516  0.77493534718323220  0.78547733964003874
  0.79589422179755176  0.80674366104295481  0.81740382867366845  0.82736849832226289
  0.83716390974691723  0.84733655551352705  0.85778749926923004  0.86826115506602564
  0.87888021869172572  0.88970574447792106  0.90041083310781411  0.91141577314789013
  0.92234707648720216  0.93367599945696556  0.94475618617070223  0.95580034496330568
  0.96681592495067303  0.97777859626063934  0.98881607725745990  1.00000000000000000
 -0.00243903433367706  0.01065691812535333  0.02137484403458279  0.03147150943653031
  0.04169040156831273  0.05165003761159648  0.06207459185898059  0.07282199726721840
  0.08356055070338020  0.09371695137785117  0.10341627167908811  0.11298674300168043
  0.12280875141869951  0.13264316130911277  0.14251424378276001  0.15250208906863261
  0.16254690749346778  0.17260977664294327  0.18297826530586334  0.19394057651454882
  0.20545706490609431  0.21646344463136041  0.22722073465675083  0.23787723289718732
  0.24883144167225246  0.25962271803912279  0.26984889754921187  0.27990055824270754
  0.28983758431481049  0.29955145048827109  0.30915798716679310  0.31903937358297846
  0.32910251807956803  0.33945277797087631  0.34972413936970637  0.35989217201044710
  0.36962861652893314  0.37954568173596870  0.39024098099673549  0.40160459233231388
  0.41332910203241308  0.42536559221904963  0.43726013297827909  0.44881695619916950
  0.45989026996351329  0.47067136484938560  0.48150514945012329  0.49234146619647523
  0.50342890677337548  0.51488320465548465  0.52664654212441420  0.53818187167746834
  0.54928535708143278  0.56019845863373285  0.57108031863154329  0.58188563116675929
  0.59259795409199123  0.60385348235881786  0.61559580942855074  0.62705219102612908
  0.63799198266820278  0.64838905824168280  0.65865086901581471  0.66896880692463268
  0.67972964177537631  0.69063162155991142  0.70115648977552225  0.71140407722997190
  0.72181823047083593  0.73267379522383302  0.74371041990091835  0.75490845481654067
  0.76551950364035259  0.77590796848528032  0.78632359336645563  0.79673551640434848
  0.80692824804664343  0.81687319871321629  0.82688996510470114  0.83681252942595585
  0.84638012185438716  0.85568058190838703  0.86502634332898265  0.87471773344782977
  0.88506424872319411  0.89537600902264625  0.90627687896310627  0.91692682054908314
  0.92716559367250440  0.93699691218140069  0.94676615596980440  0.95669719153379784
  0.96738321705625641  0.97801137124780657  0.98920215866811656  1.00000000000000000
 -0.00249642812100667  0.00991356838992476  0.02007666630306992  0.03043699295671315
  0.04060898729801332  0.05068558172827686  0.06081297137952581  0.07107431736113640
  0.08130699842177962  0.09139586698288589  0.10192871749365043  0.11275259176501196
  0.12394250276284496  0.13484503390323654  0.14566029068269218  0.15611629906855323
  0.16642739182664829  0.17669083576646374  0.18742839455018157  0.19839290246992317
  0.20922756862164693  0.21987081581868684  0.23032006826013030  0.24055560040324056
  0.25073208373556011  0.26064792681455362  0.27105585611404354  0.28156873560525175
  0.29231437233665902  0.30300917005127803  0.31371267063719871  0.32442844284747185
  0.33488097414884194  0.34521304100954775  0.35575876853957988  0.36670648919580656
  0.37743950505095802  0.38758719810831166  0.39759855328662991  0.40766439168817048
  0.41748570115930966  0.42669114096092314  0.43578990509047577  0.44576883681026014
  0.45648255576416735  0.46734355867025545  0.47769350742353883  0.48785092710330252
  0.49833590168928710  0.50917759567331677  0.51987450321268514  0.53035368567860530
  0.54069450694122811  0.55085593898001639  0.56100356466809864  0.57150119812226241
  0.58263614750566772  0.59409996598259085  0.60541012865755595  0.61607743389735981
  0.62599628871150503  0.63629081728816139  0.64657107088843357  0.65726405803148702
  0.66817900061219848  0.67965360510862649  0.69069418040290398  0.70073605519885773
  0.71054311427585604  0.72063689418603738  0.73075525880413383  0.74085538608660206
  0.75097462837661821  0.76163455385103440  0.77260831819134390  0.78354580549532549
  0.79413787713230322  0.80404217824907231  0.81452420549701210  0.82570046480916282
  0.83656401261930413  0.84692935833136929  0.85778081821362429  0.86923123844308714
  0.88114174930685285  0.89288438838919004  0.90340054688756566  0.91330093436524862
  0.92330843288140807  0.93382299248951106  0.94438735102884352  0.95477902464717057
  0.96581102640106009  0.97723119224958155  0.98870607794484500  1.00000000000000000
  0.01327044382399527  0.01662866285249231  0.02033875550834072  0.02523515546652615
  0.03111726481697835  0.03676177812647394  0.04204794146918571  0.04724092154698250
  0.05256292475264130  0.05816391539382204  0.06389086285287035  0.06962365325492728
  0.07540454676727339  0.08116897635094425  0.08673501725387008  0.09207200441917195
  0.09730827462890863  0.10253124253447150  0.10778757174481216  0.11322232771422397
  0.11830894173188598  0.12343971337771029  0.12868553032673752  0.13420969038155320
  0.13985389873860210  0.14535293744111868  0.15073685334947004  0.15617316099276979
  0.16175427621336652  0.16747704864523053  0.17331173855206733  0.17906671235302221
  0.18480379846590061  0.19079816095252272  0.19691814735687352  0.20311401543180205
  0.20959186175624880  0.21610410941710273  0.22263362907820522  0.22917570622194852
  0.23587273117834145  0.24283117676348839  0.24984055368168484  0.25663868348715119
  0.26329016696855084  0.26992959876005346  0.27659550883337164  0.28350089768605641
  0.29061941707002331  0.29769039640769951  0.30489757055444172  0.31200570095764529
  0.31926564541165969  0.32622369509924792  0.33325862409690182  0.34036265613425293
  0.34783174007012663  0.35562669642845396  0.36365911832163633  0.37197172337369527
  0.38040460779023000  0.38900621213790537  0.39783933381267528  0.40682655949735608
  0.41575760348516083  0.42473716464561251  0.43407076140214135  0.44401977902808770
  0.45418141584265770  0.46408856839887452  0.47375489205648791  0.48384294612685219
  0.49463014324381410  0.50556618419501165  0.51646294495609613  0.52753767013868236
  0.53873455526506164  0.55036310301541669  0.56238235148736548  0.57473842151230825
  0.58746989004262595  0.60078816716331640  0.61445899671308413  0.62899342207519493
  0.64402787964824615  0.65958768814456659  0.67709237625150531  0.69649266394382781
  0.71682284790820983  0.73856790782325210  0.76153362161783422  0.78694511050484472
  0.81670987012053764  0.85297086910624953  0.90529465105238371  1.00000000000000000
 -0.00227668495969247  0.00859035518204627  0.01797306364584796  0.02764115320826342
  0.03757618148074882  0.04747087601819871  0.05723200339553590  0.06705102623482824
  0.07705587930802330  0.08749962763446628  0.09836930887822089  0.10930759751193445
  0.12027429786048377  0.13113083744227291  0.14172747409673198  0.15173932232005780
  0.16130474920880936  0.17083589115900155  0.18064048882519240  0.19079117010587443
  0.20084455635501952  0.21086178998871138  0.22088414960035210  0.23129902369045152
  0.24213313041917550  0.25322326958380320  0.26414563693653631  0.27465957876170827
  0.28518421322877097  0.29590534428532100  0.30645261994568523  0.31683390249994514
  0.32736651673600520  0.33853792080382583  0.34956620698873186  0.36018631830288678
  0.37042650765217150  0.38129144384695818  0.39259641796473449  0.40474109374703682
  0.41666877081030357  0.42801984640847746  0.43873256203732880  0.44977251434603166
  0.46071917477964314  0.47177283988360980  0.48315308831636783  0.49424304332932550
  0.50527919753796424  0.51543102560193288  0.52608041582908827  0.53665530193736966
  0.54801383675230320  0.55906737505048154  0.57041599250046571  0.58037325219719205
  0.59029127962331718  0.60035849388684936  0.61123416444641765  0.62263239708811946
  0.63308840990756854  0.64283507980028698  0.65224431349715972  0.66192646702694669
  0.67221102057461557  0.68255421403081584  0.69277526512583565  0.70356800249905627
  0.71415996825827877  0.72489886404526427  0.73490542643984358  0.74466513446602722
  0.75467057801905901  0.76499516307848636  0.77564736047895422  0.78658142048236790
  0.79796474469012568  0.80960825021500404  0.82068840384043384  0.83136414224755484
  0.84204017578989976  0.85291867104360153  0.86327745641763498  0.87313605914741166
  0.88311246676356536  0.89349036935263670  0.90422565507072794  0.91530801224399994
  0.92615006435426139  0.93651642316517258  0.94656970748486213  0.95692452615794632
  0.96754152177460773  0.97796538934975852  0.98893321795294276  1.00000000000000000
  0.02378376140361531  0.03283863060788532  0.04316413084893159  0.05346158724978958
  0.06343243177677120  0.07334684793373716  0.08359334122300989  0.09395248893161018
  0.10395574673844388  0.11377463011757730  0.12389637267263946  0.13438125130871892
  0.14496447809890214  0.15554823609672347  0.16595999028845046  0.17603860535567967
  0.18603628166106459  0.19598738386956208  0.20582880531992070  0.21556179486359642
  0.22541075112045095  0.23546102997778767  0.24551507999723202  0.25542107887624560
  0.26522048622451810  0.27484329025215420  0.28422724682231060  0.29374974616723848
  0.30357006746715215  0.31386302283089956  0.32437993158449058  0.33481796631618543
  0.34499404058192795  0.35502027619220528  0.36502388178519957  0.37530232203219233
  0.38579209408527393  0.39601812499436734  0.40601746546952894  0.41584204472029224
  0.42594384142367142  0.43614396755450624  0.44608272082967898  0.45587380098484792
  0.46578407076855088  0.47614372149883610  0.48686246862541938  0.49777905832119296
  0.50872617168074641  0.51949348712949905  0.53016754319168713  0.54088579349567900
  0.55184380635425379  0.56271077897926081  0.57366794225851214  0.58453236235675043
  0.59496708951663047  0.60469057324203712  0.61397393781196974  0.62340849648357444
  0.63325775642487780  0.64316310432311585  0.65302093887678436  0.66271968281343663
  0.67199113940228938  0.68104127468071940  0.69051305094424775  0.70087821472553480
  0.71114263327839078  0.72099764824556212  0.73089506254625980  0.74119713284999633
  0.75188482973494752  0.76280319605805524  0.77381359977723374  0.78480287921464376
  0.79563998300429273  0.80628912410791853  0.81652457409788193  0.82650131612304145
  0.83652458415284081  0.84663792772578872  0.85670515213903464  0.86639669919697382
  0.87589207047106932  0.88551693509626395  0.89556278653544874  0.90600287126044210
  0.91645039639649739  0.92667074525197202  0.93663427280651301  0.94651605204261147
  0.95677320234216501  0.96613945446448446  0.97078323435957903  1.00000000000000000
  0.09234583743201405  0.11644716634583684  0.13744910082429135  0.15385568894196888
  0.16860132319546300  0.18141065600452838  0.19317547165363319  0.20415729277454203
  0.21407840115001239  0.22385210607605732  0.23342666210834873  0.24271055430868854
  0.25125383335285745  0.25968930518523720  0.26827252975140586  0.27701486670059494
  0.28550141629691572  0.29378531112526585  0.30224730012480105  0.31082281427048492
  0.31932138904384189  0.32780483895406382  0.33609167260377260  0.34387254313148424
  0.35127412988651069  0.35845027965813453  0.36553147114639090  0.37257717172926114
  0.37973945741417497  0.38699630825127490  0.39434080274519084  0.40165051278655978
  0.40871041672819347  0.41554119230490111  0.42225223831979697  0.42889002302958834
  0.43549055453991936  0.44186995983547489  0.44807963893724284  0.45452140704393451
  0.46075881613761999  0.46703218383528422  0.47331574099967477  0.47955139786357343
  0.48543075771368743  0.49123676834047664  0.49713338128569029  0.50311277188787407
  0.50899504664672368  0.51467367046126389  0.52053199802554206  0.52657298974679767
  0.53253744131531355  0.53831641725324941  0.54398416860324339  0.54964454042000899
  0.55531413801744722  0.56098026904693932  0.56668823433069404  0.57250851900581101
  0.57845257495496116  0.58422972376511106  0.58984663794695935  0.59521901400152666
  0.60066581326216451  0.60595955452726513  0.61113897347715629  0.61633230398840499
  0.62159059893474455  0.62700196686837228  0.63261685381603283  0.63827980286292285
  0.64380161908867417  0.64931705112206928  0.65485347192516652  0.66052407792182566
  0.66663167523846756  0.67292521461815247  0.67927658432791327  0.68564754735924249
  0.69221190925725484  0.69902510855172117  0.70600879236254843  0.71315282874869035
  0.72034369235070483  0.72755937914340052  0.73574861678467440  0.74509390478160131
  0.75617409149299142  0.76860072332680063  0.78324422170922448  0.79826263306954193
  0.81723009524800116  0.84146197378218412  0.93216844452922598  1.00000000000000000
   1.0625960378590724E-027  -1.0000000000000000     
 F F F F F F F F F F F F F F F F T F T F T F T F F F F F F F F F T F T F T F T F F F F F F F F F T F T F T F T F T F T F T F T F F F F F F F F F F F F F F F F F T F T F T F T F F F F F F F F F T F T F T F T F F F F F F F F F T F T F T F T F T F T F T F T F
  <DiscreteSampler_grid>
  grouped_processes
  1 # 1 for a reference and 2 for a running grid.
  10 # Attribute 'min_bin_probing_points' of the grid.
  1 # Attribute 'grid_mode' of the grid. 1=='default',2=='initialization'
  0.0000000000000000 # Attribute 'small_contrib_threshold' of the grid.
  0.5000000000000000 # Attribute 'damping_power' of the grid.
 # binID   n_entries weight   weight_sqr   abs_weight
    13   10   3.361398559253574E-018   6.441030623269225E-035   3.361398559253574E-018
    14   10   3.361398559253588E-018   6.441030623269234E-035   3.361398559253588E-018
    25   10   6.323682321330840E-018   1.956143328284066E-034   6.323682321330840E-018
    26   10   6.323682321331696E-018   1.956143328284798E-034   6.323682321331696E-018
  </DiscreteSampler_grid>
