  0.00000000005610984  0.00000000013654668  0.00000000019801537  0.00000000025785656
  0.00000000032177392  0.00000000038991606  0.00000000046081047  0.00000000053506478
  0.00000000061326502  0.00000000069484535  0.00000000077214615  0.00000000085296441
  0.00000000093564084  0.00000000102266135  0.00000000111698008  0.00000000121433765
  0.00000000131135104  0.00000000141353570  0.00000000151691015  0.00000000161842595
  0.00000000171905800  0.00000000182858367  0.00000000194153487  0.00000000205472675
  0.00000000216691531  0.00000000228214792  0.00000000240113085  0.00000000252352489
  0.00000000264467629  0.00000000276650976  0.00000000288562172  0.00000000301227852
  0.00000000314515359  0.00000000328159993  0.00000000341399533  0.00000000354585731
  0.00000000367494454  0.00000000380592712  0.00000000393860091  0.00000000408282764
  0.00000000422811431  0.00000000437347662  0.00000000451954964  0.00000000466615742
  0.00000000481303524  0.00000000495783432  0.00000000510524635  0.00000000525889094
  0.00000000542708537  0.00000000559497171  0.00000000576995350  0.00000000594420090
  0.00000000611258675  0.00000000628569875  0.00000000645696790  0.00000000662652395
  0.00000000680489849  0.00000000699385565  0.00000000719616873  0.00000000739995828
  0.00000000760124807  0.00000000780548617  0.00000000801563165  0.00000000822840212
  0.00000000843699732  0.00000000863711700  0.00000000883352894  0.00000000905274673
  0.00000000928113147  0.00000000951343490  0.00000000975534442  0.00000001000528590
  0.00000001025978716  0.00000001051912802  0.00000001078146207  0.00000001104276624
  0.00000001130745227  0.00000001156783980  0.00000001187310102  0.00000001222257253
  0.00000001258414128  0.00000001294959008  0.00000001331808905  0.00000001369516866
  0.00000001408738467  0.00000001453160328  0.00000001497127075  0.00000001546760203
  0.00000001604486897  0.00000001667767999  0.00000001736340670  0.00000001816175576
  0.00000001912776509  0.00000002044662257  0.00000002123331079  1.00000000000000000
  0.00941851249358445  0.01719598940368144  0.02696827107480754  0.03886420560795990
  0.04984770641158669  0.06097761020295769  0.07147039871417636  0.08210013512148548
  0.09248397919088966  0.10275061670712986  0.11315477857204660  0.12355433145790430
  0.13400446139443392  0.14377091091061023  0.15370439718925527  0.16374550349048764
  0.17376446363053816  0.18362629217455759  0.19304283047406573  0.20240002749270070
  0.21248062418552374  0.22251199654444415  0.23221522195717914  0.24191268476804476
  0.25253632031983431  0.26445551862016409  0.27601123777618819  0.28586621761885606
  0.29601259509599670  0.30601732826708583  0.31650647092642070  0.32649641670263380
  0.33649109473050254  0.34638791483739917  0.35651766972230714  0.36665712729377337
  0.37656113343167458  0.38724714487795303  0.39764267013831123  0.40850268099866122
  0.41934637933322749  0.43014598318153002  0.44107287231190995  0.45243908880153105
  0.46345861377433012  0.47422674938261655  0.48485260542894654  0.49530938736744434
  0.50568068649019726  0.51597447075480751  0.52755864287406684  0.53928441924378534
  0.55079270660986712  0.56195700138687288  0.57316289468121573  0.58408544162013121
  0.59441206514764877  0.60456266709984741  0.61425388760291944  0.62396918646121247
  0.63345028448408036  0.64326945062209850  0.65328474657927760  0.66333824524192220
  0.67353799216003163  0.68431149494479782  0.69502333344184564  0.70539234035374521
  0.71522197169091517  0.72471697361773635  0.73404708759317749  0.74349179537843446
  0.75314937420833461  0.76366974658345088  0.77370989455137751  0.78395247671497592
  0.79407561764577639  0.80415159173056860  0.81410237690980880  0.82449147696811798
  0.83465904285612913  0.84462453039464724  0.85457018347352842  0.86555740288689653
  0.87673824404379075  0.88737448332878266  0.89775546162393294  0.90803175991621488
  0.91836276983156195  0.92824518753477503  0.93840829478267740  0.94886668531197249
  0.95933252664304314  0.96965093469054475  0.97976494680643911  1.00000000000000000
 -0.00258187672970361  0.01057369420800759  0.02275975647432698  0.03487899414252479
  0.04747247666520688  0.06021133067857076  0.07202718983111786  0.08305776265470778
  0.09367522271003975  0.10464373351679762  0.11556683520248531  0.12586346440814905
  0.13668495674226441  0.14733155002769549  0.15834911433677126  0.16900954309425237
  0.18004282330923849  0.19123172082603535  0.20263324287159779  0.21397549011245684
  0.22550637855497624  0.23656909068054588  0.24762370492829708  0.25844415579489993
  0.26938091374090817  0.27986161104120943  0.29059536994070667  0.30130088861434423
  0.31190825010552808  0.32233369704143450  0.33272254050948635  0.34354310712811581
  0.35452071933272522  0.36577024692900134  0.37714082066232030  0.38860025250752783
  0.39974245687657350  0.40977425381552024  0.41990958271203177  0.42930687150976721
  0.43894542460300706  0.44884726624444993  0.45907738658751551  0.46935186301229870
  0.47976113943782117  0.49035766728609020  0.50094633448752102  0.51133345161787891
  0.52162968991057934  0.53206716457055425  0.54270865927329159  0.55358557999969404
  0.56428853313357030  0.57437151513766849  0.58419240889590218  0.59404374830452178
  0.60408931207988248  0.61402122663832281  0.62378639416740000  0.63368380691240833
  0.64367592384240391  0.65376278865624915  0.66393867450473076  0.67372395404855767
  0.68354794933923946  0.69387813276957422  0.70448567474736823  0.71504051623514930
  0.72533368258030140  0.73544478180265782  0.74545100020976751  0.75501124228031280
  0.76443961769057078  0.77414226738423264  0.78413290610334652  0.79435113780878530
  0.80488700273909652  0.81572128469543947  0.82660434542993910  0.83705969554450121
  0.84713014410391030  0.85702480706843787  0.86678539140843858  0.87656875878639051
  0.88678961365248321  0.89716951987078475  0.90766945374380026  0.91794440503988695
  0.92855183617864212  0.93902025919748533  0.94874209496237416  0.95878247086778157
  0.96931636284507405  0.98026535863409325  0.99008517856787748  1.00000000000000000
 -0.00300574560111420  0.01047642266137727  0.02211300410424190  0.03359766679279880
  0.04473081249345560  0.05533265608115117  0.06579496209586545  0.07629921417205798
  0.08696824411791636  0.09766426362258186  0.10808577134607103  0.11838630156084774
  0.12889101665664360  0.13982730223243789  0.15073351123061796  0.16175070671738020
  0.17295471923515082  0.18454649411981411  0.19548489169519917  0.20586988460283001
  0.21590729245560658  0.22594303410777067  0.23595348317960121  0.24618622001309354
  0.25662579169806404  0.26740776971374025  0.27802673339737799  0.28829320864886537
  0.29770836320273847  0.30707269706153983  0.31659754085733077  0.32693556617255104
  0.33800353907349595  0.34952006237551841  0.36053151137174155  0.37177031306199215
  0.38307200468126518  0.39424300355029179  0.40448107130807143  0.41388607038680997
  0.42283400222039680  0.43152528104779536  0.44036941390381068  0.44968152887385249
  0.45951308775110122  0.47000259593315458  0.48058389685584596  0.49089396319747058
  0.50140003344814033  0.51167460050887836  0.52182979457307110  0.53219818456978707
  0.54282911699233161  0.55371202157233379  0.56443345427295333  0.57502807545216184
  0.58557546610363720  0.59605010433983707  0.60647074008574531  0.61681333997712573
  0.62711454046875725  0.63755899936542404  0.64838124963087473  0.65898951469764100
  0.66924167296318471  0.67902341031354452  0.68876995862340662  0.69844886549319996
  0.70849475098074721  0.71884741258154272  0.72936972961658397  0.74029960508421366
  0.75123983405326045  0.76159030726218035  0.77163273120048603  0.78175673343247121
  0.79203002297074176  0.80197634322711375  0.81187404531579821  0.82310997461494650
  0.83425782077338650  0.84529714814138801  0.85607541237405183  0.86793237297663206
  0.87980456321467804  0.89169905720842735  0.90319252907237257  0.91421466293221998
  0.92508074064083112  0.93561615559135369  0.94611843658549133  0.95652358990617281
  0.96754920116025867  0.97860959156391847  0.98929248337828080  1.00000000000000000
 -0.00221687613479625  0.00940671703560125  0.01930854040301739  0.02896865149029670
  0.03910614376972291  0.04911233933858218  0.05942011737496271  0.06961200016963150
  0.08013093139932116  0.08987344785159487  0.09953841044409671  0.10873726353030407
  0.11795236545999564  0.12726243997067038  0.13677583527014334  0.14637813815226758
  0.15663593040252161  0.16678661843342699  0.17715055166661214  0.18749954118706447
  0.19861495209752375  0.21022152918183440  0.22170870284292366  0.23215943380217541
  0.24183341690851884  0.25187771537557102  0.26206250855779267  0.27252152388588463
  0.28291186795546164  0.29392058532853549  0.30501735969527799  0.31584938545088143
  0.32663775604175516  0.33742786247812262  0.34830759302438741  0.35889389925517123
  0.36947917756761928  0.37988462384504285  0.39016335633833238  0.40056762377915361
  0.41161342481927193  0.42274272291915549  0.43352988031250228  0.44375974347044889
  0.45386874388613546  0.46404366272271258  0.47443427200012039  0.48499284302475593
  0.49591872771275936  0.50685566450536246  0.51802018056520116  0.52893781939441042
  0.53964340453619519  0.55027866771248868  0.56089225240259188  0.57154251549174551
  0.58228949317683898  0.59304484367663135  0.60361794500072929  0.61452231810286118
  0.62459919377423156  0.63570506523640469  0.64632207265837294  0.65806993845299910
  0.66928300201081770  0.67964887590773415  0.68957070852959068  0.69952711079234153
  0.70992753108226547  0.72081150917331061  0.73169444023101948  0.74253698187007899
  0.75278097038370895  0.76269893298614011  0.77295144324666087  0.78379208042378345
  0.79472930752904980  0.80533727672996414  0.81583342682661475  0.82689536125065732
  0.83730626725542479  0.84728410502331541  0.85787689537167722  0.86934602130607175
  0.88028264119392763  0.89066470193835900  0.90087688613755279  0.91116048438076991
  0.92138466577077605  0.93179883901220872  0.94276327470949495  0.95397132484751657
  0.96508002951180005  0.97660156105652607  0.98806810833897796  1.00000000000000000
 -0.00252781969424148  0.01001870324935247  0.02059544330151103  0.03142947465834429
  0.04182112748361430  0.05255681441933970  0.06354078816341358  0.07472378278519543
  0.08632790490590440  0.09815521130135708  0.10952718479859277  0.12007015216340235
  0.13050016372853962  0.14122780268962418  0.15219363646578260  0.16294035470668650
  0.17317273546304271  0.18324161056004112  0.19315480879621064  0.20299264578785448
  0.21315045095638036  0.22390700801955160  0.23546532196824990  0.24698292402111183
  0.25844083237339066  0.26942011357531903  0.27984302323917470  0.29019131908020385
  0.30114529013233088  0.31165235138226677  0.32163517909843620  0.33119871999993089
  0.34181651172496080  0.35305293330211890  0.36349732415735553  0.37335955626113276
  0.38433742390067355  0.39532086484725082  0.40582553241240926  0.41629791785470682
  0.42686540725796457  0.43745920518447229  0.44811013253009907  0.45849524050173118
  0.46850013103518673  0.47808300851471935  0.48875233083135516  0.49982538891266692
  0.51060916228467412  0.52103475876732874  0.53146178182681980  0.54183617795499561
  0.55174158112952609  0.56158815015520269  0.57137738412507344  0.58138269951079491
  0.59168639457575578  0.60239281463565708  0.61309882300323271  0.62347884430958289
  0.63417363966205365  0.64485486481330256  0.65555012938502077  0.66615080272128657
  0.67729430806067603  0.68850441711798260  0.69937263280415185  0.71050465627051218
  0.72117229314781328  0.73161958973047736  0.74123393031769425  0.75144201637335439
  0.76164229036397857  0.77180018878968870  0.78184978791229753  0.79167211067961929
  0.80187790580883966  0.81217932458003161  0.82270195860556161  0.83313141862789164
  0.84362359311685076  0.85354616924578197  0.86423035761360967  0.87452327293582288
  0.88528221783728100  0.89596838588664129  0.90655502836722279  0.91770397589899400
  0.92817202131912435  0.93851117548683827  0.94865367748021523  0.95868620450946485
  0.96862358135166082  0.97852353809836190  0.98901338190774346  1.00000000000000000
  0.00375326325669515  0.11222842329645691  0.16909227643961472  0.20983226877122507
  0.24358745853101058  0.27317996158768065  0.29829740196473598  0.31958004340516261
  0.33956637412181129  0.35852733393140690  0.37592767992336873  0.39264141416329273
  0.40848492905590755  0.42394944729459799  0.43899339491376210  0.45335601422665345
  0.46644764514102882  0.47858511192849479  0.49015662250774905  0.50145045816758715
  0.51217080018112882  0.52262714622324280  0.53340322729185696  0.54403883178383339
  0.55466353790021439  0.56507244215190156  0.57537312935860385  0.58542458870133263
  0.59499639706444951  0.60415408735254150  0.61269298885658219  0.62103569020749783
  0.62952429349195238  0.63827727406590373  0.64673006941408773  0.65472435895267245
  0.66237299620813594  0.66991960004278484  0.67757585881898286  0.68526211001565673
  0.69260986279036352  0.69986871484537150  0.70709522618095400  0.71449038032250078
  0.72198004421925555  0.72956294272757793  0.73683780078700034  0.74380328454093880
  0.75035443666432533  0.75681887261954306  0.76315806623844284  0.76956705244158075
  0.77579628472770368  0.78174548765787510  0.78762015941831576  0.79362230153300950
  0.79993898075897796  0.80639665340647759  0.81249115432092278  0.81836293609701083
  0.82402287465788393  0.82965956960268339  0.83539846390466843  0.84128278367939191
  0.84736077363283135  0.85342718965785369  0.85909470966467405  0.86447327526431506
  0.86976920505678945  0.87515156602362687  0.88034104762627563  0.88543338718963926
  0.89051649886148099  0.89552479470768032  0.90032326106952187  0.90498632204585450
  0.90973417295581360  0.91436879541151483  0.91888963960774417  0.92324772436083846
  0.92750452693155416  0.93178873086729630  0.93624437414203709  0.94073074167682380
  0.94517716495510962  0.94961519550738704  0.95400094899542975  0.95831347232666908
  0.96265195956073124  0.96709948012898850  0.97165596061115489  0.97615518963791414
  0.98052475874362788  0.98418536903368925  0.98635443015083635  1.00000000000000000
 -0.00249635037515668  0.00926994314339153  0.01996824178317883  0.03043754120631204
  0.04138682745038204  0.05251116163457237  0.06342837407570308  0.07384554872904887
  0.08391220649214287  0.09423734620185253  0.10405886975725416  0.11416023163080688
  0.12396533679428709  0.13371130143696913  0.14339419909505061  0.15334526365415246
  0.16386860875963877  0.17491203944528672  0.18567277141118463  0.19663421397721317
  0.20753903849578162  0.21869272505545512  0.23008657869693738  0.24089431862934146
  0.25155326291110047  0.26178574573670138  0.27228191521692474  0.28284146549746142
  0.29283568506454521  0.30243319370617761  0.31221757133083505  0.32255942203285759
  0.33302656088919447  0.34321974759125151  0.35306511897999726  0.36287406655090104
  0.37324514655724228  0.38404570300443935  0.39498235824668937  0.40510991329732227
  0.41497461430369437  0.42509580715986578  0.43530413395476975  0.44527415404368298
  0.45503183259129759  0.46496710337924829  0.47494057140500245  0.48499760197612096
  0.49527239431781839  0.50533495657194549  0.51555655381748766  0.52577622076697172
  0.53625987316709267  0.54674794631660750  0.55729443023540826  0.56821138748843980
  0.57911310378344605  0.59021176076363990  0.60136481958594667  0.61240287746373967
  0.62299342590465101  0.63328401095099196  0.64373385741693268  0.65442511331025577
  0.66522791507346124  0.67570318818325537  0.68620698123402535  0.69723939049054118
  0.70819101423079500  0.71904235816981288  0.72962023482696037  0.74000018083850894
  0.75040610746615810  0.76090784231981201  0.77181488513626306  0.78373440991154875
  0.79537802988956219  0.80710302788856114  0.81863347222242311  0.82977410568253174
  0.84101465281639931  0.85152658728565800  0.86179944861111535  0.87148852788022291
  0.88206326762289711  0.89318444820068654  0.90453594330012610  0.91540057157603527
  0.92658395712640285  0.93799860923499367  0.94956079120081915  0.96076988184950385
  0.97119493181734740  0.98114086644973775  0.99063229163493183  1.00000000000000000
  0.02423317577740825  0.03244011246907719  0.04196178552001892  0.05169549956839953
  0.06100792834148264  0.06976745092396609  0.07848750531836397  0.08768618383715721
  0.09736264530227116  0.10735177171850442  0.11712388619799162  0.12701275062793715
  0.13725791295013764  0.14742975886873746  0.15740810788582352  0.16728300851744110
  0.17719635010673596  0.18705360757667580  0.19718397227613121  0.20777256825276733
  0.21838024225246466  0.22890454876529193  0.23943264943483986  0.25030721547176410
  0.26135776286986945  0.27220177527975997  0.28288807327108612  0.29356598780158999
  0.30402923179295877  0.31408605624961000  0.32379509407378126  0.33361055310688453
  0.34356683873376265  0.35360014783829180  0.36362930835397728  0.37374493868860442
  0.38417420230105603  0.39466228364875378  0.40516449368760171  0.41569691633949107
  0.42618206362710093  0.43683852011953872  0.44779882867951637  0.45857470561097863
  0.46900767554206729  0.47903179082751862  0.48929272642740562  0.49997499500697229
  0.51142122289079150  0.52309770381662501  0.53433002971285670  0.54546396743743752
  0.55638130190398993  0.56738968969133574  0.57801560247690198  0.58821107279001794
  0.59755471473493249  0.60688658529838924  0.61602373000154276  0.62541707228574506
  0.63522782661751820  0.64553282187040872  0.65628232084794380  0.66649757158147083
  0.67635892308722889  0.68604153581970861  0.69585787576026759  0.70597228931305300
  0.71533378434980932  0.72462271504692111  0.73363577360693544  0.74279919233575509
  0.75201021766374287  0.76070987900198905  0.76930283064063421  0.77835773588146073
  0.78786735446212652  0.79767927122254934  0.80781124051195974  0.81822596329731467
  0.82858869561726112  0.83845837181571203  0.84823479036721350  0.85833043471825232
  0.86879928158820463  0.87936060436930086  0.89057314937478549  0.90200220966492073
  0.91271719431782017  0.92283142781942529  0.93267877040153935  0.94307303832141554
  0.95409550860411496  0.96416836063456968  0.97105865362933552  1.00000000000000000
  0.09491944232024510  0.22625061355768619  0.25751197235328688  0.28202945219098641
  0.30202195442085400  0.31951538953451508  0.33578806290160879  0.35076825566412267
  0.36387446520727690  0.37604083631706853  0.38799012566427338  0.39987897566913366
  0.41148879958536572  0.42278775167853744  0.43448794004401892  0.44575434298444272
  0.45685596806911000  0.46756757032520119  0.47849702811964134  0.48908808137806792
  0.49940861449893742  0.50924695550119137  0.51903194136054009  0.52855033898614412
  0.53767031864227388  0.54648745562475143  0.55523785299202877  0.56399079389806250
  0.57267884144125858  0.58134597626737805  0.58989749334969099  0.59847278454282871
  0.60696931773001150  0.61515474416775440  0.62310848276781450  0.63073033209790452
  0.63808324007744710  0.64518378846986113  0.65200402446933137  0.65882096984572602
  0.66559870746611727  0.67226732536300937  0.67859522227097158  0.68488839257668899
  0.69098301684039742  0.69706792136726881  0.70318519633115162  0.70924632453576064
  0.71532490139766081  0.72117775085855784  0.72697664989580169  0.73262244517036790
  0.73813436776833918  0.74341599459206631  0.74843517582640229  0.75325976572107867
  0.75794696633909531  0.76277992134918693  0.76760223218124579  0.77233688115767851
  0.77689899837128717  0.78147707187514126  0.78600162653695105  0.79045640920883042
  0.79476705911222711  0.79879947736638179  0.80285299255705100  0.80697792243449440
  0.81095466781421388  0.81482021280226113  0.81849509326512282  0.82214321378894906
  0.82594870758367178  0.82961473756416326  0.83327306980653670  0.83688438578846003
  0.84044867509745491  0.84398973425324719  0.84731301253021174  0.85068034627283018
  0.85399108370226096  0.85750795981703665  0.86099381653973883  0.86424512686977828
  0.86766018382241872  0.87120108588805745  0.87484698103884573  0.87840745776466578
  0.88197067632675052  0.88587046059920260  0.89051542671496575  0.89610112847281898
  0.90166218065150483  0.90717362328377560  0.91037791238212351  1.00000000000000000
   1.4380872622488654E-016  -1.0000000000000000     
 F F F F F F F F F F F F F F F F T F T F F F T F F F F F F F F F T F T F F F T F F F F F F F F F T F T F T F T F T F T F T F T F F F F F F F F F F F F F F F F F T F T F F F T F F F F F F F F F T F T F F F T F F F F F F F F F T F T F T F T F T F T F T F T F
  <DiscreteSampler_grid>
  grouped_processes
  1 # 1 for a reference and 2 for a running grid.
  10 # Attribute 'min_bin_probing_points' of the grid.
  1 # Attribute 'grid_mode' of the grid. 1=='default',2=='initialization'
  0.0000000000000000 # Attribute 'small_contrib_threshold' of the grid.
  0.5000000000000000 # Attribute 'damping_power' of the grid.
 # binID   n_entries weight   weight_sqr   abs_weight
    13   10   1.313420714040110E-006   6.828524822914807E-012   1.313420714040110E-006
    14   10   1.313420714040234E-006   6.828524822916320E-012   1.313420714040234E-006
    25   10   1.412888857768061E-006   1.539379977749405E-011   1.412888857768061E-006
    26   10   1.412888857768046E-006   1.539379977749381E-011   1.412888857768046E-006
  </DiscreteSampler_grid>
