  0.00000000024822614  0.00000000033985716  0.00000000041885655  0.00000000049711914
  0.00000000057769745  0.00000000066083677  0.00000000074374805  0.00000000083428140
  0.00000000092642550  0.00000000101979718  0.00000000111366781  0.00000000120801764
  0.00000000130895612  0.00000000141508155  0.00000000151861613  0.00000000162292067
  0.00000000173147334  0.00000000183930322  0.00000000195023467  0.00000000206407359
  0.00000000218179333  0.00000000229952387  0.00000000241631347  0.00000000253328933
  0.00000000265275340  0.00000000277820408  0.00000000290711633  0.00000000303472805
  0.00000000316130721  0.00000000328780697  0.00000000341365160  0.00000000354747408
  0.00000000368378707  0.00000000382159972  0.00000000395931519  0.00000000409699041
  0.00000000423226959  0.00000000436944461  0.00000000451142099  0.00000000465807043
  0.00000000480427602  0.00000000495134675  0.00000000509952626  0.00000000524854423
  0.00000000539915059  0.00000000554925498  0.00000000570091192  0.00000000586034745
  0.00000000602614667  0.00000000619350371  0.00000000636739274  0.00000000654325685
  0.00000000671839692  0.00000000689500094  0.00000000707271437  0.00000000724238713
  0.00000000742326263  0.00000000761357150  0.00000000780765514  0.00000000800551120
  0.00000000820768170  0.00000000841457004  0.00000000862611491  0.00000000884042119
  0.00000000905323934  0.00000000926149449  0.00000000946860142  0.00000000969602968
  0.00000000993694814  0.00000001018624885  0.00000001043674187  0.00000001068797077
  0.00000001094201135  0.00000001119733951  0.00000001145960366  0.00000001173679781
  0.00000001201077341  0.00000001230415968  0.00000001261309981  0.00000001294546344
  0.00000001329573499  0.00000001365381521  0.00000001402318143  0.00000001440176556
  0.00000001479335596  0.00000001520537816  0.00000001564937733  0.00000001613090057
  0.00000001677036703  0.00000001746334872  0.00000001822135398  0.00000001907652520
  0.00000002009412851  0.00000002214709793  0.00000002366108903  1.00000000000000000
  0.00970567036183086  0.01600238756483409  0.02479207553704833  0.03462074644592553
  0.04443236318180123  0.05449378927129972  0.06483061083159708  0.07551947493556695
  0.08645005401068125  0.09757891471690071  0.10829487180058558  0.11889349413670655
  0.12921677988225982  0.13971037197778333  0.15007474597630735  0.16011302974153280
  0.17001882991461173  0.18007366216456785  0.19042162401929369  0.20069797400386793
  0.21070770370712263  0.22082593171331122  0.23106061559398935  0.24088237556931580
  0.25053093716286179  0.26028497521489397  0.27045497581807487  0.28083077497639070
  0.29096114124676525  0.30130525890635818  0.31138447709471995  0.32168089458518623
  0.33199676058178551  0.34242131845113433  0.35304837704285269  0.36371600116319119
  0.37418550918719673  0.38439533911865625  0.39454579800069617  0.40485713479689500
  0.41491441050488548  0.42506926776884763  0.43527359079483713  0.44594730666434296
  0.45621952237508306  0.46652667951705667  0.47666166762741202  0.48694239807930467
  0.49726381679732085  0.50841818422643748  0.51921933497779282  0.53002546202192424
  0.54065959330271895  0.55232721998830570  0.56383945647567202  0.57449157760553771
  0.58522351149558438  0.59596578862817706  0.60666177817923728  0.61692248056665788
  0.62707681910879987  0.63706316793393691  0.64687802871547817  0.65684805951983916
  0.66711500685868652  0.67777461784130322  0.68827567502513787  0.69852006673708134
  0.70874314260553872  0.71931935136060166  0.73027545312351461  0.74140511746873539
  0.75232491601994345  0.76308720713087852  0.77366434029449505  0.78403725193264739
  0.79453019472546593  0.80529573787320674  0.81606907652692628  0.82644106284066132
  0.83662340025696935  0.84683854208280573  0.85700091568975245  0.86682740578362549
  0.87658679652476812  0.88654662807944795  0.89665465818677625  0.90669485357897162
  0.91645962088693678  0.92631223449307576  0.93670016524561894  0.94771827022710686
  0.95902424066374270  0.96979771768934042  0.98059000342147462  1.00000000000000000
 -0.00204484273796559  0.00978025294355921  0.01974275153199576  0.03004651056608285
  0.04038369209530153  0.05048022857517219  0.06036107050774012  0.07087901186415176
  0.08158606200274614  0.09217548375445761  0.10232281410877442  0.11279534009450710
  0.12326474879529589  0.13374838715770915  0.14471780277745477  0.15660879846122464
  0.16824228694720464  0.17950196167139595  0.19008037012873930  0.20121977097169125
  0.21182346883303760  0.22238522001677477  0.23284413178526947  0.24386787908442695
  0.25430169625775956  0.26443219239070431  0.27498755398381314  0.28594141897122666
  0.29671419370830288  0.30730892365721357  0.31849209870137446  0.32993331956176691
  0.34109507557041363  0.35238293386788261  0.36309295166057193  0.37338208981132665
  0.38315629582584132  0.39314554068091684  0.40355835192223422  0.41404933284479029
  0.42452724078945525  0.43486154430242663  0.44509451915613640  0.45546054111753376
  0.46639496942030434  0.47782690807829109  0.48887604438322918  0.49970169956868032
  0.51068176852867275  0.52142036829300786  0.53196317168460905  0.54242613619112146
  0.55293749905123191  0.56338811089264695  0.57338608715907524  0.58336488780380324
  0.59307845800570869  0.60300774814992208  0.61303760081130354  0.62312924648913381
  0.63320896980844021  0.64317151515818249  0.65323303793289467  0.66359130826132007
  0.67406422146733003  0.68483405136078868  0.69562977368662759  0.70632209167941307
  0.71667059336740102  0.72685068699135102  0.73709521906954212  0.74751618237987638
  0.75769939032755840  0.76798364528493090  0.77847361801981696  0.78918944869260177
  0.79955046759914994  0.80948673762461099  0.81926869641167432  0.82893378118242300
  0.83881690027222688  0.84907879098240324  0.85970654396965684  0.87104904432442209
  0.88207683138495119  0.89289520676447154  0.90358145122135158  0.91402371835930973
  0.92465182007112745  0.93485118836209613  0.94485773942745477  0.95524140961675119
  0.96594047490776835  0.97713041846135817  0.98850000749605049  1.00000000000000000
 -0.00239917185350761  0.01020184410075402  0.02028813643313191  0.03087510527630226
  0.04125427923439863  0.05205353355865774  0.06253591960494584  0.07350849686082621
  0.08468890033716737  0.09571591856011412  0.10667674712498884  0.11763901820519025
  0.12910718787568401  0.14044028798771305  0.15125788023383238  0.16193735338539381
  0.17286726985487774  0.18365548352749031  0.19421070683152436  0.20452529822100704
  0.21472410526807506  0.22477570427807347  0.23538600175526928  0.24615832216954486
  0.25689852516019118  0.26718167526832670  0.27788694497497196  0.28880749483041473
  0.29995962924916136  0.31084798561427451  0.32232940437731383  0.33335465411251036
  0.34370319112609504  0.35334387569775461  0.36266392434063038  0.37222978390096972
  0.38194419689198911  0.39168502552783235  0.40163343657717626  0.41183637886381075
  0.42231798192829756  0.43298514749106282  0.44347008867539545  0.45388721319036307
  0.46454796451645741  0.47561111786689930  0.48594979025116591  0.49549057183158807
  0.50488281678026614  0.51420632566320457  0.52401014328035733  0.53397902362689875
  0.54374478293918527  0.55368471296878718  0.56381274061286613  0.57439399290666715
  0.58500849260518906  0.59539528850016676  0.60562881496202081  0.61568944196981190
  0.62595945332395286  0.63625333023026198  0.64659963918040952  0.65690818863835954
  0.66748895359361948  0.67796436110518554  0.68848351507148620  0.69922525449153206
  0.71044439673511006  0.72188819159734385  0.73296879071784637  0.74341950320358674
  0.75422237255121483  0.76505522082311073  0.77606424370445082  0.78655353093498193
  0.79712996955454773  0.80776054833846744  0.81883013135497018  0.83031787624271158
  0.84137683022965948  0.85232552518166516  0.86285385146632188  0.87333872783345023
  0.88339546015579018  0.89300927499772997  0.90308832503961012  0.91356770311709667
  0.92464330872143397  0.93583296038828800  0.94711508366121966  0.95787640028590193
  0.96886354047043421  0.97907022446109115  0.98973410534323936  1.00000000000000000
 -0.00247818209731435  0.01014689359057578  0.02065814665908738  0.03145300381358650
  0.04223735990658934  0.05339577302197279  0.06464720526288797  0.07658223050983134
  0.08768460692365203  0.09815128706102776  0.10836856465739254  0.11850851823610206
  0.12870349619222485  0.13876356158098369  0.14927833480470440  0.16013939379676706
  0.17088157396707510  0.18138598593448907  0.19195647376239802  0.20282129989069542
  0.21394980837886582  0.22477788489676306  0.23562681658386950  0.24622164549585118
  0.25656050914719092  0.26702185445026111  0.27739557842200047  0.28766956349331202
  0.29744221788346570  0.30691747648599899  0.31636394008858665  0.32597548246867697
  0.33638070762845906  0.34715982514134369  0.35804972484569936  0.36902306241081417
  0.38078062281875702  0.39314856634556505  0.40419293827528552  0.41532023896202247
  0.42610165100905167  0.43675888700964532  0.44694748409953367  0.45722525367301670
  0.46774894832754149  0.47807945927274548  0.48829058562189603  0.49870757764276197
  0.50917215188378129  0.51989443014004111  0.53054130211125816  0.54114265154920627
  0.55134375424350479  0.56163019479991583  0.57198040253766347  0.58235857255304657
  0.59324626226449195  0.60478461408777473  0.61648694927642966  0.62746309310679083
  0.63793906442561343  0.64837796483665533  0.65896706067647570  0.66997334818466125
  0.68132729526583857  0.69253650844501369  0.70318444280427006  0.71322570025010934
  0.72290791893357342  0.73262014467487135  0.74235223995032296  0.75212156720375745
  0.76197692938512507  0.77204030069649687  0.78234361808965069  0.79262319253805691
  0.80285965676368520  0.81320191337877523  0.82379549154901210  0.83450724692805189
  0.84517840288927482  0.85579504869280210  0.86634836356452294  0.87666603034998047
  0.88681631383763848  0.89709847853651259  0.90754940504570802  0.91825961739787576
  0.92907207749284781  0.93946570843135979  0.94958046634646054  0.95950264066032054
  0.96998938830159209  0.98006841738822537  0.99017885330206701  1.00000000000000000
 -0.00244553606162556  0.01012936931886953  0.02037375950084436  0.03096600715257849
  0.04182364119591474  0.05210423056112715  0.06239889599778690  0.07277375143312806
  0.08322720058184439  0.09283262574884528  0.10233730182899602  0.11234977335017661
  0.12266239228552871  0.13313816793820732  0.14394607487398201  0.15607679693552795
  0.16809896933518392  0.17973757697908488  0.19092086748820550  0.20196272416755101
  0.21309358709656928  0.22423839828540673  0.23518703767658783  0.24583745307994584
  0.25608906214702210  0.26615932883818977  0.27636789031629394  0.28659960275761542
  0.29647685305713933  0.30610196994337791  0.31602215458703564  0.32624011268861797
  0.33628915872065529  0.34626756982657975  0.35614118896689473  0.36590795062544595
  0.37552887229643672  0.38514742376267114  0.39486814703207218  0.40484809993128384
  0.41444727721804381  0.42444670730065220  0.43480923620919903  0.44552788482581157
  0.45638967327549590  0.46685284846427016  0.47716647387930644  0.48740824234332131
  0.49751728155653885  0.50751552622666829  0.51741515440881680  0.52812577382675507
  0.53994495633249884  0.55142660799700705  0.56304907721838737  0.57392764840291388
  0.58508267521163360  0.59588711265409533  0.60632021937658620  0.61674939560991138
  0.62671954340121361  0.63682667143098892  0.64689828886710887  0.65713863934983585
  0.66731770612967456  0.67770495108759532  0.68789272410590496  0.69868680585848608
  0.70913965950255053  0.71979003845082401  0.72988708449905870  0.73983306977047614
  0.74999280150164749  0.76046138610967473  0.77094982246335719  0.78192409591849033
  0.79317744993233086  0.80474814134178707  0.81619512715354847  0.82736640869694844
  0.83795802966081545  0.84815810414762627  0.85874775004454873  0.86959529418973203
  0.88006217256489505  0.89028354219967554  0.90061245898057074  0.91107775940091473
  0.92163594331733645  0.93220690315561572  0.94331381141800053  0.95457926834829065
  0.96622395733140487  0.97779553396494046  0.98899125000282606  1.00000000000000000
  0.00488532137679612  0.10678206015235500  0.16237920047367929  0.20152699630539106
  0.23308724692441724  0.25949309829811285  0.28345130427402282  0.30515038327735056
  0.32496145559372236  0.34324111134023599  0.36050004061782159  0.37777073598627287
  0.39325641551576518  0.40754137818155317  0.42086873572526351  0.43384702517594670
  0.44629971834029120  0.45825428390584766  0.46971722325569459  0.48110217533305871
  0.49237183951170665  0.50332353698976062  0.51357460969836166  0.52354235110625058
  0.53346158229860052  0.54347952154170764  0.55302596132936188  0.56250190752608298
  0.57190947128395364  0.58130909456320123  0.59045832079356164  0.59962446252517598
  0.60874017844085970  0.61734331197275860  0.62570191750734716  0.63353708198980907
  0.64150215031237057  0.64923220909384982  0.65690855430042705  0.66427003061819068
  0.67165453803632524  0.67872112278573560  0.68579077066811489  0.69269569741394854
  0.69968515558074174  0.70672818069587773  0.71374056738767100  0.72066872605300136
  0.72746245126439146  0.73403685366511717  0.74050281266589335  0.74692424843830130
  0.75324447509690828  0.75943130521575153  0.76552219278562295  0.77172072222966392
  0.77790694278835493  0.78414381977361469  0.79017916535779487  0.79619470792319147
  0.80224276030879083  0.80829549603785744  0.81441439555796824  0.82060903144091246
  0.82675401867609510  0.83276792470427852  0.83869426699425020  0.84436782518205489
  0.85000445957899251  0.85552776349154547  0.86105629745153733  0.86663135954438919
  0.87221938830619217  0.87778081842653743  0.88333649262674740  0.88886087858267560
  0.89448633155117407  0.89976312234544686  0.90495332767930747  0.91005458230073899
  0.91518506354834295  0.92041907345518348  0.92562793726597981  0.93070592440511446
  0.93576926654611225  0.94091785145448670  0.94627908092010826  0.95172159315866123
  0.95713827465793055  0.96250562788217919  0.96782615951907836  0.97320411844162003
  0.97854656599055556  0.98311665256344249  0.98621986176992382  1.00000000000000000
 -0.00247444540927964  0.00947581769049856  0.01995845773352638  0.03156405650500913
  0.04334908891170589  0.05435862772032796  0.06468544384253631  0.07494607333927299
  0.08576093768046887  0.09693827362415113  0.10804812231633980  0.11875301090787407
  0.12980196651143011  0.14053120046371290  0.15110980241243313  0.16139364962574079
  0.17183982487482144  0.18240848059620199  0.19320222664102293  0.20434145014333016
  0.21574408727356206  0.22703702490605915  0.23792397788552005  0.24879512409789570
  0.26001589853729334  0.27147379709453889  0.28271339850025001  0.29385438230905431
  0.30513566356442184  0.31633799576959387  0.32728443260042728  0.33802441680531892
  0.34846273675586292  0.35846783221740125  0.36840821080023972  0.37839213858880971
  0.38844563505100727  0.39850213735739820  0.40823790252366882  0.41748378376574108
  0.42675933292017942  0.43610928152967704  0.44620464929874271  0.45639982513342942
  0.46606462442226532  0.47603862486954646  0.48618886914582621  0.49635094112689765
  0.50629788327945913  0.51641393237246069  0.52762996825777386  0.53926918546039460
  0.55063504607095815  0.56198438704338449  0.57379041763488536  0.58542484080692325
  0.59632515057205993  0.60707539280276834  0.61707347305149274  0.62762564655218445
  0.63814197963140551  0.64874024840164879  0.65941883636314058  0.67058340281563356
  0.68176728766133932  0.69206455478490958  0.70241707639580375  0.71305001636348275
  0.72424994858333125  0.73534863710830323  0.74606567719958083  0.75639890352730121
  0.76635282265227800  0.77648548764194647  0.78683849708408693  0.79694075241188389
  0.80687050373839886  0.81713901054647053  0.82738924801107805  0.83732751176996201
  0.84751429742002260  0.85798915911950557  0.86932650984920290  0.88003219168558566
  0.89004299046962287  0.90002379944404343  0.90997279235587614  0.91984338752417893
  0.92957117331291816  0.93930891474875022  0.94922953728847259  0.95924614953592013
  0.96927286701475535  0.97927748780130430  0.98958033953230085  1.00000000000000000
  0.02475088068796651  0.03049895260493257  0.03913255813084637  0.04805520079152843
  0.05722119602926404  0.06632731610767037  0.07585835455414724  0.08581367724739664
  0.09653042109718618  0.10712250034990693  0.11732568110859269  0.12748710206574268
  0.13793211257478247  0.14855200156891574  0.15925428045400258  0.16992020786312684
  0.18070527177941836  0.19131931263745797  0.20162316743876291  0.21177476456652677
  0.22182999805279538  0.23217361676879508  0.24263729441855753  0.25294140231907519
  0.26297199671972715  0.27278421261219238  0.28285786717392020  0.29334339142017818
  0.30354591625463462  0.31370654441479973  0.32436212782034468  0.33501588005624144
  0.34523735469615602  0.35565623664032592  0.36665906047576347  0.37722954193889180
  0.38747013400464925  0.39735897225870637  0.40722760577072487  0.41698554064469051
  0.42700528073318761  0.43706488221504658  0.44698056827671911  0.45659126267782507
  0.46611784759870284  0.47600084679035226  0.48623233238531799  0.49637257595664291
  0.50592808613537388  0.51519062832447837  0.52471038179683860  0.53449798194512754
  0.54420980261455931  0.55338775278042107  0.56258582193195328  0.57211748513838667
  0.58167000481243980  0.59129130538284369  0.60107138805442983  0.61069444735631417
  0.62054515038983638  0.63030333641866643  0.64065907540111378  0.65111073575904943
  0.66192104699939103  0.67255601919623742  0.68274906406399094  0.69278368695058401
  0.70291653380738539  0.71313180560280487  0.72334346024774065  0.73379017985989414
  0.74455060940526985  0.75532382241581619  0.76573793089626552  0.77627561361731245
  0.78709746670922054  0.79786393722063542  0.80832504881292455  0.81871976534273860
  0.82882102083143272  0.83862631149817723  0.84822121195502642  0.85827678720357448
  0.86838350676412879  0.87850867362020890  0.88870185023858361  0.89922145030344591
  0.91025560342832168  0.92118248577624806  0.93180370230320408  0.94251366383240487
  0.95380111832199144  0.96405954354534629  0.97118516465119442  1.00000000000000000
  0.04685532083131053  0.22336819324472940  0.24072063796281531  0.25502097524334733
  0.26586798967327629  0.27542647123926367  0.28371353387402864  0.29209166098003814
  0.29959928283852910  0.30700342176239570  0.31382852881773565  0.32084075657900973
  0.32770559571588459  0.33457847847099109  0.34118684524674886  0.34753682372696620
  0.35371900849734766  0.35971295599679398  0.36556761472805549  0.37140290301813794
  0.37704149793471653  0.38259177606344363  0.38819843996327036  0.39366519424245883
  0.39898206157426480  0.40417023743442132  0.40933660955831769  0.41456188803372274
  0.41974826117564590  0.42484121700168292  0.42986237460142696  0.43519485830562482
  0.44028365559936233  0.44535933403988509  0.45036270806599771  0.45533999749574405
  0.46036751833450246  0.46547591665291504  0.47060894741071463  0.47568197652188371
  0.48068877426197620  0.48569486417061469  0.49075555193548887  0.49584371894702112
  0.50096351988172405  0.50626974218320286  0.51162847286076107  0.51705905849331701
  0.52231439539852109  0.52743678824331208  0.53242637000664905  0.53735737938077688
  0.54246437640259615  0.54770707543929020  0.55304864793970054  0.55850151809833615
  0.56394648606727193  0.56941482929226417  0.57495508476823931  0.58052394159686072
  0.58622604341466966  0.59214042081862073  0.59832615126011857  0.60459709477779366
  0.61076406446406495  0.61680909687818031  0.62273958048963629  0.62870664160754897
  0.63475754147233510  0.64091447857188777  0.64736042189128373  0.65412035926778123
  0.66093771986908267  0.66795099041815864  0.67522586683145824  0.68256235360633932
  0.69013844181273210  0.69809966672408641  0.70628980208343795  0.71448075921540677
  0.72257520907460104  0.73080095003634704  0.73906491950192887  0.74743674646827407
  0.75612071180553941  0.76522606287152561  0.77484734206989159  0.78477791367439598
  0.79514953611825145  0.80616059302472320  0.81749452204848672  0.82979523115528109
  0.84387500652553693  0.86027217349700569  0.93953965762552305  1.00000000000000000
   1.1456028685497495E-029  -1.0000000000000000     
 F F F F F F F F F F F F F F F F T F T F T F T F T F T F F F T F T F T F T F T F F F F F F F F F T F T F T F T F T F T F T F T F F F F F F F F F F F F F F F F F T F T F T F T F T F T F F F T F T F T F T F T F F F F F F F F F T F T F T F T F T F T F T F T F
  <DiscreteSampler_grid>
  grouped_processes
  1 # 1 for a reference and 2 for a running grid.
  10 # Attribute 'min_bin_probing_points' of the grid.
  1 # Attribute 'grid_mode' of the grid. 1=='default',2=='initialization'
  0.0000000000000000 # Attribute 'small_contrib_threshold' of the grid.
  0.5000000000000000 # Attribute 'damping_power' of the grid.
 # binID   n_entries weight   weight_sqr   abs_weight
    13   10   1.861931356713567E-019   7.029830782756361E-038   1.861931356713567E-019
    14   10   1.861931356714817E-019   7.029830782756918E-038   1.861931356714817E-019
    16   10   2.237000985892472E-019   1.158703819364300E-037   2.237000985892472E-019
    17   10   2.237000985892768E-019   1.158703819364323E-037   2.237000985892768E-019
  </DiscreteSampler_grid>
