  0.00000000005615584  0.00000000013229788  0.00000000019528526  0.00000000025664840
  0.00000000031966730  0.00000000038777226  0.00000000046083250  0.00000000053876909
  0.00000000061849047  0.00000000070108837  0.00000000078250146  0.00000000087076600
  0.00000000096255917  0.00000000105816657  0.00000000116177932  0.00000000126102652
  0.00000000136167751  0.00000000146739336  0.00000000157436710  0.00000000168051237
  0.00000000179381590  0.00000000191474294  0.00000000203514111  0.00000000215337385
  0.00000000227429562  0.00000000239993572  0.00000000252800275  0.00000000265267318
  0.00000000277507696  0.00000000289416360  0.00000000301624664  0.00000000314536887
  0.00000000327594501  0.00000000340577948  0.00000000353275426  0.00000000365882980
  0.00000000378486779  0.00000000391333864  0.00000000404869183  0.00000000419192577
  0.00000000433993167  0.00000000449098577  0.00000000463790523  0.00000000478856774
  0.00000000493984245  0.00000000509098302  0.00000000525724235  0.00000000541933491
  0.00000000557808211  0.00000000573660171  0.00000000589589739  0.00000000605542310
  0.00000000621303746  0.00000000637108316  0.00000000652969607  0.00000000669031780
  0.00000000686307238  0.00000000704367780  0.00000000723147598  0.00000000742039276
  0.00000000761430690  0.00000000781424478  0.00000000801244527  0.00000000821079431
  0.00000000841770978  0.00000000863342573  0.00000000885286583  0.00000000908097830
  0.00000000930746215  0.00000000953467683  0.00000000975814244  0.00000000998764137
  0.00000001022384170  0.00000001046837049  0.00000001072151469  0.00000001097769335
  0.00000001123384215  0.00000001150477542  0.00000001178424850  0.00000001216210624
  0.00000001253896234  0.00000001290829459  0.00000001328067324  0.00000001366477927
  0.00000001407647705  0.00000001451238776  0.00000001494819950  0.00000001542360941
  0.00000001603374764  0.00000001673000979  0.00000001746641635  0.00000001829500845
  0.00000001933479707  0.00000002062489028  0.00000002125399287  1.00000000000000000
  0.00953672329725798  0.01549292850301284  0.02518354832633749  0.03599940498138137
  0.04710639051801688  0.05834844543962985  0.06963634613747209  0.08073361142990780
  0.09142320659234240  0.10211164654320759  0.11251538681610020  0.12302202407014198
  0.13399194748540660  0.14535186563365829  0.15693305235246685  0.16851315037843612
  0.18002445496500527  0.19116586310916475  0.20147862133903718  0.21127531451799936
  0.22076884131372518  0.23044733644424692  0.24034588305562385  0.25055217827805276
  0.26134847860824251  0.27247789537018474  0.28366305033268790  0.29417783771253564
  0.30396742974722052  0.31390428860655717  0.32428168765596488  0.33490545579787556
  0.34543708033788550  0.35567365260282663  0.36586037105080366  0.37595872057108853
  0.38619538704887585  0.39668625065260260  0.40734302460021288  0.41792884051372625
  0.42843306649728374  0.43908608043265629  0.44983594793766729  0.46032525677202452
  0.47037432379975391  0.48017910969924699  0.48995302105408023  0.49975696157000687
  0.50932937658406308  0.51855421195703721  0.52824415257739377  0.53806830881714962
  0.54837788104641960  0.55873593552876999  0.56932138048559366  0.58013937215622846
  0.59108079404891534  0.60255201608467623  0.61463201530870315  0.62626085285946098
  0.63736457759470089  0.64813901961083809  0.65847811345619689  0.66896125571122367
  0.67913242280183894  0.68939237132542885  0.69973216582131137  0.71001746656872033
  0.71978045007119618  0.72896588914227056  0.73803080825236489  0.74704394446809086
  0.75604687629528566  0.76521886116372018  0.77529642292931134  0.78637709777598286
  0.79781005817825346  0.80910891800827678  0.81976356257228311  0.82991371454843577
  0.84010496486183472  0.85068787067664364  0.86142373504585257  0.87203062528498121
  0.88256287241138009  0.89269830466090094  0.90234554668759959  0.91195700305721927
  0.92217779864177463  0.93298447231058779  0.94360296902915330  0.95412630480670191
  0.96517697761723220  0.97657101073349861  0.98815834844040873  1.00000000000000000
 -0.00235547996487405  0.00923525884119636  0.01905264573416011  0.02919841410390927
  0.03910883149041469  0.04960043299977691  0.06049383062021708  0.07127103725768136
  0.08191433179685234  0.09261685759573020  0.10302554260458445  0.11357323573805132
  0.12385208472336429  0.13433904753871512  0.14528042485456796  0.15667300381987467
  0.16791669319933133  0.17832825554995557  0.18844116325958060  0.19838716346651483
  0.20850988546009272  0.21860210673466327  0.22927651025036114  0.24014085425460496
  0.25175479577082971  0.26365206556820525  0.27494146928040458  0.28504080666278192
  0.29510912893932928  0.30548726209480120  0.31567579213081992  0.32526454860176868
  0.33463626662154727  0.34417353939039264  0.35385433292641694  0.36325016103650182
  0.37265884352959555  0.38302235300679122  0.39443533622846966  0.40616255424373504
  0.41764805682606726  0.42845334140679092  0.43878039833689853  0.44903634238766277
  0.45940676140061160  0.47006168489835193  0.48068399290709307  0.49110411186275055
  0.50153794333351942  0.51226579598177502  0.52274485556128270  0.53330900493682976
  0.54360046437667331  0.55397290160148493  0.56478444987350540  0.57598675985204972
  0.58688763208916361  0.59733413299775295  0.60771434153333015  0.61816535784516313
  0.62816038761837001  0.63753790601964544  0.64722679836665487  0.65748627778056112
  0.66802138332510308  0.67870804369158189  0.68992600138821103  0.70162124865763087
  0.71261505815542237  0.72302564252240475  0.73342027606897431  0.74393621890991579
  0.75461838194706721  0.76555377689711901  0.77653409025586584  0.78746697118367937
  0.79849361249193651  0.80967829763662769  0.82091596571588465  0.83168050401665727
  0.84208282250155997  0.85209679947992201  0.86212052064205058  0.87216139242595492
  0.88224037340555816  0.89242198261695782  0.90268986202527268  0.91299542505140319
  0.92367308709659146  0.93487917609761662  0.94607298660149530  0.95720707872795008
  0.96817178686157246  0.97896427387026008  0.98940560030075686  1.00000000000000000
 -0.00207757712124639  0.00816501848342966  0.01785995100736752  0.02797695192980010
  0.03861919363878159  0.05029768796272448  0.06215993628150367  0.07360066086248537
  0.08488403213817919  0.09607059911086718  0.10733165800138049  0.11717959443259512
  0.12688835786301647  0.13619279101663492  0.14578050911228604  0.15502460656220141
  0.16459145173893561  0.17548570685409254  0.18666377660325686  0.19786598637102840
  0.20922219444692111  0.22089441838942553  0.23253671897649913  0.24343895228350862
  0.25395088786020148  0.26413001800027602  0.27428564694710994  0.28467540875602376
  0.29542097990866611  0.30643166155670465  0.31765101163640880  0.32888563278851873
  0.34001161903648919  0.35096887904630664  0.36224312276660320  0.37371099534391250
  0.38485978959469069  0.39593411430800479  0.40693340905201547  0.41808398166326360
  0.42866953077049569  0.43934982539605533  0.44958205735324408  0.46007659971134907
  0.46979916582808084  0.47928568972413099  0.48931765370486224  0.50000776149900983
  0.51137472949452878  0.52239410402053033  0.53297102421543552  0.54328837256867457
  0.55376428960873447  0.56372306597012378  0.57378835762695490  0.58382475219471819
  0.59437672519531792  0.60500465097574274  0.61573544477047182  0.62661090702281008
  0.63812648258494076  0.64971555960852934  0.66082275339264573  0.67156844405992466
  0.68231915837740287  0.69330483775477525  0.70402032821785931  0.71423364337212625
  0.72428481055505167  0.73418390732165406  0.74428975361824479  0.75405805502643386
  0.76388528909421749  0.77374730413313342  0.78368250307525156  0.79330723782252877
  0.80303034429931919  0.81287507095946554  0.82253765881060803  0.83217113795085940
  0.84180501317338652  0.85244099781027860  0.86352114910035571  0.87437164926197264
  0.88420138077961297  0.89401970681585596  0.90396406055508860  0.91391921144732147
  0.92374288099693691  0.93384326704168896  0.94493280565044790  0.95678643730266255
  0.96820593948653766  0.97924946085388931  0.98979161232074209  1.00000000000000000
 -0.00211849329476028  0.00969012898726154  0.02032185807539318  0.03094580771589627
  0.04182292668091607  0.05202735254383649  0.06239532712856485  0.07281833642059872
  0.08359744561696965  0.09427526168701994  0.10527430157959491  0.11607428650495327
  0.12691270761920129  0.13793052541836145  0.14980631557335913  0.16196036610008388
  0.17313866509680839  0.18426327584209456  0.19461599122682630  0.20492091493845524
  0.21436450305345078  0.22424664355287921  0.23452429305184302  0.24533356259043163
  0.25574366696682843  0.26586710618012810  0.27582466313122112  0.28626085251592498
  0.29745619031280207  0.30891485323466356  0.31992983630487148  0.33024398470659005
  0.33999631882420389  0.34969927096096937  0.35975177247035822  0.37002695072006475
  0.38030407038428743  0.39050240986024648  0.40074957719596249  0.41095633894000611
  0.42102519190141258  0.43110172884360098  0.44154609954412122  0.45240249810386485
  0.46356175947778627  0.47479140711656864  0.48607508859059434  0.49711686521016502
  0.50767323525809482  0.51774559840732648  0.52751740908824063  0.53714163827798012
  0.54662274870514083  0.55590553895238703  0.56527318648393321  0.57477923495508965
  0.58482243600379891  0.59571808387873404  0.60681446519148285  0.61789788421426550
  0.62879370282843516  0.63984902737280946  0.65004772494969532  0.65965631247521861
  0.66910485395744124  0.67888259275647478  0.68858706301243000  0.69835435468297180
  0.70796070942765199  0.71779820847525111  0.72748697219971714  0.73757295172844317
  0.74783498007558336  0.75848678775268685  0.76926396460741830  0.78006450174810171
  0.79038904336514049  0.80040307090988161  0.81058558558983640  0.82101714510516255
  0.83150335861954672  0.84197777139447993  0.85211616648021649  0.86235685337543555
  0.87278988431227544  0.88331563175649475  0.89448905598835837  0.90667653468219156
  0.91967917784829623  0.93239067692557065  0.94419016725662508  0.95537099175695461
  0.96624392729546882  0.97697113146027725  0.98831955195004939  1.00000000000000000
 -0.00219034813982718  0.00967581274694635  0.01933295486202654  0.02951897682943985
  0.03998005375109499  0.05078696099769798  0.06209306179217033  0.07325629207314172
  0.08410531955555040  0.09501328898183090  0.10577105822608361  0.11684348177646732
  0.12752040073817994  0.13838843113367746  0.14952289998788362  0.16004711788508427
  0.17007976584516019  0.18029911402419627  0.19100335150440917  0.20232892189758708
  0.21341122824867098  0.22422222510728979  0.23482182110115107  0.24563983315780480
  0.25616277585033975  0.26656257781532022  0.27667284830160710  0.28702402699183577
  0.29764734322175396  0.30832465702189737  0.31866459618018161  0.32855034313549436
  0.33832848151764661  0.34860046280477258  0.35928875437008484  0.37034755355913640
  0.38133341958292083  0.39232505006846541  0.40322724700561424  0.41387372988081361
  0.42432066000589636  0.43473533296723560  0.44537828348751168  0.45611393717667148
  0.46674751054625641  0.47716036604578693  0.48719454329267931  0.49691060180927044
  0.50637327040218172  0.51575869351481207  0.52525781640394775  0.53495015755318176
  0.54497420648576922  0.55508046492649243  0.56567895519971523  0.57666234119863813
  0.58806555378207337  0.59981027885319915  0.61130185817063432  0.62285033071276641
  0.63449456750824862  0.64563096819117760  0.65626260574412643  0.66688240795237685
  0.67765889984291428  0.68889046693179323  0.69979447058184097  0.71062154684303669
  0.72076619129372965  0.73056829805820411  0.74048538367066463  0.75046165452457059
  0.76052315387055480  0.77080473958616180  0.78147648367846467  0.79240862040312754
  0.80323260906333038  0.81375155150685041  0.82347012010659904  0.83313445089003835
  0.84262082866381349  0.85208050071742214  0.86160243854942187  0.87152821813022185
  0.88239070821766741  0.89370866469943766  0.90484574664261208  0.91623577221881369
  0.92780950078503277  0.93928399134635843  0.94977823747645651  0.95954482913657357
  0.96937972211977652  0.97878235041409356  0.98947998039806462  1.00000000000000000
  0.01443249189601744  0.01606489360046156  0.01973591723386663  0.02370977980032117
  0.02935215150598256  0.03461010386871637  0.03997191779975354  0.04550663239859280
  0.05115585459901581  0.05691215803958055  0.06251705947828021  0.06807937087138065
  0.07347940260488091  0.07888519915854829  0.08413122228199056  0.08934403024689117
  0.09467176823215864  0.10002237437104647  0.10548764671929566  0.11169346081565310
  0.11760800827758273  0.12345990338909117  0.12905089176631204  0.13446137178169296
  0.14006078850949275  0.14581658541129214  0.15173095638291711  0.15782908221619338
  0.16397439710333825  0.17000886897632145  0.17589153086587786  0.18145555117156492
  0.18705773665572240  0.19273266821371360  0.19895577084460186  0.20536512459841616
  0.21167327096453675  0.21780004436935071  0.22389674113475375  0.23038950304525008
  0.23726629803404395  0.24418773924786796  0.25100753730178577  0.25776411426640067
  0.26457684777192708  0.27156216775079989  0.27869915636765641  0.28597628526385888
  0.29348639402968968  0.30104184745989665  0.30849423637190215  0.31594055035988305
  0.32344375543775333  0.33085283644918034  0.33796138909672446  0.34511531641979348
  0.35238384694928676  0.35993593169977622  0.36777918370606022  0.37567477520641163
  0.38385253795848739  0.39198418190022988  0.40070459916843776  0.40960644954911374
  0.41855537657346342  0.42757346907112770  0.43678532851527735  0.44608252863275483
  0.45535037979260012  0.46494077776902071  0.47468891503366595  0.48436207321588470
  0.49418556247472312  0.50443178164373381  0.51543915602367285  0.52692751596872778
  0.53838984700802628  0.55009768900228906  0.56236883520251502  0.57502162662093448
  0.58727358639153182  0.59966456912862720  0.61278163703733568  0.62654739635567169
  0.64149272896494658  0.65728570438201472  0.67368443629870001  0.69111797603102154
  0.71033411965964444  0.73135229430518456  0.75428952647263992  0.77936523662930479
  0.81004569906786605  0.84839240009514560  0.90038335464313091  1.00000000000000000
 -0.00243390597934013  0.01028474187259539  0.02098986450950206  0.03047846516507011
  0.03983356646797043  0.04905535439600110  0.05847782580719942  0.06794985505723709
  0.07776767097041903  0.08787751008215662  0.09844192929307109  0.10884515543554668
  0.11936747653379513  0.12984409209206463  0.14056553990758167  0.15126456959581902
  0.16173298989429571  0.17245739993167017  0.18354680651981617  0.19486823086649027
  0.20588741339444772  0.21657210032220670  0.22701522384320774  0.23720536799122283
  0.24740826945278177  0.25800550014612117  0.26899031002621204  0.28029440346697010
  0.29146890043205320  0.30209392148230413  0.31220762986971762  0.32249843316019261
  0.33311042158873116  0.34416824040630367  0.35529407582847089  0.36658354972257656
  0.37769745874439942  0.38881131551414583  0.39980529243786705  0.41083364525814448
  0.42150230902576313  0.43191162154185481  0.44193071801037603  0.45152241619368999
  0.46116533106553903  0.47098473884396497  0.48107874591954491  0.49155490866473112
  0.50196083205890629  0.51224493124295822  0.52223716538090204  0.53211243781350692
  0.54181414576534825  0.55138307411201826  0.56123235060740184  0.57164328713644386
  0.58277031034649474  0.59428359325703972  0.60550049509272508  0.61602012652853155
  0.62596545772706114  0.63592035616389153  0.64652465266294157  0.65698184500618118
  0.66681114451307122  0.67662910059396952  0.68643618231832293  0.69677354628650490
  0.70727929400897538  0.71921849568220819  0.73063055893629902  0.74153815547673418
  0.75248805862395551  0.76417684438851308  0.77550654045657319  0.78635074614372991
  0.79648388894735056  0.80631811884487281  0.81624904050306124  0.82704239635196486
  0.83856405929137190  0.85037568457752877  0.86230789733570601  0.87393222341590571
  0.88551413645241039  0.89682677356694784  0.90774494832836239  0.91814099239566327
  0.92854634744018227  0.93893656408177883  0.94904356729212014  0.95915935239241001
  0.96925799204366869  0.97948752359956759  0.98950111432121945  1.00000000000000000
  0.02464752244416706  0.03195707910596193  0.04087957724183020  0.05013159233185600
  0.05963049496263906  0.06890253547300497  0.07788181534585467  0.08670909630931986
  0.09577302968842090  0.10523200564684908  0.11509696607935509  0.12529960414005614
  0.13575398427090313  0.14620028645699798  0.15686058565673758  0.16752573957719544
  0.17815399618847783  0.18861452393461400  0.19877954482567969  0.20883156078773685
  0.21899570249220709  0.22925008275713848  0.23969091520339289  0.25033406934963259
  0.26101598747533661  0.27182073887090258  0.28266096258831286  0.29361358363483631
  0.30412668984674346  0.31376176970653524  0.32276471151666491  0.33168688787028461
  0.34100284602346537  0.35059354427329353  0.36028419101164944  0.37006397900375126
  0.38015650037880699  0.39077186377371947  0.40151237397204886  0.41195988813246953
  0.42219889584599152  0.43270466029043919  0.44310923806132285  0.45293175061793423
  0.46244346405459907  0.47196808429738757  0.48159721691248758  0.49101003364119894
  0.50052478385523680  0.51022924925797575  0.52036882304587462  0.53057847505963407
  0.54061544926617600  0.55038032181573582  0.56016194045384371  0.56997707894833494
  0.57982233459664867  0.58965199785067202  0.59962153231765036  0.61011783296369582
  0.62071840207002515  0.63036953622140468  0.63950187834501482  0.64844933331855925
  0.65801231467068522  0.66695024054950958  0.67644722631913468  0.68581039996808268
  0.69620717418770506  0.70707345499330720  0.71789549713038858  0.72920150446090337
  0.73976351483028013  0.75029342433515367  0.76059905998403743  0.77117117449736816
  0.78126916392278811  0.79117413347400578  0.80136769509416994  0.81186524270305593
  0.82256320297317764  0.83352969502430130  0.84466842958507649  0.85552502617897985
  0.86585931252981030  0.87627859650926898  0.88731898158083911  0.89870736401214868
  0.91048420160565835  0.92232167345932137  0.93408321201237898  0.94522529879097350
  0.95571185452529706  0.96571665265392159  0.97088011609770275  1.00000000000000000
  0.07631226032282552  0.13687826910222353  0.15605777401622040  0.17191545807276426
  0.18576500507125940  0.19761531266710747  0.20862277549698752  0.21829138740141410
  0.22822641046910519  0.23798905680533317  0.24768766736746042  0.25712556944892495
  0.26634438383800829  0.27522687424620063  0.28371280527727599  0.29201890062990515
  0.30007862665431351  0.30788640519060162  0.31569656362512200  0.32370684419927176
  0.33179649594248473  0.33970633467877603  0.34743813525689798  0.35491020806130280
  0.36192277278306817  0.36862895450826877  0.37528818346936271  0.38191805693330744
  0.38839409359031407  0.39475442131631494  0.40103075594231558  0.40741457826397182
  0.41381607435013951  0.42028135363501823  0.42664647202501488  0.43299302986802196
  0.43933932235140849  0.44560871880486608  0.45174354055834604  0.45777476058560962
  0.46383679602738292  0.47008797137908270  0.47660123018304607  0.48335180846396059
  0.48986194447457676  0.49611828204501196  0.50179302802264791  0.50743949160906110
  0.51323000053929901  0.51928395210769263  0.52562209166348628  0.53204688274617640
  0.53825454194976574  0.54426173884012330  0.54977984155063886  0.55541112337180909
  0.56115036682073938  0.56671219379188198  0.57205894919226963  0.57733108332716809
  0.58259801396651290  0.58790051420094569  0.59333021215047899  0.59872040074943478
  0.60416890252914590  0.60954306763374233  0.61489384368225286  0.62005428685074482
  0.62510488921048712  0.63024755915310404  0.63530674033923173  0.64049768089529535
  0.64567399119945312  0.65083261424693584  0.65605468502579156  0.66139501045919713
  0.66695988083189228  0.67289054001326221  0.67911819500240289  0.68523323473669884
  0.69115880751577496  0.69710518831855528  0.70293473050339683  0.70962232780153944
  0.71663945449891042  0.72374727789503812  0.73072603995598129  0.73785031690373737
  0.74571066945579234  0.75455329688768458  0.76420649107963656  0.77354230202369390
  0.78400089068913470  0.79802549819103774  0.81919379075908050  1.00000000000000000
   3.2253092893267558E-023  -1.0000000000000000     
 F F F F F F F F F F F F F F F F T F T F T F T F F F F F F F F F T F F F T F T F F F F F F F F F T F T F T F T F T F T F T F T F F F F F F F F F F F F F F F F F T F T F T F T F F F F F F F F F T F F F T F T F F F F F F F F F T F T F T F T F T F T F T F T F
  <DiscreteSampler_grid>
  grouped_processes
  1 # 1 for a reference and 2 for a running grid.
  10 # Attribute 'min_bin_probing_points' of the grid.
  1 # Attribute 'grid_mode' of the grid. 1=='default',2=='initialization'
  0.0000000000000000 # Attribute 'small_contrib_threshold' of the grid.
  0.5000000000000000 # Attribute 'damping_power' of the grid.
 # binID   n_entries weight   weight_sqr   abs_weight
    13   10   5.099189859823747E-014   5.715829989764911E-027   5.099189859823747E-014
    14   10   5.099189859823642E-014   5.715829989764672E-027   5.099189859823642E-014
    25   10   4.369193923247252E-014   3.715198145557537E-027   4.369193923247252E-014
    26   10   4.369193923245898E-014   3.715198145554654E-027   4.369193923245898E-014
  </DiscreteSampler_grid>
