  0.00000000021625320  0.00000000069284555  0.00000000106438682  0.00000000137920969
  0.00000000164343794  0.00000000187195759  0.00000000210046385  0.00000000232868439
  0.00000000254796121  0.00000000275896615  0.00000000301968065  0.00000000323692548
  0.00000000349071435  0.00000000365928493  0.00000000378486626  0.00000000391572490
  0.00000000404085070  0.00000000415302993  0.00000000424998603  0.00000000434563083
  0.00000000442782328  0.00000000458299671  0.00000000477108087  0.00000000495298910
  0.00000000513785650  0.00000000531327142  0.00000000548470976  0.00000000566622550
  0.00000000586131995  0.00000000606955620  0.00000000629285912  0.00000000650412803
  0.00000000670109046  0.00000000690846381  0.00000000720604206  0.00000000742986107
  0.00000000757468933  0.00000000768456049  0.00000000778513259  0.00000000788578722
  0.00000000799863780  0.00000000814447481  0.00000000830509797  0.00000000842992915
  0.00000000854137862  0.00000000865404898  0.00000000878764994  0.00000000892597936
  0.00000000905363726  0.00000000919103162  0.00000000929742966  0.00000000940991150
  0.00000000952233608  0.00000000962101777  0.00000000974086019  0.00000000986796514
  0.00000000999638957  0.00000001013921048  0.00000001027948289  0.00000001041618540
  0.00000001055430781  0.00000001070139764  0.00000001088634825  0.00000001111881634
  0.00000001135712985  0.00000001157207759  0.00000001177865892  0.00000001199901120
  0.00000001221057229  0.00000001239631282  0.00000001257164783  0.00000001274695876
  0.00000001292240439  0.00000001309965604  0.00000001327709245  0.00000001346043241
  0.00000001362157700  0.00000001380229767  0.00000001399890989  0.00000001421722119
  0.00000001444895318  0.00000001466029385  0.00000001487532041  0.00000001510373114
  0.00000001532610630  0.00000001559333092  0.00000001581498280  0.00000001631233541
  0.00000001711320926  0.00000001798961214  0.00000001886598046  0.00000001975559389
  0.00000002084119728  0.00000002258574648  0.00000002366962021  1.00000000000000000
  0.00936608891645072  0.01654638005184950  0.02097761982819084  0.02784082938516226
  0.03523120604113616  0.04656776016312003  0.06093796322420558  0.07550242042639675
  0.09018032127837791  0.10542017584988529  0.12055000545831679  0.13750631900774291
  0.15073723736752032  0.16318013943891102  0.17715821469666490  0.18790767836090436
  0.19530916972459403  0.20227033701708724  0.20713974275181865  0.21200287412935143
  0.21723428923437571  0.22291262901840100  0.22922167053316383  0.23641194374882618
  0.24281914477867331  0.24815185619472532  0.25719135885374339  0.26800543585635245
  0.27870892120650737  0.29084463240316505  0.30201060172983507  0.31197489042074961
  0.32217019346318176  0.33116188326052459  0.33973934481685686  0.34738378999442354
  0.35362293571324610  0.36378055971369888  0.37582174101090315  0.38908220749648487
  0.40251005387937189  0.41363312244283390  0.42292749479780622  0.43068152033075940
  0.43840756390894448  0.44634182617535456  0.45880916408551453  0.47131723989046326
  0.48298217937623256  0.49504434542684883  0.50721002272777826  0.51743004277362326
  0.52625271604181445  0.53660352478689854  0.54711032751062982  0.55781328465963098
  0.56986602792189778  0.58391985275143676  0.59940134862752847  0.61597474437989874
  0.63278750478100843  0.65007146102540703  0.66759537244766698  0.68491349811968782
  0.69950908760792663  0.71294380980954353  0.72404767947541304  0.73755106615495025
  0.74963002740292051  0.75995085165129872  0.76957516230842937  0.77921933394203569
  0.78623580675278060  0.79518083488344327  0.80835534887378246  0.82100383853059022
  0.83116563986061420  0.83765357533281226  0.84251995458171280  0.84820348494478848
  0.85552598220737730  0.86316410148270795  0.86952757935477754  0.87560870697908422
  0.88167565121810043  0.88812973631979220  0.89676369191280036  0.90854103832844768
  0.92036046803064786  0.93108990851041118  0.94096382245145282  0.94981430439446768
  0.95776172532926718  0.96920190776057291  0.98343768186497427  1.00000000000000000
 -0.00000023234619096  0.00010249498527946  0.00069147047680026  0.00179863859056998
  0.00402182976728663  0.00679913556270502  0.01022260407318342  0.01526351574845122
  0.02015337347805543  0.02465613993218612  0.02846672267893646  0.03256974022308153
  0.03707578740993978  0.04138848939735237  0.04509286071015699  0.05011839004337303
  0.05801309445277396  0.06778131297232104  0.07906261816963528  0.09063383080275388
  0.10160344243983617  0.11254397424674910  0.12371935656246313  0.13604514401686124
  0.14706854051647908  0.15732153356470582  0.16817301948465663  0.18032657039751543
  0.19400326154133810  0.20469845689775806  0.21320037298172323  0.22187511141603949
  0.23043426629317887  0.23876271219409900  0.24766030434094605  0.25697713093996721
  0.26532698571386021  0.27293893861884339  0.28071590526003892  0.28851562522193619
  0.29723513277499974  0.30644385630504528  0.31625457703959459  0.32667489078842199
  0.33792063450264354  0.34851931917686496  0.35549140910549815  0.36196481992845059
  0.37769948455213420  0.39251356850485103  0.40710605013719686  0.42206582275365223
  0.43807322051861902  0.45295300202524147  0.46453395902975542  0.47439052164194384
  0.48403113634848627  0.49470062255204589  0.50595058847268448  0.51490860289864782
  0.52449698341812989  0.53413743777901257  0.54374251177764599  0.55396822407454938
  0.56634167443453154  0.58117968821807842  0.59730268307177992  0.61184438783110118
  0.62669779932407843  0.64097902509741234  0.65307706633456819  0.66378663723787235
  0.67418198532433105  0.68461885018732893  0.69665779731090371  0.71004306405426321
  0.72379915664244765  0.73780648549528272  0.75187290676700225  0.76415466439602742
  0.77617159552230053  0.78747697812952111  0.79815034296523313  0.80848344231548308
  0.82380367255729381  0.83994108178050975  0.85657737709171078  0.87170400782320046
  0.88738831693645392  0.90332285624165143  0.91787574870191080  0.93286558064590719
  0.94846923602143096  0.96468591818505844  0.98169020730555090  1.00000000000000000
 -0.00340377406752162  0.01520011572818957  0.02374766699259237  0.03003988095391195
  0.03513392176649502  0.04040742305371989  0.04733500367579164  0.05389134942890592
  0.05851600962406643  0.06268491902062694  0.06763338548241625  0.07428371296171327
  0.08128729341918657  0.09391674983882620  0.10831763080215030  0.12178155326385898
  0.13261093181729530  0.14261761241662163  0.14819286965424058  0.15337215562570386
  0.16005212586596668  0.16707196464868576  0.17436755919558744  0.18219072283194804
  0.18999589125992064  0.19739724219694385  0.20397055897157396  0.20901292481655986
  0.22299496530657248  0.23653530837083508  0.24833774356492502  0.26260098260335102
  0.27345767732942555  0.28471572027752567  0.29646998123359841  0.30765448939379836
  0.31945100132545384  0.33281260312293270  0.34867416212247854  0.36228518795256170
  0.37326862647415321  0.38389852686890247  0.39525167125763411  0.40799586366514007
  0.42270756850967450  0.44045517838554438  0.45320525849772353  0.46049646583565024
  0.46621447601934568  0.47183632859622093  0.47774238102382410  0.48427569316150054
  0.49046701323833497  0.49601250433907773  0.50184500175723945  0.51304658655153734
  0.52294224680876844  0.53309814980792436  0.54500843733619253  0.55606036166511807
  0.57137529120505470  0.58702971029436346  0.60221604420277541  0.61650799943478674
  0.62881463753085487  0.63941133438739972  0.64823796180888849  0.65598523475786219
  0.66398606826263207  0.67242034180689536  0.68103301814425521  0.69063930339902702
  0.70270175638256105  0.71458200443915165  0.73022805634395205  0.74388312173929627
  0.75989105724982531  0.77560119227720736  0.78960006206572164  0.80227229527652111
  0.81428284138030083  0.82594854895426872  0.83926234819956391  0.85229174242552475
  0.86464561285916430  0.87951880485315881  0.89391382064388336  0.90701532011127084
  0.91921748150442806  0.93070202810734348  0.94153362322863965  0.95288562172532887
  0.96507012624734401  0.97637546817589005  0.98788841155785423  1.00000000000000000
 -0.00578189523556216  0.01937790468680549  0.03714723819002094  0.05363048165655841
  0.06788204023688542  0.07800770101476759  0.08740514816480933  0.09656837185440503
  0.10652699994037387  0.11675604687813852  0.12764643234516909  0.13956196235392265
  0.15302191590248668  0.16688954086857039  0.18073756194172946  0.19605018358776782
  0.21098038970892463  0.22475411834986475  0.23897904429816266  0.25048845367022587
  0.25753664615900745  0.26362643581302575  0.27026459675534020  0.27680391321150571
  0.28225866665989385  0.28708006038481498  0.29226288808219036  0.29763786895311595
  0.30246586868281516  0.30702967417165866  0.31305662196377654  0.32795016413622802
  0.34186696544567996  0.35423004960417753  0.36488114727851001  0.37448016434335712
  0.38320935770059766  0.39116596333036563  0.40111990217283289  0.41093645482795588
  0.41970390409105185  0.43033955595491202  0.44347159788984153  0.45728802198780721
  0.46950947080265720  0.48121508855808731  0.49387479493716258  0.50691308933338419
  0.51845351783011950  0.53109111523515173  0.54230025187009956  0.55258307524471573
  0.56184085088389080  0.57358594520687156  0.58667492279777433  0.59967959454072683
  0.61317017451314981  0.62898766232671388  0.64268798982070874  0.65486262462972422
  0.66509760832794262  0.67425858448663090  0.68410385468669699  0.69480231463621223
  0.70737585898041833  0.72435480920153150  0.74229938977562304  0.75658122704288033
  0.76955652546514741  0.78423354151174651  0.80103404580829718  0.81400084926192950
  0.82117097110658555  0.82547920700371458  0.83079975252113758  0.83604591332578304
  0.84053981035338865  0.84439294377596541  0.85394396093940050  0.86593802609818837
  0.87670791174521101  0.88390456497092340  0.88948861213670438  0.89590446642002197
  0.90234994673822755  0.90717602552624299  0.91283645291099980  0.91840551409670379
  0.92381422638197386  0.92919194444223763  0.93513496547179897  0.94511905088686277
  0.96124459467979062  0.97512340663003771  0.98789474751939044  1.00000000000000000
 -0.00253106258901888  0.01482374346942205  0.02892624093825533  0.04339506784127080
  0.05732209211853785  0.07013370212007196  0.08390626617026391  0.09560939258442074
  0.10712394086101425  0.11941060703587157  0.12963738291420651  0.14099635491120094
  0.15400596351913434  0.16668125183183449  0.17817320430384595  0.19218334186549235
  0.20911125110138329  0.22471507227472876  0.23668609242578317  0.24641459739461713
  0.25643601418567424  0.26634106560618981  0.27461931926837879  0.28020351341854122
  0.28797898109146158  0.29822233320046138  0.31021149489320748  0.32234147527359419
  0.33384158665017355  0.34511838522002009  0.35540865419591577  0.36416728122778003
  0.37279414187944609  0.38282737288056118  0.39472807459792086  0.40803597989418378
  0.42242457268219502  0.43634318845080811  0.44830835586010964  0.45880274802827592
  0.46876691849845775  0.47918647098199563  0.48799204403941271  0.49942443670042935
  0.50942585844246024  0.51825571257478820  0.52742930737728577  0.53616665055011725
  0.54546462378870786  0.55554053005806558  0.56541537069538816  0.57456933082192807
  0.58412571511438560  0.59490225641442185  0.60616269170389214  0.61828201724954457
  0.63074199097225092  0.64318596810829742  0.65597836474220506  0.66897607093841438
  0.68128508026655155  0.69316509969090767  0.70358640115009630  0.71379993872387482
  0.72314589945296359  0.73164479399456261  0.74058120131361571  0.75160768845780779
  0.76449633905490155  0.77789750265449153  0.79156793231055178  0.80465253104234258
  0.81855092388372963  0.83437051465128409  0.85100133096465025  0.86681831201885828
  0.87714649184891336  0.88206709267859473  0.88589083082156239  0.89037224801369186
  0.89495081887612749  0.89970391223223756  0.90399489620125939  0.90878173690571162
  0.91458752081072769  0.91969594609835881  0.92409508927870254  0.92821936616080769
  0.93294744176869371  0.93699794555862193  0.94574434313980582  0.95710403300699820
  0.96796634036475682  0.97831998227521222  0.98852933591151626  1.00000000000000000
  0.00339899610890961  0.01181996501630356  0.01622478645467208  0.01992632217934465
  0.02305923020739820  0.02684435431107433  0.03081088477563119  0.03517691607043746
  0.04004244703829939  0.04520898562427824  0.05069741958658761  0.05638335714883312
  0.06149145850649192  0.06679137834609178  0.07241483680905979  0.07862787467586461
  0.08424758697274526  0.08854199871006455  0.09246083885100082  0.09636415666259127
  0.09998151412718596  0.10372432047785873  0.10618480621746565  0.10822652932761329
  0.11168151290884680  0.11511830964825501  0.11938858403949011  0.12419214505367371
  0.12840047680949265  0.13113217688836865  0.13379927574613054  0.13705347312813601
  0.14126948373090992  0.14371558647439431  0.14631893215285219  0.14889917311892933
  0.15263215898905741  0.15695042424911332  0.16088869518140972  0.16445780688572681
  0.17004772394750586  0.17849669124950945  0.18663509878414788  0.19547034746295344
  0.20497179803778434  0.21380757721720584  0.22228082314500491  0.22963695868286668
  0.23736576078839366  0.24430352281026738  0.25154205119159789  0.25883228834878241
  0.26638695775085947  0.27584387100981095  0.28572954181763405  0.29428847105564793
  0.29847731874346833  0.30468879587852232  0.30976593308468026  0.31475844153658084
  0.32048379476093697  0.32741173189459200  0.33445288866044487  0.34132979919596884
  0.34797592342799766  0.35309651314406132  0.36235231675543833  0.37071429669221945
  0.37967157319131078  0.38873065068788287  0.39772901844608072  0.40792154763865124
  0.41958911485068229  0.43237432995765168  0.44473204419587464  0.45965010849951199
  0.47087309198978067  0.48370301604163302  0.49694876594973825  0.51065920633750195
  0.52433412859538719  0.53906356961846968  0.55561867254015229  0.56933444206055994
  0.58285923812101315  0.59881962638783615  0.61806084478446621  0.63892528916735669
  0.65839974252955757  0.67906030808623730  0.70533089674826810  0.74357542915557184
  0.78603749300493242  0.82670758701333602  0.87864319343166497  1.00000000000000000
 -0.00230165782214736  0.01139986643472987  0.02460005968931445  0.03731749701520218
  0.05123771922393672  0.06212796067722856  0.07204924370406272  0.08167646503566205
  0.09204702527349175  0.10288229549204989  0.11382570474238415  0.12761845135454908
  0.14516392503593381  0.16528675287320582  0.18215146581598518  0.19544055526462770
  0.20761109469135164  0.22026080945911231  0.23236280490728534  0.24271079814212165
  0.25182577960971808  0.26083085576048165  0.27072929887679609  0.27937893337488046
  0.28770708047796828  0.29673433264267957  0.30773145462201995  0.31963372340366569
  0.32883411506200744  0.33929027967038228  0.35105770312230056  0.36404832048495445
  0.38137382416314980  0.39726647286151362  0.41087834813263402  0.42315910838525084
  0.43245262382602484  0.43887212347433990  0.44535461246506680  0.45197700463715235
  0.45840683960206491  0.46574479673851327  0.47359457971124219  0.48460420582937302
  0.49755673522219213  0.50890811701233107  0.51990042288104577  0.52948731756790102
  0.54056677191904656  0.55217039388555089  0.56347927172622492  0.57368085738682184
  0.58433723282811845  0.59765350537889594  0.61360993791527840  0.63613242543404780
  0.65395530811412728  0.66652010221374702  0.67735609472462111  0.68790884883428238
  0.70071480009551956  0.71359895748093416  0.72676134211381005  0.73957534478222409
  0.75103129062997176  0.76159252947281175  0.77191005298202198  0.78156038755245261
  0.79097326739350871  0.80268636730824805  0.81264678744252627  0.82094756106757827
  0.83181260306411120  0.84447248370015771  0.85951198873478396  0.87305856752996169
  0.87967634978342402  0.88411558674391244  0.88869731816111852  0.89480660625006281
  0.90040737173594665  0.90576879520947173  0.91186043887267909  0.91709958523962232
  0.92124309656792391  0.92562866634995544  0.93112633255856203  0.93683121500408550
  0.94226849490125719  0.94792642747353262  0.95305799337317454  0.95849178424590509
  0.96833336618240984  0.97869725290339138  0.98990873644978661  1.00000000000000000
  0.64765598464626539  0.67731416489947671  0.69870481422156361  0.71963471432780657
  0.73578628535325663  0.74995174795186526  0.76474051007538124  0.78350068677420037
  0.80089092451703192  0.81430390612252301  0.82507661258134080  0.83431590729225624
  0.84500613522778001  0.85676026766777280  0.86675456112061644  0.87620095745258053
  0.88493783905981427  0.89259934800886864  0.89960927350241271  0.90614419014936409
  0.91236915206741642  0.91818017444934752  0.92363212628837743  0.92802655208919005
  0.93190277590144865  0.93562146884180797  0.93850593412272498  0.94025056868244161
  0.94200724564873850  0.94340476745971014  0.94425398351875756  0.94487316209792371
  0.94550886179376925  0.94616444669771793  0.94685670314700143  0.94756544908377094
  0.94827643612938284  0.94987397599463197  0.95128539388872835  0.95272072725236867
  0.95414360608426674  0.95546020802691434  0.95667214008747004  0.95768997850841742
  0.95860074420514330  0.95948327284698776  0.96030948298391083  0.96111722776544273
  0.96191513975944731  0.96268481091085001  0.96341835201361703  0.96407812760777001
  0.96467732117244542  0.96522921715272314  0.96575927363155978  0.96631233051738274
  0.96682384344226091  0.96728600427673050  0.96770806092949802  0.96809410475513369
  0.96847898400405341  0.96886275595434002  0.96924013382348095  0.96962339278106591
  0.97005616431779940  0.97056377196112253  0.98107314137985568  0.98202926528622236
  0.98244026799373863  0.98277559183081453  0.98306962968526923  0.98335203241662872
  0.98362595897577765  0.98386784772343139  0.98411195392451800  0.98436160217888491
  0.98460949734307557  0.98485561740308769  0.98516061306534053  0.98549841729490661
  0.98587523248893227  0.98631146513510570  0.98680386315034274  0.98737620746304655
  0.98800390782360759  0.98866833798935350  0.98934400297655756  0.99000414897167299
  0.99067574189516450  0.99139411144351608  0.99233345602267042  0.99351809843448402
  0.99469106203304047  0.99585510422179524  0.99735508201271472  1.00000000000000000
  0.13264229880570297  0.14336888082105440  0.15575429402511851  0.16592820653080692
  0.17618917256580888  0.18788548549024087  0.19799433787641077  0.20713534286031943
  0.21419717054452803  0.21917306887741722  0.22291633448541789  0.22660478944742671
  0.23028154306769547  0.23468001723994136  0.23867382247335694  0.24264591848510131
  0.24680149779699670  0.25237556218833324  0.26002866692420079  0.26738812933127359
  0.27346129007914066  0.27919949460112242  0.28458931855179831  0.28975336743042251
  0.29424862979352978  0.29849361261578461  0.30262108908804275  0.30692177599660531
  0.31143900370205374  0.31615527325104514  0.32068793738238843  0.32481865489382811
  0.32888206887182131  0.33316787261829900  0.34024354623448616  0.34900309444929506
  0.35743953345656099  0.36564962599616141  0.37419304073895526  0.38220072352096324
  0.38724884168726037  0.39265433187887888  0.39766786018958200  0.40252298580511431
  0.40702186925142786  0.41184783924632390  0.41682691805338229  0.42078913622805270
  0.42506529521647496  0.42915126398759074  0.43188240714757076  0.43516026077311698
  0.43790436106075870  0.44105095562653185  0.44514243480659604  0.44961991358927722
  0.45436915109096415  0.45891430173353581  0.46294868339553036  0.46665691806799070
  0.47064007049343276  0.47482263927826363  0.48018762757887778  0.48795790567010749
  0.49661565502057126  0.50482181772604062  0.51225747085057327  0.51895154837071122
  0.52530461837138309  0.53174680106323602  0.53881076569485364  0.54598932801251554
  0.55341555208188831  0.56074369059843632  0.56829068311675757  0.57584101569639412
  0.58366218352443189  0.59369985322052443  0.60335580379726517  0.61427258556291020
  0.62490430106817219  0.63386486123138075  0.64382857491152201  0.65311557691741429
  0.66122045003332641  0.66814779461036100  0.67514797524617487  0.68225562557414543
  0.69016754533192293  0.70073824102175886  0.71174027361096803  0.72370320005550604
  0.73896870314916130  0.75568635827627650  0.78466814906837601  1.00000000000000000
   1.3038875654130498E-040  -1.0000000000000000     
 F F F F F F F F F F F F F F F F T F T F T F T F T F F F F F T F T F T F T F T F F F F F F F F F T F T F T F T F T F T F T F T F F F F F F F F F F F F F F F F F T F T F T F T F T F F F F F T F T F T F T F T F F F F F F F F F T F T F T F T F T F T F T F T F
  <DiscreteSampler_grid>
  grouped_processes
  1 # 1 for a reference and 2 for a running grid.
  10 # Attribute 'min_bin_probing_points' of the grid.
  1 # Attribute 'grid_mode' of the grid. 1=='default',2=='initialization'
  0.0000000000000000 # Attribute 'small_contrib_threshold' of the grid.
  0.5000000000000000 # Attribute 'damping_power' of the grid.
 # binID   n_entries weight   weight_sqr   abs_weight
    13   10   1.899593240896587E-034   2.677698741912323E-067   1.899593240896587E-034
    14   10   1.899593240896556E-034   2.677698741912230E-067   1.899593240896556E-034
    16   10   5.946763731574104E-034   2.907975316948320E-066   5.946763731574104E-034
    17   10   5.946763731574093E-034   2.907975316948317E-066   5.946763731574093E-034
  </DiscreteSampler_grid>
