  0.00000000021922473  0.00000000063107221  0.00000000090869529  0.00000000116232323
  0.00000000140547238  0.00000000163279557  0.00000000185058783  0.00000000204926132
  0.00000000223578743  0.00000000241862824  0.00000000259943457  0.00000000278878675
  0.00000000297001044  0.00000000314818123  0.00000000332315937  0.00000000349835839
  0.00000000367105182  0.00000000383718325  0.00000000400260730  0.00000000416926010
  0.00000000433342678  0.00000000449714875  0.00000000465745958  0.00000000481839367
  0.00000000497830487  0.00000000513604323  0.00000000529359081  0.00000000545007635
  0.00000000560291675  0.00000000576023027  0.00000000592460184  0.00000000608858350
  0.00000000625133388  0.00000000641547519  0.00000000658023044  0.00000000674569080
  0.00000000690916899  0.00000000706438474  0.00000000721787652  0.00000000737146789
  0.00000000753646456  0.00000000770164843  0.00000000786583177  0.00000000802670464
  0.00000000818441334  0.00000000834175128  0.00000000850058778  0.00000000866213612
  0.00000000882398652  0.00000000897946219  0.00000000912885422  0.00000000928114086
  0.00000000943650619  0.00000000959406011  0.00000000977387110  0.00000000995883241
  0.00000001013933378  0.00000001031329473  0.00000001048262524  0.00000001064970964
  0.00000001082020151  0.00000001099993949  0.00000001118460975  0.00000001137170365
  0.00000001156182556  0.00000001175253755  0.00000001194120530  0.00000001212987951
  0.00000001231895813  0.00000001253300720  0.00000001276335528  0.00000001299708155
  0.00000001323971283  0.00000001348578600  0.00000001374375516  0.00000001399752655
  0.00000001425188972  0.00000001450784393  0.00000001476427932  0.00000001502108985
  0.00000001527966948  0.00000001554372916  0.00000001580641650  0.00000001616141625
  0.00000001653863809  0.00000001694417458  0.00000001735844888  0.00000001779544974
  0.00000001826148292  0.00000001877513989  0.00000001935841811  0.00000002002418939
  0.00000002090264918  0.00000002258220126  0.00000002362050772  1.00000000000000000
  0.00925789371120393  0.01607587243276696  0.02612716418514733  0.03761398849073617
  0.04894492343610722  0.06000040564727789  0.07132901651679277  0.08249568709545334
  0.09459601308302919  0.10625382217539606  0.11788217451530014  0.12896616682283990
  0.13971024296119303  0.15023792298750338  0.16060433921624362  0.17142106037414959
  0.18276592011267287  0.19440054916196342  0.20666576264193778  0.21823535720126719
  0.22967540346861329  0.24124215061012630  0.25271020495390806  0.26376724928029738
  0.27446879396407475  0.28452009720750371  0.29486515468713076  0.30558194051236898
  0.31568038507340479  0.32540810189691066  0.33518446201577529  0.34590500661076207
  0.35669149383907667  0.36608974541557054  0.37580183393587324  0.38508240187571557
  0.39460578193324919  0.40380222304342411  0.41302324759787518  0.42207144700349580
  0.43137925960093304  0.44072663379442861  0.45044666179879689  0.46017354457980253
  0.47033714312711206  0.48081614820052992  0.49140701242260837  0.50160224884256177
  0.51177771992173038  0.52206933248570764  0.53263347251922344  0.54279881937287200
  0.55200087582789392  0.56129761649606436  0.57048550387278307  0.57999904351971443
  0.58967742280475854  0.59973597919942412  0.60988646404918589  0.62056487824072404
  0.63105445026546192  0.64175013517075707  0.65267740394822393  0.66371105884557213
  0.67419564889600148  0.68383015036854633  0.69374084356952070  0.70375834311530983
  0.71376969936178580  0.72335307159519102  0.73327377850145559  0.74350105835390545
  0.75401852368123357  0.76448279643331063  0.77516909383039334  0.78635490840319267
  0.79726125207732501  0.80783949311448267  0.81842573252066764  0.82855412255520067
  0.83817196545015016  0.84709597022573602  0.85578664196702325  0.86505594810761932
  0.87503495839071832  0.88591390009853388  0.89684713502542224  0.90784922827788306
  0.91838160232295507  0.92911056432946704  0.93961594751224897  0.94994070810837117
  0.96002337961332440  0.96997582301985885  0.98062905780264964  1.00000000000000000
 -0.00246167283371058  0.01018036458504411  0.02145846265952937  0.03280854394115482
  0.04454794060181840  0.05584292297499339  0.06650612660725312  0.07678764673086425
  0.08769105237811696  0.09921197034218861  0.11063500498325940  0.12163503298009851
  0.13253872806662256  0.14358477338830372  0.15483771970411200  0.16555323256341747
  0.17577476641236026  0.18626149547306678  0.19775341238428140  0.20925773037532444
  0.22034003495363222  0.23084560544210722  0.24092457644627632  0.25119304799807657
  0.26167169570176096  0.27259576840369287  0.28322019801850179  0.29426338146496028
  0.30588436194948204  0.31793872709040150  0.32933989085986254  0.33986955558874188
  0.35001152836935778  0.36057528334711586  0.37182639746593626  0.38309805717876366
  0.39378999592644026  0.40414756260702234  0.41427263466010872  0.42454628505732478
  0.43479943606940136  0.44467573524157938  0.45409648854499851  0.46407980785066905
  0.47439061403738059  0.48565240370684165  0.49691496837108218  0.50821071834079645
  0.51923136440308293  0.53027994694005642  0.54098807397299464  0.55102354032496914
  0.56088384401499169  0.57125682468233130  0.58180186555339097  0.59268340330899139
  0.60358584899736989  0.61505250580199688  0.62673100255068404  0.63859278629925464
  0.64991566565351355  0.66060912474659350  0.67110377941538246  0.68134434951642320
  0.69102206730028637  0.70028016474947030  0.70962487420042664  0.71946467771362388
  0.72930043370031417  0.73876843987054486  0.74804047460809175  0.75817965352448291
  0.76813174336800805  0.77767893467164295  0.78716119963625453  0.79764519161235559
  0.80858910259006356  0.81915712139831731  0.82924996162851217  0.83913277414353837
  0.84887351548362033  0.85847084707771604  0.86781262693153349  0.87725286377945810
  0.88730237124372668  0.89772762636832693  0.90775705926629258  0.91698726460584568
  0.92608281546166460  0.93534502292105726  0.94510524930880158  0.95488906072749002
  0.96504899886285422  0.97591237078577886  0.98781683030610368  1.00000000000000000
 -0.00238777339825759  0.01019141124604150  0.02137055162439392  0.03225661121057567
  0.04291282773535866  0.05336648939917182  0.06341717602715802  0.07356103842766613
  0.08383784031712789  0.09447761973978946  0.10477235233954532  0.11481817519907057
  0.12561933746218720  0.13691462176188460  0.14756063840515785  0.15712318716246715
  0.16687758988642853  0.17725627837384200  0.18771683265016445  0.19780541017908307
  0.20764822240953820  0.21770370488500571  0.22826791977384200  0.23904879658213593
  0.24973031452866301  0.26042670952652291  0.27146382966022164  0.28274994266801418
  0.29322240075390316  0.30329817628776184  0.31351325393578749  0.32408028602455791
  0.33477858147521278  0.34534435311205097  0.35622938568881657  0.36716321702187255
  0.37834602461087452  0.38998021097084318  0.40121163523346670  0.41238515756744637
  0.42339421100286773  0.43407618072416848  0.44495382881622231  0.45573239351633332
  0.46641003432342859  0.47701829186081168  0.48782188926842651  0.49896775344397343
  0.50987079565346605  0.52032193627237955  0.53036602725337256  0.54048442381766448
  0.55109278729036903  0.56176082177041575  0.57181458732178991  0.58146718408542331
  0.59139044249939388  0.60175721443702013  0.61248657682855923  0.62310054654039604
  0.63371058787750600  0.64409015140347570  0.65404744499046241  0.66376534480059168
  0.67349077076058628  0.68347613276372188  0.69386540500715921  0.70430155765361224
  0.71495117840992617  0.72604452745145520  0.73650381159455336  0.74619125440005030
  0.75565732839664690  0.76578804232631892  0.77641305348524969  0.78710152999624716
  0.79748191468988605  0.80745212227313268  0.81718542291424678  0.82670400062145311
  0.83654329797478333  0.84617589575358354  0.85555860114348625  0.86489760632297374
  0.87471410858207921  0.88554038891188369  0.89721315403273527  0.90923468615394931
  0.92130033024064784  0.93346405596009996  0.94482840017766700  0.95618515841823171
  0.96731428178820267  0.97887327833765614  0.98949028995916621  1.00000000000000000
 -0.00241910118214391  0.00984675135080390  0.02009165157126357  0.03083601019154636
  0.04183140882959135  0.05449490250647271  0.06705323990521557  0.07949761791630698
  0.09109711187450334  0.10228979948533473  0.11344541822995502  0.12418781604183815
  0.13418259450142103  0.14388527375412130  0.15366082562794295  0.16355648154797134
  0.17343679046012805  0.18356335441379218  0.19430332880699827  0.20532823026761868
  0.21611212773172067  0.22646586613135450  0.23825086221039485  0.25009267704954391
  0.26145582002965551  0.27268837428832715  0.28366001280718828  0.29419334292598570
  0.30468079187893204  0.31571158611622585  0.32723966182241210  0.33870087592040626
  0.34990715505968623  0.36073246983247220  0.37105121417916953  0.38093511734902258
  0.39067204929609223  0.40110986111666741  0.41206544588434540  0.42312093536609768
  0.43374188474941910  0.44407752516590770  0.45441704188737364  0.46456871612035816
  0.47411769503216766  0.48341816862053605  0.49229560314103876  0.50137331918716643
  0.51102373263086065  0.52128617321861392  0.53156039867220473  0.54202130001460735
  0.55221384808512608  0.56247689266334122  0.57288120406844112  0.58380952540704489
  0.59521762505192743  0.60691494420507908  0.61873336328656847  0.63061734955150928
  0.64241954221243369  0.65378436564093567  0.66484069728826223  0.67588209624005047
  0.68697018399638787  0.69799458628209288  0.70877396408710680  0.71923166727161936
  0.72966306717446672  0.74002191353050695  0.75031870170570836  0.76030974395156581
  0.77009903527531021  0.78001379341250165  0.78976071693107075  0.79912949938537647
  0.80832111861551137  0.81776262091635921  0.82731109201333763  0.83684321865637923
  0.84624664940628547  0.85601099381868928  0.86631736141078153  0.87638690481387016
  0.88679256433118991  0.89737327845410642  0.90843113994270053  0.91914750316394245
  0.92967493551883906  0.93988681580642586  0.95045055185384320  0.96107109559245774
  0.97146016673160274  0.98111039215316320  0.99052028244699453  1.00000000000000000
 -0.00217588610947808  0.00796960877585553  0.01735463239229288  0.02677935772156119
  0.03677883171372084  0.04712414698400001  0.05789162826842936  0.06852633333431060
  0.07909855532071447  0.08931371734950513  0.09968928403913400  0.11046245680119661
  0.12173577048298467  0.13265590214794254  0.14324788929629678  0.15379086698462477
  0.16411269740658604  0.17465088056139391  0.18522710465702591  0.19570765517667518
  0.20630104672953764  0.21700717865099792  0.22794103793023554  0.23824420223041823
  0.24825964729360644  0.25909591838825413  0.27036188443336445  0.28187008025137511
  0.29465403837511556  0.30802098037624015  0.32103783170480948  0.33342740339706067
  0.34541771937726695  0.35748839933545373  0.36941946738627396  0.38037304430825075
  0.39060852895915155  0.40058141967122973  0.41084916400161309  0.42089132680962266
  0.43061939852892867  0.44041192920595595  0.45060872959009779  0.46063886694713324
  0.47034101617397089  0.48014333262095249  0.49019152689849627  0.50027888421357580
  0.51041217784615622  0.52025548622738693  0.53120593233102142  0.54193427028277241
  0.55256744114084855  0.56312054869025707  0.57317235695821112  0.58314736185803373
  0.59265644561483632  0.60215046343119971  0.61147471583114832  0.62108381043948124
  0.63099416019557453  0.64143464311897724  0.65239574289060143  0.66385536269947476
  0.67525472117847929  0.68596517879088748  0.69588812037440051  0.70561284756468778
  0.71499777580708646  0.72542118229416275  0.73604277908977567  0.74642085230758448
  0.75617987621268512  0.76587116618079276  0.77581905649959682  0.78607041263823851
  0.79643891382058396  0.80714855767512128  0.81834838553373279  0.82974065505779493
  0.84080666819480565  0.85196611956983981  0.86329657919227443  0.87426186024479680
  0.88439797535292752  0.89400878226558200  0.90353311926091973  0.91364669996087999
  0.92457393323908421  0.93619245879248947  0.94759300829599780  0.95832371510336245
  0.96891398118709771  0.97925360601397493  0.98968254191211003  1.00000000000000000
  0.00416624332886945  0.10675970951198543  0.16147869129456083  0.20092973700127012
  0.23202749998715635  0.25651306817525077  0.27947557827747604  0.30052431721781808
  0.31945547462214785  0.33665842091234927  0.35289831978378833  0.36935660523968528
  0.38475924618770402  0.39916298372903847  0.41343506086379783  0.42698758532063635
  0.43976689929979834  0.45223300394174326  0.46509265660179705  0.47719654529180466
  0.48863976663629993  0.49972569365844671  0.51039399726198886  0.52068579680663141
  0.53047539402807464  0.53989456071220943  0.54890809891860814  0.55770091699243851
  0.56672432834296871  0.57579438348748790  0.58468900127132795  0.59352931357972138
  0.60230163548710181  0.61087045151136254  0.61943299205965574  0.62806415909514579
  0.63662938703827898  0.64514481572752902  0.65308788966093512  0.66072068267082873
  0.66822027997584033  0.67533707476303806  0.68233565489961279  0.68930685925026947
  0.69619289568345244  0.70295603025081321  0.70957669706464865  0.71597991857920806
  0.72231692203617803  0.72874852038395144  0.73531493666327374  0.74203397969977458
  0.74865609027769831  0.75521868697209604  0.76167521978252450  0.76809884809153017
  0.77456937252868530  0.78120416211955501  0.78807042799054750  0.79494199491733109
  0.80162219017626501  0.80797595669986211  0.81405197326006740  0.82001871138881643
  0.82587960165634389  0.83182881513025819  0.83720440716811440  0.84258707441002978
  0.84801680167892013  0.85353878069415423  0.85912025171261464  0.86473257156879280
  0.87042376563747181  0.87607772312889842  0.88143998538231383  0.88666003011646910
  0.89168823869458724  0.89670905213256580  0.90169664362632151  0.90680096537554944
  0.91196070189300982  0.91733190332536185  0.92291891739210496  0.92857653377214366
  0.93413898405729334  0.93949414923429797  0.94492530520373863  0.95036756975555103
  0.95585702084419688  0.96133784894693952  0.96680766438060606  0.97247223528372395
  0.97807468421085031  0.98273458118208601  0.98459976292169560  1.00000000000000000
 -0.00221559263983027  0.01028852534512915  0.02169420806847794  0.03289742650024418
  0.04345332220454279  0.05392924437887255  0.06422895641507323  0.07454107649593616
  0.08489118559364003  0.09535229489145659  0.10602215370646416  0.11678984924560026
  0.12701345786992987  0.13827568110125693  0.14908872800019879  0.15956630098412605
  0.16983000278663885  0.17999701398099879  0.19036714283588546  0.20076902290293372
  0.21149784393665833  0.22179691104421745  0.23155218918323481  0.24077254317417146
  0.25023513231147354  0.26008920330650875  0.26979974484735564  0.27961407151080742
  0.28945155133249212  0.29975662269636882  0.31008142625905250  0.32143485670946487
  0.33317342865506849  0.34555755899633511  0.35764001054128169  0.36947955641662900
  0.38097961446654405  0.39252580362884587  0.40331236751286376  0.41344196459641497
  0.42320179059674562  0.43264894542907079  0.44219135280184840  0.45259760171638425
  0.46315205936878279  0.47394436660922745  0.48409827475242945  0.49409163262583650
  0.50449146532384559  0.51464651188353583  0.52464322671634533  0.53504386113850799
  0.54559248554025130  0.55691694664181912  0.56726296188886838  0.57713478377051974
  0.58664518601072702  0.59587687551454316  0.60477738026955385  0.61442850465527599
  0.62487749581936625  0.63553413178193574  0.64617486223636678  0.65686695223729141
  0.66781027871737242  0.67867377846056909  0.68933186155335524  0.69986254998611053
  0.71017540852742245  0.72049556331108522  0.73083386677095186  0.74079186332090408
  0.75081954755913438  0.76141726842465263  0.77208029725342986  0.78291636049905633
  0.79414949353119435  0.80544024684582660  0.81641354611367767  0.82700692459035885
  0.83748676081926299  0.84806087483273140  0.85867688148446164  0.86945581928831750
  0.88009382075871412  0.89047174997961276  0.90110072250136886  0.91190068885090458
  0.92258831650525197  0.93314909786022848  0.94375570147356946  0.95494164369482415
  0.96613917257117188  0.97774843450885085  0.98874459004608617  1.00000000000000000
  0.02465589983760166  0.03182114091506859  0.04057083304304898  0.04913986047544709
  0.05798066511359155  0.06756079208044991  0.07744278884200578  0.08750386899735364
  0.09820816436370071  0.10905715087226893  0.12002344969683565  0.13055832711539395
  0.14132562456151901  0.15234781532322031  0.16363955472125266  0.17461352905053523
  0.18521953213717685  0.19516742380989041  0.20484243425611637  0.21479495266508561
  0.22506103538344274  0.23506318666330953  0.24492507363506633  0.25496071249227337
  0.26524609990143999  0.27528238433091867  0.28504133788281860  0.29472491415056634
  0.30464080929587617  0.31452628392863163  0.32431684974684633  0.33413400710220037
  0.34403919857480797  0.35400385150957758  0.36394004730566104  0.37408433541977537
  0.38454691069812519  0.39541704978004116  0.40677864877804026  0.41801194301593558
  0.42872716051264392  0.43913677981420224  0.44933292767282007  0.45967629507752489
  0.46993495460467188  0.48012008414519358  0.49023517659505184  0.50034450230033378
  0.51062224305675785  0.52081640370664251  0.53072974512491677  0.54057549515548964
  0.55013788392176122  0.55958171805519274  0.56899426712108858  0.57864362711284567
  0.58812353830618691  0.59751559897484929  0.60681812997110585  0.61636207658195730
  0.62623127387466093  0.63620332207790120  0.64620018475115970  0.65643710487091822
  0.66704728121198786  0.67800298582446483  0.68845411302649406  0.69890316081935411
  0.70917880440641445  0.71935551251286156  0.72944591072321463  0.73962225642771706
  0.75005461550510877  0.76094356617427794  0.77122123270963439  0.78154779051337131
  0.79176864455111240  0.80244650690986064  0.81278650542133102  0.82300407073543935
  0.83318702347495022  0.84369322091802101  0.85419064025783487  0.86501015890202027
  0.87591466218064140  0.88651878793863936  0.89661495074023556  0.90582054791352362
  0.91483355969683200  0.92408071157655480  0.93373259701649314  0.94367653197395573
  0.95415394399641562  0.96460251187656587  0.97110185965360640  1.00000000000000000
  0.05049046530466738  0.19435022575942407  0.22431833414456956  0.24208770179721306
  0.25660608864531992  0.26916827623300110  0.28098737672438162  0.29136967879208897
  0.30088606330309042  0.30963374720189174  0.31783823986908066  0.32562305440022105
  0.33286265030640788  0.33939603158204756  0.34557647680991771  0.35198495234882177
  0.35807811774883508  0.36381926619140953  0.36935060453826296  0.37468848661813853
  0.38000662898044413  0.38543432436027869  0.39092521682277798  0.39639832466984165
  0.40177311649611952  0.40687666063099420  0.41190260930453726  0.41698453456180595
  0.42219815164919605  0.42752537282035735  0.43299401807718152  0.43855238645107880
  0.44419223557372162  0.44995008383022655  0.45564585989134754  0.46126506875656181
  0.46670505095088072  0.47214287708270319  0.47755164560637819  0.48263451737682822
  0.48769320713080883  0.49277914380585636  0.49803549989294843  0.50348747474065958
  0.50897319205128655  0.51439799261625019  0.51977935443158607  0.52522006881363470
  0.53084796266695389  0.53659531960101214  0.54235895164696224  0.54809060032441592
  0.55369836029913833  0.55938810931058336  0.56516973632575929  0.57106084999193718
  0.57701165711401659  0.58317588085467731  0.58958329470172322  0.59598770669891687
  0.60230080110086126  0.60860850865360128  0.61480370795788475  0.62095592932566801
  0.62728289842867091  0.63386583663009055  0.64072050523936064  0.64769804779121798
  0.65472845104176403  0.66185536222314667  0.66916085919173951  0.67676973012318675
  0.68443995506412891  0.69192259489680741  0.69947062275752969  0.70734359637558197
  0.71500153436840763  0.72295601711806057  0.73128046192915441  0.73955843511604624
  0.74787098300683952  0.75665917724489762  0.76557874001401582  0.77418490447491073
  0.78315767631519773  0.79224680297589145  0.80147783436915188  0.81105194983291651
  0.82165978503824988  0.83306200536614827  0.84521336366327915  0.86015241108806051
  0.87842266296544658  0.89932718173057147  0.93376307994698360  1.00000000000000000
   1.9842536179560084E-035  -1.0000000000000000     
 F F F F F F T F F F F F F F F F T F T F T F T F T F T F T F T F T F T F T F T F F F F F F F F F T F T F T F T F T F T F T F T F T F F F F F T F F F F F F F F F T F T F T F T F T F T F T F T F T F T F T F T F F F F F F F F F T F T F T F T F T F T F T F T F
  <DiscreteSampler_grid>
  grouped_processes
  1 # 1 for a reference and 2 for a running grid.
  10 # Attribute 'min_bin_probing_points' of the grid.
  1 # Attribute 'grid_mode' of the grid. 1=='default',2=='initialization'
  0.0000000000000000 # Attribute 'small_contrib_threshold' of the grid.
  0.5000000000000000 # Attribute 'damping_power' of the grid.
 # binID   n_entries weight   weight_sqr   abs_weight
    13   10   1.940085576095332E-025   1.662030250191277E-049   1.940085576095332E-025
    14   10   1.940085576095225E-025   1.662030250191067E-049   1.940085576095225E-025
    16   10   1.641743314396081E-025   9.215140786180134E-050   1.641743314396081E-025
    17   10   1.641743314396185E-025   9.215140786180101E-050   1.641743314396185E-025
  </DiscreteSampler_grid>
