  0.00000000020635018  0.00000000071238150  0.00000000110260414  0.00000000140652119
  0.00000000167797115  0.00000000192618632  0.00000000215057689  0.00000000233912217
  0.00000000251264075  0.00000000268810812  0.00000000286248854  0.00000000303412841
  0.00000000321561177  0.00000000338393163  0.00000000356664555  0.00000000376067204
  0.00000000395777358  0.00000000416363721  0.00000000436341307  0.00000000456345972
  0.00000000476019411  0.00000000493056877  0.00000000509102372  0.00000000524269208
  0.00000000538870444  0.00000000555716926  0.00000000571095383  0.00000000584115643
  0.00000000596047464  0.00000000608347096  0.00000000622971747  0.00000000636771045
  0.00000000651630740  0.00000000666041620  0.00000000681908645  0.00000000696032654
  0.00000000709216198  0.00000000721284078  0.00000000733802039  0.00000000748098861
  0.00000000763539950  0.00000000779113315  0.00000000794731344  0.00000000809533266
  0.00000000824258869  0.00000000838924455  0.00000000851105629  0.00000000864109625
  0.00000000877089782  0.00000000890961770  0.00000000907432659  0.00000000925889248
  0.00000000944754666  0.00000000963387120  0.00000000979349569  0.00000000990217137
  0.00000001000590990  0.00000001010978910  0.00000001022014577  0.00000001034674352
  0.00000001048223702  0.00000001064788479  0.00000001081557643  0.00000001098693058
  0.00000001116563593  0.00000001136569726  0.00000001156116744  0.00000001175417023
  0.00000001193325153  0.00000001210262118  0.00000001226493777  0.00000001242971726
  0.00000001266541314  0.00000001295468452  0.00000001320982009  0.00000001342765530
  0.00000001364607372  0.00000001388165558  0.00000001412684351  0.00000001437258363
  0.00000001461910580  0.00000001488304680  0.00000001529256975  0.00000001574965826
  0.00000001622128841  0.00000001671378600  0.00000001718571678  0.00000001765079292
  0.00000001812154922  0.00000001869045549  0.00000001936449543  0.00000002009896375
  0.00000002108609002  0.00000002258518559  0.00000002360896695  1.00000000000000000
  0.00778948789901447  0.02212933624808463  0.03808771993899746  0.05228315439655203
  0.06522138551016746  0.07860323663830682  0.09257544064821310  0.10580618930599021
  0.11726584223926069  0.12882966243811689  0.14077269569622503  0.15367148437997039
  0.16729081554093364  0.18050947934015829  0.19088946026438969  0.19745674968761143
  0.20434107731753459  0.21114775633815033  0.21858228235409660  0.22704596142851316
  0.23470435667679349  0.24253488992808417  0.25237035899179400  0.26487746383643407
  0.27535387482091972  0.28430678390232533  0.29196821834497150  0.29957797943176440
  0.30859125580321450  0.31762311211521943  0.32586391453760488  0.33372349769499232
  0.34137027844523088  0.34913921340254817  0.35670814039661392  0.36459065992445777
  0.37227262526390836  0.38085913601107985  0.39011876079977564  0.39929627535876872
  0.41041101309988420  0.42163193176252467  0.43122287149860555  0.44104120073029018
  0.45124177904794016  0.46398801277271734  0.47643234076389296  0.48691436572196345
  0.49675746580046692  0.50544899351142591  0.51355624458251581  0.52165466375341130
  0.52987955873034065  0.53918559993872284  0.55155515066098482  0.56556857477813416
  0.57851443262981339  0.59010907762418152  0.60150970474846566  0.61278119523124197
  0.62303410820564420  0.63338420369206450  0.64511975585963444  0.66195467729833213
  0.67922194566287242  0.69372289454221092  0.70672679401568494  0.71980694690401903
  0.73415185127490035  0.74685224728486999  0.75485345752185384  0.76342801722174747
  0.77219962691504129  0.77966470598672533  0.78809774319052117  0.80054159924712076
  0.81539838152682309  0.82579261215945399  0.83197066221880123  0.83906196687892620
  0.84610145863500752  0.85391039237662292  0.86162872720724171  0.87248940151216925
  0.88149687671418553  0.88981740397408415  0.89863940149852539  0.90750716968426326
  0.91498056038623288  0.92176414490570457  0.92889291584283273  0.93813900511562731
  0.95155416785488867  0.96630350615850369  0.98176569637972844  1.00000000000000000
 -0.00000015387814252  0.00008189162056924  0.00073664760434947  0.00194480405349559
  0.00340573577165519  0.00529585140987991  0.00827684299717586  0.01224356264360694
  0.01711032528300810  0.02242792077584323  0.02805646476878769  0.03510413502095917
  0.04173342007708904  0.04768876271208906  0.05409194140328637  0.06097805482591954
  0.06814231717096986  0.07587327366321225  0.08425914904749160  0.09162872672442397
  0.09960324586748266  0.10749043538473681  0.11722664467698279  0.12840500624738138
  0.13937823199301119  0.15016844080340375  0.16009418208716805  0.16927453279244500
  0.17793524687948278  0.18633830808585117  0.19512966056245373  0.20148096613320504
  0.20720687342536986  0.21404560109577822  0.22094819549999653  0.22915148453971856
  0.23680242699433623  0.24469987865594595  0.25271883291532904  0.26065205526601237
  0.26845891401249178  0.27714129843351953  0.28686065795541577  0.29661706147825367
  0.30704020182909392  0.31724260744934052  0.32686725939812600  0.33646548026008627
  0.34634670611829882  0.35678907984909752  0.36825461639960128  0.38115282335530876
  0.39149486176045384  0.40134464974946232  0.41089370918856549  0.42083527757896222
  0.43206521766018080  0.44466804556998935  0.45782491725439589  0.47064803422151291
  0.48242275648211325  0.49280776762155831  0.50328043733830308  0.51281624917300228
  0.52321849163723266  0.53502256318533337  0.54926097758319214  0.56315249341192664
  0.57666935935642194  0.58963868925735308  0.60167547456982362  0.61246438623266619
  0.62409052994854708  0.63714746845641912  0.65134334690609530  0.66595443340613025
  0.68000137431189289  0.70017167334102881  0.72099693997962711  0.74109923441473480
  0.76155457619833200  0.77584008214130706  0.78779329684420973  0.79979736037713223
  0.81252117983150374  0.83065496648212045  0.84968590590424531  0.86901976985905116
  0.88804292572339594  0.90611620067726173  0.92202512368994760  0.93742296901518396
  0.95290822059813740  0.96807890860373502  0.98366411980048829  1.00000000000000000
 -0.00484223844052851  0.01203860395004429  0.02551625320105000  0.03662835961151656
  0.04891132986931571  0.06170442119298191  0.07444830148337808  0.08791194413205367
  0.10314681812648160  0.12030158447259445  0.13285714623464639  0.14215079717982584
  0.15088089044080918  0.15841358897980126  0.16987481185394671  0.18323959050027699
  0.19690531078532408  0.21086958466392189  0.22398162703274688  0.23266090179810398
  0.23940732675775608  0.24632413668548461  0.25367803285238316  0.26263984424673437
  0.27170285662753774  0.28009734313671886  0.28888101299853797  0.29666831050742376
  0.30479055198030292  0.31300986743872733  0.31841412964531984  0.32468512179191233
  0.33111349413679075  0.33790000492945949  0.34455527764571892  0.35101428617467506
  0.35845771457358366  0.36694154771902271  0.37471745965147002  0.38493352358365157
  0.39893756999895014  0.41329154667749890  0.43062561265367855  0.44662924762638512
  0.45832052755011948  0.46819723333157631  0.47842607795538228  0.48844909220324301
  0.49650927059193434  0.50389024611849442  0.51142037018192632  0.52000612826244752
  0.52999649123556525  0.54188633147896581  0.55558646856596094  0.56982580960085583
  0.58313843261070175  0.59401192073597764  0.60385631438818199  0.61287221725979035
  0.62189634222503631  0.63121398302024934  0.64037447281349436  0.64991628963401582
  0.65882749938204366  0.66930496949653440  0.68277385029052717  0.69593962221889649
  0.70809015253504526  0.71949666756851172  0.73209315474359526  0.74811228672510233
  0.76130997566001180  0.77221463081317310  0.78240012619349408  0.79127522324078114
  0.80064324925672914  0.81223655774937920  0.82559400395277616  0.83931599292222736
  0.85069036204014736  0.86105493107213882  0.87183796777996536  0.88371032437074382
  0.89462708439892258  0.90213064680414712  0.90917107433387090  0.91569610370748855
  0.92295754146132369  0.93160899150583487  0.94056153499132100  0.94860078845325191
  0.95706759069763925  0.96889140495823478  0.98432501766918312  1.00000000000000000
 -0.00256937471443664  0.00996795748836399  0.02254814126268698  0.03680312807720299
  0.05078477656040782  0.06295680089304355  0.07760450655567282  0.09161597904662436
  0.10688474819912283  0.12400518068314603  0.14044388964763482  0.15392870490509691
  0.16533995134104837  0.17555998658320432  0.18481613330562865  0.19215619581709006
  0.20028767020303029  0.20839276049540120  0.21537300882314284  0.22218651603886616
  0.23028383429752136  0.23942347343781409  0.24913980959323229  0.26179835376103366
  0.27459204751579552  0.28630830365321852  0.29790200696772062  0.31122533516259215
  0.32732059141943237  0.34386485031056907  0.35728246772119088  0.36745456975051699
  0.37814766449250836  0.38815075484195505  0.39770423322862619  0.40730648618010568
  0.41793550943428337  0.43418849566676970  0.44118799312283419  0.44904717915795134
  0.45652704021748913  0.46324889449474038  0.47109185701555034  0.48038008648092495
  0.48982174652454485  0.49825599792082548  0.50923271233482581  0.52149495013965674
  0.53301554826388531  0.54396298240518126  0.55515614744651187  0.56720396675692430
  0.58064546929625471  0.59770928415204916  0.61039134897514047  0.62109701580987142
  0.63157405227874241  0.64321908553970775  0.65533509985502292  0.66694561841253341
  0.67836415342071210  0.69020867861084267  0.70296701367053216  0.71329733543713836
  0.72267271503342401  0.73105222469877462  0.73740582288431866  0.74433739865299275
  0.75181916340362076  0.76036019222945672  0.76869189912577629  0.77725737007715601
  0.78584653791014780  0.79559496018196485  0.81125580440547485  0.82697382170100930
  0.83453910622503036  0.83968413968192490  0.84399255736568646  0.85039281981723069
  0.85731401167241805  0.86492345358721201  0.87254628825503278  0.88052517193474955
  0.88778156766215643  0.89534855462056795  0.90906327689733046  0.92110990686658856
  0.92898220635626017  0.93690197115272000  0.94479785168295327  0.95214489537995328
  0.96147459004470393  0.97399328635050564  0.98663763264614379  1.00000000000000000
 -0.00210185088179491  0.00662461998926590  0.01587661975282243  0.02511989713927129
  0.03507901027402083  0.04578871313614967  0.05579080724748733  0.06451995772565072
  0.07315242226720746  0.08184828886269002  0.09176782281307283  0.10127416773333126
  0.11131345789521838  0.12195073743204252  0.13279470394465845  0.14652996369445215
  0.15738785250146048  0.16453543324390957  0.17202369232334355  0.18113386259806996
  0.18918152863984525  0.19666037922836310  0.20415865685519227  0.21615826121947590
  0.23148995724293125  0.24648033421157217  0.25937253300192997  0.27080396529901973
  0.28212631881309075  0.29351943850123524  0.30653816054762389  0.32359689119468310
  0.34162386857596261  0.35380539140264028  0.36527335375736369  0.37512726985470868
  0.38341210361219513  0.39026979727041283  0.39652611294239826  0.40291919767461926
  0.40947927790890143  0.41648902441140745  0.42452033866464800  0.43947784198796802
  0.45584478807726081  0.47184300906955706  0.48766569795473874  0.50388355931071116
  0.52056863956477661  0.53207349574821472  0.54349173858646571  0.55041280334041187
  0.55928178992002986  0.56709207769301961  0.57444082055967083  0.58069544926514893
  0.58639163392294424  0.59283978023845740  0.60047115873936274  0.61200497336778714
  0.62708957779235430  0.64205169508390103  0.65622227805639977  0.66948774779052045
  0.68172790502683667  0.69223019855400958  0.70371902851697588  0.71601705958712958
  0.73035089499899752  0.74483401191447374  0.75863723598185895  0.77281082837403614
  0.79003296474339080  0.80717224850090330  0.82534345536510134  0.84200576638951041
  0.85399327031061467  0.86667321577274847  0.87911620954690428  0.89282957768205584
  0.90329955445492927  0.91162890497832916  0.91986220629907045  0.92817393266635750
  0.93525296928957469  0.94165292810388423  0.94945516787670869  0.95358975266686330
  0.95628880375859127  0.95916551301901343  0.96235084503764390  0.96646779715672715
  0.97383049570603375  0.98210754820593338  0.99012484646735954  1.00000000000000000
 -0.00724706662481953  0.10007059435995085  0.15941899731711184  0.20402520547928427
  0.23215038299315471  0.25842192120582463  0.28737698115100802  0.31435457017636392
  0.34011739996004225  0.36347298826542768  0.38534308474522572  0.40156352132846845
  0.41543806175179054  0.42971004252680917  0.44509681974999071  0.45988507104003479
  0.47270827469085663  0.48635333163549577  0.50073355641878969  0.51531980437422253
  0.52688478181383569  0.53633913579009684  0.54646207381800682  0.55738890368149963
  0.56460603214164751  0.57164475388605673  0.57915600003586587  0.59176556216012066
  0.60564956820491556  0.61844920094225408  0.62980779080291371  0.63885651087466266
  0.64943135578971689  0.65929530967875660  0.66879919386519604  0.67916787179963412
  0.68907565617696198  0.69865479317589618  0.70725340393443115  0.71572856485840819
  0.72466548526204400  0.73361859041274446  0.74204106761930344  0.75044462146091639
  0.75906771731776235  0.76777910178053643  0.77672808550962880  0.78537229038987666
  0.79258545803556235  0.79794008613253653  0.80321405890039410  0.80850781046123654
  0.81385648709128267  0.81952532995666938  0.82440486815767200  0.82903856250644870
  0.83473866598279833  0.84224297774443124  0.84936326328919287  0.85650193991536394
  0.86353391769167065  0.87131953970522547  0.87697251412757105  0.88104002053393315
  0.88514315607828287  0.88824949379012541  0.89130079929765371  0.89422191218590852
  0.89708907825901496  0.90030716296298330  0.90377373699043329  0.90757343049993633
  0.91141748911216369  0.91503608958141347  0.91920317450540723  0.92387746165883833
  0.92824838042490221  0.93197166758113514  0.93470777743166200  0.93738152831105093
  0.94024362106642068  0.94359262727937088  0.94858064013579990  0.95393724151749726
  0.95910716312256505  0.96286343763689919  0.96617154605921052  0.96934210766448037
  0.97253680226360872  0.97582485149869591  0.97892607923679620  0.98163798973169825
  0.98428816491351989  0.98790224423400719  0.99421720252622980  1.00000000000000000
 -0.00357237864891962  0.01306026436806182  0.02697937599390103  0.04302023648707829
  0.05685431238980912  0.07025168115260284  0.08257474660940743  0.09526498524198182
  0.10798650397702965  0.12220150795257362  0.13641917968769804  0.14780092737906592
  0.15750801758257851  0.16681863283269935  0.17571009454383921  0.18501652337368937
  0.19382936339978055  0.20322994358625171  0.21398369127230982  0.22260288364965924
  0.23168443482838541  0.24576134735494104  0.26106673306203743  0.27383286000609819
  0.27959225091009871  0.28738599563256623  0.29599354023684621  0.30341927717096445
  0.30946018109037504  0.31484811619909819  0.32069826428098680  0.32725861782658994
  0.33558082527658667  0.34765651763703181  0.35986816533401084  0.36963748088054421
  0.37893927189823445  0.38780713583120258  0.39538033976266895  0.40222904342251192
  0.40975218970462157  0.41691132434325001  0.42321645414410397  0.42684665044451442
  0.43059657055921097  0.43459453803331122  0.43898338986116675  0.44476727475530387
  0.45079375970816893  0.45679995736391221  0.46857005586283590  0.48052934764436017
  0.49153368468164099  0.50321449842795218  0.51759971087755630  0.53099761326721395
  0.54400818784262894  0.55710363878521307  0.57296473102055989  0.59160417645221586
  0.60967711335166552  0.61932373049685752  0.62982449235473836  0.63926186253079953
  0.64854544175622564  0.65807224079842819  0.66952930117107401  0.68423231793482564
  0.70073360333598800  0.71767562437876842  0.73488175250907539  0.75228413239278435
  0.76578601901683152  0.77636250688731856  0.78559830941395459  0.79498759752510073
  0.80495511745390891  0.81409889942382030  0.82300304942289793  0.83238090711536084
  0.84362566382576087  0.85534321226183330  0.86527341234212385  0.87519330093316949
  0.88354684736390066  0.89424445212237247  0.90810653363281635  0.92235653296187070
  0.93486106121414869  0.94456117065405809  0.95184253848824729  0.95958348797660153
  0.96847751345343203  0.97869545054794727  0.98904893399276439  1.00000000000000000
  0.64341623840640016  0.67132479315868743  0.68844849841014077  0.70697979073995942
  0.72438678346911622  0.74301712248882457  0.76196135205434057  0.77899037535643889
  0.79461646658500917  0.80867244866388810  0.82104995197491537  0.83229751853833911
  0.84223168958129191  0.85112434414547633  0.86140564764032113  0.87217813360783936
  0.88127746690577125  0.88846208685511652  0.89455160434049175  0.90033286092081821
  0.90598413294743807  0.91152333035340360  0.91655731331303514  0.92120247957180634
  0.92530017362275530  0.92905043228262285  0.93265750166047756  0.93655219825957248
  0.93917595176136937  0.94132242762926344  0.94288330912979534  0.94438414220969980
  0.94584292634688738  0.94752876245311013  0.94916156262469387  0.95055549412604601
  0.95180369543598264  0.95275089474687502  0.95354243040443309  0.95442337418110179
  0.95529195650317689  0.95613297701276301  0.95678810388925439  0.95778167644289336
  0.95864739659386977  0.95947346948756429  0.96033657178257470  0.96116896717962796
  0.96192243397303656  0.96263850918833438  0.96331539897559781  0.96388848667095339
  0.96441433722688308  0.96496625767434341  0.96554778060578461  0.96613083526746513
  0.96670841028566601  0.96712885485037647  0.96753951773108282  0.96795293730479870
  0.96837021737150419  0.96877443557831977  0.96913673408482670  0.96948407712722962
  0.96983021209350184  0.97019862574847415  0.97083066185165179  0.98157599039070897
  0.98192120565122309  0.98219975150222216  0.98245824101868007  0.98269473831447018
  0.98292344434324630  0.98318756196547386  0.98348292325804387  0.98379493785047156
  0.98411912807246493  0.98446660626646976  0.98486464824963149  0.98527024748851710
  0.98567317584925485  0.98607348419884444  0.98649518869349606  0.98697538241099536
  0.98745505519817256  0.98797094661650664  0.98856245776737628  0.98923597167572996
  0.98998751378315941  0.99086384706943675  0.99182706233084772  0.99285017323448399
  0.99405669231238913  0.99557318457362975  0.99754141003714070  1.00000000000000000
  0.07995853767931935  0.22795776838953433  0.24382514447069259  0.25762060950215665
  0.27124524579170750  0.28486765592973401  0.29761483628893715  0.30742789742218685
  0.31506268264928028  0.32231997161764342  0.32935078753648689  0.33551125421745748
  0.34239016970349534  0.34973467624979782  0.35559378273128550  0.36162753763902550
  0.36761907393384380  0.37367882276633224  0.38005152441693280  0.38715765108837985
  0.39410458104548501  0.40126111117936580  0.40952315196205830  0.41697602134310652
  0.42126123212034716  0.42591589372180155  0.43075944976873187  0.43502352026122781
  0.43755540234015622  0.44009568871699983  0.44271309349172083  0.44543555768639237
  0.44829174155248258  0.45372743503869362  0.45843713764320176  0.46329339989239127
  0.46818472440116665  0.47303296663664973  0.47767315893012030  0.48285578115651479
  0.48892865770615007  0.49513393066482458  0.49917629153945448  0.50343760334297627
  0.50718273615672049  0.51079951413730862  0.51457710471020879  0.51940038928387466
  0.52513077312959966  0.53011736022703171  0.53458039987574690  0.53855030494345379
  0.54242302600391179  0.54642633997711043  0.55102516528128653  0.55578006586090833
  0.56086588749046340  0.56629259558796963  0.57239730076311024  0.57808731770173172
  0.58359032878952088  0.59101727932678338  0.59864175137821118  0.60731050651718876
  0.61731934701989688  0.62655672615544022  0.63452139014084097  0.64164439904646686
  0.64769422717546521  0.65292107886650053  0.65823519076212778  0.66360145449938268
  0.66907831130972562  0.67478925951688218  0.68056106588594201  0.68567774626041644
  0.69064463776110807  0.69614729294663669  0.70225338814922511  0.70813415924373491
  0.71557710008105424  0.72313014587080338  0.73080911587245867  0.73693603823865772
  0.74348879634626797  0.75024899459736261  0.75871319163978002  0.76883127259830697
  0.78728548830573730  0.81068189136256807  0.83192040965286540  0.84548560112569415
  0.85693638968903729  0.87839875854910365  0.97926448790230880  1.00000000000000000
   1.0780630978688524E-036  -1.0000000000000000     
 T F T F F F T F F F F F F F F F T F T F T F T F T F T F T F T F T F T F T F T F F F F F F F F F T F T F T F T F T F T F T F T F T F T F F F T F F F F F F F F F T F T F T F T F T F T F T F T F T F T F T F T F F F F F F F F F T F T F T F T F T F T F T F T F
  <DiscreteSampler_grid>
  grouped_processes
  1 # 1 for a reference and 2 for a running grid.
  10 # Attribute 'min_bin_probing_points' of the grid.
  1 # Attribute 'grid_mode' of the grid. 1=='default',2=='initialization'
  0.0000000000000000 # Attribute 'small_contrib_threshold' of the grid.
  0.5000000000000000 # Attribute 'damping_power' of the grid.
 # binID   n_entries weight   weight_sqr   abs_weight
    13   10   6.460790609347252E-029   1.911787735338378E-056   6.460790609347252E-029
    14   10   6.460790609347258E-029   1.911787735338384E-056   6.460790609347258E-029
    16   10   3.825362138176507E-029   1.172270935036835E-056   3.825362138176507E-029
    17   10   3.825362138176529E-029   1.172270935036851E-056   3.825362138176529E-029
  </DiscreteSampler_grid>
