  0.00000000021703520  0.00000000064602766  0.00000000094499262  0.00000000121174351
  0.00000000144255991  0.00000000165515447  0.00000000186677867  0.00000000206694646
  0.00000000225774463  0.00000000244301921  0.00000000261963608  0.00000000280145448
  0.00000000298413843  0.00000000316269622  0.00000000333855414  0.00000000351248905
  0.00000000368524751  0.00000000385161710  0.00000000401279879  0.00000000417215969
  0.00000000433326025  0.00000000449970882  0.00000000467001716  0.00000000483712154
  0.00000000499787944  0.00000000515560072  0.00000000531261684  0.00000000546839017
  0.00000000562476164  0.00000000578359201  0.00000000594703901  0.00000000611771455
  0.00000000628493281  0.00000000644541310  0.00000000660041944  0.00000000675779927
  0.00000000691596925  0.00000000707757475  0.00000000723418636  0.00000000738821789
  0.00000000754566815  0.00000000770601876  0.00000000786616890  0.00000000802606283
  0.00000000818481840  0.00000000834004349  0.00000000849674951  0.00000000865483309
  0.00000000881155773  0.00000000896931818  0.00000000912580473  0.00000000928261174
  0.00000000943782229  0.00000000959800190  0.00000000976824426  0.00000000994852523
  0.00000001013465442  0.00000001032156557  0.00000001050454064  0.00000001069002165
  0.00000001087857722  0.00000001105981263  0.00000001123983280  0.00000001142133810
  0.00000001160983007  0.00000001180983501  0.00000001201402842  0.00000001221509547
  0.00000001242574715  0.00000001264623116  0.00000001288105204  0.00000001311229718
  0.00000001334350945  0.00000001357374377  0.00000001380206102  0.00000001403478426
  0.00000001426672609  0.00000001450680713  0.00000001475606097  0.00000001501475791
  0.00000001527816560  0.00000001554804804  0.00000001584101595  0.00000001617263601
  0.00000001655033240  0.00000001697514800  0.00000001739170861  0.00000001782580091
  0.00000001828018895  0.00000001877563013  0.00000001934383713  0.00000002000628243
  0.00000002091466082  0.00000002247748754  0.00000002365583923  1.00000000000000000
  0.00968308448718194  0.01573665889211582  0.02546833861644762  0.03704559676797565
  0.04869134391007730  0.06005182242280795  0.07083777524624994  0.08146886508976173
  0.09184072064737683  0.10188596658197284  0.11120361012662561  0.12027241239477969
  0.12951205679655622  0.13871888292434345  0.14807336786340608  0.15753165936969787
  0.16688976742452213  0.17638098949438272  0.18587834348886054  0.19542810795178303
  0.20494793751758417  0.21464653265714415  0.22446015778088038  0.23476043263213583
  0.24534621249973304  0.25595258849312669  0.26617616483506412  0.27615974740420285
  0.28572896445357016  0.29559882568486989  0.30558481123653164  0.31602900495219977
  0.32640341920491950  0.33674386515090021  0.34680138487901674  0.35716520014838887
  0.36733234211287480  0.37780918892123189  0.38868210919573909  0.40042225472301934
  0.41241804184092595  0.42414225669752659  0.43573128029327063  0.44734703379592977
  0.45844428858718339  0.46873711352053865  0.47861645580127071  0.48891225519193870
  0.49933241912247467  0.50923867962977176  0.51863492921973386  0.52832858430163421
  0.53860578494990263  0.54931205077694423  0.55974489217653567  0.57012949101086985
  0.58103064285040928  0.59217168582582647  0.60383315388762937  0.61548487355044967
  0.62718766590050989  0.63903784745813841  0.65047374408519987  0.66176095994481143
  0.67303983015446422  0.68440777025428257  0.69604352118149782  0.70823800616975641
  0.71992272303922766  0.73130983135132555  0.74273266957541551  0.75382500002334896
  0.76507796565740926  0.77670296437602893  0.78813758047857418  0.79898492233611318
  0.80872131847455453  0.81798421453854608  0.82729951407110791  0.83727666474736884
  0.84776580870301532  0.85782343155911367  0.86769461764434985  0.87788898175983499
  0.88891955608384188  0.90000467707302989  0.91065021395644319  0.92129873857719646
  0.93172947026520503  0.94197449353574925  0.95186005461632794  0.96214879288450195
  0.97229042475954985  0.98222634915569340  0.99114780779749601  1.00000000000000000
 -0.00329759437612194  0.01145691169873144  0.02303300411759650  0.03357689931272376
  0.04424038834621417  0.05492429527179470  0.06463033552562457  0.07356529096304350
  0.08302521610135441  0.09265423885073987  0.10230178265988762  0.11189470818736415
  0.12144266541753287  0.13137772507345105  0.14161578520695819  0.15196793814907231
  0.16251674938559713  0.17368782368873700  0.18473468090514855  0.19536402955213983
  0.20544606423863490  0.21565795945560901  0.22655488129049833  0.23793955533080066
  0.25003050617988959  0.26262085129352886  0.27451945270589911  0.28535769030583708
  0.29607326331924205  0.30672320990036039  0.31800684121850625  0.32934165765360740
  0.34060283339919833  0.35180318938523181  0.36314790966249627  0.37449871566697984
  0.38616267339596899  0.39726566253347728  0.40818080053577321  0.41898208442539780
  0.43015825811776331  0.44173853336881230  0.45284579220107229  0.46336088778767104
  0.47425072838347443  0.48565334251865638  0.49810135820853918  0.50917930239890963
  0.51964358525406329  0.52976309732857918  0.53993508706394555  0.55006656273323551
  0.56033512973045085  0.57086819961787794  0.58134873977348023  0.59169771377961911
  0.60224607800178009  0.61352404415861028  0.62513587970367701  0.63589961355842772
  0.64624000691316219  0.65660972858388023  0.66696967866277146  0.67713001808910989
  0.68676822668079174  0.69701342113292608  0.70708798498914061  0.71713405303017097
  0.72675354394918168  0.73708854675789626  0.74753499237243226  0.75825371171422384
  0.76936223172039542  0.78047427206771491  0.79137777647406737  0.80211721560332172
  0.81261068677509862  0.82262065451832367  0.83224346984027020  0.84218757443894310
  0.85208258380672064  0.86228617619855430  0.87187448084664021  0.88216204174473756
  0.89284686201532537  0.90358457516010970  0.91353458570628754  0.92329438326139068
  0.93285978767958622  0.94253215143846014  0.95195313584789953  0.96191552770255628
  0.97195453589428071  0.98233348896546413  0.99126925396421517  1.00000000000000000
 -0.00196994250431431  0.00887351562400353  0.01781507330270880  0.02759463489970099
  0.03819983318862531  0.04981171150917461  0.06169426561280270  0.07390625132849644
  0.08572814813580894  0.09649068177467485  0.10658435970548552  0.11629414525903850
  0.12708760710228434  0.13891405569356155  0.15028066178043320  0.16119778169055152
  0.17149751194673943  0.18203528923891518  0.19190028215302590  0.20188847156394071
  0.21177959926848247  0.22171605824078533  0.23227016822167654  0.24390219048267767
  0.25412442214729497  0.26398423884572653  0.27384444344161535  0.28451991394913817
  0.29492714604071874  0.30477994157878080  0.31456918519412769  0.32511887096222070
  0.33591074498998397  0.34614114858053557  0.35589546417547574  0.36619771277504459
  0.37632908582708074  0.38615528038863256  0.39577561618727791  0.40592942167109536
  0.41616321293568304  0.42692223983414412  0.43792241275850691  0.44967450804384190
  0.46196827134843504  0.47484519885406301  0.48750807278729563  0.49967172635657170
  0.51072075427348229  0.52132485781547400  0.53181034954777417  0.54261494412831701
  0.55328391282370393  0.56400328876718087  0.57432776943156605  0.58507785614143482
  0.59535006980842053  0.60567031897306212  0.61591588116696916  0.62659784765952409
  0.63705006380954665  0.64693208945108061  0.65698147498958637  0.66727357022770561
  0.67799785280830616  0.68869536668182041  0.69913654970693251  0.70956229280714822
  0.71975642117618976  0.72967755264814838  0.73905221389114906  0.74840127518400035
  0.75818107651530764  0.76836567639988418  0.77900092230937334  0.78997472034444549
  0.80131357085597266  0.81231240978058472  0.82283369337073597  0.83286075328002218
  0.84282074857481315  0.85232587153278905  0.86221287172765704  0.87250689364588185
  0.88345638402277449  0.89465645902502877  0.90592753315323959  0.91675513272788534
  0.92705480611339297  0.93722362462616460  0.94720370335223825  0.95726689611583660
  0.96763803310426111  0.97854055155132436  0.98939751538118714  1.00000000000000000
 -0.00246000353399263  0.00868717076446889  0.01931006115841533  0.02995077359715888
  0.04152691146762502  0.05317693216718634  0.06412239661639180  0.07433431619928092
  0.08451677741478894  0.09522797054682615  0.10604953318868968  0.11653830288241125
  0.12680173475017056  0.13699373793389696  0.14725064579511121  0.15733907859155896
  0.16705409766219689  0.17683631294411672  0.18685623419234115  0.19716450533509908
  0.20789173567118749  0.21892775913117538  0.22993485404065739  0.24082270267954947
  0.25137733097676568  0.26193284588320909  0.27226665433620495  0.28253591546193541
  0.29313623626324553  0.30344005663606077  0.31402646882904306  0.32359970104431429
  0.33323854448097007  0.34263948365774255  0.35228282264582056  0.36221132614896295
  0.37190596552932526  0.38169708421263615  0.39195095439859318  0.40287427375867751
  0.41414723493057642  0.42537474942806924  0.43633146005197526  0.44750146900141413
  0.45845544067450594  0.46934150363624466  0.48028883319568000  0.49131619720847475
  0.50248027968224596  0.51394938342114349  0.52533163436064434  0.53628055544554498
  0.54640902554591075  0.55627941119321955  0.56673725623408888  0.57744997437829915
  0.58748227078573356  0.59702900686577864  0.60728986414197239  0.61847387922964914
  0.62989961823445340  0.64081446896267547  0.65083211131619145  0.66059842662566726
  0.67041633990501481  0.68067483206213208  0.69137166914904591  0.70174065243459993
  0.71181065572804725  0.72243802708725924  0.73302655804110295  0.74451144014062121
  0.75560368744900797  0.76580603480461962  0.77551966528018579  0.78518837034243583
  0.79560148130869668  0.80706057687027444  0.81835660812086020  0.82920197559172637
  0.83994574026214786  0.84985764285692356  0.85995915345782703  0.87020674661626030
  0.88109566289967423  0.89217627954185352  0.90323123648288484  0.91419611911992216
  0.92430079121677811  0.93424072703770400  0.94461430813886882  0.95571420124959960
  0.96655294561906580  0.97744917031327450  0.98862618724061824  1.00000000000000000
 -0.00254975690598269  0.01054014456761506  0.02137080261018705  0.03201389548816171
  0.04262089898079394  0.05363369003911998  0.06466836667483097  0.07503698980556216
  0.08558793435478743  0.09632473736823935  0.10753962464375885  0.11894145591575365
  0.13011976123904898  0.14136281101356621  0.15227423567214890  0.16328643565722337
  0.17490900935941761  0.18675223177029943  0.19824223153005749  0.20916950639693835
  0.21957202555416572  0.22960957956582015  0.23919292607597764  0.24840098834715682
  0.25752882265480725  0.26685548189021635  0.27680647970847999  0.28719503539666302
  0.29712774764389588  0.30663220423933751  0.31616767164291049  0.32660333632646493
  0.33738071486930638  0.34810750992532502  0.35864924951785199  0.36921374470609614
  0.38003981040652568  0.39120900114654827  0.40214382371121049  0.41253207358698946
  0.42259569940031033  0.43274020483228265  0.44297420755476624  0.45324942926931672
  0.46346041760377693  0.47385933149665960  0.48377692360200231  0.49392670942797828
  0.50414074553289068  0.51495708618789282  0.52604524289052768  0.53726691704731899
  0.54728179204076111  0.55705859014831072  0.56735002760121844  0.57757599710694663
  0.58774312126755501  0.59716062466087794  0.60737221207200798  0.61952042813408770
  0.63208975265736422  0.64441822684196093  0.65698090957923716  0.66880350956772994
  0.67934303959441644  0.68950280667730712  0.69923406340527272  0.70890817363530323
  0.71809450036119926  0.72738869220404134  0.73707327645855769  0.74681405947162960
  0.75631360374382073  0.76567760756740233  0.77517059056978344  0.78528475537262066
  0.79579064629552998  0.80736215489135210  0.81862687130724010  0.82972796603162613
  0.84061363025006131  0.85131308944634076  0.86109653742669423  0.87082533561044917
  0.88117994075377315  0.89150492652824531  0.90139421831778677  0.91074385344906383
  0.92058093444239830  0.93051966534306896  0.94115579921769899  0.95217032990738659
  0.96407465407355430  0.97614216269312348  0.98815523774901914  1.00000000000000000
  0.01492585328748028  0.01852436858350224  0.02187827595964794  0.02840139958790103
  0.03437190026932178  0.04055094869504095  0.04661991235866340  0.05265033630303619
  0.05887991014978488  0.06484620843301478  0.07050286625478772  0.07605909516555025
  0.08148186961705745  0.08685924829545055  0.09230041952483577  0.09767974544983675
  0.10295589982668860  0.10821902030963519  0.11350832070126965  0.11881373498502847
  0.12432425302058406  0.13000739556430455  0.13571787585147488  0.14147489479836167
  0.14726251498115556  0.15307829896691530  0.15877946614185737  0.16436722960045852
  0.17005015220481226  0.17584198659346750  0.18162053027701971  0.18737531154413017
  0.19312562997688906  0.19906434456210048  0.20545103307237755  0.21217731584575547
  0.21898168068223883  0.22572632928124473  0.23188079389477656  0.23778518001463592
  0.24363391067332160  0.24967652655221034  0.25604301542718894  0.26264674294790646
  0.26906821265967223  0.27589882721538500  0.28317244493472815  0.29029185446106426
  0.29721427047701393  0.30417767870287182  0.31094093505207870  0.31779455163761816
  0.32463902774997477  0.33186994916639456  0.33927304037416994  0.34644285785568973
  0.35360322943869738  0.36110607880511664  0.36909343438697817  0.37741281410538813
  0.38617433775373672  0.39515981979242748  0.40414042257785066  0.41304467953696000
  0.42182527848701590  0.43090627795056313  0.44067738034509824  0.45087309552831339
  0.46053978973979737  0.46977058467222260  0.47908160602406352  0.48849894700708302
  0.49790810810447944  0.50765911425078980  0.51797274329832144  0.52872762138627394
  0.53981838439938723  0.55160648604146567  0.56398191073955217  0.57645900077012302
  0.58905797724486475  0.60190534808272977  0.61470998019147438  0.62815313133675843
  0.64269974378457384  0.65797576351867182  0.67428676313566815  0.69184437922451791
  0.71233120002243577  0.73450917512592451  0.75874970569947875  0.78477626160195568
  0.81400572069410282  0.84932469724144799  0.90147657284769689  1.00000000000000000
 -0.00332902337147096  0.01329180231413966  0.02628792262394397  0.03831165891659861
  0.04957083407726488  0.06063548561407102  0.07178395345563099  0.08316644680705389
  0.09453814500739609  0.10536442523551280  0.11543853265662556  0.12509050954265830
  0.13445237113386785  0.14370953525608585  0.15272474797231853  0.16198480659648642
  0.17152622592066427  0.18120467863321899  0.19122630018373191  0.20133757159876500
  0.21172715342971210  0.22183791921231427  0.23156358484137338  0.24122153399662799
  0.25124486169767013  0.26158206058669603  0.27219702528100043  0.28254774066361421
  0.29271730477814428  0.30301952051302217  0.31341407707259522  0.32371611407220757
  0.33475459522167234  0.34639591105911233  0.35845170716522773  0.37034822237800791
  0.38115172783821499  0.39187847232082301  0.40212731284541303  0.41244368274401916
  0.42209028517096225  0.43176791412800125  0.44157373614672601  0.45199952731400550
  0.46239632402260628  0.47345453405102716  0.48434685087835921  0.49477550956331845
  0.50452897055834778  0.51421078188417679  0.52431198826375314  0.53470082948476716
  0.54505674573958507  0.55540831598100582  0.56579504255418245  0.57622540598599825
  0.58698637517132579  0.59797104570479476  0.60915147071049092  0.61979493856100198
  0.63059193783752965  0.64155835254178650  0.65239143326061089  0.66338914858003462
  0.67481632232396704  0.68618085933589457  0.69666927310929982  0.70669549912360718
  0.71636980520415150  0.72607402744505911  0.73602422457796046  0.74602569972064281
  0.75609935794660199  0.76635496514814050  0.77702885613852068  0.78790688004776144
  0.79873246536958742  0.80947801769991179  0.82028359725985822  0.83181875976347575
  0.84232163560077589  0.85270852946364428  0.86233378544817341  0.87189754460239610
  0.88138426594266228  0.89054951061247289  0.90007584441683031  0.91019425398044096
  0.92079783021231520  0.93185224327174065  0.94380579172420254  0.95499684812500540
  0.96719722652207962  0.97826073918885337  0.98948837421818414  1.00000000000000000
  0.02443959396226139  0.03084757889518569  0.04033289537409076  0.05058684871340536
  0.06047594546906742  0.06994870074455277  0.07922479340158393  0.08866591595332843
  0.09832404057333782  0.10830287035651079  0.11823738604802027  0.12736039289689552
  0.13614292524124075  0.14512348417005119  0.15475133176485567  0.16469622589600449
  0.17450520194556893  0.18427014575538042  0.19445273700062088  0.20512330738727891
  0.21535671877391765  0.22520450963501737  0.23514610781835493  0.24539657961886718
  0.25546621420237403  0.26530594012631431  0.27521657443566744  0.28527682234063884
  0.29549690646821575  0.30532949262017683  0.31516563349234489  0.32558420159201767
  0.33615959560977587  0.34635783660313485  0.35588758368925755  0.36528671424953840
  0.37498953346929725  0.38459701518362499  0.39449475084259872  0.40433774667048439
  0.41411975154864300  0.42395455328388676  0.43378802112879816  0.44363651280319627
  0.45323146925548097  0.46267579071517262  0.47256369946633026  0.48317423982392288
  0.49423102578253247  0.50492585520269651  0.51516791087928293  0.52556481523917942
  0.53629443655145659  0.54690525376472932  0.55740388901314131  0.56767184734315534
  0.57776676157920670  0.58752651833265346  0.59752096121350262  0.60801218436003157
  0.61870654659098601  0.62917020516012645  0.63923637449638571  0.64892908476443090
  0.65804864521709905  0.66739827508875582  0.67719829513029173  0.68734275620844276
  0.69777368014912156  0.70814140327125252  0.71842366639640864  0.72814062545816582
  0.73770052134112785  0.74785910454704740  0.75816127185028304  0.76850626615120210
  0.77862302295185015  0.78898584022573637  0.79950957793072086  0.81054203489499688
  0.82127249987622952  0.83210001435523495  0.84248676496774955  0.85261489334768170
  0.86304495412068627  0.87395672196278995  0.88619134412569134  0.89815781118032356
  0.90973272451043974  0.92026485636628330  0.93094414396462033  0.94197730351667985
  0.95405530065458977  0.96504932440928715  0.97108357327645489  1.00000000000000000
  0.08554738481161545  0.12473372589644960  0.14587196086240004  0.16355172192602782
  0.17911188883053769  0.19370283481144066  0.20799954558733325  0.22214955850468074
  0.23535724987700016  0.24794890315437629  0.25983889411043737  0.27091588597548788
  0.28100573948204077  0.29089770348516897  0.30122908700611561  0.31166876993533099
  0.32200168037585458  0.33213693763200536  0.34133137126793084  0.35000560698428762
  0.35814320323277321  0.36562903882834408  0.37310674338655309  0.38059002965579247
  0.38856302223294287  0.39625934635121063  0.40416725789745911  0.41163799937957807
  0.41893999282122751  0.42630679214584299  0.43337549832575073  0.44020636319782375
  0.44692285036512330  0.45360285473814155  0.46012941998044105  0.46613167106637055
  0.47214316711995341  0.47819312529763919  0.48422460385328991  0.49004617970194880
  0.49564650663863868  0.50121560980186430  0.50681364199486556  0.51263557553352568
  0.51840545987449971  0.52407077576628347  0.52989081655651882  0.53581074997009925
  0.54182425059363959  0.54763531859531389  0.55323163880460202  0.55886491851155862
  0.56448315396886561  0.56999922541305148  0.57568493656245912  0.58135053453685925
  0.58693919322326882  0.59228650357120982  0.59738542535286554  0.60237184526253762
  0.60739090878643298  0.61253515346309462  0.61772645231515966  0.62307879690327483
  0.62817421968359477  0.63302724374208974  0.63781606634294608  0.64267755481933342
  0.64766259729485620  0.65283618728109172  0.65805314238459944  0.66328800868665594
  0.66836266742034900  0.67327183138701063  0.67809123181215525  0.68281628549537798
  0.68755924234084409  0.69263249765935386  0.69768572124310779  0.70282630632508858
  0.70783676417485886  0.71292719999797383  0.71822535895052120  0.72379250979042820
  0.73024243451441606  0.73776863507098811  0.74590089664970383  0.75438093805553763
  0.76385268525339811  0.77302800158538820  0.78302262692641234  0.79378776474854029
  0.80683856111750452  0.82881549981633607  0.92001110847423739  1.00000000000000000
   2.5758523023185949E-035  -1.0000000000000000     
 F F F F F F F F F F F F F F F F T F T F T F T F F F F F F F F F T F T F T F T F T F F F T F T F T F T F T F T F T F T F T F T F F F F F F F F F F F F F F F F F T F T F T F T F F F F F F F F F T F T F T F T F T F F F T F T F T F T F T F T F T F T F T F T F
  <DiscreteSampler_grid>
  grouped_processes
  1 # 1 for a reference and 2 for a running grid.
  10 # Attribute 'min_bin_probing_points' of the grid.
  1 # Attribute 'grid_mode' of the grid. 1=='default',2=='initialization'
  0.0000000000000000 # Attribute 'small_contrib_threshold' of the grid.
  0.5000000000000000 # Attribute 'damping_power' of the grid.
 # binID   n_entries weight   weight_sqr   abs_weight
    13   10   4.880600667520064E-026   5.531026888536389E-051   4.880600667520064E-026
    14   10   4.880600667518484E-026   5.531026888535576E-051   4.880600667518484E-026
    16   10   8.861363461179645E-026   3.661874302396779E-050   8.861363461179645E-026
    17   10   8.861363461170664E-026   3.661874302395347E-050   8.861363461170664E-026
  </DiscreteSampler_grid>
