  0.00000000017548253  0.00000000081630758  0.00000000124113394  0.00000000159031542
  0.00000000188659026  0.00000000214763353  0.00000000238895631  0.00000000262435924
  0.00000000288325570  0.00000000317428172  0.00000000339785581  0.00000000359125056
  0.00000000377888290  0.00000000396736807  0.00000000415375870  0.00000000435396439
  0.00000000455752716  0.00000000476245375  0.00000000496154774  0.00000000514643381
  0.00000000532043388  0.00000000549131616  0.00000000566408495  0.00000000581872235
  0.00000000594610995  0.00000000608425917  0.00000000621297716  0.00000000633553346
  0.00000000645433621  0.00000000657391766  0.00000000670408528  0.00000000684115102
  0.00000000697867544  0.00000000711634566  0.00000000724310783  0.00000000737681063
  0.00000000752844163  0.00000000769966670  0.00000000786573696  0.00000000801535942
  0.00000000815106185  0.00000000827897566  0.00000000841459630  0.00000000855876913
  0.00000000870997693  0.00000000885891568  0.00000000900450479  0.00000000913872650
  0.00000000927152502  0.00000000940082477  0.00000000953734299  0.00000000969100944
  0.00000000985794413  0.00000001001577743  0.00000001016198964  0.00000001030845664
  0.00000001045243457  0.00000001059968624  0.00000001074554371  0.00000001089047698
  0.00000001105024525  0.00000001121771034  0.00000001139759433  0.00000001157325767
  0.00000001175274196  0.00000001191913108  0.00000001207684604  0.00000001223079956
  0.00000001238379398  0.00000001254655951  0.00000001272755529  0.00000001292222164
  0.00000001312075727  0.00000001330855432  0.00000001349740280  0.00000001369751366
  0.00000001392267753  0.00000001417043351  0.00000001442425308  0.00000001468022106
  0.00000001494453219  0.00000001521824730  0.00000001547693634  0.00000001573989812
  0.00000001605422219  0.00000001646749531  0.00000001695072391  0.00000001742355915
  0.00000001792205019  0.00000001845033765  0.00000001901273784  0.00000001969626347
  0.00000002061650361  0.00000002220607153  0.00000002383800016  1.00000000000000000
  0.01000518416868738  0.01481309800169502  0.01980256612672426  0.02560364464747336
  0.03035080443584625  0.03576642281652283  0.04341842540039526  0.05454075744625500
  0.06658591102280616  0.07666176953294580  0.08709506703506385  0.09695569382907435
  0.10671644891848810  0.11550722604336311  0.12462116560410805  0.13342828227627845
  0.14284875346624248  0.15283404281123802  0.16171350301500084  0.17146384750894170
  0.18396113376180467  0.19894618318303475  0.21237507783069517  0.22606894094718022
  0.23815080875669786  0.25067743458655994  0.26348437003887692  0.27660990407061337
  0.28984457821363258  0.30304064885226156  0.31625225850493288  0.32850871178563645
  0.33859905099447218  0.34710224923205035  0.35568445948577954  0.36471169116052232
  0.37481822349854693  0.38575999031225522  0.39737126014342805  0.41150840979276809
  0.42356249765535348  0.43467427080034565  0.44337544271798673  0.45216921123832715
  0.46139384026152575  0.47086002723534298  0.48181483812855369  0.49465949268863718
  0.50837904003165502  0.52133519699201414  0.53388513689933370  0.54596997258785374
  0.55724205199563448  0.56830522014576845  0.57935688465166069  0.59081481631893851
  0.60236680874489446  0.61414370182118450  0.62621410757800422  0.63834913108541669
  0.65057588637608099  0.66234083784202413  0.67450026656284245  0.68740146700356519
  0.70066090837201023  0.71468910720465395  0.72866567570568286  0.74234397326946555
  0.75527414417247718  0.76707390723886026  0.77804508160493102  0.78862851172732651
  0.79933976531220430  0.81020864357464339  0.82092227883117641  0.83142660279112413
  0.84142731608940680  0.85111425836294019  0.86083641773420527  0.87087235064586521
  0.88087405650815820  0.88912193082471380  0.89692526225916991  0.90389177580024771
  0.91203511107046253  0.92199824867467128  0.93209568972694257  0.94248592043594559
  0.95183737328166074  0.95941796953281111  0.96612978395499660  0.97353794775856362
  0.98103450237786705  0.98661511183950645  0.98974088224658707  1.00000000000000000
 -0.00001414056963754  0.00079839490961233  0.00370825262732730  0.00693143379174321
  0.01125676500697799  0.01634846274346669  0.02264784431629995  0.02879702944367193
  0.03568261875025192  0.04317686649551616  0.05016440523862421  0.05706240703142281
  0.06488075821027789  0.07387058920142874  0.08254011213619671  0.09180975847821329
  0.10160207970945022  0.11241655583742728  0.12382349404248258  0.13527042263346320
  0.14695022882566516  0.15858983866922993  0.17026016954073153  0.18257977147841770
  0.19656895020100495  0.21015198568113488  0.22325674554320532  0.23619582546581985
  0.24941508495418596  0.26324893878181416  0.27738870208224431  0.29041561152262851
  0.30210170324711894  0.31371575288987946  0.32449222355507212  0.33499066838103414
  0.34523448216456437  0.35595324774089337  0.36649907038245100  0.37509392746101150
  0.38359860009348945  0.39198471210178337  0.40026836623251000  0.40885984194695718
  0.41706260655900534  0.42450904394793526  0.43197965236323271  0.44061320362932133
  0.44988598442821037  0.45973231177302104  0.47072004520081706  0.48186024762074858
  0.49299847579682649  0.50402929453155265  0.51451598312511682  0.52406983268662943
  0.53280244811506938  0.54186124636178501  0.55250713545428920  0.56318865985488353
  0.57342299697760191  0.58336361768159173  0.59347874153388547  0.60437332358146612
  0.61555109579369915  0.62634024831424706  0.63693317296821461  0.64653874298966585
  0.65601886088474581  0.66558003953123968  0.67500498945151677  0.68509650420521961
  0.69425580769653639  0.70462048973687241  0.71549394380138542  0.72729830155131403
  0.73897760992601702  0.75023964493029383  0.76207608203262867  0.77432708438896103
  0.78635901911408002  0.79793181753520603  0.80860580409710781  0.82047627950374091
  0.83428383164341535  0.84865230888105347  0.86249045275050218  0.87639554702299005
  0.89033368159801907  0.90456939899575539  0.91981094996026302  0.93538315645470427
  0.95132422932656469  0.96746530919075169  0.98371311974896081  1.00000000000000000
 -0.00330595600918457  0.01225303410014086  0.02532547389184759  0.03777875211970361
  0.04918090040291188  0.06004002431064346  0.07135624665198127  0.08210203838740417
  0.09041832741431267  0.09779235289178055  0.10580302348131339  0.11444844691373260
  0.12308427987412318  0.13172212841777728  0.14010610355602277  0.14838774105165572
  0.15680168157363017  0.16559427036543664  0.17579758606105572  0.18640807869189929
  0.19680064292453067  0.20793055110096828  0.22013703060262862  0.23238778013722894
  0.24459790330460410  0.25736172195980872  0.26932230375088828  0.28236861553532094
  0.29457265486619977  0.30688989636451602  0.31950664818556301  0.33139555604129295
  0.34570709233255786  0.35934722693354315  0.37130006715527630  0.38217920324285354
  0.39241498556864729  0.40117721688392399  0.40869358994570604  0.41565500585878878
  0.42324881025094513  0.43237340856381812  0.44180922991885468  0.44995276434397513
  0.45844183475947309  0.46858664597690902  0.47991204752930411  0.49112982849747938
  0.50223786543950677  0.51431365591953693  0.52699535779202389  0.53997892103892065
  0.55136171256056343  0.56208673615624438  0.57252271793164478  0.58260898200910660
  0.59247586944077979  0.60248808478393645  0.61310100605452855  0.62366326293074181
  0.63245914503914547  0.64039993929555183  0.64879933887082830  0.65735890695759081
  0.66547875973876480  0.67371802498906674  0.68199564172735483  0.69041427488554008
  0.70361344870014519  0.71708785754229676  0.72844325984934655  0.73928564472807901
  0.75027436602545161  0.76112502008344540  0.77003680180196077  0.77665465731153638
  0.78435836224955302  0.79251384968522742  0.80025848185590787  0.80829412528772526
  0.81675986293698488  0.82474339091085769  0.83346807134197187  0.84531679285123984
  0.85835090829572613  0.87062036200656012  0.88330646679210434  0.89542371030873547
  0.90912544122704686  0.92258950799304695  0.93527161260220260  0.94749485276971135
  0.95967283478761145  0.97228299489565417  0.98567330199119274  1.00000000000000000
 -0.00258370248021131  0.00929493058244416  0.01960268252747050  0.02963931536748566
  0.04058373426105172  0.05148649826976118  0.06257305288993292  0.07328816550684200
  0.08384017262338242  0.09514816445171131  0.10768011157013667  0.12139679619749963
  0.13628275065891038  0.15185926983862363  0.16710202091154364  0.18091071466071035
  0.19349504816992008  0.20566394670128085  0.21779774545299466  0.22964753018026160
  0.24125536255294425  0.25341192220945641  0.26442541911206874  0.27799722551979383
  0.29087266083544250  0.30300602371638924  0.31586523607351635  0.32866392423769952
  0.34072420834739336  0.35238616769330194  0.36405148496390682  0.37690954258289378
  0.39132841632029058  0.40681118825799717  0.42344294848134262  0.43637065653724322
  0.44656978268889602  0.45604606161102101  0.46561654900496324  0.47589410099564694
  0.48581417892313972  0.49596763830419344  0.50667072765177845  0.51736870767401011
  0.52806149219011056  0.53782270447382874  0.54699065034698213  0.55643614943428310
  0.56594486452363457  0.57484295691275056  0.58291878432418376  0.58960665885188557
  0.59609227580231949  0.60126737375232364  0.60672063854981806  0.61425957901349648
  0.62181835647921135  0.62914611287945343  0.63693265504095842  0.64486361729369868
  0.65349355693951305  0.66283900785372996  0.67298749388888912  0.68328658774658924
  0.69288677189361270  0.70514936058056943  0.71686215405426401  0.72743843561256272
  0.73690868839661894  0.74642484199059744  0.75424770815151421  0.76174326133231784
  0.77021924002192899  0.77824309656805846  0.78586294930675227  0.79274639661721868
  0.79977218409188067  0.80775715950048177  0.81669110134815892  0.82572528934148848
  0.83473426360424108  0.84414826161589385  0.85377938053823710  0.86205549950477611
  0.87092647598960060  0.87966638129294383  0.88798531699397554  0.89716019940065772
  0.90858891566920830  0.92211579106797215  0.93596444108717658  0.95077839538172226
  0.96632694851186762  0.97937561025029529  0.99044810229189428  1.00000000000000000
 -0.00392025644135997  0.01274004143829842  0.02619049083588230  0.03785814141943378
  0.04958521460905733  0.06150289465303476  0.07306761440216468  0.08481084881169246
  0.09748246288669164  0.10915663702054951  0.11950118859026546  0.12870737658703077
  0.13710604769464865  0.14586844361021667  0.15499981719037273  0.16599054116945949
  0.17888212582307539  0.19173758130358939  0.20382501013505494  0.21585731478130529
  0.22768198250195101  0.23736877636382087  0.24486997048473877  0.25181557039228974
  0.25696391680666403  0.26374004635693077  0.27109866331424598  0.27912830659580068
  0.28746642242796583  0.29634633927598258  0.30389994690718869  0.31108092398150589
  0.32070894314253362  0.33282926889687708  0.34243830140287057  0.35242297343686074
  0.36362560229491842  0.37546744568415569  0.38725364074999652  0.39932183047347514
  0.41257112115262989  0.42280049798204661  0.43092035175909116  0.43987504474399658
  0.44872663573252336  0.45732337974138942  0.46617364268517075  0.47572851797284071
  0.48729765261321073  0.49857992490876313  0.51119358363524636  0.52077212340485590
  0.52779404627414084  0.53526522108596652  0.54263272182272160  0.54957144471510544
  0.55614101137476313  0.56265481847945986  0.56942917276883109  0.57582378018496871
  0.58285848825878106  0.59374527009707356  0.60650173244333117  0.61990515681280989
  0.63311454930242439  0.64526371022559792  0.65618611456816778  0.66646604793363962
  0.67614704029756667  0.68556201274091799  0.69535830868908921  0.70554553311054158
  0.71591425457020641  0.72724802650052101  0.73903712938360899  0.74978293939719065
  0.75967640389430791  0.76903235267271741  0.77859257694101247  0.78867519642705852
  0.79908525837164923  0.81022391463633958  0.82212826820293339  0.83443818914373935
  0.84744920987682881  0.86060600667469800  0.87529770712878663  0.89066790231230042
  0.90568388688522394  0.91980947388714118  0.93337106366455591  0.94698896703031987
  0.96031656558478440  0.97383728403539438  0.98702232100443865  1.00000000000000000
 -0.00730149940311568  0.14187496840726549  0.21799707948310934  0.26416975972459533
  0.29969862413334908  0.33047681237360771  0.35700868968119848  0.37973222271923357
  0.40249813285512054  0.42453738693239856  0.44598897597377202  0.46289108239507448
  0.47891691757743377  0.49565696425210132  0.51523019011727744  0.53296581518854835
  0.54727592202424102  0.55795077544852067  0.56922950528362382  0.58061156974880712
  0.59077830822766753  0.60036510952464384  0.61024884087477860  0.61998105937926573
  0.62981368478194877  0.63871036067228337  0.64751790783177643  0.65905103776845986
  0.67048879195485012  0.67978692538106600  0.68910589858900606  0.69778242925003109
  0.70610586763672345  0.71436892982730116  0.72199328271707608  0.72939896847395769
  0.73682926816733729  0.74452171797789957  0.75223926957125009  0.75980337456091662
  0.76747986555260295  0.77524091348114277  0.78262875035301360  0.78957996936575037
  0.79572091482714002  0.80142222419738929  0.80737001806981712  0.81325819351174866
  0.81834795590420861  0.82391779906563167  0.83025174443371408  0.83632689779334701
  0.84218612943147941  0.84795382693479437  0.85367183520506629  0.85922010093153456
  0.86513142244147556  0.87095418442694006  0.87602429748227695  0.88006663320986656
  0.88377975540757658  0.88761139496914254  0.89142932788414597  0.89540065897836985
  0.89990469230189563  0.90441882124174888  0.90839965323762972  0.91217399239146368
  0.91571792128665830  0.91850310726085183  0.92107691648533296  0.92396459423897137
  0.92754341715410260  0.93007989920851919  0.93229465379174814  0.93460021971278306
  0.93745633721118748  0.94100148130301209  0.94442337088454442  0.94749721035574530
  0.95039249214205634  0.95322672018664689  0.95606562016295105  0.95843846106116326
  0.96080809736873163  0.96305296770092019  0.96520501087830768  0.96746207358265368
  0.96983994469810664  0.97239406189604827  0.97493380086558257  0.97769525455662087
  0.98081897763720582  0.98529971590342424  0.99163063411206354  1.00000000000000000
 -0.00245136995159254  0.00895947120012200  0.02018852803177233  0.03112337770463356
  0.04227751937602609  0.05084591112641472  0.05951704743449458  0.06767023387765959
  0.07512419591852992  0.08266595532283980  0.09065831299155354  0.09996637320853054
  0.10968195034109514  0.11936881160616231  0.12955188744111665  0.14102634108934167
  0.15378176597598162  0.16896648656383037  0.18095208468379534  0.19332621741101219
  0.20450178642755140  0.21327643000108160  0.22191570528140675  0.23107449125607496
  0.24042255908012086  0.25029063457008760  0.26114353565537390  0.27217960372040917
  0.28392252097229126  0.29706141218773102  0.31056640065545288  0.32314753341316504
  0.33544451673528775  0.34806756364644870  0.35970515668537545  0.37076463761857115
  0.38164864594145653  0.39331415848111456  0.40494691747397638  0.41849701211043999
  0.43270262355557459  0.44712618888808137  0.45850361186305771  0.46530779301405245
  0.47207452902379721  0.47892397389919444  0.48598984523141192  0.49277957941838707
  0.49950420082563951  0.50591033837960964  0.51213939506957762  0.51774088119359796
  0.52618222513961188  0.53880451198680646  0.55346363565516743  0.56917342257486681
  0.58374737500324614  0.59488890000531913  0.60492452806378461  0.61564882513537278
  0.62641607897371498  0.63695895200991437  0.64785100829909503  0.65881917541929913
  0.66941513305762301  0.68054404859489614  0.69142902654700167  0.70270364503017224
  0.71655448895581542  0.72904488785714816  0.73796612704738829  0.74611412373994368
  0.75508771834746891  0.76496904052930792  0.77488945360286987  0.78436297998073867
  0.79350306166348716  0.80364830228166984  0.81378101534824665  0.82387906403577738
  0.83341691674346674  0.84256438319931681  0.85097726661125550  0.85991048067136922
  0.87019531729442634  0.88059981189299752  0.89189757619634691  0.90392440695596310
  0.91556941352202492  0.92706353611756254  0.93969376467156429  0.95232117527840909
  0.96500534368588231  0.97706138664524189  0.98880157405384739  1.00000000000000000
  0.64006273641232603  0.69036845485143516  0.72540928253276848  0.75628927775738009
  0.78065735969542394  0.80215308212538705  0.81971775205945685  0.83522072831636407
  0.84616542184323351  0.85750837442707273  0.86885121869964244  0.87883926455949968
  0.88718720432044562  0.89402548720427266  0.90061867297846554  0.90737882667055381
  0.91355839829740593  0.91846700475389387  0.92243959938957820  0.92608960206230551
  0.92977555760051689  0.93364772938745488  0.93706365629568233  0.93933527694280261
  0.94127012279956046  0.94329522330162596  0.94518243987232575  0.94687911909357014
  0.94846900632425946  0.94993057922217916  0.95131881991917344  0.95273736024585620
  0.95413466366758792  0.95535861419547308  0.95640400227900535  0.95735533053479993
  0.95823629736947247  0.95905415164852970  0.95984613545581166  0.96062674813616100
  0.96137120012066879  0.96206881659318977  0.96273873720840053  0.96334629330950694
  0.96392118782970704  0.96446952217087345  0.96497294573492209  0.96543833616666608
  0.96589352806315620  0.96634562889282449  0.96679727845196384  0.96722263109033146
  0.96763719628030886  0.96803558733860651  0.96841254623731765  0.96876538795201672
  0.96908748117904242  0.96938998488986494  0.96969834327418813  0.97001437300124338
  0.97040622216385108  0.97090810320148391  0.98173797351078451  0.98213939765931446
  0.98240250985680633  0.98262920775108031  0.98283838668921275  0.98304257374931525
  0.98326284331876557  0.98349239119791276  0.98373186359170750  0.98398292059080950
  0.98424782148837942  0.98454770490637300  0.98486451065192493  0.98519715705251187
  0.98554752056338579  0.98591879697357199  0.98630241616613845  0.98665078494362934
  0.98700635920914803  0.98738860930323125  0.98782431767819256  0.98830350036576864
  0.98880126673595836  0.98930159785446459  0.98986315753415799  0.99049374100985255
  0.99115427634249365  0.99185811043706296  0.99263748253911421  0.99353789014468152
  0.99457848916321179  0.99585086863208339  0.99752378234132943  1.00000000000000000
  0.00361824162123903  0.15884031219885275  0.24729936338742847  0.28507347299655894
  0.31750353986726937  0.34059197090316651  0.36062495156040225  0.37809487800926378
  0.39512388372444268  0.41011797862028010  0.42418976069504627  0.43762693568304345
  0.45022919058276045  0.46234741335040686  0.47429348939204530  0.48665358837939265
  0.49853401808093406  0.50867951721078131  0.51804440564599730  0.52571211351694058
  0.53224112354029285  0.53909341444770231  0.54577294528404396  0.55231553604675199
  0.55880867768490683  0.56472266062427734  0.57025510476378061  0.57622839493271782
  0.58298879735502351  0.59166825966444414  0.60110197644784191  0.61007686122039861
  0.61864720313254207  0.62717192103936314  0.63556733201569904  0.64305041740245128
  0.65000573482674850  0.65681600010599284  0.66312326418439971  0.66886782468934580
  0.67442493094805434  0.68011132182247269  0.68560942885714726  0.69076298765208721
  0.69561145568438143  0.70020109501200389  0.70470847964694017  0.70928199110228107
  0.71398619031433286  0.71884338434566242  0.72365456231179981  0.72840604279941568
  0.73248769650333523  0.73619870229713802  0.73953223316106098  0.74254885627264777
  0.74533985949246473  0.74791199103348061  0.75043704089964458  0.75325021444320328
  0.75576540036458051  0.75817341650746961  0.76066945455135071  0.76369806679055385
  0.76649865234170200  0.76898796551565285  0.77131801663085309  0.77389674727584179
  0.77662741486614717  0.77902167486759200  0.78131900597999737  0.78359076211881595
  0.78628427651520694  0.78913902255726509  0.79153417070584697  0.79502845314014103
  0.79879735519818229  0.80289549474500232  0.80731957957555023  0.81202296738723834
  0.81692127465102526  0.82175733938231965  0.82652814279156994  0.83132455194998345
  0.83636338902507867  0.84202921598596514  0.84863382982706770  0.85551130817414678
  0.86243608942036754  0.86890537457813322  0.87666056706709150  0.88627917894365260
  0.89721206173962520  0.90816981769650473  0.92093440624291290  1.00000000000000000
   1.5038940240876428E-040  -1.0000000000000000     
 F F F F F F F F F F F F F F F F T F T F T F T F F F F F F F F F T F T F T F T F T F T F T F T F T F T F T F T F T F T F T F T F F F F F F F F F F F F F F F F F T F T F T F T F F F F F F F F F T F T F T F T F T F T F T F T F T F T F T F T F T F T F T F T F
  <DiscreteSampler_grid>
  grouped_processes
  1 # 1 for a reference and 2 for a running grid.
  10 # Attribute 'min_bin_probing_points' of the grid.
  1 # Attribute 'grid_mode' of the grid. 1=='default',2=='initialization'
  0.0000000000000000 # Attribute 'small_contrib_threshold' of the grid.
  0.5000000000000000 # Attribute 'damping_power' of the grid.
 # binID   n_entries weight   weight_sqr   abs_weight
    13   10   5.737361091252311E-032   1.441123970109589E-062   5.737361091252311E-032
    14   10   5.737361091252265E-032   1.441123970109565E-062   5.737361091252265E-032
    16   10   2.850040818611903E-032   3.733840335977793E-063   2.850040818611903E-032
    17   10   2.850040818611880E-032   3.733840335977720E-063   2.850040818611880E-032
  </DiscreteSampler_grid>
