  0.00000000005585885  0.00000000013640763  0.00000000020019034  0.00000000026433960
  0.00000000033129911  0.00000000039672654  0.00000000046505461  0.00000000053777332
  0.00000000061290931  0.00000000069597469  0.00000000078120150  0.00000000086968260
  0.00000000095659035  0.00000000104945665  0.00000000114836789  0.00000000124786911
  0.00000000134954939  0.00000000145740461  0.00000000156406738  0.00000000167165636
  0.00000000178364263  0.00000000189998276  0.00000000201713921  0.00000000213405027
  0.00000000225006595  0.00000000237053393  0.00000000249541407  0.00000000262132462
  0.00000000274677171  0.00000000286901590  0.00000000298947321  0.00000000311857867
  0.00000000325541346  0.00000000339307150  0.00000000353047444  0.00000000366852417
  0.00000000380654791  0.00000000394708006  0.00000000409240290  0.00000000423807871
  0.00000000438653712  0.00000000453769664  0.00000000469135177  0.00000000484421045
  0.00000000499759780  0.00000000514951495  0.00000000531848982  0.00000000549071465
  0.00000000566501256  0.00000000584238251  0.00000000602215717  0.00000000620313895
  0.00000000638287254  0.00000000655481974  0.00000000671957426  0.00000000689641523
  0.00000000707470534  0.00000000726476167  0.00000000745768509  0.00000000764626707
  0.00000000783432007  0.00000000802653786  0.00000000822548590  0.00000000842957626
  0.00000000863339888  0.00000000883464689  0.00000000903475678  0.00000000927212443
  0.00000000950079635  0.00000000972827699  0.00000000995856121  0.00000001019102577
  0.00000001042564470  0.00000001066882627  0.00000001091189141  0.00000001116372293
  0.00000001142042915  0.00000001170422517  0.00000001203356807  0.00000001238420706
  0.00000001272982199  0.00000001308010132  0.00000001344021610  0.00000001381665897
  0.00000001420994881  0.00000001460210555  0.00000001500694697  0.00000001545422474
  0.00000001601256044  0.00000001670757472  0.00000001746518124  0.00000001831827326
  0.00000001934019994  0.00000002067095939  0.00000002120309716  1.00000000000000000
  0.00939837672269618  0.01671032263217789  0.02673583380312632  0.03708408048067534
  0.04716756609163051  0.05731831306941202  0.06804337005786262  0.07862162166059314
  0.08914693625261505  0.10006488448960690  0.11095527318230033  0.12169959875199206
  0.13256466933519651  0.14297426636191993  0.15300112104977806  0.16264371907827507
  0.17267781045102093  0.18309001278667247  0.19360665276387476  0.20391302830707211
  0.21460606751686889  0.22496392960585834  0.23560248592308508  0.24623870042776777
  0.25697815798552581  0.26762776184666881  0.27839842681114435  0.28959569763979998
  0.30109481232921664  0.31247211172308514  0.32354768715959209  0.33420103456372519
  0.34318798604142903  0.35266361407093860  0.36246497585719090  0.37267931058285830
  0.38253619100329939  0.39248169533446819  0.40326141550918332  0.41465143127335663
  0.42598360555493292  0.43704508465881209  0.44785985323245703  0.45834736148049987
  0.46891232717063769  0.47958667140013228  0.49024046610652150  0.50066114878726020
  0.51077839464453889  0.52087272462658063  0.53104031386163331  0.54141451266107432
  0.55202050122969559  0.56260422691208689  0.57259845662171160  0.58224967996022736
  0.59185967242338144  0.60205761753641673  0.61287118675290941  0.62338464079583344
  0.63375053002290216  0.64411812655706979  0.65478678100556820  0.66550363303786841
  0.67651414526955811  0.68752760747965691  0.69853876583550645  0.70950189176104772
  0.72049417137864735  0.73179031984474185  0.74301126514427218  0.75403970933577225
  0.76477502871109870  0.77597385358224913  0.78714759170613735  0.79812464839147557
  0.80898789406887284  0.81961391617328527  0.83001491834952834  0.83998771190050336
  0.85001255818612864  0.86035282035997174  0.87100909406029003  0.88127806393054164
  0.89136298640415479  0.90142411302270264  0.91197933156548139  0.92234955058120871
  0.93260668159424742  0.94299010755667445  0.95388254028718666  0.96491319772180750
  0.97592303079288356  0.98729641977020954  0.98981830496846357  1.00000000000000000
 -0.00251664799597618  0.01013088107343645  0.02078444094730971  0.03161510301136083
  0.04214376921350404  0.05253268006367769  0.06295171460017991  0.07324600511738569
  0.08325725480981418  0.09333309505089264  0.10357491719881100  0.11362795507949780
  0.12347442559952551  0.13325273919370434  0.14289145411171147  0.15256598397058929
  0.16202968750640892  0.17198958160929353  0.18218804618089360  0.19288662880795801
  0.20330622472907767  0.21410253185577197  0.22504856579339053  0.23584887013166370
  0.24647409924524250  0.25730463433741518  0.26867131693966040  0.27919283701674547
  0.28918518794908515  0.29885395161307593  0.30840214157423429  0.31785639304322899
  0.32731843663068011  0.33685990138195182  0.34712466523654950  0.35758895972673932
  0.36811498986453928  0.37860404722799390  0.38943693097153637  0.40007471479733209
  0.41050314816975592  0.42088464809591086  0.43109917642708084  0.44117909323954002
  0.45087321401992136  0.46079782707707179  0.47106496642605661  0.48183819396562916
  0.49280526749640430  0.50339563748639415  0.51388201138780953  0.52434065075290670
  0.53493511983960085  0.54567258713843902  0.55648943685505758  0.56734995302212810
  0.57840034009136465  0.58970099973465218  0.60138255066823132  0.61271992757240856
  0.62379343354687844  0.63452354513404985  0.64519830250167387  0.65566341944570061
  0.66612451388302474  0.67636558407787428  0.68664105511752727  0.69682170804282506
  0.70713778164607244  0.71772100967436259  0.72824253999289523  0.73911975976244304
  0.75024424683156210  0.76125203503239314  0.77187667424078532  0.78194236222415381
  0.79172576043059339  0.80126959845392243  0.81088091896503911  0.82123129446256860
  0.83199389706572724  0.84289245998991946  0.85354765416829348  0.86425448689444606
  0.87482820392949490  0.88561936341534075  0.89620885466842781  0.90673576576802883
  0.91708196142613607  0.92797215287456281  0.93951881911621837  0.95156328284930258
  0.96348448950993226  0.97496726113509935  0.98717024006860432  1.00000000000000000
 -0.00235465922828615  0.00975718999143920  0.02041419863663206  0.03146152444345273
  0.04278261228675067  0.05376550111694993  0.06499052004405761  0.07685256825125099
  0.08812464852405483  0.09858231061108419  0.10887656134467498  0.11958556184027448
  0.13023263052383033  0.14100801428682747  0.15118594427501050  0.16170699986925885
  0.17210503849553088  0.18290099962331130  0.19354282322950464  0.20421092233581625
  0.21502410908751496  0.22552948479846099  0.23587891500516436  0.24616322242071925
  0.25631150913394507  0.26624320008610664  0.27613550293529998  0.28614663332799589
  0.29650954682185043  0.30718118866188754  0.31755379712147297  0.32740653956128934
  0.33747219641894971  0.34776049811726090  0.35796371877802463  0.36795448491406141
  0.37827350141184535  0.38900826135916833  0.40007647830370291  0.41103825150027001
  0.42218494044177934  0.43309051485628042  0.44374906868976893  0.45413108654719997
  0.46477366264342507  0.47542560824463270  0.48633897067355680  0.49721648506406008
  0.50759203968241751  0.51782893555209741  0.52826174576118690  0.53955572003576358
  0.55051225106868651  0.56100656426644602  0.57076787219533032  0.58060409562356052
  0.59063014922589363  0.60076967383058255  0.61079811436057374  0.62039165877003677
  0.62997049081902112  0.63992638709154659  0.65021739679840618  0.66099028108463942
  0.67079601560139457  0.68096596922902697  0.69060351561456523  0.70118109971634857
  0.71105453853611711  0.72120133270100284  0.73131396600491283  0.74183415234459815
  0.75259346994589427  0.76401178921884871  0.77493534750044579  0.78547733999001967
  0.79589422217669270  0.80674366141561327  0.81740382897558983  0.82736849856873973
  0.83716390994845313  0.84733655567812494  0.85778749939451193  0.86826115515339619
  0.87888021866495603  0.88970574432374272  0.90041083281854939  0.91141577278542185
  0.92234707609713618  0.93367599910958476  0.94475618592336252  0.95580034476886944
  0.96681592480742040  0.97777859615247420  0.98881607722357501  1.00000000000000000
 -0.00243903433859465  0.01065691817730910  0.02137484408504974  0.03147150955981266
  0.04169040166753708  0.05165003764622481  0.06207459176021521  0.07282199715503218
  0.08356055064043996  0.09371695135117318  0.10341627159776806  0.11298674287295703
  0.12280875128499311  0.13264316118511588  0.14251424367049681  0.15250208898370202
  0.16254690742924849  0.17260977650827461  0.18297826504412504  0.19394057612211307
  0.20545706445590894  0.21646344412572888  0.22722073413610350  0.23787723237361522
  0.24883144110268576  0.25962271743597964  0.26984889695134301  0.27990055772131683
  0.28983758389489944  0.29955145019434998  0.30915798692445379  0.31903937333223009
  0.32910251777856159  0.33945277772903831  0.34972413916030437  0.35989217184912708
  0.36962861639795075  0.37954568161254509  0.39024098081664738  0.40160459205723470
  0.41332910163524889  0.42536559168875454  0.43726013240276440  0.44881695562638130
  0.45989026944010042  0.47067136437553586  0.48150514901742875  0.49234146579282723
  0.50342890637638815  0.51488320426156875  0.52664654169814284  0.53818187129632600
  0.54928535680736434  0.56019845850072225  0.57108031858205710  0.58188563112817326
  0.59259795403574489  0.60385348225891333  0.61559580926601276  0.62705219085114849
  0.63799198251302069  0.64838905811741165  0.65865086895557556  0.66896880691147820
  0.67972964180821438  0.69063162158596381  0.70115648979921985  0.71140407728045296
  0.72181823056393690  0.73267379537661614  0.74371042015961586  0.75490845514019578
  0.76551950396976398  0.77590796879580870  0.78632359369014715  0.79673551677555998
  0.80692824840797162  0.81687319904433009  0.82688996538406845  0.83681252965237385
  0.84638012201776369  0.85568058201597841  0.86502634342530460  0.87471773351163173
  0.88506424878263357  0.89537600905074455  0.90627687893097431  0.91692682044865070
  0.92716559350290895  0.93699691199605895  0.94676615571946532  0.95669719117386487
  0.96738321656097326  0.97801137085495371  0.98920215845648984  1.00000000000000000
 -0.00249642811297637  0.00991356839201962  0.02007666620338666  0.03043699279011149
  0.04060898704284938  0.05068558155566218  0.06081297126714195  0.07107431733168899
  0.08130699841141505  0.09139586695992850  0.10192871746855335  0.11275259178128412
  0.12394250283085557  0.13484503404160966  0.14566029088655455  0.15611629936214005
  0.16642739217156657  0.17669083614979647  0.18742839493409968  0.19839290285168187
  0.20922756901139269  0.21987081620699037  0.23032006857849549  0.24055560060191558
  0.25073208384693590  0.26064792690331312  0.27105585628579520  0.28156873578947539
  0.29231437247872527  0.30300917014747375  0.31371267074222925  0.32442844301251172
  0.33488097435174913  0.34521304120578072  0.35575876870117179  0.36670648935392763
  0.37743950521207442  0.38758719827108667  0.39759855342572015  0.40766439175454372
  0.41748570115450218  0.42669114095432603  0.43578990512195831  0.44576883687976426
  0.45648255582118685  0.46734355868092897  0.47769350743363592  0.48785092713786832
  0.49833590177966353  0.50917759579719002  0.51987450334783070  0.53035368581583808
  0.54069450705161093  0.55085593904974639  0.56100356470484269  0.57150119817179657
  0.58263614756255855  0.59409996604989335  0.60541012878555722  0.61607743404840531
  0.62599628883912839  0.63629081734861581  0.64657107087052434  0.65726405796242027
  0.66817900048951817  0.67965360492768223  0.69069418029838281  0.70073605511191706
  0.71054311430356709  0.72063689420024957  0.73075525877886449  0.74085538588905619
  0.75097462803690473  0.76163455335797625  0.77260831772636418  0.78354580518605033
  0.79413787700091998  0.80404217831180802  0.81452420559848604  0.82570046494148031
  0.83656401271786784  0.84692935839234418  0.85778081816251084  0.86923123817418246
  0.88114174887504748  0.89288438794858316  0.90340054655827107  0.91330093411241331
  0.92330843268801532  0.93382299226568621  0.94438735078145808  0.95477902445051932
  0.96581102621250259  0.97723119211206433  0.98870607784638442  1.00000000000000000
  0.01327044384582720  0.01662866275923177  0.02033875531620361  0.02523515518188153
  0.03111726446386791  0.03676177770034282  0.04204794100513461  0.04724092103795714
  0.05256292419242078  0.05816391480832565  0.06389086224296292  0.06962365262082666
  0.07540454607109247  0.08116897559240731  0.08673501650183028  0.09207200367674859
  0.09730827388256739  0.10253124182079269  0.10778757108345378  0.11322232715407031
  0.11830894117684346  0.12343971280844673  0.12868552971221844  0.13420968972581213
  0.13985389808037796  0.14535293680073735  0.15073685270999398  0.15617316034705470
  0.16175427557831884  0.16747704800609117  0.17331173789740051  0.17906671170604468
  0.18480379781540213  0.19079816033344216  0.19691814683393766  0.20311401498154771
  0.20959186134193611  0.21610410903551738  0.22263362869787576  0.22917570584549621
  0.23587273079231305  0.24283117633683210  0.24984055319471199  0.25663868293867093
  0.26329016637705266  0.26992959817413892  0.27659550828017065  0.28350089718547861
  0.29061941664138524  0.29769039600778968  0.30489757016832425  0.31200570052623550
  0.31926564500274479  0.32622369472781543  0.33325862376899734  0.34036265578260344
  0.34783173968019870  0.35562669602038682  0.36365911796673850  0.37197172307792176
  0.38040460754306549  0.38900621194485885  0.39783933363798968  0.40682655941204671
  0.41575760345947949  0.42473716464269773  0.43407076133766742  0.44401977882997529
  0.45418141554278996  0.46408856808789356  0.47375489177860125  0.48384294590946647
  0.49463014306114450  0.50556618406356468  0.51646294487958300  0.52753767014867314
  0.53873455530402448  0.55036310311366798  0.56238235159860250  0.57473842169092892
  0.58746989019766793  0.60078816730078377  0.61445899688343419  0.62899342234249311
  0.64402787990382548  0.65958768823738001  0.67709237631239427  0.69649266390485720
  0.71682284783475381  0.73856790775846837  0.76153362160440030  0.78694511063414174
  0.81670987053880684  0.85297086960624424  0.90529465148777166  1.00000000000000000
 -0.00227668494978184  0.00859035522676652  0.01797306375780244  0.02764115331745681
  0.03757618150452700  0.04747087587190067  0.05723200319375807  0.06705102607437652
  0.07705587927526775  0.08749962767799241  0.09836930897293437  0.10930759761508627
  0.12027429800175096  0.13113083761682523  0.14172747427407256  0.15173932249076910
  0.16130474939715830  0.17083589141481254  0.18064048916292810  0.19079117053479913
  0.20084455680821200  0.21086179043491851  0.22088414996343525  0.23129902398411090
  0.24213313068176304  0.25322326985549531  0.26414563725172840  0.27465957913321726
  0.28518421370185132  0.29590534489340364  0.30645262062890599  0.31683390327020600
  0.32736651756911717  0.33853792175347874  0.34956620791551435  0.36018631913218169
  0.37042650843276326  0.38129144471627885  0.39259641899801989  0.40474109497439148
  0.41666877199519087  0.42801984742774130  0.43873256288905410  0.44977251518892863
  0.46071917558493436  0.47177284073034620  0.48315308922740163  0.49424304425566684
  0.50527919852257419  0.51543102658979834  0.52608041707349529  0.53665530332667177
  0.54801383835675010  0.55906737661655814  0.57041599411147759  0.58037325363861758
  0.59029128111780504  0.60035849546166953  0.61123416617190640  0.62263239883979082
  0.63308841144274886  0.64283508123610411  0.65224431490389423  0.66192646857624771
  0.67221102215812589  0.68255421560085838  0.69277526672212864  0.70356800402008068
  0.71415996962729955  0.72489886524970215  0.73490542752427435  0.74466513546403168
  0.75467057887235534  0.76499516382784361  0.77564736119900790  0.78658142121856267
  0.79796474541822515  0.80960825081621168  0.82068840434684875  0.83136414275259485
  0.84204017634414108  0.85291867157971513  0.86327745683109247  0.87313605949656858
  0.88311246708318136  0.89349036971111473  0.90422565546044487  0.91530801264420381
  0.92615006470863048  0.93651642345129160  0.94656970765810511  0.95692452627104174
  0.96754152186203057  0.97796538941255051  0.98893321800087541  1.00000000000000000
  0.02378376140589561  0.03283863068681986  0.04316413092316294  0.05346158729235570
  0.06343243176824213  0.07334684787347183  0.08359334108518612  0.09395248869933145
  0.10395574642437577  0.11377462973144253  0.12389637223698299  0.13438125086190927
  0.14496447761943101  0.15554823560062639  0.16595998982288102  0.17603860496404491
  0.18603628132429781  0.19598738362602852  0.20582880514338320  0.21556179478027965
  0.22541075109947778  0.23546103002716767  0.24551508006529069  0.25542107894256105
  0.26522048624369599  0.27484329027315402  0.28422724683692879  0.29374974623244721
  0.30357006760479621  0.31386302302469021  0.32437993186210828  0.33481796671533814
  0.34499404110253262  0.35502027678466153  0.36502388245488554  0.37530232267221686
  0.38579209459672092  0.39601812541676684  0.40601746584117432  0.41584204510433431
  0.42594384183084882  0.43614396802102784  0.44608272128017290  0.45587380139648465
  0.46578407113998677  0.47614372183023423  0.48686246894374469  0.49777905858323823
  0.50872617186912605  0.51949348722558064  0.53016754322816761  0.54088579359560796
  0.55184380653923615  0.56271077923468238  0.57366794239719732  0.58453236242597273
  0.59496708958642686  0.60469057343149279  0.61397393804237499  0.62340849672603305
  0.63325775669553908  0.64316310467503401  0.65302093933638028  0.66271968327834840
  0.67199113987816828  0.68104127514245905  0.69051305142925690  0.70087821521308025
  0.71114263373309239  0.72099764866772920  0.73089506296286466  0.74119713321475378
  0.75188483013381424  0.76280319646433481  0.77381360017297340  0.78480287961028883
  0.79563998342556275  0.80628912451477364  0.81652457445270821  0.82650131647330616
  0.83652458448700462  0.84663792798049253  0.85670515223546040  0.86639669921753748
  0.87589207051318263  0.88551693521166275  0.89556278670326872  0.90600287147295511
  0.91645039663510364  0.92667074548805184  0.93663427296912849  0.94651605216104939
  0.95677320242295139  0.96613945452092798  0.97078323436854141  1.00000000000000000
  0.09234583748130439  0.11644716650325342  0.13744910099317301  0.15385568922382936
  0.16860132356136806  0.18141065654722835  0.19317547220921580  0.20415729327215926
  0.21407840158121405  0.22385210654768697  0.23342666257866054  0.24271055476468983
  0.25125383384204492  0.25968930568555770  0.26827253023144765  0.27701486716923823
  0.28550141673577656  0.29378531159642762  0.30224730065908623  0.31082281486077262
  0.31932138965478185  0.32780483959769829  0.33609167323748801  0.34387254373346376
  0.35127413045689126  0.35845028019542385  0.36553147165113586  0.37257717222176812
  0.37973945791213737  0.38699630875962976  0.39434080327827775  0.40165051336798485
  0.40871041737357566  0.41554119300572578  0.42225223905767012  0.42889002377618507
  0.43549055525507085  0.44186996047456123  0.44807963948148460  0.45452140749353159
  0.46075881650604522  0.46703218421604348  0.47331574145028538  0.47955139834271854
  0.48543075819003662  0.49123676880616157  0.49713338172158472  0.50311277227231865
  0.50899504698243925  0.51467367075077797  0.52053199832666208  0.52657299006905700
  0.53253744165584393  0.53831641761219484  0.54398416897028845  0.54964454078116420
  0.55531413837567267  0.56098026940953682  0.56668823471470731  0.57250851939462177
  0.57845257534015737  0.58422972411028862  0.58984663829230488  0.59521901433254254
  0.60066581363623861  0.60595955491628639  0.61113897389224570  0.61633230443333253
  0.62159059939721850  0.62700196735604108  0.63261685431320280  0.63827980334283629
  0.64380161959024584  0.64931705162042463  0.65485347240711955  0.66052407839153315
  0.66663167570226611  0.67292521509573400  0.67927658482489972  0.68564754784940118
  0.69221190970121282  0.69902510891388381  0.70600879263371286  0.71315282892696763
  0.72034369244264218  0.72755937914343161  0.73574861670538017  0.74509390457443525
  0.75617409121743584  0.76860072298553617  0.78324422152509066  0.79826263299802325
  0.81723009542715719  0.84146197396669786  0.93216844456671499  1.00000000000000000
   6.6412252679571121E-021  -1.0000000000000000     
 F F F F F F F F F F F F F F F F T F T F T F T F F F F F F F F F T F T F T F T F F F F F F F F F T F T F T F T F T F T F T F T F F F F F F F F F F F F F F F F F T F T F T F T F F F F F F F F F T F T F T F T F F F F F F F F F T F T F T F T F T F T F T F T F
  <DiscreteSampler_grid>
  grouped_processes
  1 # 1 for a reference and 2 for a running grid.
  10 # Attribute 'min_bin_probing_points' of the grid.
  1 # Attribute 'grid_mode' of the grid. 1=='default',2=='initialization'
  0.0000000000000000 # Attribute 'small_contrib_threshold' of the grid.
  0.5000000000000000 # Attribute 'damping_power' of the grid.
 # binID   n_entries weight   weight_sqr   abs_weight
    13   10   2.100874099533482E-011   2.516027587214536E-021   2.100874099533482E-011
    14   10   2.100874099533491E-011   2.516027587214542E-021   2.100874099533491E-011
    25   10   3.952301450831775E-011   7.641184876109625E-021   3.952301450831775E-011
    26   10   3.952301450832311E-011   7.641184876112486E-021   3.952301450832311E-011
  </DiscreteSampler_grid>
