  0.00000000021755343  0.00000000061916115  0.00000000090555954  0.00000000116572475
  0.00000000139967604  0.00000000161619584  0.00000000182684629  0.00000000202061125
  0.00000000220731254  0.00000000239390204  0.00000000258488608  0.00000000277135240
  0.00000000295335221  0.00000000312471883  0.00000000329678280  0.00000000346738665
  0.00000000364369602  0.00000000381935241  0.00000000399117821  0.00000000416098390
  0.00000000433036308  0.00000000450425005  0.00000000467563760  0.00000000483702429
  0.00000000499645004  0.00000000515536290  0.00000000531432891  0.00000000547432528
  0.00000000563061217  0.00000000578880056  0.00000000594873554  0.00000000610872826
  0.00000000626961156  0.00000000643101014  0.00000000659162088  0.00000000674699718
  0.00000000690165059  0.00000000705730740  0.00000000721234898  0.00000000737117680
  0.00000000753802141  0.00000000771013252  0.00000000788171154  0.00000000804946665
  0.00000000821465709  0.00000000837759396  0.00000000853951784  0.00000000870152420
  0.00000000886394372  0.00000000903065917  0.00000000919950222  0.00000000936685423
  0.00000000953727246  0.00000000971500577  0.00000000989802556  0.00000001008116869
  0.00000001026153184  0.00000001043966825  0.00000001061757138  0.00000001079708624
  0.00000001097648175  0.00000001115903168  0.00000001134389123  0.00000001152983108
  0.00000001171397439  0.00000001189646136  0.00000001207925292  0.00000001226160129
  0.00000001245989970  0.00000001266986103  0.00000001288895782  0.00000001311030391
  0.00000001333165222  0.00000001355791463  0.00000001379499194  0.00000001404003806
  0.00000001428470069  0.00000001453888963  0.00000001479806642  0.00000001505980532
  0.00000001533076860  0.00000001561291255  0.00000001590519052  0.00000001623187375
  0.00000001663568169  0.00000001702133764  0.00000001742166196  0.00000001783951654
  0.00000001828987714  0.00000001878683690  0.00000001934310301  0.00000001999181312
  0.00000002085026037  0.00000002254754812  0.00000002368562726  1.00000000000000000
  0.00952451600822234  0.01586815291897141  0.02425100959202732  0.03439569061645143
  0.04463067381146207  0.05553883870513031  0.06644679400048438  0.07690457455405578
  0.08745288328984167  0.09800268740987900  0.10797564320162517  0.11768125070742823
  0.12763054375954236  0.13811499512884579  0.14882793113955406  0.15965752401665587
  0.17131877502630449  0.18347735101012824  0.19496764416105378  0.20581796920228571
  0.21703162514323884  0.22852226844874693  0.23962288197042042  0.25039787364833566
  0.26104539359945894  0.27149833244351640  0.28161489304790877  0.29148498879681317
  0.30104409134157273  0.31057203550751672  0.32057658406647344  0.33118190096580535
  0.34205375634905943  0.35280803566245433  0.36335645787627485  0.37364342219613911
  0.38388636499290840  0.39387520596077230  0.40378948143964188  0.41396628916573391
  0.42426395354709900  0.43469833506101313  0.44489323325457297  0.45478727101729305
  0.46473407507026282  0.47482797802818894  0.48535533151954335  0.49545424484747991
  0.50514544973618103  0.51446617524762428  0.52390561000530178  0.53380181037905272
  0.54397815194487631  0.55519315972201999  0.56630027886122447  0.57684153237422220
  0.58680020067618999  0.59680233162265184  0.60694150938240510  0.61698384526800731
  0.62685360179859639  0.63654689600528869  0.64647907072914534  0.65699804605698509
  0.66781904297976946  0.67866824451446006  0.68919241953446797  0.70028754078585131
  0.71124529962835403  0.72204357626804228  0.73225202697642033  0.74248071632831114
  0.75314839509577081  0.76391862018473944  0.77433065950814828  0.78428290774712706
  0.79483712079852353  0.80581528564698857  0.81692375334784340  0.82815050736093920
  0.83871526108012362  0.84918729279185245  0.85955698205270714  0.86983746735169110
  0.87984926071168523  0.88964350275095549  0.89980853338279521  0.91017907927069908
  0.92022060111988424  0.92990895185203282  0.93995447724316950  0.95091115077467325
  0.96231039407234986  0.97415138410896307  0.98653597902545975  1.00000000000000000
 -0.00257859179540625  0.01089554712890197  0.02208822740401357  0.03466295157078927
  0.04618066183625504  0.05634355226482262  0.06636766468022152  0.07690555544916763
  0.08754069769582283  0.09763505884329554  0.10724912999198036  0.11695462692876239
  0.12696954267572122  0.13750600653657746  0.14852786520683056  0.15989374659281019
  0.17189184336017299  0.18360088961153134  0.19480918357636803  0.20521097222352261
  0.21600237122898464  0.22681081188079227  0.23721234836642563  0.24729230077145678
  0.25767240719078749  0.26854557206984248  0.27937505191707945  0.29004298817966745
  0.30067497609454086  0.31104891116746031  0.32105773850360486  0.33063946396414196
  0.34026592471021033  0.35008661723073181  0.36004426727932520  0.37001005341981524
  0.38001265060837530  0.39011567263263131  0.40044236670653577  0.41116020286377591
  0.42220429483323174  0.43338535395559269  0.44462928184712985  0.45612157257004093
  0.46781594496692097  0.47932145442097723  0.49021471236059999  0.50057108396266481
  0.51053443326592440  0.51995548435211436  0.52922784921686294  0.53860494430482198
  0.54876047218921198  0.55964902789453486  0.57088684602609518  0.58171945568690309
  0.59230063197839078  0.60305959784319796  0.61415080903178187  0.62550225153480687
  0.63677227673930537  0.64775392907053586  0.65855326696531991  0.66932839650472931
  0.67996229903361904  0.69045103300434796  0.70043255115121883  0.71034525382535163
  0.71997092809446561  0.72942426835651630  0.73976255536381685  0.75022691664653907
  0.76115695279913653  0.77210434460124355  0.78317783509640593  0.79406751941036591
  0.80404238041979281  0.81363136121485069  0.82335621106442380  0.83357038032289310
  0.84419911617345378  0.85467646150833509  0.86538405890105663  0.87558717720618984
  0.88580582781450401  0.89641040712804454  0.90765576922693181  0.91913971691996021
  0.92979452275199481  0.94039313731211094  0.95121362068394255  0.96183178721799756
  0.97178254614547710  0.98117174822302433  0.99054477594226109  1.00000000000000000
 -0.00209920925071256  0.00910883805564555  0.01844561956445609  0.02908347794451643
  0.03966561271016906  0.05040087062941570  0.06081938778744994  0.07130275550709460
  0.08165338028613885  0.09223376072968123  0.10260342575794430  0.11253455219559411
  0.12191431450719432  0.13193727601226737  0.14241734975773468  0.15302782047412714
  0.16376288370289069  0.17518332945789350  0.18764234817395251  0.19969604639706900
  0.21089247074277226  0.22174229863622372  0.23192004334403804  0.24165797998342750
  0.25200350160511370  0.26265090313632727  0.27372848221937107  0.28416174495643398
  0.29437275586706990  0.30457737277371438  0.31483945336014013  0.32539597593930242
  0.33567346556161276  0.34591197757098552  0.35580487939157873  0.36594413331628528
  0.37629391228666320  0.38682013424427225  0.39726541062933013  0.40733957374015922
  0.41757999785520961  0.42786418778526508  0.43830399071663534  0.44870874797552712
  0.45929457599644991  0.46985519700770867  0.48059154947581462  0.49172777904439818
  0.50310667037516243  0.51465904571435828  0.52614055217374400  0.53734942319485746
  0.54807988262035312  0.55832615880454495  0.56840063144220210  0.57841418741264394
  0.58880251365963687  0.59948268993487641  0.61048711092049990  0.62195821449736954
  0.63334885783345252  0.64490731986918648  0.65634582473534286  0.66702689936994153
  0.67730649873021209  0.68794635745602584  0.69921226898859035  0.71070459281635212
  0.72176799455610341  0.73249221706133505  0.74299095847618046  0.75336201857720386
  0.76361242731903867  0.77379077638152127  0.78422243227020416  0.79463098841575508
  0.80475116457935136  0.81490953523341259  0.82480979289666534  0.83475275427671236
  0.84442560818410617  0.85429458114768664  0.86457507791947719  0.87526062559423312
  0.88606700769728874  0.89690584387946193  0.90745725439756586  0.91806247309177302
  0.92839596361089982  0.93880090017332185  0.94958809016217260  0.96035795942598157
  0.97024299208946052  0.98005770207362919  0.98969267939636429  1.00000000000000000
 -0.00264902509871637  0.00981035893168077  0.02012158764416299  0.03117927132499805
  0.04198037819563272  0.05187000049232422  0.06155721881930459  0.07133922294756655
  0.08106354646328716  0.09010140907037470  0.09919790075450959  0.10892401084168603
  0.11946019431615926  0.12962601608708654  0.13985800835789763  0.15045474562536040
  0.16148843778958968  0.17249936115621242  0.18361875953176376  0.19427182801654158
  0.20442001661816092  0.21447129135939588  0.22455737399331568  0.23468549848944048
  0.24491813961958625  0.25569884071581755  0.26692874385949489  0.27815781382018606
  0.28898229428058614  0.29939033401167975  0.30966140828798716  0.31957928412787334
  0.32971977496989308  0.33993443741673474  0.35041455774576291  0.36104141377082200
  0.37144187865122996  0.38142912607282220  0.39073018026692913  0.39986719007404786
  0.40909431071126701  0.41862771941603732  0.42827488986243634  0.43826763846798011
  0.44871611750706902  0.45967645287309156  0.47047349810749617  0.48115314775531165
  0.49202149315841609  0.50359070328286770  0.51538072879031482  0.52633984202149930
  0.53656650988230681  0.54683780704851381  0.55649711626413345  0.56703927717492797
  0.57741135585483916  0.58819476000070769  0.59892064804411349  0.60969577386701534
  0.62017015638548834  0.63020864994684422  0.64004350322790715  0.65007404287434478
  0.66047296689732893  0.67137202652849925  0.68283436896793903  0.69394506234233799
  0.70463761816316961  0.71485549790308500  0.72465349174414173  0.73396103660882650
  0.74340526009931929  0.75297789713953767  0.76317747205066111  0.77374131902799836
  0.78506560541746018  0.79671068702483694  0.80841964981817882  0.81990165743287502
  0.83107096045483186  0.84197830411273589  0.85249223117374928  0.86284528137709338
  0.87319670215688416  0.88395722670187282  0.89505271041735024  0.90640795779864936
  0.91821043084916465  0.93039527406328371  0.94275748000665238  0.95482495842719806
  0.96663752029744576  0.97756461760093816  0.98899632624257183  1.00000000000000000
 -0.00229862700282338  0.00952190376321396  0.01912050391424544  0.02906631772103015
  0.03870096514866958  0.04834894414033402  0.05777416556837605  0.06759120221591515
  0.07771241305287341  0.08780979523350467  0.09818914662868168  0.10866328158150040
  0.11960248470777658  0.13056653271823565  0.14145851162094045  0.15189166851909844
  0.16192031866130441  0.17197816676793029  0.18181418663744375  0.19177655487461059
  0.20181471319874678  0.21251745891535309  0.22377202467876942  0.23498974986406956
  0.24648047847945148  0.25742072149329714  0.26771844481725587  0.27782084699172360
  0.28800049925471161  0.29878605873895769  0.30972768227801228  0.32089533746826160
  0.33199331805120103  0.34303674274046025  0.35388422185462259  0.36491117139745810
  0.37550863942979118  0.38658312524356714  0.39707192700627575  0.40794744392186405
  0.41824521706985179  0.42851604944991506  0.43914014338492030  0.45016951478790823
  0.46100153422652784  0.47153677419103418  0.48208379700539838  0.49266131800288726
  0.50307571853451638  0.51334541711203385  0.52411628920499242  0.53497606145644228
  0.54550233522545744  0.55610769874869792  0.56688931883209026  0.57807097696151444
  0.58953691282948506  0.60065037391871678  0.61144689811843012  0.62229196619629079
  0.63353957051460230  0.64487162514469010  0.65594743892944629  0.66674423923143289
  0.67699403235211353  0.68693557058562116  0.69617895080977255  0.70529321908735354
  0.71453278907656159  0.72422167434350504  0.73402490379128149  0.74428547167601955
  0.75517686047293953  0.76628530861257482  0.77760111517123109  0.78855607867262600
  0.79944938821768030  0.80973484542717633  0.82037672610235057  0.83105957489799265
  0.84172466874725183  0.85206243094730882  0.86273711148651622  0.87328007926633189
  0.88487131166239552  0.89562506466845793  0.90696905836978148  0.91795957651618476
  0.92891562375617953  0.93993649003362034  0.95019388349069167  0.96048298146955402
  0.96974339646201069  0.97968668851528096  0.98951795956780020  1.00000000000000000
  0.00221769563966060  0.10554741295743190  0.16078756255228299  0.20010248749157675
  0.23173530462597083  0.25819145857047149  0.28242704489343878  0.30482276240504930
  0.32546998736908278  0.34457064659286468  0.36197735278012277  0.37879600755360465
  0.39465999467424900  0.40944012798558344  0.42332924861684479  0.43649356486158652
  0.44872856586281046  0.46086766501324578  0.47304573438120079  0.48413798474819270
  0.49410878361698246  0.50441757341298310  0.51485727083288568  0.52473560959088505
  0.53405680813867973  0.54394571279615078  0.55410695374868890  0.56392342603456358
  0.57308186909091574  0.58186239590620692  0.59035988757247915  0.59860880787569015
  0.60680628580461793  0.61482440978917308  0.62278327610519535  0.63060843233795039
  0.63829545205212090  0.64596527903977108  0.65365481223289590  0.66128637751073982
  0.66860253103587908  0.67585207246684464  0.68296569169066479  0.69017342064420761
  0.69734080565870915  0.70456176785110858  0.71173328907603861  0.71902085017937867
  0.72613277368370921  0.73357723286618526  0.74026731529067702  0.74698284403809945
  0.75355464241440606  0.75991288931166512  0.76647000492373585  0.77293792828972308
  0.77940580628014389  0.78591277272736104  0.79228529676438730  0.79856478666406583
  0.80475457437916975  0.81085914807607473  0.81667160922606685  0.82228524621819032
  0.82808036234234539  0.83373060568893298  0.83935468184735518  0.84497169867558530
  0.85073828738310253  0.85649844141338705  0.86217060143925794  0.86776050459892062
  0.87310706017767359  0.87876978629114177  0.88428401297074977  0.88984608154945133
  0.89535300317643718  0.90093085417816432  0.90654481381158625  0.91208713108736639
  0.91737709106123688  0.92241859758045364  0.92748095161976929  0.93265367233595597
  0.93777365930567258  0.94250186616550580  0.94711842194580409  0.95182929661443294
  0.95679912311968540  0.96186618545175018  0.96689358812044990  0.97193145015104410
  0.97711272273405536  0.98243364152141843  0.98712771450542913  1.00000000000000000
 -0.00211116121272787  0.00921377428563199  0.01932865156644361  0.02981003838206948
  0.04041474590884134  0.05121844676091424  0.06203479572859862  0.07304889315191673
  0.08380029820088543  0.09425797874019685  0.10492676746236040  0.11573183162988812
  0.12615228361228106  0.13641938351076346  0.14625961189157524  0.15689815299712631
  0.16803063193187509  0.17966381661748532  0.19086657234466148  0.20066313903078489
  0.21013720495262608  0.21962411232008272  0.22920728338935537  0.23896163682612273
  0.24891658875487507  0.25959504397443045  0.27076530729634241  0.28191274038081388
  0.29314201273421370  0.30321644961127647  0.31307801677661662  0.32265096763993734
  0.33215815324129078  0.34206651153732714  0.35245688079905019  0.36344332119709527
  0.37400162733506481  0.38388530410333055  0.39378941068202505  0.40426064485622026
  0.41545325144872319  0.42652273255910439  0.43725596951193824  0.44771386103448108
  0.45809558582935389  0.46831282243792699  0.47878472048734577  0.48923423755835527
  0.50050558052368854  0.51131732020232534  0.52155900686871526  0.53145923689630914
  0.54154285774519606  0.55209696148841703  0.56290676560146646  0.57416533956947846
  0.58570864151091828  0.59731598321231372  0.60814843341315961  0.61837303834242296
  0.62850958006778079  0.63861011024170600  0.64848398633175564  0.65819839034236283
  0.66817064461395503  0.67859526081382859  0.68908109587884914  0.69985399494756040
  0.71075842801312417  0.72154005993189885  0.73199316485265120  0.74242293435691931
  0.75276651734781330  0.76274874075122090  0.77292760805143823  0.78323786308967436
  0.79366236723211236  0.80367328700553253  0.81385950106576999  0.82458989929762672
  0.83574396447115551  0.84684142332443424  0.85792165234594386  0.86946291231397932
  0.88119936257827769  0.89292239338764712  0.90407025913425620  0.91503410983085909
  0.92589667681231869  0.93769606449660658  0.94828818134717896  0.95857670654630989
  0.96860620568491207  0.97900573027252147  0.98946332336940601  1.00000000000000000
  0.02468584281372552  0.03072351589488609  0.03905085619084831  0.04814918551663699
  0.05777601237608038  0.06759454795577823  0.07696859520728085  0.08623390723086259
  0.09530694419820748  0.10442756575374941  0.11367259436861056  0.12332998111001001
  0.13354843990557214  0.14407613136609962  0.15474577237854090  0.16525306867839842
  0.17536000044857719  0.18551975545303029  0.19528372241265701  0.20498438018754403
  0.21479710302602839  0.22468238151817480  0.23451938681283874  0.24422601570501118
  0.25434956743530096  0.26521622532626560  0.27597068363904842  0.28663551249998737
  0.29706691664372725  0.30745436423803429  0.31744262349425073  0.32765808395332235
  0.33780340942784459  0.34811696527733732  0.35775034066174372  0.36729961498460262
  0.37650598876925073  0.38590799562870903  0.39538151104394120  0.40490787405580636
  0.41435578744418133  0.42383355661204403  0.43324019206325037  0.44277595992368279
  0.45261701189857367  0.46285439549004020  0.47342823584746641  0.48398131863661614
  0.49436072352569221  0.50505388932743400  0.51597078908516825  0.52681221081073171
  0.53746240778201859  0.54784961871293536  0.55855906801442212  0.56930910275923041
  0.58038612911747711  0.59107968945910827  0.60186004670685189  0.61301122936910413
  0.62362056658710685  0.63308935698598723  0.64254039514777750  0.65251193900980331
  0.66297603783996284  0.67347559681843483  0.68390537388470019  0.69503994322867735
  0.70617248167928626  0.71690754868316131  0.72761606372118937  0.73803033298321830
  0.74825894220968869  0.75818567607515142  0.76806868472185885  0.77731434665355337
  0.78628949480674892  0.79545364114425055  0.80495538781884279  0.81447585315423310
  0.82424603358624160  0.83426102353580944  0.84509818139109405  0.85667076605690740
  0.86834974407982901  0.87950498803926447  0.89003763239848976  0.90021413808206585
  0.91020446369295016  0.92022250207064193  0.93060289972137489  0.94154770509158392
  0.95320445027930534  0.96329094926586434  0.97102989226220182  1.00000000000000000
  0.10225332115400963  0.20072999892229362  0.22612107695848319  0.24487898514506604
  0.26021890579656948  0.27379490278047824  0.28622600901850170  0.29741912825395100
  0.30738586560787579  0.31628597294560828  0.32439528285718028  0.33243013372421870
  0.34028193328535267  0.34790975379103556  0.35535792041389896  0.36248939577578637
  0.36943893385030119  0.37615417802750634  0.38272612288215607  0.38934259688653283
  0.39591679816960729  0.40234783352060616  0.40873506167957502  0.41504209640568329
  0.42098706066434283  0.42670423037295835  0.43211313310126981  0.43738239760240927
  0.44281023074988862  0.44826130719199714  0.45386154259337680  0.45940039391755810
  0.46487974797191683  0.47038445550457009  0.47591909372137681  0.48145904763145575
  0.48701449239439443  0.49274213437860775  0.49849841583965115  0.50433856585570924
  0.51005318390792354  0.51562116325104734  0.52106001064448837  0.52653065503736951
  0.53212247502745658  0.53778623399446546  0.54358495308926502  0.54936596432824325
  0.55505486739120047  0.56073361477235040  0.56651198277694725  0.57202494437186346
  0.57768226661597299  0.58319871468531148  0.58866055342730994  0.59426964774739155
  0.59982372799826911  0.60547966686591825  0.61115920676239954  0.61688305555392675
  0.62259723053658178  0.62825025421228187  0.63398797610396451  0.63989988423291100
  0.64619639702536180  0.65295849438091269  0.65983953144358809  0.66644128923436863
  0.67262592665069898  0.67868658906150270  0.68498386086089003  0.69144724839751170
  0.69807842978612999  0.70461044388565119  0.71103854340390726  0.71740901740344765
  0.72395774416778214  0.73107530467437309  0.73857802294082620  0.74616623554260819
  0.75368541159889735  0.76140657349176377  0.76965292880016278  0.77790192807420722
  0.78581647695030454  0.79391687438094694  0.80295604225111872  0.81239290890408389
  0.82146783319310024  0.83097032932512505  0.84262339977023470  0.85667889352827131
  0.87320251535949678  0.89634786051031035  0.91207659779213845  1.00000000000000000
   2.4737954648786468E-030  -1.0000000000000000     
 T F T F T F T F F F F F F F F F T F T F T F T F T F F F F F T F T F T F T F T F F F F F F F F F T F T F T F T F T F T F T F T F T F T F T F T F F F F F F F F F T F T F T F T F T F F F F F T F T F T F T F T F F F F F F F F F T F T F T F T F T F T F T F T F
  <DiscreteSampler_grid>
  grouped_processes
  1 # 1 for a reference and 2 for a running grid.
  10 # Attribute 'min_bin_probing_points' of the grid.
  1 # Attribute 'grid_mode' of the grid. 1=='default',2=='initialization'
  0.0000000000000000 # Attribute 'small_contrib_threshold' of the grid.
  0.5000000000000000 # Attribute 'damping_power' of the grid.
 # binID   n_entries weight   weight_sqr   abs_weight
    13   10   5.861652499110480E-020   1.085037457025112E-038   5.861652499110480E-020
    14   10   5.861652499110739E-020   1.085037457025152E-038   5.861652499110739E-020
    16   10   5.079089653437015E-020   7.414638465502962E-039   5.079089653437015E-020
    17   10   5.079089653438036E-020   7.414638465503339E-039   5.079089653438036E-020
  </DiscreteSampler_grid>
