  0.00000000025244076  0.00000000032207723  0.00000000037884519  0.00000000043097128
  0.00000000049641517  0.00000000057314451  0.00000000065927373  0.00000000073363231
  0.00000000083282805  0.00000000093217886  0.00000000103124465  0.00000000112876373
  0.00000000122507987  0.00000000132170021  0.00000000142367592  0.00000000153189751
  0.00000000165302043  0.00000000177973427  0.00000000188050495  0.00000000197642400
  0.00000000208151373  0.00000000220155192  0.00000000233475259  0.00000000247273036
  0.00000000260822641  0.00000000274702633  0.00000000289526837  0.00000000305369594
  0.00000000320998298  0.00000000336370252  0.00000000352337389  0.00000000369988169
  0.00000000387051915  0.00000000399959835  0.00000000412838173  0.00000000424671810
  0.00000000437044813  0.00000000449964229  0.00000000465738948  0.00000000483876643
  0.00000000503269822  0.00000000521997845  0.00000000537433498  0.00000000551727968
  0.00000000565913534  0.00000000580039802  0.00000000598828507  0.00000000618528460
  0.00000000638221201  0.00000000657514460  0.00000000676257136  0.00000000694587606
  0.00000000714304473  0.00000000734671667  0.00000000753164940  0.00000000770097337
  0.00000000787130248  0.00000000803883148  0.00000000819806077  0.00000000837167729
  0.00000000856614771  0.00000000876904428  0.00000000896157782  0.00000000914579321
  0.00000000931995917  0.00000000949999326  0.00000000969463076  0.00000000989784931
  0.00000001010315351  0.00000001029966800  0.00000001050013286  0.00000001071064095
  0.00000001092563843  0.00000001116434700  0.00000001144625986  0.00000001174803070
  0.00000001201305402  0.00000001225903834  0.00000001253442050  0.00000001283596150
  0.00000001317232697  0.00000001354500157  0.00000001394104709  0.00000001435073585
  0.00000001476910518  0.00000001519793454  0.00000001565049930  0.00000001616550433
  0.00000001678270380  0.00000001751665134  0.00000001829850169  0.00000001919982173
  0.00000002026010629  0.00000002210792391  0.00000002371783757  1.00000000000000000
  0.00921289407593358  0.01671610309495328  0.02517477135132077  0.03691903086965837
  0.04617569265405487  0.05574096909457120  0.06418495593318663  0.07359777277303958
  0.08284084158310516  0.09262267466929901  0.10292042692636000  0.11688238773702105
  0.12921032852627903  0.13961317770797207  0.14984058560492450  0.15926895056156506
  0.16843292591895828  0.17772812958905126  0.18577858551429804  0.19340443134814278
  0.20159991530362223  0.20992773206047585  0.21995984549099382  0.23115974057543817
  0.24383806016270107  0.25746906134859404  0.26945918902776855  0.27951255465016683
  0.28932731900867209  0.29891866210258761  0.30687451082413902  0.31501050214349707
  0.32507187544453647  0.33611518421872488  0.34695951407282072  0.35763744386252183
  0.36856711769215567  0.37784553494589762  0.38513921570058829  0.39266789356500037
  0.40051358543887389  0.40841901160466310  0.41623372921130697  0.42414186099315776
  0.43272862786778643  0.44316744375376582  0.45582473465771745  0.47035087424590649
  0.48622757833587876  0.49987062809598332  0.50872251098017340  0.51574709408831476
  0.52383597415363947  0.53229176634413944  0.54043214499902725  0.54822775738163265
  0.55557899987262060  0.56350016349370569  0.57386878088974980  0.58631979562670211
  0.59874314040919530  0.61142513273165044  0.62241625818878321  0.63272985257675352
  0.64320443851418085  0.65600491965698327  0.66902905354446063  0.68097375943814809
  0.69256606310445701  0.70445653042942280  0.71501829332883571  0.72419821607877510
  0.73367846008217419  0.74291415160097463  0.75264097316536394  0.76277353740880649
  0.77537509420900164  0.78919468375546253  0.80130049991065955  0.81150316527412425
  0.81978055239728920  0.82732458005600895  0.83654180281285684  0.84578442575336332
  0.85557883529330336  0.86471193978467142  0.87368027438239093  0.88475921018543691
  0.89770706433179825  0.91241655811195055  0.92595953827050126  0.94023823709582366
  0.95469891581582145  0.96912607852693566  0.98474645326511578  1.00000000000000000
 -0.00000017251880228  0.00008610477542125  0.00057153391818159  0.00189304704473650
  0.00345870994185651  0.00536148287043225  0.00773052261166352  0.01113604141970411
  0.01495782575114879  0.01894959942476099  0.02315139607734162  0.02757459729710775
  0.03320633949431963  0.03887934288348487  0.04500220015170830  0.05168485299757753
  0.05951985592495219  0.06817535684837227  0.07701995067244222  0.08578420278837154
  0.09384249335196924  0.10225528758203001  0.11108689379732389  0.12057027490838955
  0.12970375623420716  0.13780859981184973  0.14542864729861513  0.15270333545047932
  0.16007469545597924  0.16847146445761127  0.17761077257946567  0.18701317493740713
  0.19671003644287915  0.20717226695841409  0.21844942686702851  0.23012476200340176
  0.24302228830073536  0.25674703261866727  0.27017272220422128  0.28302356843057119
  0.29571019119713127  0.30889733535587033  0.32262953050385618  0.33705200219965303
  0.35250443407362309  0.36647070452087871  0.37844161110752778  0.39036358849800368
  0.40215675072887758  0.41363964382689034  0.42535740442091924  0.43719859785773080
  0.45016249414417386  0.46365512859007751  0.47719139094892604  0.48935813434714098
  0.50056138321274879  0.51146956751517791  0.52254565782613616  0.53368739613709171
  0.54409041724728913  0.55405056312264966  0.56393392211781923  0.57375072689262052
  0.58365405313510377  0.59383910149644659  0.60522021334110743  0.61652179271679208
  0.62755554233706445  0.63849788685993158  0.64968709473212627  0.66167856915824397
  0.67501518402160421  0.69211166475449304  0.70829647185626265  0.72445131300824739
  0.74023345120418516  0.75516610791165051  0.76942088630741634  0.78343939485394176
  0.79734015678675740  0.81136944538864542  0.82567329147537838  0.84023265327569707
  0.85495782907997264  0.86947899924442429  0.88364501269468221  0.89786793031235468
  0.91037408801830111  0.92231464414839459  0.93481710215568126  0.94799583280216015
  0.96201777973559077  0.97518736244221660  0.98777334343881862  1.00000000000000000
 -0.00338399494087107  0.01083448152627340  0.02366198142296315  0.03682297219377481
  0.05045649814651820  0.06256319368965749  0.07249037967409536  0.08214215946297140
  0.09253114877623519  0.10330091285892018  0.11187283044979199  0.11901411063684074
  0.12620706582393046  0.13457497838387869  0.14508023979686566  0.15681629553220569
  0.16633301342559961  0.17607849311328122  0.18588196707609547  0.19653720149642639
  0.20777338471790582  0.21978843404699630  0.23297340036213060  0.24609596305137962
  0.25822022561227420  0.26906577006902682  0.27859617447995372  0.28825818272216186
  0.29794127974091300  0.30641563613099054  0.31480083746155568  0.32348084920065434
  0.33279781059261521  0.34372074404881658  0.35671716237003953  0.37086215072307926
  0.38248656082587695  0.39360408320843304  0.40468570207953181  0.41474609093050613
  0.42393882288150642  0.43222071135687717  0.44067605114442121  0.44980810389483711
  0.45981996190869079  0.47070448124752623  0.48203247326777882  0.49385110992337372
  0.50571586154804782  0.51713594640109950  0.52822612155395410  0.53868237072221214
  0.54847646526132110  0.55842097425350834  0.56752616826299895  0.57552326772067541
  0.58332949124347500  0.59149771783034655  0.60022606047478100  0.60871761000983882
  0.61729705438192217  0.62617051063428408  0.63813040809462451  0.65115674993089190
  0.66357272734091344  0.67767807475523889  0.69000848562574491  0.70048073035989067
  0.70992877708219027  0.71981576946113535  0.73085347635908826  0.74136157602575281
  0.75203213249162970  0.76345657314495696  0.77440126314792423  0.78486641580875605
  0.79502165271579095  0.80552384044737158  0.81717112126317148  0.82931857825978295
  0.84297061722828459  0.85645787190026934  0.86859190675916254  0.88004568939868366
  0.89067437864701082  0.90033502800758636  0.91027551050320044  0.91992700890837442
  0.92937711957400226  0.93958930202678803  0.95039541772171676  0.96146063742827070
  0.97159731805868854  0.98104575911763359  0.99054007548954393  1.00000000000000000
 -0.00145988853249851  0.00622560057572862  0.01262093962926095  0.01871100957240131
  0.02511887537367795  0.03311351481160669  0.04196957808440822  0.05144719708674057
  0.06198730070818459  0.07229182094266062  0.08182266099538618  0.08994591448153771
  0.09803123603925488  0.10716757585292888  0.11717002218707236  0.12851632293734644
  0.14000390901640147  0.15214272547065008  0.16523067814178008  0.17924422508324409
  0.19398847459727572  0.20674986792282884  0.21909453179689126  0.23065876841799715
  0.24126559867050437  0.25197551665760248  0.26358805759959147  0.27593822567334458
  0.28855901273212281  0.30004369069967485  0.30954005630234344  0.31891486000692854
  0.32828101477723881  0.33871785065839477  0.34798925244517892  0.35822274669402165
  0.36815476599997493  0.37837853182361275  0.38925241351641721  0.39915846153619433
  0.41033548882254595  0.42317759838734131  0.43604992966361567  0.44768848852995885
  0.45765864570096831  0.46762144761875651  0.47877789767444318  0.48847355932086617
  0.49716540427362299  0.50606452972059357  0.51466795875764315  0.52351582928327656
  0.53318130099595706  0.54424590278545593  0.55817007481324810  0.57068277331868322
  0.58265496358449720  0.59510783959559133  0.60758297020022201  0.61796091068360781
  0.62917896850275290  0.64257785348171970  0.65531353513030366  0.66799638367498637
  0.68052570577526250  0.69638304967660425  0.71099136597786683  0.72326626286417661
  0.73383308479435216  0.74448682597705684  0.75528544735784786  0.76622144824252381
  0.77664111388517554  0.78597074604464545  0.79553508274873541  0.80504954394548656
  0.81465471493897168  0.82403212074995680  0.83322555142592347  0.84268394353722920
  0.85411835664713820  0.86654167632181256  0.87923549894088038  0.89116800693723419
  0.90330501867550661  0.91587776655003406  0.92480976700207906  0.93335221671175017
  0.94217519380200521  0.95046664422859817  0.95745816618973700  0.96366430741738807
  0.97049526360247618  0.97925986700522150  0.98969473086784354  1.00000000000000000
 -0.00493153889389585  0.01776655023133874  0.02736377999478653  0.03442994995257923
  0.04183712632813668  0.04983500378801195  0.05767381941743169  0.06482270022271421
  0.07214174344741753  0.08044561785197867  0.09245738570590256  0.10751517831522656
  0.12257231905707412  0.13608382722065793  0.14859479103150450  0.16000245140337649
  0.16976451077885032  0.17970387689633582  0.18966246848879578  0.19954758227179659
  0.20947214495656022  0.21769397621869183  0.22593395872390185  0.23514560140921292
  0.24421602637622788  0.25378270876654319  0.26504204151580329  0.27836996558801780
  0.29232630708482460  0.30413389902729437  0.31585089986047010  0.32773039075285820
  0.33778914116630138  0.34684552365475441  0.35526730161406539  0.36630462192272828
  0.37516185115621031  0.38476850501919513  0.39421247283587946  0.40405722698939461
  0.41341641091134695  0.42210766123052235  0.43067956854970257  0.43941587978687602
  0.44867933962377432  0.45859843415294138  0.46942660035259653  0.48050272830141738
  0.49130609226354188  0.50188472969969800  0.51183232198292639  0.52235745351516649
  0.53441481357056098  0.54670747230553118  0.55982459669094720  0.57287586151124592
  0.58602779632889801  0.59889060840285901  0.61019636382480924  0.61929835275029022
  0.62899898392803122  0.63956456936866757  0.65101566729392224  0.66119823528095212
  0.67086275739863499  0.67996409313209472  0.68885128153338948  0.69817395965479512
  0.70588838731602133  0.71374008099651942  0.72266351306725762  0.73164637689498557
  0.74211131300691324  0.75643820416566399  0.77191953561309246  0.78598719547793738
  0.79974817884174310  0.81338412931016979  0.82778042174214239  0.84053722471286207
  0.85048943403051946  0.85957394659092889  0.86838955683099139  0.87676714363266062
  0.88566213094553636  0.89509376895996717  0.90590411897118595  0.91574082071572072
  0.92544639595293765  0.93422854248538711  0.94414785943078205  0.95518946639087532
  0.96634186365616304  0.97767569387954389  0.98865595224250136  1.00000000000000000
  0.01527232709190607  0.02708350610067834  0.03411566474268023  0.03933367252930998
  0.04428289357854187  0.04872151684399041  0.05344533057158769  0.05850138709972129
  0.06341489155345940  0.06780160864173575  0.07197013678173307  0.07611999946072395
  0.08004462350559503  0.08368641111636960  0.08738193772269127  0.09124263049096469
  0.09539583160698049  0.09997873249748701  0.10446281172643355  0.10889525588155063
  0.11323760947115452  0.11720251018217313  0.12140634169591986  0.12634216855511973
  0.13157009889942553  0.13616695700871795  0.14039463419875425  0.14488629198530115
  0.15036906008053449  0.15740615811403710  0.16490348085548925  0.17201052455831073
  0.17921498405994316  0.18579013321168644  0.19137837540871688  0.19662647901809110
  0.20147574206779686  0.20584252480335025  0.20995462902805234  0.21419440423791528
  0.21876658292442949  0.22393144286917291  0.22932995749501231  0.23455492443744877
  0.23993974687345121  0.24546506593541445  0.25140510252442122  0.25983635008766609
  0.26742971181923608  0.27427927203192676  0.27969259656641382  0.28668647394111002
  0.29427987231848668  0.30164353663884680  0.30925957601606868  0.31760797860283224
  0.32559516145117728  0.33324503397907684  0.34150252316647089  0.35009048549732968
  0.35877063278852228  0.36721142351578107  0.37567819385592782  0.38410320217764704
  0.39293247992774000  0.40308467024611855  0.41416689146992525  0.42281442526502816
  0.43017447730475222  0.43729675909574922  0.44432396318677247  0.45167457340549866
  0.45959587863248041  0.46744738968910649  0.47519798284930670  0.48402188360226811
  0.49329423703468855  0.50220677379923684  0.51054912990613044  0.52013201227451333
  0.53096234183351043  0.54319633116897181  0.55964665124639368  0.57905220778035371
  0.59917886269778453  0.61945218824762183  0.63983122782335766  0.66063097176174301
  0.68546859207899813  0.71223339177403588  0.73616921940512137  0.76440079761093349
  0.80212218774141086  0.84156541256540274  0.88872981306686893  1.00000000000000000
 -0.00227326852547444  0.00919340758121559  0.01854226516705093  0.02897153021115751
  0.03792562437488800  0.04648893435214094  0.05470647847603777  0.06480274943189071
  0.07853238475266898  0.09309336196766871  0.10505431560115032  0.11467238804190928
  0.12338436182356897  0.13248594156274257  0.14143717649776177  0.15008330298622005
  0.15845413627310428  0.16743287358902678  0.17765619431042237  0.18800475136499159
  0.19820455650912078  0.21011981868979404  0.22661322203031453  0.24123355389479206
  0.25352692288722156  0.26458575048711319  0.27495442252478375  0.28493416758401308
  0.29603221925536100  0.30815360620885129  0.31909459919949673  0.32866411495544728
  0.33789434514454753  0.34680871574135747  0.35500058730161094  0.36241470951603305
  0.37022714312170790  0.37915456896631888  0.38818165028618529  0.39662812299637162
  0.40477157643382766  0.41446670796088714  0.42431435962921715  0.43424001172288479
  0.44485740710772481  0.45621801203957169  0.46886969179677040  0.48102661930024959
  0.49044862545813478  0.49883856129600523  0.50591839861906407  0.51324191194191526
  0.52111092040439633  0.53026810343479391  0.53857223663833631  0.54987341443609195
  0.56065029935400956  0.57151361980939830  0.58147691666122681  0.59392054780662240
  0.60734091967578374  0.61888847507263411  0.63073810992643942  0.64327100778355606
  0.65546171853367585  0.66910167652442276  0.68382235034313554  0.69817850135077464
  0.71063427411603253  0.72060065490618985  0.72957328808368127  0.73885328794092553
  0.74869015395116489  0.75839556948347997  0.76709568103755177  0.77628733393655924
  0.78617360338226683  0.79595658477059095  0.80607748133424284  0.81539655446702541
  0.82643608147703629  0.83922046548539997  0.85725796333744153  0.87338108871602815
  0.88665747053305854  0.89919904025536523  0.91126330008722223  0.92317478051462376
  0.93446216725060460  0.94457693842000545  0.95395716017151289  0.96321943126366794
  0.97269818228875060  0.98154669211845558  0.99043011494140765  1.00000000000000000
  0.64301190882766368  0.68411037767045491  0.70931663129883049  0.72947139704140163
  0.74669019045764018  0.76378195023625284  0.77997772962928957  0.79508363698400508
  0.80751962011246436  0.81871487670503096  0.82948558396643246  0.83960847434013275
  0.84963742096036088  0.85921164004118267  0.86701134090942233  0.87399697186406178
  0.88106720789226889  0.88787918279190214  0.89438604193105575  0.89945919174820910
  0.90423335303733010  0.90853315314203820  0.91240971497584289  0.91614196329922382
  0.91920230106041267  0.92227041331606685  0.92540195916160195  0.92836826262314376
  0.93122832576124648  0.93391930812104818  0.93637758252624226  0.93852620287416044
  0.94038227247109674  0.94225916354847417  0.94404111128804757  0.94568909140578339
  0.94722221244267779  0.94868620475670296  0.95012435452856248  0.95147274601810183
  0.95267345794832781  0.95377452459644851  0.95484020874646036  0.95588838242047391
  0.95702431219188899  0.95807579110683627  0.95902035216017778  0.95989874746694737
  0.96075338975635161  0.96158066920445584  0.96232360052643728  0.96290842885935823
  0.96347566517462069  0.96404730596745691  0.96459044738855160  0.96510306953671088
  0.96559164213812332  0.96606562465005719  0.96661032242707934  0.96714959691781066
  0.96766548844515721  0.96811512684546930  0.96855202596393852  0.96899019343121662
  0.96944130371562842  0.96993207068347953  0.97048621067038265  0.97445781616615512
  0.98147313238843747  0.98187167491549776  0.98220864746954695  0.98252339477366979
  0.98279068452603746  0.98306586647884286  0.98337332962146728  0.98367779290264246
  0.98397700839170454  0.98428599965319075  0.98460898344998438  0.98498333084523237
  0.98538924009389239  0.98580434315896326  0.98623311249070134  0.98674184872042447
  0.98723462678654417  0.98781770893051013  0.98845758952857476  0.98915245175032818
  0.98994630759181745  0.99078841020868713  0.99170306216866055  0.99272689069375086
  0.99391340807357498  0.99540128879876022  0.99736898291984322  1.00000000000000000
  0.05034085507888166  0.10405684005709630  0.13601359898557153  0.16033972153466389
  0.17896523638493084  0.18955185867909402  0.20158009307999514  0.21002562299716163
  0.21763608802148701  0.22653626463420262  0.23426861297835649  0.24031045121739994
  0.24537717910056214  0.25057115842069666  0.25605163394176084  0.26145371988736121
  0.26654132245209461  0.27138742712141101  0.27585345731493216  0.28034991767658957
  0.28463688166922946  0.29048671133106235  0.29759338343714831  0.30509584256113692
  0.31165525117569659  0.31763122037618252  0.32369961933905733  0.33000789216627319
  0.33670444958435397  0.34400021382982565  0.35157756436937848  0.35898045388183919
  0.36617963034656004  0.37328023534095817  0.38002846838816901  0.38700701112787805
  0.39396275434333172  0.39954397427938032  0.40491942421122606  0.41077170121282458
  0.41685082672409757  0.42241032532939499  0.42841885303679489  0.43440435667343169
  0.43966883556483266  0.44480981004618647  0.44951058406607330  0.45456002088895209
  0.46006038776810987  0.46560332691648804  0.47082625784952065  0.47568973790220481
  0.48103432077416269  0.48713180792250849  0.49385418393979419  0.50117914000013630
  0.50793249299410104  0.51392702180978955  0.52002631001263555  0.52612645123416435
  0.53247368369962700  0.53868110998315555  0.54440752233497802  0.55018129473751642
  0.55623685210426876  0.56167273596335932  0.56619836618987385  0.57007994891385660
  0.57404173075164144  0.57828894562629229  0.58269703592414934  0.58665856661124449
  0.59077462218890142  0.59495526476650518  0.59989933488751990  0.60496225899558798
  0.61014488067365780  0.61540282221073705  0.62076902860732464  0.62563104368135269
  0.63218243019331644  0.63915802529365284  0.64791344540124529  0.65769762067114179
  0.66780345199601043  0.67855256949333953  0.69063337765180988  0.70404643901570707
  0.71858011450120363  0.73091433289515961  0.74286099668974548  0.76217180814276386
  0.78224742735320618  0.81962877731160955  0.86295137991747739  1.00000000000000000
   4.9921716059988598E-019  -1.0000000000000000     
 T F T F T F T F F F F F F F F F T F T F T F T F T F F F T F T F T F T F T F T F T F T F T F T F T F T F T F T F T F T F T F T F T F T F T F T F F F F F F F F F T F T F T F T F T F F F T F T F T F T F T F T F T F T F T F T F T F T F T F T F T F T F T F T F
  <DiscreteSampler_grid>
  grouped_processes
  1 # 1 for a reference and 2 for a running grid.
  10 # Attribute 'min_bin_probing_points' of the grid.
  1 # Attribute 'grid_mode' of the grid. 1=='default',2=='initialization'
  0.0000000000000000 # Attribute 'small_contrib_threshold' of the grid.
  0.5000000000000000 # Attribute 'damping_power' of the grid.
 # binID   n_entries weight   weight_sqr   abs_weight
    13   10   6.604876781959916E-012   2.263707785307032E-022   6.604876781959916E-012
    14   10   6.604876781959910E-012   2.263707785307025E-022   6.604876781959910E-012
    16   10   3.981986109433125E-012   3.458540778410285E-023   3.981986109433125E-012
    17   10   3.981986109433258E-012   3.458540778410582E-023   3.981986109433258E-012
  </DiscreteSampler_grid>
