  0.00000000017548253  0.00000000081630759  0.00000000124113395  0.00000000159031543
  0.00000000188659027  0.00000000214763354  0.00000000238895632  0.00000000262435926
  0.00000000288325571  0.00000000317428174  0.00000000339785582  0.00000000359125058
  0.00000000377888292  0.00000000396736809  0.00000000415375871  0.00000000435396441
  0.00000000455752718  0.00000000476245377  0.00000000496154775  0.00000000514643381
  0.00000000532043388  0.00000000549131616  0.00000000566408495  0.00000000581872235
  0.00000000594610995  0.00000000608425917  0.00000000621297716  0.00000000633553346
  0.00000000645433622  0.00000000657391767  0.00000000670408529  0.00000000684115102
  0.00000000697867544  0.00000000711634567  0.00000000724310783  0.00000000737681062
  0.00000000752844163  0.00000000769966671  0.00000000786573697  0.00000000801535943
  0.00000000815106187  0.00000000827897567  0.00000000841459632  0.00000000855876915
  0.00000000870997695  0.00000000885891571  0.00000000900450481  0.00000000913872652
  0.00000000927152503  0.00000000940082478  0.00000000953734300  0.00000000969100945
  0.00000000985794414  0.00000001001577743  0.00000001016198964  0.00000001030845664
  0.00000001045243457  0.00000001059968624  0.00000001074554371  0.00000001089047699
  0.00000001105024525  0.00000001121771034  0.00000001139759432  0.00000001157325766
  0.00000001175274196  0.00000001191913108  0.00000001207684604  0.00000001223079955
  0.00000001238379397  0.00000001254655950  0.00000001272755529  0.00000001292222165
  0.00000001312075729  0.00000001330855434  0.00000001349740282  0.00000001369751369
  0.00000001392267757  0.00000001417043354  0.00000001442425312  0.00000001468022109
  0.00000001494453222  0.00000001521824733  0.00000001547693637  0.00000001573989814
  0.00000001605422221  0.00000001646749534  0.00000001695072392  0.00000001742355915
  0.00000001792205018  0.00000001845033763  0.00000001901273781  0.00000001969626343
  0.00000002061650356  0.00000002220607150  0.00000002383800016  1.00000000000000000
  0.01000518417108003  0.01481309805466816  0.01980256624135566  0.02560364480424895
  0.03035080448804417  0.03576642286970148  0.04341842556293034  0.05454075769339398
  0.06658591111720875  0.07666176984036155  0.08709506728928751  0.09695569422745022
  0.10671644939048189  0.11550722668193747  0.12462116628006396  0.13342828284741229
  0.14284875393932175  0.15283404325717126  0.16171350354747052  0.17146384816337254
  0.18396113441035503  0.19894618369343786  0.21237507820697388  0.22606894114746778
  0.23815080897350677  0.25067743469892390  0.26348436981888124  0.27660990335487029
  0.28984457705564931  0.30304064745390019  0.31625225725937639  0.32850871092529738
  0.33859905038787680  0.34710224857687277  0.35568445846473801  0.36471168970905360
  0.37481822159139377  0.38575998840518350  0.39737125826177994  0.41150840742180089
  0.42356249607769542  0.43467426995175745  0.44337544226085734  0.45216921096669010
  0.46139384002670258  0.47086002723332537  0.48181483815036963  0.49465949228729167
  0.50837903939095774  0.52133519642180060  0.53388513647802671  0.54596997232106370
  0.55724205193473131  0.56830522022101115  0.57935688499984417  0.59081481682257553
  0.60236680914309582  0.61414370194879586  0.62621410737841188  0.63834913063515342
  0.65057588583846582  0.66234083680854261  0.67450026490588366  0.68740146510031430
  0.70066090647797408  0.71468910565700994  0.72866567466389376  0.74234397248892980
  0.75527414341008214  0.76707390636894346  0.77804508042064524  0.78862851023151326
  0.79933976379396421  0.81020864209140231  0.82092227743863511  0.83142660150170111
  0.84142731497077461  0.85111425739656277  0.86083641686992840  0.87087234969087512
  0.88087405543538388  0.88912192991153371  0.89692526160485464  0.90389177539873211
  0.91203511077382582  0.92199824833339350  0.93209568945684496  0.94248592028409628
  0.95183737309688443  0.95941796937627755  0.96612978373872593  0.97353794752245659
  0.98103450216170307  0.98661511172947247  0.98974088225298273  1.00000000000000000
 -0.00001414056940835  0.00079839490000833  0.00370825258129255  0.00693143374200829
  0.01125676493768189  0.01634846260796964  0.02264784419479468  0.02879702965482033
  0.03568261918693015  0.04317686707366573  0.05016440565892585  0.05706240721814709
  0.06488075818920000  0.07387058887628541  0.08254011153177471  0.09180975782340779
  0.10160207923538180  0.11241655565571360  0.12382349376624338  0.13527042239362030
  0.14695022859189585  0.15858983855185493  0.17026016999171534  0.18257977242687490
  0.19656895078143144  0.21015198577146571  0.22325674522125655  0.23619582504186815
  0.24941508468672824  0.26324893869162713  0.27738870191110560  0.29041561155428003
  0.30210170374370177  0.31371575371687888  0.32449222424925334  0.33499066901712282
  0.34523448243510901  0.35595324790895522  0.36649907076555011  0.37509392766478161
  0.38359860045473831  0.39198471247788597  0.40026836660731974  0.40885984207807208
  0.41706260648807414  0.42450904366991704  0.43197965190508192  0.44061320304553492
  0.44988598356301057  0.45973231036973300  0.47072004367396542  0.48186024601452099
  0.49299847415182091  0.50402929305475141  0.51451598187939518  0.52406983140762509
  0.53280244659331366  0.54186124485643783  0.55250713402209684  0.56318865790907735
  0.57342299487881521  0.58336361536130521  0.59347873928650074  0.60437332133663491
  0.61555109332979807  0.62634024555546719  0.63693317027108320  0.64653874061633565
  0.65601885855630659  0.66558003728358528  0.67500498713115809  0.68509650167741087
  0.69425580548433330  0.70462048751055051  0.71549394175074288  0.72729829928631062
  0.73897760772110921  0.75023964292793732  0.76207607979951875  0.77432708227019953
  0.78635901739949854  0.79793181616045061  0.80860580271148308  0.82047627821704450
  0.83428382959967984  0.84865230701038596  0.86249045075296316  0.87639554497871208
  0.89033367950599474  0.90456939717207852  0.91981094848701306  0.93538315539602224
  0.95132422866758148  0.96746530880146830  0.98371311954858032  1.00000000000000000
 -0.00330595599006472  0.01225303451092699  0.02532547431563179  0.03777875243106970
  0.04918090048139485  0.06004002428290550  0.07135624661551028  0.08210203843162156
  0.09041832753178110  0.09779235307746192  0.10580302371795308  0.11444844724387973
  0.12308428030289563  0.13172212896598062  0.14010610407107713  0.14838774173304420
  0.15680168243435774  0.16559427148525457  0.17579758742205631  0.18640808036710638
  0.19680064518212645  0.20793055425579343  0.22013703399150181  0.23238778319952025
  0.24459790617124205  0.25736172449042616  0.26932230633057541  0.28236861826026144
  0.29457265778384695  0.30688989910766235  0.31950665060783218  0.33139555848876390
  0.34570709517467518  0.35934722952375026  0.37130006911759039  0.38217920451117432
  0.39241498617140169  0.40117721721695943  0.40869359021763318  0.41565500621915386
  0.42324881060270697  0.43237340917205486  0.44180923024407354  0.44995276458257816
  0.45844183512574704  0.46858664609409190  0.47991204773104240  0.49112982880001632
  0.50223786637736778  0.51431365721677313  0.52699535939757947  0.53997892293356586
  0.55136171444472515  0.56208673835806777  0.57252272022362360  0.58260898419031115
  0.59247587165850613  0.60248808730566117  0.61310100896621622  0.62366326530332372
  0.63245914665999103  0.64039994126345912  0.64879934084699931  0.65735890904066863
  0.66547876160569341  0.67371802698309713  0.68199564305400817  0.69041427610424433
  0.70361345172918766  0.71708785928726659  0.72844326072694854  0.73928564532586383
  0.75027436622537769  0.76112502166231122  0.77003680265434726  0.77665465847531812
  0.78435836411740234  0.79251385143472941  0.80025848361916085  0.80829412706150205
  0.81675986473323059  0.82474339266826202  0.83346807414129964  0.84531679540970628
  0.85835091071853664  0.87062036380626706  0.88330646792860101  0.89542371143673083
  0.90912544193446576  0.92258950831190201  0.93527161264388903  0.94749485284723711
  0.95967283510152623  0.97228299540418839  0.98567330240773687  1.00000000000000000
 -0.00258370238698187  0.00929493074094127  0.01960268271147442  0.02963931551830078
  0.04058373438451041  0.05148649828740495  0.06257305260998546  0.07328816475413620
  0.08384017160291804  0.09514816326905569  0.10768011000202697  0.12139679421850720
  0.13628274838963322  0.15185926697305230  0.16710201732429911  0.18091071092931332
  0.19349504463644149  0.20566394327739601  0.21779774217789244  0.22964752681575970
  0.24125535885005561  0.25341191825762605  0.26442541554497340  0.27799722211246797
  0.29087265732787237  0.30300602048806174  0.31586523286254164  0.32866392086752860
  0.34072420530914510  0.35238616462600125  0.36405148228270096  0.37690954029829565
  0.39132841352131637  0.40681118468173560  0.42344294341252187  0.43637065158549460
  0.44656977881552923  0.45604605785398478  0.46561654530799934  0.47589409733864324
  0.48581417535276644  0.49596763475888905  0.50667072418741610  0.51736870440465255
  0.52806148902312144  0.53782270151147438  0.54699064753930737  0.55643614669675179
  0.56594486191347537  0.57484295439084598  0.58291878233326144  0.58960665699764914
  0.59609227406500509  0.60126737227942162  0.60672063697329959  0.61425957684278254
  0.62181835474214808  0.62914611111076102  0.63693265314480796  0.64486361520215452
  0.65349355463901360  0.66283900553485997  0.67298749143339431  0.68328658539916454
  0.69288676986423470  0.70514935779926369  0.71686215139818577  0.72743843329381552
  0.73690868661729381  0.74642484052819247  0.75424770723645951  0.76174326081717192
  0.77021923956606031  0.77824309632567723  0.78586294912262733  0.79274639645088341
  0.79977218391950855  0.80775715923754987  0.81669110106551634  0.82572528922502542
  0.83473426372816295  0.84414826178321289  0.85377938046521573  0.86205549947478466
  0.87092647611664631  0.87966638169563893  0.88798531744003539  0.89716019964468108
  0.90858891571684053  0.92211579098806362  0.93596444099567488  0.95077839533560882
  0.96632694827875232  0.97937561016286356  0.99044810226473223  1.00000000000000000
 -0.00392025650544022  0.01274004171770614  0.02619049112244555  0.03785814191846176
  0.04958521530875126  0.06150289535915542  0.07306761541317749  0.08481085027455607
  0.09748246495698279  0.10915663932733072  0.11950119082004607  0.12870737877351240
  0.13710604948125601  0.14586844520203884  0.15499981848730907  0.16599054237449123
  0.17888212727022232  0.19173758259566229  0.20382501082533142  0.21585731478220785
  0.22768198171977047  0.23736877522654612  0.24486996906020708  0.25181556935692934
  0.25696391544405894  0.26374004491675646  0.27109866206960598  0.27912830533598715
  0.28746642105031078  0.29634633789167686  0.30389994581337365  0.31108092297464324
  0.32070894117214960  0.33282926656928974  0.34243829922554464  0.35242297084714519
  0.36362559957841123  0.37546744291958145  0.38725363789630218  0.39932182718529968
  0.41257111865711893  0.42280049604648756  0.43092034969235249  0.43987504271563954
  0.44872663391869616  0.45732337800710077  0.46617364096067848  0.47572851637641045
  0.48729765043608930  0.49857992360483333  0.51119358204276455  0.52077212278259322
  0.52779404599062973  0.53526522060763693  0.54263272139784813  0.54957144446887374
  0.55614101101585345  0.56265481811631668  0.56942917198374443  0.57582377945478702
  0.58285848753000780  0.59374526846854636  0.60650173059875523  0.61990515501323273
  0.63311454736880324  0.64526370822879320  0.65618611272298999  0.66646604599198500
  0.67614703860140313  0.68556201124906513  0.69535830744565286  0.70554553213434446
  0.71591425388311902  0.72724802562485646  0.73903712827512291  0.74978293803704787
  0.75967640274765635  0.76903235184451224  0.77859257635109891  0.78867519604935654
  0.79908525817959475  0.81022391471845057  0.82212826845166376  0.83443818989550100
  0.84744921081951075  0.86060600807609478  0.87529770828836928  0.89066790377567573
  0.90568388835915281  0.91980947526042545  0.93337106509707191  0.94698896842215685
  0.96031656683161137  0.97383728498190547  0.98702232160842218  1.00000000000000000
 -0.00730149956598498  0.14187496673474390  0.21799707837468046  0.26416975833024947
  0.29969862255111124  0.33047681101702292  0.35700868843900518  0.37973222165756659
  0.40249813178810323  0.42453738595550722  0.44598897540878535  0.46289108189347228
  0.47891691686648641  0.49565696278195598  0.51523018778365071  0.53296581311933888
  0.54727591982700541  0.55795077360870649  0.56922950351995782  0.58061156847116258
  0.59077830713602042  0.60036510838232016  0.61024883977906297  0.61998105859170793
  0.62981368427542928  0.63871036045161211  0.64751790798486353  0.65905103667029852
  0.67048879124143435  0.67978692434075938  0.68910589774566688  0.69778242826223336
  0.70610586656285046  0.71436892888764147  0.72199328160182830  0.72939896736522525
  0.73682926695256046  0.74452171672071743  0.75223926817166054  0.75980337324088054
  0.76747986414646518  0.77524091194004496  0.78262874850590880  0.78957996741270753
  0.79572091285724900  0.80142222235925020  0.80737001595964231  0.81325819168303759
  0.81834795447369280  0.82391779747222205  0.83025174246953382  0.83632689588821973
  0.84218612741611509  0.84795382470084368  0.85367183297762317  0.85922009840180080
  0.86513142020591149  0.87095418239620515  0.87602429563501150  0.88006663161006804
  0.88377975372738904  0.88761139316440851  0.89142932618022608  0.89540065722509710
  0.89990469021189523  0.90441881899409504  0.90839965100951781  0.91217399008524880
  0.91571791925504520  0.91850310583312933  0.92107691502064581  0.92396459256426422
  0.92754341494563308  0.93007989787159695  0.93229465234992626  0.93460021817012673
  0.93745633519157012  0.94100147915451615  0.94442336900016155  0.94749720860751319
  0.95039249046975205  0.95322671859286512  0.95606561861545469  0.95843845995831356
  0.96080809639010767  0.96305296682424457  0.96520501006152881  0.96746207275247986
  0.96983994381020899  0.97239406087710067  0.97493379987562678  0.97769525343209185
  0.98081897605515089  0.98529971474287592  0.99163063372818128  1.00000000000000000
 -0.00245136987599888  0.00895947119289916  0.02018852790662899  0.03112337759670762
  0.04227751940508252  0.05084591057375503  0.05951704658042272  0.06767023290595824
  0.07512419488495969  0.08266595447979612  0.09065831222985461  0.09996637258781328
  0.10968194954295912  0.11936881048637434  0.12955188596778719  0.14102633927831809
  0.15378176431950180  0.16896648328047459  0.18095208277363295  0.19332621498447769
  0.20450178509082415  0.21327642913917164  0.22191570465515781  0.23107449077042838
  0.24042255832651288  0.25029063372768634  0.26114353465766527  0.27217960278455183
  0.28392252010950408  0.29706141109308015  0.31056639943192393  0.32314753236639032
  0.33544451548342008  0.34806756274813494  0.35970515607245379  0.37076463738096893
  0.38164864592987968  0.39331415883186654  0.40494691790522014  0.41849701256058197
  0.43270262369258783  0.44712618913303565  0.45850361131461653  0.46530779327724758
  0.47207452907145447  0.47892397380342722  0.48598984525672118  0.49277957953098317
  0.49950420080302760  0.50591033836719856  0.51213939503848427  0.51774088102015026
  0.52618222535951698  0.53880451163976206  0.55346363515948815  0.56917342181688235
  0.58374737500058127  0.59488890030672792  0.60492452839359212  0.61564882562015588
  0.62641607944509525  0.63695895231214761  0.64785100849888222  0.65881917551600555
  0.66941513313045542  0.68054404864877882  0.69142902626305081  0.70270364461180157
  0.71655448842701897  0.72904488724873417  0.73796612675122575  0.74611412330427185
  0.75508771762023308  0.76496903994875021  0.77488945312026192  0.78436297946831290
  0.79350306117963743  0.80364830195435366  0.81378101522990531  0.82387906418298840
  0.83341691688555120  0.84256438343973239  0.85097726694687981  0.85991048095595934
  0.87019531743962231  0.88059981190890269  0.89189757621010357  0.90392440709765987
  0.91556941381233370  0.92706353647322526  0.93969376509421065  0.95232117558736651
  0.96500534384848713  0.97706138677332866  0.98880157412010350  1.00000000000000000
  0.64006273630903787  0.69036845603397312  0.72540928409543426  0.75628927913086785
  0.78065736107755690  0.80215308331652502  0.81971775326192609  0.83522072914178724
  0.84616542243905490  0.85750837496726950  0.86885121923959707  0.87883926509457111
  0.88718720479045776  0.89402548766563728  0.90061867346744762  0.90737882715657237
  0.91355839874678602  0.91846700511354218  0.92243959974670109  0.92608960247993422
  0.92977555808733570  0.93364772990246914  0.93706365665864955  0.93933527718852283
  0.94127012303280733  0.94329522351539630  0.94518244003937135  0.94687911924710888
  0.94846900646843413  0.94993057936850189  0.95131882005468371  0.95273736037129386
  0.95413466377343648  0.95535861428024371  0.95640400236316303  0.95735533061697931
  0.95823629745353900  0.95905415172451147  0.95984613550990261  0.96062674817203708
  0.96137120014485555  0.96206881663202282  0.96273873724145309  0.96334629334781785
  0.96392118787390424  0.96446952218060600  0.96497294574023362  0.96543833618324171
  0.96589352806841888  0.96634562888376052  0.96679727843945706  0.96722263106410078
  0.96763719624681377  0.96803558730987072  0.96841254620728845  0.96876538791645039
  0.96908748115375787  0.96938998486969707  0.96969834324247806  0.97001437295021542
  0.97040622205313121  0.97090810313566733  0.98173797502782423  0.98213939774497139
  0.98240250992372713  0.98262920783122343  0.98283838676694091  0.98304257382935434
  0.98326284339635261  0.98349239128064503  0.98373186367801324  0.98398292067971382
  0.98424782159545765  0.98454770502069489  0.98486451077268533  0.98519715719042078
  0.98554752072589236  0.98591879714040076  0.98630241636793159  0.98665078513191617
  0.98700635939744896  0.98738860950028362  0.98782431789461311  0.98830350059111560
  0.98880126696534743  0.98930159805883111  0.98986315777581491  0.99049374127868184
  0.99115427658682809  0.99185811064924012  0.99263748273587671  0.99353789034486328
  0.99457848939206828  0.99585086887081087  0.99752378249506068  1.00000000000000000
  0.00361824098243667  0.15884031627317885  0.24729936769453165  0.28507347751971834
  0.31750354311945495  0.34059197368456745  0.36062495393566413  0.37809488006342673
  0.39512388504403045  0.41011797923528009  0.42418976094022404  0.43762693572392880
  0.45022919050794902  0.46234741328544099  0.47429348938156479  0.48665358871203385
  0.49853401855526025  0.50867951766035613  0.51804440605343138  0.52571211385310845
  0.53224112380690503  0.53909341481821638  0.54577294556895928  0.55231553646521581
  0.55880867799708667  0.56472266101858326  0.57025510516390587  0.57622839561429939
  0.58298879835628992  0.59166826112787574  0.60110197803644227  0.61007686292622976
  0.61864720487637148  0.62717192305030112  0.63556733398366794  0.64305041920461636
  0.65000573691574826  0.65681600226437975  0.66312326632275809  0.66886782683724400
  0.67442493301289497  0.68011132386756856  0.68560943095899285  0.69076298975332695
  0.69561145774489885  0.70020109709624423  0.70470848170726430  0.70928199323445085
  0.71398619255923668  0.71884338667736192  0.72365456459243127  0.72840604479229409
  0.73248769805089498  0.73619870385843555  0.73953223452237782  0.74254885751586908
  0.74533986072239322  0.74791199229261385  0.75043704222329377  0.75325021581002538
  0.75576540153020100  0.75817341757334356  0.76066945569671585  0.76369806801360440
  0.76649865343342283  0.76898796657044288  0.77131801765990282  0.77389674843701817
  0.77662741584916739  0.77902167589097759  0.78131900690915645  0.78359076296648167
  0.78628427734822448  0.78913902332968866  0.79153417205794119  0.79502845405148326
  0.79879735602677859  0.80289549556482098  0.80731958051403674  0.81202296840029953
  0.81692127568083373  0.82175734046322513  0.82652814384290729  0.83132455309634878
  0.83636339044965569  0.84202921682845644  0.84863383054958419  0.85551130915984064
  0.86243609088548390  0.86890537748246266  0.87666057047675472  0.88627918348280743
  0.89721206676328835  0.90816982331911311  0.92093441186737646  1.00000000000000000
   9.3993376388573517E-030  -1.0000000000000000     
 F F F F F F F F F F F F F F F F T F T F T F T F F F F F F F F F T F T F T F T F T F T F T F T F T F T F T F T F T F T F T F T F F F F F F F F F F F F F F F F F T F T F T F T F F F F F F F F F T F T F T F T F T F T F T F T F T F T F T F T F T F T F T F T F
  <DiscreteSampler_grid>
  grouped_processes
  1 # 1 for a reference and 2 for a running grid.
  10 # Attribute 'min_bin_probing_points' of the grid.
  1 # Attribute 'grid_mode' of the grid. 1=='default',2=='initialization'
  0.0000000000000000 # Attribute 'small_contrib_threshold' of the grid.
  0.5000000000000000 # Attribute 'damping_power' of the grid.
 # binID   n_entries weight   weight_sqr   abs_weight
    13   10   3.585850682032694E-021   5.629390508240575E-041   3.585850682032694E-021
    14   10   3.585850682032666E-021   5.629390508240484E-041   3.585850682032666E-021
    16   10   1.781275511632441E-021   1.458531381241328E-041   1.781275511632441E-021
    17   10   1.781275511632426E-021   1.458531381241299E-041   1.781275511632426E-021
  </DiscreteSampler_grid>
