  0.00000000005585885  0.00000000013640763  0.00000000020019034  0.00000000026433960
  0.00000000033129911  0.00000000039672654  0.00000000046505461  0.00000000053777332
  0.00000000061290931  0.00000000069597469  0.00000000078120150  0.00000000086968260
  0.00000000095659035  0.00000000104945665  0.00000000114836788  0.00000000124786911
  0.00000000134954939  0.00000000145740461  0.00000000156406738  0.00000000167165636
  0.00000000178364263  0.00000000189998276  0.00000000201713921  0.00000000213405027
  0.00000000225006595  0.00000000237053393  0.00000000249541407  0.00000000262132462
  0.00000000274677171  0.00000000286901590  0.00000000298947322  0.00000000311857867
  0.00000000325541346  0.00000000339307150  0.00000000353047445  0.00000000366852418
  0.00000000380654792  0.00000000394708007  0.00000000409240291  0.00000000423807872
  0.00000000438653713  0.00000000453769665  0.00000000469135178  0.00000000484421046
  0.00000000499759781  0.00000000514951496  0.00000000531848982  0.00000000549071466
  0.00000000566501257  0.00000000584238252  0.00000000602215718  0.00000000620313896
  0.00000000638287255  0.00000000655481975  0.00000000671957427  0.00000000689641525
  0.00000000707470535  0.00000000726476168  0.00000000745768511  0.00000000764626709
  0.00000000783432008  0.00000000802653787  0.00000000822548591  0.00000000842957627
  0.00000000863339889  0.00000000883464690  0.00000000903475678  0.00000000927212444
  0.00000000950079635  0.00000000972827699  0.00000000995856122  0.00000001019102577
  0.00000001042564471  0.00000001066882628  0.00000001091189142  0.00000001116372294
  0.00000001142042915  0.00000001170422518  0.00000001203356808  0.00000001238420707
  0.00000001272982200  0.00000001308010133  0.00000001344021611  0.00000001381665898
  0.00000001420994881  0.00000001460210555  0.00000001500694697  0.00000001545422474
  0.00000001601256045  0.00000001670757472  0.00000001746518125  0.00000001831827327
  0.00000001934019995  0.00000002067095939  0.00000002120309716  1.00000000000000000
  0.00939837672191206  0.01671032264394037  0.02673583381740904  0.03708408047476399
  0.04716756607683119  0.05731831304514386  0.06804337006313735  0.07862162172240698
  0.08914693633832771  0.10006488463622963  0.11095527335413832  0.12169959897377054
  0.13256466959118521  0.14297426665600058  0.15300112138422725  0.16264371947430767
  0.17267781092506232  0.18309001334479624  0.19360665336079644  0.20391302895754454
  0.21460606812878519  0.22496393005536053  0.23560248614629176  0.24623870039180654
  0.25697815783293831  0.26762776168226721  0.27839842668181020  0.28959569747660668
  0.30109481212903633  0.31247211147502491  0.32354768702214581  0.33420103457489042
  0.34318798609645396  0.35266361413486685  0.36246497587309578  0.37267931052089487
  0.38253619087488644  0.39248169510529868  0.40326141520860059  0.41465143093003770
  0.42598360522849749  0.43704508438025547  0.44785985301116582  0.45834736128922782
  0.46891232698816604  0.47958667122497939  0.49024046594505016  0.50066114864027467
  0.51077839448627138  0.52087272446076816  0.53104031369978566  0.54141451252612516
  0.55202050111559198  0.56260422681072031  0.57259845654007768  0.58224967994594046
  0.59185967247120641  0.60205761759269294  0.61287118676315944  0.62338464077317546
  0.63375052995398773  0.64411812647579825  0.65478678090787168  0.66550363295949433
  0.67651414524786191  0.68752760744839836  0.69853876580207086  0.70950189166746447
  0.72049417123690762  0.73179031964697827  0.74301126482750079  0.75403970891745942
  0.76477502813476794  0.77597385297147647  0.78714759107626819  0.79812464775102565
  0.80898789342152200  0.81961391551717877  0.83001491773983427  0.83998771128425076
  0.85001255752923666  0.86035281970839372  0.87100909348330979  0.88127806349037152
  0.89136298607657527  0.90142411278348522  0.91197933140001952  0.92234955048710376
  0.93260668152439719  0.94299010748927847  0.95388254023041041  0.96491319768500416
  0.97592303076287656  0.98729641975618798  0.98981830496718282  1.00000000000000000
 -0.00251664804046447  0.01013088118455702  0.02078444107802687  0.03161510323716777
  0.04214376947251954  0.05253268040062061  0.06295171497568344  0.07324600555731989
  0.08325725522058586  0.09333309541801108  0.10357491751732337  0.11362795540092316
  0.12347442593914108  0.13325273950105643  0.14289145432784120  0.15256598411022437
  0.16202968759638745  0.17198958180206905  0.18218804641756275  0.19288662916252322
  0.20330622509520982  0.21410253238758647  0.22504856650064275  0.23584887099630425
  0.24647410021673397  0.25730463539702475  0.26867131799569849  0.27919283801336475
  0.28918518894161660  0.29885395261917574  0.30840214267008770  0.31785639425389872
  0.32731843793216170  0.33685990263818305  0.34712466652951168  0.35758896103740601
  0.36811499119552876  0.37860404849046869  0.38943693221659137  0.40007471599247330
  0.41050314931147358  0.42088464915888585  0.43109917737031117  0.44117909408607220
  0.45087321473861536  0.46079782780130923  0.47106496714020402  0.48183819467924155
  0.49280526803907754  0.50339563779507002  0.51388201155782365  0.52434065086985870
  0.53493511997214538  0.54567258724918721  0.55648943694832720  0.56734995310861980
  0.57840034025308085  0.58970099992710878  0.60138255086696712  0.61271992768641270
  0.62379343362875750  0.63452354511986586  0.64519830243226717  0.65566341937420347
  0.66612451392479433  0.67636558420007276  0.68664105524111851  0.69682170818156874
  0.70713778181184161  0.71772100985256637  0.72824254012655765  0.73911975981444511
  0.75024424675987134  0.76125203488248661  0.77187667413159111  0.78194236224636027
  0.79172576054313382  0.80126959861326041  0.81088091913403360  0.82123129463095179
  0.83199389725999906  0.84289246021628850  0.85354765437799918  0.86425448704132779
  0.87482820398335626  0.88561936349007986  0.89620885483976687  0.90673576601772166
  0.91708196163073696  0.92797215302161618  0.93951881921366787  0.95156328290641823
  0.96348448951170607  0.97496726107120968  0.98717024001836595  1.00000000000000000
 -0.00235465924314603  0.00975719000219539  0.02041419871211362  0.03146152454580155
  0.04278261246521784  0.05376550131801134  0.06499052032375283  0.07685256858943594
  0.08812464897251049  0.09858231120839769  0.10887656208032991  0.11958556260326238
  0.13023263126063853  0.14100801496683810  0.15118594492491744  0.16170700046767428
  0.17210503910487110  0.18290100017460009  0.19354282368761086  0.20421092271183180
  0.21502410941026626  0.22552948510294357  0.23587891530776980  0.24616322268545787
  0.25631150941077802  0.26624320036927773  0.27613550325974451  0.28614663360109943
  0.29650954709557703  0.30718118895907814  0.31755379762376046  0.32740654025653237
  0.33747219727769551  0.34776049891502109  0.35796371950232597  0.36795448562870781
  0.37827350219919975  0.38900826222021395  0.40007647922883671  0.41103825250639675
  0.42218494149644875  0.43309051586330127  0.44374906964311556  0.45413108743215153
  0.46477366351653815  0.47542560913050452  0.48633897160275485  0.49721648596477691
  0.50759204056723306  0.51782893645586170  0.52826174675559912  0.53955572102724514
  0.55051225204138154  0.56100656518912717  0.57076787312181365  0.58060409657706624
  0.59063015016666165  0.60076967461580333  0.61079811498313974  0.62039165934502027
  0.62997049142270756  0.63992638776280730  0.65021739741521778  0.66099028174462537
  0.67079601606690287  0.68096596965079759  0.69060351587137270  0.70118110000693445
  0.71105453868418533  0.72120133276551279  0.73131396599679444  0.74183415229044058
  0.75259346985943321  0.76401178913696999  0.77493534748600834  0.78547734000969582
  0.79589422222006856  0.80674366148399623  0.81740382910188414  0.82736849877481000
  0.83716391021856007  0.84733655598210433  0.85778749971142609  0.86826115547845883
  0.87888021903396740  0.88970574473511743  0.90041083321388082  0.91141577318375777
  0.92234707641660696  0.93367599941534440  0.94475618614479806  0.95580034500013156
  0.96681592500566549  0.97777859632873987  0.98881607731225740  1.00000000000000000
 -0.00243903433777603  0.01065691817815229  0.02137484414834280  0.03147150965613968
  0.04169040181823325  0.05165003781590854  0.06207459200791928  0.07282199738750150
  0.08356055082418766  0.09371695144413396  0.10341627168302148  0.11298674298713103
  0.12280875144011430  0.13264316135940254  0.14251424380411604  0.15250208913344271
  0.16254690765611138  0.17260977687681953  0.18297826551656840  0.19394057665992764
  0.20545706499282901  0.21646344466109410  0.22722073468411594  0.23787723298217009
  0.24883144180968197  0.25962271822707705  0.26984889776701210  0.27990055857267482
  0.28983758478513372  0.29955145110044951  0.30915798788970750  0.31903937431832946
  0.32910251886243980  0.33945277884936514  0.34972414028145687  0.35989217300454202
  0.36962861751658527  0.37954568268806449  0.39024098182856087  0.40160459309536423
  0.41332910276979690  0.42536559294538251  0.43726013372972061  0.44881695696247659
  0.45989027074308464  0.47067136567653217  0.48150515036087965  0.49234146714173954
  0.50342890769938742  0.51488320555334222  0.52664654299003322  0.53818187248862903
  0.54928535793142885  0.56019845953520597  0.57108031958916905  0.58188563211045041
  0.59259795508612390  0.60385348336909095  0.61559581033202471  0.62705219184659999
  0.63799198343291752  0.64838905896576182  0.65865086974453568  0.66896880770531142
  0.67972964261393087  0.69063162240357667  0.70115649059632257  0.71140407802263594
  0.72181823124227640  0.73267379598600824  0.74371042071076821  0.75490845560542919
  0.76551950433368399  0.77590796910520499  0.78632359394153151  0.79673551703206869
  0.80692824868379276  0.81687319936728064  0.82688996578363327  0.83681253009757761
  0.84638012245694005  0.85568058251152646  0.86502634397025124  0.87471773406469266
  0.88506424933440508  0.89537600958675023  0.90627687951725089  0.91692682096172917
  0.92716559398662446  0.93699691246076000  0.94676615623941474  0.95669719176775803
  0.96738321726825138  0.97801137135272043  0.98920215872093231  1.00000000000000000
 -0.00249642809436777  0.00991356823645429  0.02007666601340603  0.03043699256847428
  0.04060898686460934  0.05068558130439824  0.06081297088365383  0.07107431682345464
  0.08130699787020944  0.09139586646972092  0.10192871705353798  0.11275259140885374
  0.12394250251646513  0.13484503378377871  0.14566029062305241  0.15611629907084604
  0.16642739182482055  0.17669083578976708  0.18742839458527993  0.19839290255536929
  0.20922756874139956  0.21987081599734518  0.23032006844826952  0.24055560058219505
  0.25073208391236529  0.26064792707717571  0.27105585647602731  0.28156873601176924
  0.29231437263195453  0.30300917027315716  0.31371267082791182  0.32442844305694135
  0.33488097439751657  0.34521304127756131  0.35575876880525953  0.36670648946382450
  0.37743950530461151  0.38758719833319039  0.39759855346162598  0.40766439179485409
  0.41748570122963063  0.42669114103479777  0.43578990521454858  0.44576883692130825
  0.45648255588055725  0.46734355879801509  0.47769350759138496  0.48785092733678992
  0.49833590201708539  0.50917759608727109  0.51987450363278953  0.53035368609231781
  0.54069450728676227  0.55085593922252196  0.56100356480242497  0.57150119817819733
  0.58263614748715165  0.59409996589892888  0.60541012861108523  0.61607743391501379
  0.62599628875813951  0.63629081732338921  0.64657107094783839  0.65726405808913857
  0.66817900067226521  0.67965360501484573  0.69069418033052565  0.70073605515304738
  0.71054311430620831  0.72063689412882936  0.73075525867026003  0.74085538586241906
  0.75097462805083959  0.76163455340468333  0.77260831768086813  0.78354580508394345
  0.79413787688971660  0.80404217818506496  0.81452420552639482  0.82570046490412408
  0.83656401275085823  0.84692935844990591  0.85778081831466046  0.86923123848062167
  0.88114174931793088  0.89288438835443329  0.90340054690398708  0.91330093443454785
  0.92330843304915367  0.93382299266694024  0.94438735118951178  0.95477902483776356
  0.96581102654547157  0.97723119235757672  0.98870607795818355  1.00000000000000000
  0.01327044383751979  0.01662866278246585  0.02033875532102274  0.02523515518633506
  0.03111726451259835  0.03676177778799856  0.04204794111347578  0.04724092115572360
  0.05256292431935077  0.05816391494426475  0.06389086238951958  0.06962365278961860
  0.07540454630498407  0.08116897589168981  0.08673501684268158  0.09207200405076808
  0.09730827429113315  0.10253124226000657  0.10778757157500216  0.11322232762628168
  0.11830894169645745  0.12343971336183575  0.12868553031063623  0.13420969035217309
  0.13985389869910606  0.14535293737273780  0.15073685326915545  0.15617316092435865
  0.16175427616388449  0.16747704859963003  0.17331173847182685  0.17906671228131613
  0.18480379843419512  0.19079816097307348  0.19691814743037228  0.20311401552541106
  0.20959186191325835  0.21610410960498155  0.22263362924516455  0.22917570633813905
  0.23587273123577537  0.24283117676125576  0.24984055359436441  0.25663868332960410
  0.26329016677926925  0.26992959854011161  0.27659550858799326  0.28350089739904655
  0.29061941678878794  0.29769039616930659  0.30489757038082238  0.31200570077825046
  0.31926564522628009  0.32622369490396513  0.33325862386513144  0.34036265582558561
  0.34783173968282904  0.35562669601271663  0.36365911789388844  0.37197172297025977
  0.38040460738247478  0.38900621177597855  0.39783933345364630  0.40682655919241661
  0.41575760321368493  0.42473716439175091  0.43407076110967840  0.44401977870271131
  0.45418141554893438  0.46408856816939881  0.47375489183803965  0.48384294585196846
  0.49463014288168855  0.50556618379704932  0.51646294454724584  0.52753766977001526
  0.53873455488898869  0.55036310263324217  0.56238235109804413  0.57473842119523189
  0.58746988974509229  0.60078816681105884  0.61445899621805233  0.62899342145925241
  0.64402787896440772  0.65958768741511253  0.67709237544333045  0.69649266323067549
  0.71682284723937484  0.73856790721444188  0.76153362105758393  0.78694511006657630
  0.81670986977732984  0.85297086884287099  0.90529465105034912  1.00000000000000000
 -0.00227668495547178  0.00859035521980867  0.01797306376285596  0.02764115336085887
  0.03757618161015214  0.04747087597053512  0.05723200309391581  0.06705102572987374
  0.07705587873911871  0.08749962703104899  0.09836930830136938  0.10930759695128657
  0.12027429733279982  0.13113083692973063  0.14172747355332013  0.15173932173112298
  0.16130474860457464  0.17083589056745793  0.18064048830673932  0.19079116966544860
  0.20084455594114831  0.21086178956235335  0.22088414915381799  0.23129902325347187
  0.24213312996211847  0.25322326907402143  0.26414563637049199  0.27465957821126541
  0.28518421274481154  0.29590534386537504  0.30645261955752084  0.31683390215739443
  0.32736651647977028  0.33853792058972509  0.34956620673589955  0.36018631792347944
  0.37042650716689551  0.38129144326182096  0.39259641740740781  0.40474109314703444
  0.41666877019218163  0.42801984569012691  0.43873256125631505  0.44977251354467446
  0.46071917405255763  0.47177283930101571  0.48315308787331074  0.49424304305010736
  0.50527919733489779  0.51543102545289665  0.52608041579653009  0.53665530200134426
  0.54801383689429783  0.55906737517870930  0.57041599266236764  0.58037325237668524
  0.59029127984571705  0.60035849412770248  0.61123416470040803  0.62263239729653896
  0.63308841011726902  0.64283508002482226  0.65224431378890657  0.66192646741152750
  0.67221102090802276  0.68255421429384366  0.69277526532911127  0.70356800269201980
  0.71415996841429885  0.72489886418616944  0.73490542651600810  0.74466513448894855
  0.75467057798202697  0.76499516303536685  0.77564736044441429  0.78658142051731927
  0.79796474467002387  0.80960825010563453  0.82068840372377583  0.83136414216663757
  0.84204017575209977  0.85291867101393715  0.86327745633896846  0.87313605907534875
  0.88311246672441146  0.89349036937607196  0.90422565508862840  0.91530801226433445
  0.92615006440566017  0.93651642322902762  0.94656970751850700  0.95692452620898305
  0.96754152185882047  0.97796538943870015  0.98893321799077039  1.00000000000000000
  0.02378376140484712  0.03283863069940383  0.04316413094755291  0.05346158731282463
  0.06343243177435105  0.07334684790632316  0.08359334121305774  0.09395248895202198
  0.10395574677974635  0.11377463014511854  0.12389637268093945  0.13438125130578579
  0.14496447809426560  0.15554823612961857  0.16595999037418116  0.17603860550665384
  0.18603628187513280  0.19598738412135411  0.20582880557637837  0.21556179512313972
  0.22541075140630690  0.23546103031483878  0.24551508037564637  0.25542107926966523
  0.26522048661093478  0.27484329064910479  0.28422724729279741  0.29374974677190824
  0.30357006820383198  0.31386302365123181  0.32437993246224189  0.33481796726125918
  0.34499404159932368  0.35502027728116270  0.36502388299356536  0.37530232328336965
  0.38579209523895247  0.39601812599545561  0.40601746634906050  0.41584204551476039
  0.42594384220298565  0.43614396828231661  0.44608272147896233  0.45587380155253088
  0.46578407128395588  0.47614372198046917  0.48686246907550840  0.49777905872334038
  0.50872617205766302  0.51949348750313495  0.53016754355218820  0.54088579386708369
  0.55184380673415268  0.56271077931967461  0.57366794247117781  0.58453236251523599
  0.59496708974472490  0.60469057361787537  0.61397393827314506  0.62340849701044854
  0.63325775703870979  0.64316310501794194  0.65302093965332930  0.66271968357738631
  0.67199114019953821  0.68104127551180871  0.69051305187119960  0.70087821571494524
  0.71114263422008750  0.72099764915773834  0.73089506350897504  0.74119713383618402
  0.75188483077212198  0.76280319706407684  0.77381360069676441  0.78480288008284294
  0.79563998385732304  0.80628912486031645  0.81652457465521000  0.82650131653546433
  0.83652458444420352  0.84663792789906822  0.85670515215176835  0.86639669905933814
  0.87589207019273674  0.88551693474630855  0.89556278620890628  0.90600287104878841
  0.91645039625695568  0.92667074513974090  0.93663427266361021  0.94651605190525034
  0.95677320224262963  0.96613945443759930  0.97078323436757241  1.00000000000000000
  0.09234583747091725  0.11644716631404282  0.13744910075996514  0.15385568884534617
  0.16860132312811443  0.18141065601190146  0.19317547161513740  0.20415729264408897
  0.21407840096427561  0.22385210593313476  0.23342666200445256  0.24271055427276308
  0.25125383336469870  0.25968930521487105  0.26827252978366756  0.27701486675733827
  0.28550141637140036  0.29378531120989188  0.30224730023297736  0.31082281439209530
  0.31932138920068759  0.32780483915324954  0.33609167281443736  0.34387254330649519
  0.35127413005471042  0.35845027983133443  0.36553147131543384  0.37257717186417250
  0.37973945756492994  0.38699630843564103  0.39434080297590707  0.40165051304037386
  0.40871041699824190  0.41554119259916011  0.42225223861390448  0.42889002330458253
  0.43549055476675813  0.44186996001373485  0.44807963905668208  0.45452140709551536
  0.46075881617293452  0.46703218392501833  0.47331574118148345  0.47955139812659126
  0.48543075804069674  0.49123676871985150  0.49713338170642485  0.50311277229637841
  0.50899504699824827  0.51467367074333514  0.52053199831583985  0.52657299009075587
  0.53253744167502171  0.53831641760956594  0.54398416895451129  0.54964454075211888
  0.55531413834007559  0.56098026937086787  0.56668823466422691  0.57250851932877223
  0.57845257530606553  0.58422972408007712  0.58984663826473094  0.59521901427003943
  0.60066581354997484  0.60595955480494890  0.61113897376203952  0.61633230429935160
  0.62159059928248783  0.62700196727049928  0.63261685424844871  0.63827980327915512
  0.64380161951202886  0.64931705154114294  0.65485347234959368  0.66052407837258675
  0.66663167568545456  0.67292521509574155  0.67927658480025987  0.68564754776399794
  0.69221190952570522  0.69902510864515743  0.70600879229587477  0.71315282857010021
  0.72034369212091687  0.72755937888831201  0.73574861646136458  0.74509390437628953
  0.75617409109527689  0.76860072309059924  0.78324422196406507  0.79826263364847372
  0.81723009609858210  0.84146197448565985  0.93216844458919457  1.00000000000000000
   1.0625960421208074E-023  -1.0000000000000000     
 F F F F F F F F F F F F F F F F T F T F T F T F F F F F F F F F T F T F T F T F F F F F F F F F T F T F T F T F T F T F T F T F F F F F F F F F F F F F F F F F T F T F T F T F F F F F F F F F T F T F T F T F F F F F F F F F T F T F T F T F T F T F T F T F
  <DiscreteSampler_grid>
  grouped_processes
  1 # 1 for a reference and 2 for a running grid.
  10 # Attribute 'min_bin_probing_points' of the grid.
  1 # Attribute 'grid_mode' of the grid. 1=='default',2=='initialization'
  0.0000000000000000 # Attribute 'small_contrib_threshold' of the grid.
  0.5000000000000000 # Attribute 'damping_power' of the grid.
 # binID   n_entries weight   weight_sqr   abs_weight
    13   10   3.361398559253571E-014   6.441030623269212E-027   3.361398559253571E-014
    14   10   3.361398559253586E-014   6.441030623269227E-027   3.361398559253586E-014
    25   10   6.323682321330833E-014   1.956143328284060E-026   6.323682321330833E-014
    26   10   6.323682321331693E-014   1.956143328284794E-026   6.323682321331693E-014
  </DiscreteSampler_grid>
