  0.00000000025283925  0.00000000032209410  0.00000000039562813  0.00000000046915320
  0.00000000053962950  0.00000000061032624  0.00000000067995212  0.00000000074777778
  0.00000000081354633  0.00000000088698775  0.00000000097598780  0.00000000105790085
  0.00000000113426825  0.00000000120575637  0.00000000128715408  0.00000000137432987
  0.00000000147307426  0.00000000157119354  0.00000000166367005  0.00000000175183717
  0.00000000183753892  0.00000000193430750  0.00000000203802790  0.00000000217504973
  0.00000000229970698  0.00000000241834729  0.00000000253916218  0.00000000264981885
  0.00000000280370768  0.00000000295753574  0.00000000311168437  0.00000000324929056
  0.00000000335649807  0.00000000345256448  0.00000000356050025  0.00000000368284503
  0.00000000380704247  0.00000000393492303  0.00000000407097015  0.00000000423182983
  0.00000000439776150  0.00000000457402147  0.00000000475772753  0.00000000495024725
  0.00000000515808411  0.00000000536928502  0.00000000557474858  0.00000000578641572
  0.00000000600176796  0.00000000619145828  0.00000000639177369  0.00000000659075596
  0.00000000678318248  0.00000000697196247  0.00000000717729172  0.00000000738948180
  0.00000000760001365  0.00000000783708252  0.00000000809646624  0.00000000833460884
  0.00000000858752632  0.00000000882434682  0.00000000904742800  0.00000000925967924
  0.00000000945033421  0.00000000962646565  0.00000000980077516  0.00000000999079421
  0.00000001019377654  0.00000001044927346  0.00000001071079223  0.00000001097361160
  0.00000001121287702  0.00000001144523627  0.00000001169991066  0.00000001194157823
  0.00000001218032412  0.00000001245453547  0.00000001276643756  0.00000001311325770
  0.00000001346717986  0.00000001383450512  0.00000001420022329  0.00000001457380837
  0.00000001496841944  0.00000001535146401  0.00000001576880796  0.00000001625320163
  0.00000001690319343  0.00000001754300686  0.00000001820719733  0.00000001897504623
  0.00000001996095129  0.00000002201094537  0.00000002366548832  1.00000000000000000
  0.00879243413496828  0.01989073424916690  0.03286954017946957  0.04555225193095504
  0.05830116731860963  0.07049175217628861  0.08248487577457748  0.09742884504466508
  0.11306482683696596  0.12734009382273159  0.14036202014125257  0.15277200976491606
  0.16410595163880429  0.17382479526325345  0.18258984568979506  0.19139265824938492
  0.19944993383870052  0.20721340854712605  0.21505753216499543  0.22282718377053251
  0.23026216747151707  0.23955268427810816  0.24820419216611020  0.25970401322218939
  0.27124391648461982  0.28171506600247609  0.29295601912969860  0.30502517921398181
  0.31810732917333956  0.32993277232606255  0.34121236025614282  0.35220382378193260
  0.36281210059581021  0.37335837039755665  0.38398095895343171  0.39603227134670316
  0.40515495563814136  0.41338085745917735  0.42130212035668968  0.43039536604282502
  0.44073721240854213  0.45079626611052975  0.46078410287406146  0.47079438809873303
  0.48060961689128018  0.48953138756861247  0.49818200722110056  0.50658423882559023
  0.51585601130835990  0.52639511909512182  0.53591823726858479  0.54584159223170636
  0.55740068710709978  0.56913451531380765  0.58102321448717476  0.59379552393338897
  0.60639985428121224  0.61749709817814202  0.62697380763325261  0.63545380374933824
  0.64408019464463784  0.65346706344553962  0.66353463818741554  0.67410437859081596
  0.68532035526788915  0.69771060527391426  0.71084892176906678  0.72367070376609344
  0.73509495500567001  0.74586005497392482  0.75865735200665130  0.77028214064967193
  0.78137089002135196  0.79147452410333619  0.79906721884558429  0.80607749088065384
  0.81364292022599671  0.82098248269404261  0.82747796681837649  0.83398222584261639
  0.84125657224443473  0.84916913735074162  0.85686274837789966  0.86601718982321474
  0.87463546973103479  0.88406634702719100  0.89446839049383653  0.90542774677596050
  0.91758007970491540  0.93170778751167971  0.94864296774051726  0.96320606895932470
  0.97462793842938444  0.98474238462932429  0.99061777278993590  1.00000000000000000
 -0.00000018041736449  0.00008052967330035  0.00063759255912866  0.00170646981559514
  0.00325368375123507  0.00593283988304534  0.00907835986536932  0.01305516083003350
  0.01701597878497807  0.02152633742485676  0.02643306371387530  0.03140892812579178
  0.03656930645362862  0.04259034421382724  0.04999060330587378  0.05708711477647326
  0.06474601592246612  0.07244937544421136  0.07828737646378502  0.08519271628972611
  0.09248505499638836  0.10002972237204137  0.10759192406650799  0.11567337736188003
  0.12394283841027326  0.13198879293693680  0.14099003380094247  0.14975053256496682
  0.15810714853122615  0.16619657369133600  0.17398920847204496  0.18191289075843745
  0.19050724472998429  0.20019296695829389  0.21038702819623520  0.21974990089237076
  0.22926923203714022  0.23889301570592869  0.24921351097229433  0.26073993390360040
  0.27180772451298385  0.28363087901637829  0.29618181838092544  0.31112744910919254
  0.32814356231847319  0.34068551201198632  0.35166765839806086  0.36221791019460520
  0.37214913872686572  0.38166013371176816  0.39151760956361759  0.40148983608536448
  0.41161734458157589  0.42294371510815992  0.43575025989197086  0.44841616153603586
  0.46136154252147371  0.47327141046315735  0.48453021349132752  0.49581055651879324
  0.50750543936554848  0.51970264066006666  0.53190892302352966  0.54423378469534478
  0.55624199592636481  0.56826900832817373  0.57989945379015562  0.59056755684516460
  0.60143955407967875  0.61273665994257209  0.62515846334113701  0.63857605640480020
  0.65278664739081649  0.66765377570030116  0.68245111657680080  0.69812787658349063
  0.71336339303207352  0.72855154453421600  0.74420365111198861  0.75937020166576830
  0.77418394128918244  0.78819743490460503  0.80178320277183623  0.81541654690203391
  0.82953168992529158  0.84597613758613266  0.86286602739464136  0.87934414094302549
  0.89538717086484343  0.91076601789453226  0.92610547305900404  0.94114882540909384
  0.95577215896167023  0.96982973107707171  0.98459455949216290  1.00000000000000000
 -0.00265486443241166  0.01039491033314897  0.01978329468022700  0.02928678986448283
  0.03878201869842306  0.04913248103231871  0.06078247541084227  0.07327735539852420
  0.08544773894462468  0.09641420426510901  0.10699705371633275  0.11811736880514084
  0.12943556279274862  0.14087061619833183  0.15360997215607280  0.16749468564041931
  0.18078416885803011  0.19358288820616343  0.20261788118743573  0.21213470866638323
  0.22126830784263130  0.23054400634938804  0.24206611003136466  0.25658862971102714
  0.27121893021547910  0.28487348149139080  0.29831656367989395  0.31067293737524138
  0.32285780380568346  0.33513842421955697  0.34748819597614722  0.36047540621508289
  0.37350623411911105  0.38721726523512556  0.39822868560006897  0.40613529974092971
  0.41460426846327475  0.42229587535346619  0.42964038828579204  0.43688826664285518
  0.44469642224088418  0.45172809512889950  0.45930531286356013  0.46981498344430145
  0.48105031265216275  0.48827382458078761  0.49449981858730302  0.50050636139300420
  0.50677049293506060  0.51454444674422362  0.52333942737763450  0.53089233955658199
  0.53748797390230030  0.54595246037824463  0.55639225824730942  0.56680152548281848
  0.57594711607824167  0.58458891058878726  0.59397362283383315  0.60424145445084254
  0.61492314406844739  0.62409498025380128  0.63334541983858927  0.64350625097576808
  0.65161382296823045  0.66086478765975720  0.67221233241547484  0.68385807830061440
  0.69370811319898495  0.70266957836771426  0.71227159232215265  0.72464250420461029
  0.73697170041556859  0.74782861831532943  0.76119932903804466  0.77356961987471662
  0.78347271005305541  0.79525155897304656  0.80790934777805512  0.82096050848482582
  0.83221666257652160  0.84408205873428355  0.85736253288512698  0.86989411821796470
  0.88208935562536228  0.89450434962255565  0.90773075836453221  0.92146632369322645
  0.93525505556321609  0.94905897702365527  0.96105095961525344  0.96952544375818972
  0.97814824256703259  0.98496970722752253  0.99269334634335615  1.00000000000000000
 -0.00250855615976505  0.00988624806882598  0.02010156938860194  0.03134175270951340
  0.04250897050905041  0.05321056509663519  0.06363153261960547  0.07452672859411333
  0.08564236141765978  0.09630378309035094  0.10642468735642482  0.11640178764060059
  0.12642648029598066  0.13770395150117343  0.14865448857692840  0.15950687411904083
  0.17169241065853233  0.18371976815381824  0.19627715737593701  0.20742075428438958
  0.21614099626513700  0.22383238197613553  0.23148754253821277  0.23983504242471188
  0.24886067069443457  0.25837562641719947  0.26622642791883566  0.27316336824521170
  0.28298430740322600  0.29259572421187169  0.30403810347939736  0.31374548122113055
  0.32386162985789257  0.33327303853703510  0.34704384092476365  0.36067657881254528
  0.37414198658297459  0.38854122363823290  0.40227089559618856  0.41456341475719177
  0.42968297878047834  0.44502853701647149  0.45999722131263854  0.47500213437447963
  0.48878827965149285  0.50283796253552382  0.51670519652552360  0.52825999388064304
  0.53961477766072630  0.54972743221670617  0.56042452693624301  0.57191044962544746
  0.58400580214727560  0.59569232168175312  0.60500256239627637  0.61606900068416415
  0.62738085267791932  0.63620736761005714  0.64600869986809706  0.65493888851018323
  0.66345485478680066  0.67178119986646290  0.68030077212101081  0.69037112612006168
  0.70357249321937143  0.71612163934844142  0.72784306761725370  0.73813957579737877
  0.74847463754125387  0.75935030395519287  0.77043980742750640  0.78081932675412846
  0.79005041091703976  0.79917495350299694  0.80879633646348903  0.81896113404412452
  0.83038969512953587  0.84012772863533569  0.84945936829397306  0.85737828912992231
  0.86360980448965707  0.87033378414453944  0.87654441378894754  0.88337219270234268
  0.89056059682006983  0.89818588265144295  0.90629271838585490  0.91507848065185649
  0.92542254191499684  0.93418005110282498  0.94256967768503197  0.95080780158676736
  0.95925809015332042  0.97055787862896370  0.98468068048285451  1.00000000000000000
 -0.00286784750631079  0.01346924492833098  0.02454640774225489  0.03569480614895508
  0.04804992194490652  0.06084929673993682  0.07380468816497122  0.08661283671693962
  0.09924857339750198  0.11570585611154116  0.12676596288624098  0.13700620893956653
  0.14751750603753416  0.15659386674512707  0.16503007349747709  0.17440207867837373
  0.18473215081607003  0.19543904228376424  0.20571327019647198  0.21455825573354576
  0.22299350625228312  0.23044716813464142  0.23662897797874935  0.24252355507984125
  0.24761100639693712  0.25298894367043490  0.25983187988240120  0.26767275667508889
  0.27560782464130351  0.28153938110205451  0.28669257617343252  0.29291387070804920
  0.30105749612578803  0.31256450929288110  0.32702576121633692  0.33923487635042132
  0.35075366631424137  0.36308846429926750  0.37467033699133961  0.38362887999228168
  0.39150820692936655  0.39962562514325450  0.40831972050911614  0.41727299155551201
  0.42518009705476495  0.43317292611129077  0.44274231346334936  0.45406650810793492
  0.46513213818237747  0.47659534937523734  0.48505152416080072  0.49362421997559336
  0.50277166770892168  0.51228442823177822  0.52086363048887596  0.52855043079365005
  0.53620152762264350  0.54455133445726056  0.55455528223284301  0.56344396880164793
  0.57241636986136291  0.58168494237256507  0.59155306646993044  0.60209448875127181
  0.61249531300767313  0.62239342199453151  0.63207691936380794  0.64213237918072519
  0.65288504911474077  0.66348544007015064  0.67345849326901785  0.68338862734713501
  0.69313518151022080  0.70240781893835946  0.71146191353815957  0.72110623630429627
  0.73122368077353195  0.74247298446682930  0.75393921046580969  0.76726384356062338
  0.78383985738990913  0.80229005034803247  0.82015061506162257  0.83545747516518343
  0.84899770445857647  0.86171491987220450  0.87389071588110812  0.88585639612812961
  0.89970337104038622  0.91469691893635263  0.93067441747731150  0.94863390119198832
  0.96374727870964150  0.97580650624142840  0.98829362915729491  1.00000000000000000
  0.02803088790824821  0.03191099193245842  0.03491254323589378  0.03778144818254049
  0.04151263678746059  0.04563117367099132  0.04982073072063736  0.05392290832755590
  0.05800546928194551  0.06252075243642805  0.06678533289748349  0.07139808436425649
  0.07720791080050421  0.08285072432859550  0.08776555542808057  0.09247944916281220
  0.09729642822763171  0.10164798398531132  0.10620955455076661  0.11093906362032764
  0.11571674000377141  0.12054251712761774  0.12572498722965703  0.13092319535335975
  0.13596760069765765  0.14121088393162934  0.14648158041033763  0.15159626171595753
  0.15711111089763932  0.16218479151719556  0.16705872388183529  0.17145449481892289
  0.17612160689169179  0.18104278112747593  0.18561657238515353  0.19046989982551760
  0.19530431885842248  0.19997419420612458  0.20452447878147462  0.20944825285709115
  0.21415452560997225  0.21833756473644519  0.22247016985406987  0.22732044379947150
  0.23371440976845601  0.24048508842131561  0.24690722295640766  0.25328418867961333
  0.25936335861659598  0.26552729998627450  0.27196055369353811  0.27997061698291797
  0.28822285750592891  0.29644236240372740  0.30500610120695865  0.31293838104876120
  0.31999348578974857  0.32724307440863515  0.33455241224518434  0.34205877350349151
  0.35016316370914874  0.35868577134149687  0.36808695510786393  0.38039448135166504
  0.39236619097346437  0.40360599057399310  0.41477036049310834  0.42730921020366613
  0.44089943229858025  0.45263125536732429  0.46205606292230156  0.47074694051440719
  0.47948806134797972  0.48727847435152521  0.49756985007485155  0.50856919176798976
  0.51925275829173234  0.53186273000228557  0.54452603493008844  0.55996812464033863
  0.57446361845586891  0.58820799428367998  0.60471595876675921  0.62704657366794680
  0.64899033693035901  0.66496364456908363  0.67929818081450277  0.69448072857319709
  0.71199529827638763  0.73391342025932227  0.75810777206555302  0.78612993140885745
  0.82129740563205977  0.86371838847074023  0.90588228979494723  1.00000000000000000
 -0.00290929381214053  0.01074556095320523  0.02245498942013231  0.03461407000423489
  0.04767105240341236  0.06113996077787005  0.07457845269397340  0.08721852341634796
  0.09919714585125648  0.11070285368911062  0.12158957711634100  0.13183666670098729
  0.14085362870467483  0.14845118344406394  0.15734711343330424  0.16666702241080902
  0.17020542980151851  0.17577213902925098  0.18271340303440170  0.19024398682637889
  0.19871929473781685  0.20696820837446459  0.21467656596912763  0.22142504117906697
  0.22810147796653035  0.23578542092363192  0.24327890146067352  0.25021296156587447
  0.25824889750697383  0.26797639840096632  0.27941673625773916  0.29146671415311026
  0.30389867544065219  0.31591465163684596  0.32692771355290712  0.33809119670024462
  0.34879508973812112  0.36132782719527434  0.37429914160540323  0.38673387469514264
  0.39918141704818177  0.41167292355627666  0.42671981446691226  0.44098352092422677
  0.45178945553839361  0.46251446685505521  0.47368558169964947  0.48350732725532208
  0.49425468287138269  0.50687102421744579  0.52062716641822704  0.53078371706026972
  0.54047416424230610  0.55153384844063646  0.56239421968446035  0.57092026388308614
  0.58017804795748051  0.58910991328524553  0.59872984797868700  0.60830481296952321
  0.61658453347327491  0.62414362359765940  0.63210672389998257  0.64142617294121163
  0.65293037931617892  0.66390121667062896  0.67317551286417843  0.68126535057082738
  0.69034999059793023  0.70358924422363034  0.71703458924964203  0.73094667141983904
  0.74488808264495721  0.75842484441322244  0.77158661058677225  0.78077359193122475
  0.78935766010844299  0.79847330456042132  0.80832180223548533  0.81809701890980513
  0.82714041991549359  0.83661027835508184  0.84654378920616935  0.85662924018552100
  0.86609561480128872  0.87598650698063485  0.88743453844103515  0.89922968226934752
  0.91039602898977789  0.92151640956643421  0.93247490536687117  0.94267173828138395
  0.95414147351334722  0.96768428315800414  0.98377208689217410  1.00000000000000000
  0.64768298441319261  0.68359376233280478  0.70641023435293548  0.72541284128384720
  0.74632533945550594  0.76586629463638833  0.78314751824688755  0.79814957162671119
  0.81195767580397993  0.82467247785623587  0.83644154795306380  0.84636328239870817
  0.85556725838104952  0.86523673868719531  0.87427026213486170  0.88212033290011138
  0.88947407551610391  0.89626621860858990  0.90217209580006297  0.90750944951024648
  0.91261174519432031  0.91695815151156312  0.92081980614827608  0.92454024052088868
  0.92802656520331084  0.93124698476604717  0.93421722837462262  0.93681496948943233
  0.93886493619124145  0.94064541828895953  0.94245667418640666  0.94444388565364124
  0.94617516312937688  0.94763463185040564  0.94890632604744096  0.95019113895224072
  0.95156034458110861  0.95303651302760550  0.95454228804984931  0.95593117866401334
  0.95716340273656653  0.95829821186623820  0.95933139672401968  0.96020440060944778
  0.96100685053337342  0.96168892122701111  0.96231752659501635  0.96294636976065084
  0.96360418438535866  0.96425744951100323  0.96486367957191543  0.96541075225916251
  0.96592079421428345  0.96639442582421742  0.96683501022758978  0.96727696886949599
  0.96769029781151228  0.96807354644123211  0.96840962657809038  0.96873932976189026
  0.96906135500176827  0.96937368044359817  0.96966867046168370  0.96998117514401971
  0.97032056023718538  0.97083892290079143  0.98184307959486472  0.98220905932357483
  0.98250827956090725  0.98276975408987388  0.98301339115329356  0.98325773723417775
  0.98350235798892693  0.98379087794058639  0.98409244005290519  0.98440796430925404
  0.98475757727009305  0.98513377649253675  0.98553359011441577  0.98598156452490493
  0.98646006843661049  0.98697655856556399  0.98755502623636149  0.98818363047099966
  0.98884049131092022  0.98948881151696622  0.99012777247011008  0.99080168357748488
  0.99153330520451555  0.99230423299495230  0.99325313583645336  0.99433074013240341
  0.99548643593741570  0.99669729944579899  0.99811351008922433  1.00000000000000000
  0.05118151395922157  0.12620294513221883  0.14498242968194952  0.16415053534819435
  0.18330026337904123  0.20391663403273888  0.21710949398964333  0.23031570144610619
  0.24046766514687251  0.25005480388098428  0.25760118798739379  0.26453329060848713
  0.27130129508895340  0.27803968131412476  0.28494246643889987  0.29209596363207829
  0.30053011454717043  0.30800558795864075  0.31528438051644897  0.32231418981637922
  0.32920923613333597  0.33624161976221439  0.34316687291594500  0.35062763273763098
  0.35841237136867271  0.36482630242195274  0.37128909637835183  0.37826102434682018
  0.38543001191496845  0.39189900560123164  0.39900878002796525  0.40690743932302803
  0.41468479031372774  0.42202915143069059  0.42931993580873162  0.43713296222428633
  0.44498350645167817  0.45223681136880628  0.45886861130616868  0.46520354672007874
  0.47057391070353488  0.47593688522166844  0.48119325355375431  0.48719499600855021
  0.49361343420852422  0.50051312082542143  0.50807451494015965  0.51582514761999598
  0.52315563313871039  0.52955902509214481  0.53589652583901093  0.54202790931879985
  0.54819905554742354  0.55418779806991481  0.56011368202496203  0.56574219257130021
  0.57146798661974896  0.57768413900557503  0.58407300514768246  0.59068801975432594
  0.59682680239914976  0.60181066377998571  0.60543679020325070  0.60880615236444235
  0.61180695595384427  0.61529659515284163  0.61970532570255932  0.62485489675963579
  0.62955580785991938  0.63456097558489533  0.63953921568983541  0.64469424758139726
  0.64990045776400107  0.65504450282492777  0.66007704479289142  0.66535433804499988
  0.67189113758649499  0.67975939225942394  0.68804527835187546  0.69533607883662851
  0.70254049989108558  0.71040404792935241  0.71889982693152810  0.72639051256134091
  0.73389402372108770  0.74154859196413248  0.74952595410937084  0.75886574113498972
  0.76762441578804341  0.77619794256670482  0.78488504786331115  0.79294125291528739
  0.80077760185890967  0.81547998985147530  0.92813202268997952  1.00000000000000000
   1.5006766306786608E-018  -1.0000000000000000     
 F F F F F F F F F F F F F F F F T F T F T F T F F F F F F F F F T F T F T F T F F F F F F F F F T F T F T F T F T F T F T F T F F F F F F F F F F F F F F F F F T F T F T F T F F F F F F F F F T F T F T F T F F F F F F F F F T F T F T F T F T F T F T F T F
  <DiscreteSampler_grid>
  grouped_processes
  1 # 1 for a reference and 2 for a running grid.
  10 # Attribute 'min_bin_probing_points' of the grid.
  1 # Attribute 'grid_mode' of the grid. 1=='default',2=='initialization'
  0.0000000000000000 # Attribute 'small_contrib_threshold' of the grid.
  0.5000000000000000 # Attribute 'damping_power' of the grid.
 # binID   n_entries weight   weight_sqr   abs_weight
    13   10   4.815164694174425E-012   9.364292600093251E-023   4.815164694174425E-012
    14   10   4.815164694174429E-012   9.364292600093252E-023   4.815164694174429E-012
    16   10   8.363524561442308E-012   3.282165406477211E-022   8.363524561442308E-012
    17   10   8.363524561442123E-012   3.282165406476851E-022   8.363524561442123E-012
  </DiscreteSampler_grid>
