  0.00000000005658984  0.00000000013576988  0.00000000019890994  0.00000000026232419
  0.00000000033013992  0.00000000040240741  0.00000000047614162  0.00000000054979508
  0.00000000062592604  0.00000000070715648  0.00000000079047383  0.00000000088050587
  0.00000000097416735  0.00000000107277344  0.00000000117359910  0.00000000127199548
  0.00000000138025664  0.00000000149490253  0.00000000160201728  0.00000000170392643
  0.00000000181258262  0.00000000193371755  0.00000000205416600  0.00000000217541370
  0.00000000229583732  0.00000000242143924  0.00000000254543958  0.00000000266859594
  0.00000000279417841  0.00000000292403876  0.00000000305719117  0.00000000319548261
  0.00000000333484234  0.00000000347677936  0.00000000361917554  0.00000000376508005
  0.00000000390446204  0.00000000405275877  0.00000000419849314  0.00000000433969119
  0.00000000448360373  0.00000000462407759  0.00000000476756380  0.00000000491139301
  0.00000000505591517  0.00000000520975714  0.00000000536632442  0.00000000552433544
  0.00000000568093560  0.00000000583865419  0.00000000599633684  0.00000000615331286
  0.00000000631205119  0.00000000647380467  0.00000000663744327  0.00000000681027102
  0.00000000699566745  0.00000000718270679  0.00000000737106064  0.00000000755867809
  0.00000000775227449  0.00000000794967200  0.00000000814902947  0.00000000835288519
  0.00000000856101790  0.00000000876983051  0.00000000899892305  0.00000000923652879
  0.00000000947797153  0.00000000971263705  0.00000000994499886  0.00000001017787010
  0.00000001041454132  0.00000001066627687  0.00000001091831860  0.00000001117862654
  0.00000001143723732  0.00000001172656070  0.00000001203958535  0.00000001236627565
  0.00000001270269950  0.00000001304580412  0.00000001340318629  0.00000001378012947
  0.00000001417636910  0.00000001458165982  0.00000001499745163  0.00000001548661987
  0.00000001608413182  0.00000001674582923  0.00000001744176861  0.00000001821472793
  0.00000001912876495  0.00000002045957215  0.00000002125508774  1.00000000000000000
  0.00958391485710425  0.01544770723790552  0.02463823408516326  0.03570268721649775
  0.04587804436939817  0.05573125938342288  0.06587464860027560  0.07642204608075703
  0.08735192129628463  0.09839566261277213  0.11008169131335481  0.12178833244701448
  0.13234147145526948  0.14191475962260824  0.15140962810909142  0.16116660740875097
  0.17128817036008048  0.18159781470970995  0.19222672565842475  0.20305310293936155
  0.21366606863381168  0.22416023151653416  0.23434494160016056  0.24480500866608243
  0.25541383456531819  0.26643860315939483  0.27710897637229198  0.28728392153153487
  0.29743644753289855  0.30789841751866415  0.31868721976935882  0.32966316307372773
  0.34051208344132611  0.35121620105071411  0.36190643148940377  0.37260272179718884
  0.38295991141113772  0.39292390190303328  0.40276541212254557  0.41279761698514572
  0.42278067825473575  0.43251901380447028  0.44206503586999318  0.45206455721436972
  0.46262512584354443  0.47386789096520460  0.48469609778447326  0.49516183020249910
  0.50576202603614273  0.51605034123614435  0.52613068256866569  0.53602971988474502
  0.54679329846744551  0.55786565117389808  0.56852512464578242  0.57870701665673097
  0.58902951012546734  0.59963773917364538  0.61043620516532482  0.62127686564385110
  0.63248552273623082  0.64372359193692785  0.65418860127820255  0.66462566198261763
  0.67527303165374752  0.68546715976800932  0.69564206828031772  0.70576731043152163
  0.71654116382402511  0.72750090871943163  0.73835546386277240  0.74913799963381189
  0.75990806117812848  0.77045107704267968  0.78132539222053321  0.79209125546700476
  0.80278717771969810  0.81289248794605795  0.82264072435775215  0.83252810197426175
  0.84282399895963611  0.85297193412989181  0.86235168667180362  0.87158617016884432
  0.88154238723676026  0.89179158409602255  0.90217032434708644  0.91278804300928684
  0.92417614599296705  0.93557093160364591  0.94594049925128287  0.95641391230389672
  0.96654836516034970  0.97755564990532184  0.98845042301563824  1.00000000000000000
 -0.00209037842698448  0.00819865141407557  0.01722909889091992  0.02687342574303864
  0.03690058958773280  0.04743810199768741  0.05792444240830638  0.06859364535007786
  0.07926120713853518  0.08951703167143694  0.09958463388623612  0.10959439645899854
  0.11939899236496905  0.12940172089446109  0.13966363994340600  0.14994212760249434
  0.16016190735620059  0.17036376129066985  0.18074669271214658  0.19110763181240853
  0.20125921865254173  0.21174663658981779  0.22225755456343690  0.23222425322660700
  0.24228216809112013  0.25234691409870752  0.26256367550199844  0.27234544903003038
  0.28223815352957071  0.29242981494839815  0.30264746250775459  0.31297415925285688
  0.32305823619732482  0.33296044770989225  0.34298186884397730  0.35322837334904816
  0.36329130947799054  0.37337459915215598  0.38408130188203865  0.39533614286633456
  0.40615034330794414  0.41654449902411800  0.42693106541910031  0.43758080936601695
  0.44832483860917932  0.45929438327871991  0.46936831710228494  0.47941213619706613
  0.48943868291454717  0.49965183847418104  0.50961673569039589  0.51985309783874545
  0.53079417513605720  0.54197922166752022  0.55248233178678963  0.56284048418583321
  0.57318260439860824  0.58345881351723794  0.59354224079355322  0.60390703603177043
  0.61512196321175117  0.62657985981499431  0.63811840023000899  0.64919797631081311
  0.66040799470202705  0.67151727234967851  0.68258881688698292  0.69369028385153553
  0.70521178936890772  0.71704098646292691  0.72843766222054795  0.73923290112872397
  0.75012386654099195  0.76130773441494159  0.77283456043650356  0.78409474045818262
  0.79537862407758975  0.80639742554896587  0.81734460178235935  0.82793968467614087
  0.83882960525702244  0.84962069200134205  0.85976906986349644  0.86982075280570847
  0.88054132286687370  0.89235675965138028  0.90448674924923789  0.91588252581918606
  0.92630248324575026  0.93641284681871384  0.94640864121519441  0.95657845840255518
  0.96700530376437555  0.97756357594632648  0.98870877658292267  1.00000000000000000
 -0.00233587467695548  0.00863868689176258  0.01853375504609490  0.02865659792839896
  0.03848085101320084  0.04835054994428330  0.05840633174694879  0.06916874601671998
  0.07998809523027352  0.09163185520060646  0.10294379409665426  0.11308645923705483
  0.12333380070188135  0.13366129234984944  0.14433990435415728  0.15505524325818024
  0.16538066093999212  0.17658471775620724  0.18729035244438566  0.19822816010072861
  0.20871095214559213  0.21900264127356964  0.22947846023901061  0.24012499520424777
  0.25130676789984696  0.26235824023567589  0.27374184929226764  0.28518739703460094
  0.29613083442057042  0.30679098815329303  0.31757612962119397  0.32897616919456379
  0.34013224433623968  0.35088821146700971  0.36168929548169071  0.37236767340255628
  0.38268355925261632  0.39319210600154225  0.40410585205490890  0.41477392767068633
  0.42482247267878820  0.43476132272920831  0.44505817537700260  0.45541143058996575
  0.46547001459859111  0.47544433762053595  0.48585672604481001  0.49692056164296228
  0.50763727256952762  0.51832643227939412  0.52892928636053937  0.53994301777993614
  0.55000495560717300  0.55972237138710501  0.57007468063745548  0.58097776244355881
  0.59236803482839728  0.60339850895061842  0.61415328300275995  0.62492551781123684
  0.63530719662361423  0.64579072787699932  0.65562368491812451  0.66529709133158765
  0.67526813661058738  0.68537494147783351  0.69564832457714432  0.70592305601700245
  0.71685972978869006  0.72801580562976165  0.73833943102217570  0.74836965057811256
  0.75891674252868258  0.76997534452983296  0.78122387335234822  0.79215956081963457
  0.80328104122979893  0.81432404875082776  0.82498312607828628  0.83517682750602329
  0.84515940731923067  0.85518793456045761  0.86572500643096117  0.87638088747589149
  0.88654430560212694  0.89680472582164295  0.90623290783129351  0.91613673992491584
  0.92611278801543162  0.93636645908232485  0.94645410587262901  0.95680971015237182
  0.96746460320104533  0.97845612892737188  0.98909430742654325  1.00000000000000000
 -0.00248746698447558  0.00932669837676230  0.01941920119280796  0.02975501197542392
  0.04026025308493779  0.05104632049653273  0.06163379234938063  0.07188200608904256
  0.08193265251212048  0.09235032374515752  0.10272513365276008  0.11328504586593967
  0.12356584387620188  0.13471028184037381  0.14563120730167037  0.15670520707620120
  0.16754858786723850  0.17821869487485295  0.18839287871942872  0.19814554993965586
  0.20803959640074582  0.21812945365914155  0.22854264371010130  0.23876424849027070
  0.24874959932194793  0.25865510136471603  0.26884961530763674  0.27915869358800949
  0.28936558737496826  0.29947977551118843  0.30965939029551381  0.31971456628685019
  0.32994967403335596  0.34057370979926704  0.35210135068800880  0.36362107159907781
  0.37478672606024055  0.38596075016662296  0.39708945008848479  0.40814851898970739
  0.41922516795127973  0.43006507377741771  0.44078184185184743  0.45110053779593795
  0.46164581848770775  0.47266237118966015  0.48425624848249993  0.49608586555890749
  0.50751352603393241  0.51885741182889877  0.53045338965191502  0.54163980396929523
  0.55261191934359988  0.56363106238744953  0.57464366398920297  0.58530028603034423
  0.59518220669701238  0.60499412690600785  0.61465420744493393  0.62439879734575954
  0.63443763299170142  0.64449441257095408  0.65486828906524674  0.66539717442342861
  0.67606580392624582  0.68666082825958019  0.69730594210596675  0.70796147992092362
  0.71815636391517579  0.72801875366354118  0.73807105967801445  0.74829451635670918
  0.75875638467519746  0.76916459002649840  0.77993776906894430  0.79071811695773919
  0.80247460775239365  0.81378148027198061  0.82426658072662606  0.83474000350858790
  0.84486265234948421  0.85466365742871153  0.86416365540441009  0.87372275000765087
  0.88346724234679297  0.89309039323063355  0.90328551231499021  0.91388811858738384
  0.92463921561358209  0.93531372270405866  0.94610500602168135  0.95763228789748256
  0.96818844266150039  0.97890189342597411  0.98942911433712888  1.00000000000000000
 -0.00250232142146354  0.00961973893609713  0.01979495552968171  0.03101195941527952
  0.04173209318018129  0.05227574924504464  0.06259417756543156  0.07354833541756313
  0.08500933206887301  0.09593281977288622  0.10623183900451948  0.11564757702580665
  0.12533813329252638  0.13523002141745921  0.14507428821674162  0.15526426296203349
  0.16553868990649678  0.17645937833421485  0.18772033211258166  0.19897134684103931
  0.21011849563690546  0.22020230435101709  0.23001973831701072  0.23968261881904937
  0.24977093980677514  0.26027465026117480  0.27057161467163349  0.28120147793702266
  0.29190394322847807  0.30266089713763689  0.31342670844406695  0.32414636473038005
  0.33485753463824935  0.34573623529603814  0.35626596823201917  0.36682877341272224
  0.37755156625269426  0.38920350452263314  0.40094412394499090  0.41221087259334382
  0.42309485243679912  0.43394882656205708  0.44435152654707433  0.45415521702500200
  0.46357773947454228  0.47347689643722995  0.48374647036750418  0.49479521534100207
  0.50550708502429775  0.51640245351516101  0.52701689130157270  0.53788560672392094
  0.54950168220181017  0.56107384997738863  0.57234343264395482  0.58337362363040901
  0.59492796539341941  0.60627930189136636  0.61771626366795884  0.62882430183644678
  0.64016057199796550  0.65131612376585690  0.66235008071923496  0.67341118774915565
  0.68480296352219150  0.69618010750660297  0.70689347380000633  0.71692426108338647
  0.72665051405066117  0.73640504648142135  0.74641125013298060  0.75619118456493861
  0.76603463250820059  0.77570320184047159  0.78573261958091378  0.79542377426536826
  0.80528199708634518  0.81506337473362755  0.82532401437964442  0.83520913249863049
  0.84538537705676708  0.85531027053708886  0.86523001360804830  0.87538751756629940
  0.88595294851310502  0.89649649976468182  0.90634468544897162  0.91605039387409049
  0.92598841067010906  0.93634741573219138  0.94700848302331742  0.95803741591075142
  0.96906406677752976  0.97977124696664197  0.98992613055020262  1.00000000000000000
  0.01361703326265608  0.01665565551373269  0.02042343450706163  0.02502785456505095
  0.03036894389927276  0.03561379923177586  0.04071389180140669  0.04580307677936115
  0.05078083578564796  0.05565501627340211  0.06048455104214655  0.06586449943945979
  0.07145201879112202  0.07696857725156640  0.08241856371332677  0.08807833407424261
  0.09389857512192995  0.09965081458492706  0.10532161113880081  0.11085815772902084
  0.11650256118295119  0.12212361025068930  0.12762052139261831  0.13303588873872030
  0.13843030562303030  0.14393800847011279  0.14937102967201699  0.15464304404346307
  0.15998251988699086  0.16543726960667446  0.17114790063473956  0.17699733802890091
  0.18295148946826970  0.18907181442337434  0.19516411227626967  0.20124430354227180
  0.20736223554798994  0.21362486745732220  0.22006555979187958  0.22643673288758720
  0.23286472262349109  0.23919170806425988  0.24564672727860487  0.25239718514680537
  0.25946075305098704  0.26649338077845025  0.27360808924348856  0.28097626327305758
  0.28826924880150628  0.29561175928799904  0.30308201376325739  0.31054187080695000
  0.31794680885251486  0.32533021303858201  0.33313259408163048  0.34048367487705128
  0.34801226972998894  0.35532179568340672  0.36288365300450010  0.37067956394213103
  0.37886952453974604  0.38707067567798653  0.39566159090123970  0.40459271607942360
  0.41361319000214603  0.42249118386787160  0.43132728024607775  0.44021474776807606
  0.44932449953893749  0.45879652184059638  0.46853607162337629  0.47863611611964751
  0.48871067242454569  0.49878970918117055  0.50936644483394222  0.52005721768388269
  0.53140651005579453  0.54282713887044509  0.55450790335373690  0.56625129705385702
  0.57858816175749050  0.59161981147010245  0.60575241550618708  0.62031139730489060
  0.63523076843059090  0.65100582509323068  0.66842693988133528  0.68710272362084246
  0.70699965878728332  0.72734320816005460  0.75007118991442445  0.77663217512749239
  0.80953191221670018  0.84658188137382906  0.89521477753112710  1.00000000000000000
 -0.00237302721272239  0.01085160673262277  0.02191745786250661  0.03239314200858423
  0.04278426350410339  0.05321614711756782  0.06381949578072889  0.07366236270800094
  0.08370496966804210  0.09434419990999045  0.10535794908405956  0.11603129455070933
  0.12660226545946324  0.13710397781708211  0.14763841758845253  0.15779087925932178
  0.16799391430279956  0.17831029865877604  0.18867073539265689  0.19905151613038655
  0.20971998108995427  0.22038084807621217  0.23089524774909356  0.24103814431534942
  0.25119698524756906  0.26155062152643588  0.27225922109407269  0.28304376305187745
  0.29336855507856063  0.30324573746952821  0.31308305343177817  0.32328835457104121
  0.33368677188263390  0.34402643944904843  0.35444805145823499  0.36494397869721140
  0.37542468503394877  0.38583672895407245  0.39622576065905629  0.40655451161881834
  0.41673638897468102  0.42671071993301685  0.43702813948302333  0.44774462405654608
  0.45892866255206577  0.46989600201490866  0.48060481292834556  0.49088024884574655
  0.50119594008453894  0.51149265861515658  0.52204912074911858  0.53250445343613839
  0.54286521686166311  0.55305995812700215  0.56294026385021467  0.57269301484661095
  0.58253342926423823  0.59284633622106608  0.60345685365152102  0.61429584177705432
  0.62531089022332031  0.63650281647119045  0.64753971814075917  0.65853331761130240
  0.66966065708385014  0.68100121219203125  0.69203981070719978  0.70282628977817885
  0.71345295227683725  0.72348429687107441  0.73368007057838214  0.74407036241138835
  0.75482056950746412  0.76570501829866822  0.77624355532378231  0.78703363059311604
  0.79705147253628061  0.80739583958958550  0.81767437006245824  0.82771170983049003
  0.83753448283450449  0.84731539164106229  0.85716451352500422  0.86842063300058381
  0.87949073999654481  0.89036023754224891  0.90084970201695624  0.91171420770040434
  0.92285074281847279  0.93403803378353056  0.94500958612507835  0.95600484975250355
  0.96692704125920370  0.97787138680792762  0.98894086866908537  1.00000000000000000
  0.02443739123487575  0.03137314142486536  0.04021945534233404  0.04958232527451752
  0.05877398507661538  0.06835451973780637  0.07817334625691634  0.08833869216359287
  0.09859461420424943  0.10851745382658048  0.11797858527768648  0.12743126710624039
  0.13725397284905308  0.14725467379933493  0.15756129846260600  0.16798584795770383
  0.17847567267893030  0.18876271856588944  0.19861976246654692  0.20874081331615860
  0.21932735134642586  0.23017753263137827  0.24093727218456598  0.25124755166089169
  0.26145474427493931  0.27161098541216133  0.28182103493487376  0.29223177627643915
  0.30242296385081119  0.31242919573780381  0.32220921952844439  0.33186759358644197
  0.34135548211589278  0.35079612244529740  0.36050857670564718  0.37053780384705370
  0.38067829912345574  0.39083274929037493  0.40096174535231033  0.41135977008087776
  0.42187319113616140  0.43250394721479690  0.44322148856322785  0.45402516921079106
  0.46496024916828815  0.47617384504552207  0.48689112333944262  0.49730997266933447
  0.50678852815375031  0.51641543282748470  0.52630883084649782  0.53628313041966891
  0.54596356545164582  0.55563608916383589  0.56545879221571405  0.57578774549216205
  0.58609429131947399  0.59640217664519035  0.60662846792662783  0.61738574883292574
  0.62809764292933035  0.63872018084219184  0.64898070771983540  0.65880396740262215
  0.66813742599901471  0.67750042384413622  0.68717189376510457  0.69788576427073046
  0.70785971851375429  0.71827725322951075  0.72866157098245854  0.73874581552609830
  0.74869828432105190  0.75837365094512499  0.76837738836624558  0.77840905942911531
  0.78839425389197604  0.79843765458505789  0.80865135884304706  0.81897006128779781
  0.82952927188401748  0.84013741049669199  0.85115504405979447  0.86185284768841985
  0.87255819455693961  0.88301734708272528  0.89367659890560625  0.90424306446383773
  0.91478837752962894  0.92525666480717472  0.93573014794086085  0.94607081342283206
  0.95629473037559498  0.96537767828049625  0.97090257708900796  1.00000000000000000
  0.07917994824524885  0.11084164375588974  0.13398109836194319  0.15075258915841533
  0.16471174951534279  0.17825267091913813  0.19132634072297458  0.20368469606425943
  0.21548679208868640  0.22680062763234693  0.23737813076501935  0.24732641532443694
  0.25677319923592007  0.26612695024424271  0.27532528898976361  0.28416544933147769
  0.29281124622260501  0.30139653554103796  0.30980781451606809  0.31788400911096620
  0.32559367584131305  0.33325380430558493  0.34114671253381046  0.34923520625022592
  0.35695073865600835  0.36431378070432802  0.37144998222180986  0.37875641629108958
  0.38596141691078650  0.39314549771201773  0.40007037073081259  0.40698780745020890
  0.41394760720136292  0.42064330463404304  0.42728011883724426  0.43393701388857708
  0.44055699990331643  0.44703846888258181  0.45334773664473477  0.45965129588530784
  0.46608565169912458  0.47232509104802028  0.47840642527487282  0.48433152382708594
  0.49028334766053738  0.49623062653837297  0.50207005117241366  0.50770353357544185
  0.51324263149487004  0.51876301893979393  0.52424759949483668  0.52977232213976144
  0.53528926023420043  0.54075985451377773  0.54615152518782839  0.55164377397733488
  0.55698875780405865  0.56237541635427746  0.56777451903505660  0.57331882708814252
  0.57893664080662022  0.58454353744574761  0.59008108803967707  0.59559322404140624
  0.60114408047701617  0.60671471227743123  0.61228594122330948  0.61784217297104216
  0.62311995683543375  0.62875944012547991  0.63421874912983789  0.63979155794018350
  0.64544409796229141  0.65115261262793933  0.65707416712730105  0.66317304873179950
  0.66910730911042504  0.67491764510493124  0.68043549998144692  0.68604031792756692
  0.69184353425913814  0.69806468339148120  0.70446918148339710  0.71086883232940923
  0.71730016884215964  0.72387612267704915  0.73091820037670807  0.73888725945194844
  0.74710004391169138  0.75620476132818359  0.76581799208056089  0.77738165363617329
  0.79047918988199051  0.80596867221364454  0.82623582545483187  1.00000000000000000
   6.5512437250300264E-017  -1.0000000000000000     
 F F F F F F F F F F F F F F F F T F T F T F T F F F F F F F F F T F F F T F T F F F F F F F F F T F T F T F T F T F T F T F T F F F F F F F F F F F F F F F F F T F T F T F T F F F F F F F F F T F T F T F T F F F F F F F F F T F T F T F T F T F T F T F T F
  <DiscreteSampler_grid>
  grouped_processes
  1 # 1 for a reference and 2 for a running grid.
  10 # Attribute 'min_bin_probing_points' of the grid.
  1 # Attribute 'grid_mode' of the grid. 1=='default',2=='initialization'
  0.0000000000000000 # Attribute 'small_contrib_threshold' of the grid.
  0.5000000000000000 # Attribute 'damping_power' of the grid.
 # binID   n_entries weight   weight_sqr   abs_weight
    13   10   7.765539508702476E-007   3.758968170912156E-012   7.765539508702476E-007
    14   10   7.765539508702575E-007   3.758968170912277E-012   7.765539508702575E-007
    25   10   1.365535834121734E-006   8.526609695544606E-012   1.365535834121734E-006
    26   10   1.365535834121809E-006   8.526609695545585E-012   1.365535834121809E-006
  </DiscreteSampler_grid>
