  0.00000000005610043  0.00000000013430221  0.00000000019525627  0.00000000025503147
  0.00000000031807506  0.00000000038594346  0.00000000045780478  0.00000000053297682
  0.00000000060842362  0.00000000068685833  0.00000000076998278  0.00000000085785903
  0.00000000094697659  0.00000000103913076  0.00000000113744322  0.00000000123302195
  0.00000000132733828  0.00000000142522785  0.00000000152858056  0.00000000163472865
  0.00000000175090614  0.00000000187065822  0.00000000198938098  0.00000000210364114
  0.00000000221892052  0.00000000234228310  0.00000000247107929  0.00000000259763149
  0.00000000272256615  0.00000000284954940  0.00000000298125803  0.00000000312013091
  0.00000000326430960  0.00000000340723339  0.00000000355157422  0.00000000369615439
  0.00000000384407236  0.00000000398993400  0.00000000415126928  0.00000000430861990
  0.00000000446493291  0.00000000462168667  0.00000000477478996  0.00000000492882884
  0.00000000508576093  0.00000000524781187  0.00000000541782906  0.00000000559376578
  0.00000000576816675  0.00000000593947189  0.00000000611307684  0.00000000628835317
  0.00000000646616103  0.00000000663804048  0.00000000681152925  0.00000000699854978
  0.00000000719104773  0.00000000738650387  0.00000000758298809  0.00000000777724036
  0.00000000797125662  0.00000000817130587  0.00000000837280281  0.00000000856680832
  0.00000000876099863  0.00000000897123615  0.00000000920264193  0.00000000944476600
  0.00000000968834054  0.00000000993392237  0.00000001018497141  0.00000001043616118
  0.00000001068060777  0.00000001092274917  0.00000001116648670  0.00000001141917528
  0.00000001167725015  0.00000001197722244  0.00000001229401397  0.00000001261469118
  0.00000001294690841  0.00000001329285948  0.00000001365687891  0.00000001403555431
  0.00000001443179601  0.00000001481694868  0.00000001524197615  0.00000001571969330
  0.00000001626724124  0.00000001687979574  0.00000001754684031  0.00000001830449718
  0.00000001922033265  0.00000002045854063  0.00000002118108678  1.00000000000000000
  0.00925794413456184  0.01599968048334257  0.02609023925810167  0.03769187093964552
  0.04822974210992508  0.05864430396907103  0.06855112237486267  0.07851127334202043
  0.08850012842751802  0.09912544583342850  0.11047916276625266  0.12187659426172594
  0.13291621896700173  0.14388006849022039  0.15476529336281283  0.16551257234006145
  0.17625682604033238  0.18657547991577816  0.19629951980393590  0.20562998100548846
  0.21502191993646541  0.22483797938077588  0.23531365554272587  0.24622999344422533
  0.25760382179864033  0.26878699026416897  0.28016182616730356  0.29214407995466807
  0.30420501517735288  0.31575504837332907  0.32655589982803607  0.33685033357359695
  0.34712734436446169  0.35722748243030827  0.36698282828455492  0.37654582285059401
  0.38586020865979670  0.39494661868641734  0.40407264943383159  0.41339668710126842
  0.42315022937300867  0.43297467217092150  0.44243765530378382  0.45175778715643056
  0.46101043003781278  0.47033950279334918  0.48012416328136914  0.49014914576451873
  0.50032709746319337  0.51077656938875304  0.52133304080264942  0.53197971301096347
  0.54245333393057005  0.55294139132734921  0.56373240404871117  0.57378136044502603
  0.58347173578517697  0.59271524650168239  0.60220210172492383  0.61200432992886955
  0.62203300710402887  0.63272921054364939  0.64356726889288596  0.65406584920035227
  0.66426979765143979  0.67440263941906309  0.68492184001783563  0.69587594703260625
  0.70748265253297071  0.71915113723058521  0.73044998054268562  0.74051415829000344
  0.75011142649739582  0.75992625392100766  0.76986583091260885  0.77974305445743375
  0.78924035365832301  0.79959795541308132  0.81057583729363436  0.82195923994864584
  0.83299482034962014  0.84395522949165969  0.85466796801642542  0.86460600119020148
  0.87464958133026338  0.88491516636997025  0.89496738456573155  0.90443492693704297
  0.91371698822962444  0.92382848047131616  0.93528134418737019  0.94665269826296417
  0.95839820883563531  0.96989099958819402  0.98083834923600621  1.00000000000000000
 -0.00308649050057546  0.01127495899448144  0.02286555797900392  0.03416698135253256
  0.04507463401101686  0.05657604208658614  0.06768300396392946  0.07864921167428236
  0.08954695526484654  0.09991873092824077  0.11021046880712007  0.12023458678818487
  0.13102059308436118  0.14257277179185071  0.15314035514400945  0.16388739530829199
  0.17466559643539259  0.18591850773140756  0.19752706001179857  0.20877879480673697
  0.21952887243109798  0.23034645899162198  0.24126960696260066  0.25248795209456942
  0.26321148498416591  0.27378583328425565  0.28426392110980248  0.29455089538175550
  0.30489843295143826  0.31513324811912230  0.32576621783151138  0.33640209149702033
  0.34747365734558333  0.35845612531431781  0.36905506383890591  0.37935980442664036
  0.38949825765793539  0.39964616137788828  0.41039296531575520  0.42207184291928690
  0.43477283416813983  0.44748961316696184  0.45982885873905605  0.47129089741609054
  0.48170590760132609  0.49112144442135153  0.50043843007263222  0.50989573047730441
  0.52003819079914471  0.53069375415784592  0.54179664467224486  0.55324126045417976
  0.56472844264332400  0.57623271412216193  0.58769390070578464  0.59868302568035581
  0.60969353255100889  0.61992125904882456  0.62971301250309408  0.63879791794769791
  0.64825062364212105  0.65794378347745019  0.66699327266741859  0.67598141035289283
  0.68547903145874156  0.69569097323306550  0.70601851965677820  0.71612864141855637
  0.72626161666463451  0.73660916528536025  0.74701597044684465  0.75746571463296275
  0.76768775965547720  0.77800818806800620  0.78863732018864618  0.79939008548801882
  0.81025022526032142  0.82080009762028627  0.83181494628651698  0.84264757806994073
  0.85286607464806363  0.86295424444330471  0.87304993745854209  0.88349837194255354
  0.89377870214570276  0.90372890549190055  0.91334777389218746  0.92361420891386559
  0.93350480891776755  0.94342891413217400  0.95320618365200493  0.96284888366163546
  0.97226109175219810  0.98183314254834408  0.99069776465227222  1.00000000000000000
 -0.00228162967233300  0.00902432543475338  0.01846667775607068  0.02946143733776040
  0.03984416894175037  0.05078235993383606  0.06192052045386513  0.07348560797895354
  0.08529048356591593  0.09626361112494917  0.10705635146817875  0.11740340132073632
  0.12804202995880024  0.13886010129122356  0.14961704122762731  0.16006150349662052
  0.17030061572182334  0.18088888923355642  0.19220155496358626  0.20374005417356872
  0.21522441156637118  0.22678674898699522  0.23850294028675381  0.25006726782807454
  0.26159168920734410  0.27239072063679320  0.28318367386963400  0.29398537346799208
  0.30495183711303664  0.31565955334021151  0.32543425151664418  0.33475404525400110
  0.34398862022431581  0.35353126095492160  0.36387193000155704  0.37425058858937071
  0.38428140265327398  0.39433084992202871  0.40563191118482855  0.41768845552095740
  0.42902141678856298  0.43987506509278634  0.45052525221374379  0.46135376809576867
  0.47195272861388138  0.48164301751252858  0.49067533848264311  0.49952377496899919
  0.50846344820547162  0.51784404391336247  0.52773151785804573  0.53794256875161583
  0.54826616591750910  0.55897164564335644  0.57029753622217372  0.58174015501890641
  0.59268270725040051  0.60411796122527905  0.61533164247162098  0.62627235746251297
  0.63637764293615984  0.64630017993244104  0.65681418847278938  0.66742185384643693
  0.67778423869997528  0.68811336190758854  0.69861995272876554  0.70920794325743974
  0.71956270171309444  0.73058248864349795  0.74202521618469797  0.75300786100109873
  0.76378899012323598  0.77439388569981382  0.78491750402972171  0.79517689153439552
  0.80533226093321808  0.81571533880397185  0.82665895692554103  0.83759026956149041
  0.84809626797302173  0.85809829103826218  0.86769684264205549  0.87718088957930718
  0.88659746280105223  0.89649843161476694  0.90639507577067679  0.91663876110725206
  0.92638000192241177  0.93600613726531079  0.94553850376682025  0.95518648784603344
  0.96617108960534692  0.97741632105604148  0.98873915064375739  1.00000000000000000
 -0.00200575811060542  0.00917510990877898  0.01897136078418784  0.02965871776780409
  0.04047291736717218  0.05118027045036418  0.06187214492345006  0.07320503421540969
  0.08416281755576947  0.09497014348534345  0.10557269188090629  0.11656569895601257
  0.12733886049935575  0.13781587644998322  0.14784946269739865  0.15802410037722689
  0.16794242401996878  0.17768029592196541  0.18743914708878320  0.19767176718570501
  0.20784496829949942  0.21809819451858573  0.22832116104487710  0.23903512419051415
  0.24948719572129560  0.25951205178238823  0.26953979363763603  0.28015207393367808
  0.29128762784538759  0.30215328219256665  0.31305908965201751  0.32374047542575263
  0.33431533737596325  0.34441388122576166  0.35369346508592314  0.36296940299899616
  0.37257200412424391  0.38298595482729469  0.39388938216889369  0.40464509845865920
  0.41534133972745807  0.42582438503649217  0.43623078656468023  0.44632856065375059
  0.45623943539836881  0.46622919905709631  0.47675768953753750  0.48797239775972834
  0.49912093834831689  0.50926137469667343  0.51893379720774246  0.52901675221695088
  0.53950741692240167  0.55034268211266990  0.56083565830793503  0.57143761230576229
  0.58200337295676519  0.59246192827837452  0.60345819852816207  0.61434861673670393
  0.62512817256921605  0.63469551155392878  0.64446885380371777  0.65508834242482461
  0.66625878092134960  0.67751654547774032  0.68779686509513871  0.69899153847460083
  0.71013106577687024  0.72174314430009978  0.73336971873136336  0.74536282232957329
  0.75694446842138774  0.76745077607397338  0.77811982925346068  0.78876137008531100
  0.79966123222543439  0.81073436869370585  0.82251111673174082  0.83418905608947425
  0.84522473189453595  0.85611965674252288  0.86677077536473013  0.87660317685285083
  0.88634741242221682  0.89650120139989042  0.90740152258903439  0.91787638413951356
  0.92830467615479129  0.93869128664956525  0.94903728744609861  0.95957739328957647
  0.96953610385104272  0.97939358829064949  0.98946580427446518  1.00000000000000000
 -0.00227576380730624  0.00948473823245447  0.02005098376105621  0.03058726200891373
  0.04179978629946137  0.05301541546918147  0.06434577199834500  0.07624820398077631
  0.08825439108757481  0.09994419973946983  0.11121266680370200  0.12256819141420980
  0.13342578836719707  0.14400244417933805  0.15462569542162533  0.16476092984380386
  0.17453377356621547  0.18384385344901169  0.19339381145705525  0.20307339879359643
  0.21308793874169144  0.22367601450206054  0.23478746348508903  0.24626852818201733
  0.25699725023469511  0.26781637485048898  0.27832135637122019  0.28913178394155026
  0.30032169997487362  0.31158766347026062  0.32249700001389447  0.33330240915262577
  0.34415488111343145  0.35436358419249570  0.36434473092001884  0.37443963681297354
  0.38531809986181748  0.39616103602775893  0.40625729817415629  0.41613936335039320
  0.42614078237074515  0.43595261664661672  0.44528011570154696  0.45445594556303237
  0.46406382196193685  0.47426917377350009  0.48446408754632014  0.49488742720836920
  0.50479740963497199  0.51488415063834825  0.52511877499123649  0.53587302310458318
  0.54646934065455899  0.55701772171582764  0.56726732580478534  0.57732398683619524
  0.58737504985778954  0.59770500946779104  0.60868452054877120  0.61954438988427873
  0.63026947198294425  0.64044605146411937  0.65111778660944053  0.66193657941813400
  0.67214719530140776  0.68189529363226964  0.69136858898870823  0.70124926306769375
  0.71160663047350026  0.72227894188175246  0.73365186907112812  0.74537579949239929
  0.75742011218876615  0.76903824179995606  0.78022258446941450  0.79108332182079044
  0.80187870846804599  0.81317301858173763  0.82469334835444519  0.83588561487686008
  0.84703661401414077  0.85835459088506560  0.86983809988985550  0.88082034859049929
  0.89144387898731936  0.90158968145928720  0.91126869909078689  0.92074986406431492
  0.93027300846778183  0.93979509276579487  0.94933063313723753  0.95916566820180560
  0.96974224150546817  0.98010742020667529  0.99030298416489693  1.00000000000000000
  0.00238964509364863  0.10555364142369901  0.15796079461414139  0.19569602040182990
  0.22729205792538887  0.25462592367163572  0.27872317974977201  0.30070992105140021
  0.32115696497141627  0.33997592386799969  0.35749040853430430  0.37301796758479855
  0.38756159834816623  0.40188100157840950  0.41603737607987473  0.42949812130046894
  0.44215656976924600  0.45435852234242363  0.46615706133260770  0.47767738200541709
  0.48933524527168509  0.50096886993662115  0.51239096927522620  0.52335742949975461
  0.53409193511148445  0.54397828903618639  0.55337606358917291  0.56267481831114252
  0.57177004178701862  0.58087066461481685  0.58988110325859533  0.59901978571225922
  0.60823225169829853  0.61719232373067057  0.62613269411701611  0.63439651308006861
  0.64211302935584913  0.64943365102173367  0.65679582631579381  0.66437320766462160
  0.67184773677695431  0.67931143942179817  0.68632924008249052  0.69356226646289332
  0.70060475206698181  0.70762011612132703  0.71489100629068514  0.72182941019749247
  0.72883621898276829  0.73600834498503420  0.74348513661957150  0.75106113179348899
  0.75827990499846476  0.76516198658412504  0.77171106347480856  0.77803882747623510
  0.78432078480989142  0.79051639983747934  0.79655516862826170  0.80251279466098935
  0.80857728646735250  0.81446809966470146  0.81990908683032415  0.82518727672768122
  0.83069247258693735  0.83650719726536549  0.84238492888426109  0.84798873528329954
  0.85334734714212035  0.85854290407796408  0.86386957699634381  0.86908721731940630
  0.87424412209500946  0.87931488029701321  0.88439109325801213  0.88944037151479327
  0.89440000789351537  0.89923508752323844  0.90394772679303570  0.90867981955142285
  0.91346995476259440  0.91845323440085835  0.92367082594867023  0.92889271394180628
  0.93397138653462985  0.93914735363716928  0.94442123844937909  0.94967882064216103
  0.95477001800038086  0.95984071814339200  0.96490470005337758  0.97001746738031391
  0.97546465103814517  0.98103706345378094  0.98507541325104087  1.00000000000000000
 -0.00288488854288608  0.01147548172445319  0.02299038778528065  0.03295760559236893
  0.04257130894936213  0.05211839976638423  0.06240221721845770  0.07266065271271850
  0.08240719105344442  0.09277823537441941  0.10403151410049505  0.11500845729393927
  0.12559661784560899  0.13616600042813518  0.14662149925923715  0.15675965557852925
  0.16665670988641235  0.17690292929286383  0.18612716719241282  0.19564054174505094
  0.20488091030068395  0.21496434582506546  0.22560988117006381  0.23625412449746003
  0.24698376686748177  0.25799121503131484  0.26933093073777320  0.28086490350753268
  0.29186131765703527  0.30206290131178110  0.31183078922300983  0.32189352201368510
  0.33196605102607180  0.34211258271142531  0.35218186327897688  0.36250513161011505
  0.37279441147107822  0.38308050952939343  0.39324119085182735  0.40286329832056322
  0.41248666270175077  0.42238365123965393  0.43270162620196284  0.44304028117625510
  0.45329101937171573  0.46339596937595962  0.47387731856649612  0.48418385977005957
  0.49403267991269367  0.50391322615059153  0.51351628586794051  0.52337162206196797
  0.53344203862222928  0.54384463560149165  0.55430706678677477  0.56456929668320310
  0.57413203168926774  0.58366059030768969  0.59371048089658218  0.60437632693146293
  0.61521477058091401  0.62593041516866810  0.63715920199389731  0.64865119704813523
  0.66035810094831093  0.67225634564161696  0.68441720805585249  0.69615955713233224
  0.70736679084643117  0.71827422784683248  0.72855914021537360  0.73862957397471962
  0.74876104002360111  0.75915931948504323  0.76961662441862588  0.78033503000744375
  0.79138205339375833  0.80249784489993137  0.81333164960438997  0.82388007159199228
  0.83439191213069663  0.84495686895222633  0.85612369531226662  0.86836557295515371
  0.88104493357765090  0.89293809858022466  0.90414711310896345  0.91505535867682641
  0.92637317306103051  0.93739499081171473  0.94783425523940390  0.95821452491791048
  0.96892543401628040  0.97979111889695558  0.98989347562658725  1.00000000000000000
  0.02420938802439471  0.03333942961932378  0.04391967018166111  0.05436016546469366
  0.06465998424702882  0.07462679566350713  0.08457401213151505  0.09481301600136721
  0.10496776020057400  0.11448810193530326  0.12408557195165100  0.13406860937020409
  0.14422418995675379  0.15419915913924712  0.16427219509088684  0.17470801381725698
  0.18531238809168787  0.19488953158680755  0.20422626360690124  0.21290770242712326
  0.22205110881859402  0.23158889210640490  0.24117136367131756  0.25058419140413257
  0.25985915939531407  0.26929285154954957  0.27903707304057923  0.28916285279559506
  0.29903942857674903  0.30890934842252832  0.31911487910379305  0.33001609481071748
  0.34131042119702165  0.35275371922077314  0.36404564433725645  0.37467019784504341
  0.38460540916750346  0.39438068843574547  0.40412019129115634  0.41408413167009078
  0.42394940048852264  0.43425381257640849  0.44470294153710688  0.45512450724993370
  0.46515527495188413  0.47529863998761807  0.48566585696726061  0.49652831616456666
  0.50695769460426232  0.51724012225923233  0.52732031606531427  0.53734902345328617
  0.54702977468740854  0.55640152097121265  0.56617225741078836  0.57580783099270116
  0.58548427847321061  0.59533323130769400  0.60579391194945797  0.61731196992293857
  0.62839222072068446  0.63883761718065490  0.64861417909855501  0.65776534733825187
  0.66677036963191982  0.67581555944176253  0.68539889801925269  0.69523794532595706
  0.70427393682963801  0.71294316981796380  0.72203567598410257  0.73219609039349953
  0.74244882547150670  0.75256666208200940  0.76250452681379677  0.77234912372680886
  0.78215939711685223  0.79218980585506948  0.80306187454576028  0.81433487704534646
  0.82601194527967559  0.83699580211536317  0.84743924230012890  0.85788149515785272
  0.86831892786372777  0.87885632997979113  0.88951178693989696  0.90040219004623590
  0.91108333556408039  0.92123037741467984  0.93152785148933415  0.94295072760348464
  0.95518233635613037  0.96547324674558799  0.97105971001032720  1.00000000000000000
  0.04649399397506622  0.21157813241051199  0.23265713083654446  0.24602751058058972
  0.25892505902276036  0.27003457694913963  0.27894813915124156  0.28669621379417076
  0.29415142695883634  0.30159531756941987  0.30897649943580735  0.31594033633554069
  0.32222201752958401  0.32825176899372654  0.33431480111991280  0.34035875094163948
  0.34637383159086516  0.35218600163591246  0.35760036616179597  0.36292291604048577
  0.36852832645854366  0.37422143503094402  0.37967094313562205  0.38471105151933488
  0.38944624189732269  0.39427184635836426  0.39938268906982921  0.40487911740982852
  0.41034131253267447  0.41583008330909116  0.42127338358211541  0.42669738240675525
  0.43201873788036721  0.43742621024873551  0.44300681438945277  0.44868700231591008
  0.45441025470148272  0.46001377724644310  0.46549254215099822  0.47075796699777395
  0.47594200988292024  0.48084949019187168  0.48584660119063250  0.49084207608323455
  0.49586193268744672  0.50082043790717523  0.50576703177698756  0.51075609071264649
  0.51578518810482898  0.52102026109191046  0.52623406570596565  0.53152527259189553
  0.53670920102945530  0.54183327040628715  0.54705762108839340  0.55244593870789149
  0.55803262578259960  0.56372003829529349  0.56955835074618943  0.57543519600186288
  0.58143454826228191  0.58762110869837092  0.59378256513258931  0.59971535538425202
  0.60572124670225969  0.61203839322294840  0.61879873290473697  0.62583955743915298
  0.63256680312171709  0.63905865731743861  0.64564457620265181  0.65237854643496762
  0.65933913316470261  0.66639434184749968  0.67367059382156635  0.68131966554505341
  0.68950667007356004  0.69832329426108175  0.70728608220332045  0.71573552420335129
  0.72381686869389750  0.73218715186457883  0.74116886737568388  0.75034894150917741
  0.75956546848883799  0.76940447779886434  0.77988283242381695  0.79030372753642775
  0.80094552669600916  0.81284464612995555  0.82688717865215089  0.84252781471809124
  0.86037536541302084  0.88059041935877691  0.92834367895186221  1.00000000000000000
   8.3468685373608560E-025  -1.0000000000000000     
 T F F F F F F F F F F F F F F F T F T F T F T F T F T F T F T F T F T F T F T F F F F F F F F F T F T F T F T F T F T F T F T F T F F F F F F F F F F F F F F F T F T F T F T F T F T F T F T F T F T F T F T F F F F F F F F F T F T F T F T F T F T F T F T F
  <DiscreteSampler_grid>
  grouped_processes
  1 # 1 for a reference and 2 for a running grid.
  10 # Attribute 'min_bin_probing_points' of the grid.
  1 # Attribute 'grid_mode' of the grid. 1=='default',2=='initialization'
  0.0000000000000000 # Attribute 'small_contrib_threshold' of the grid.
  0.5000000000000000 # Attribute 'damping_power' of the grid.
 # binID   n_entries weight   weight_sqr   abs_weight
    13   10   1.148127870100939E-014   8.095042905138402E-028   1.148127870100939E-014
    14   10   1.148127870100875E-014   8.095042905137575E-028   1.148127870100875E-014
    25   10   1.215669487943396E-014   8.138378137489053E-028   1.215669487943396E-014
    26   10   1.215669487943390E-014   8.138378137489095E-028   1.215669487943390E-014
  </DiscreteSampler_grid>
