  0.00000000005615584  0.00000000013229788  0.00000000019528525  0.00000000025664840
  0.00000000031966730  0.00000000038777226  0.00000000046083250  0.00000000053876909
  0.00000000061849047  0.00000000070108837  0.00000000078250146  0.00000000087076600
  0.00000000096255917  0.00000000105816658  0.00000000116177933  0.00000000126102653
  0.00000000136167752  0.00000000146739336  0.00000000157436710  0.00000000168051237
  0.00000000179381590  0.00000000191474295  0.00000000203514111  0.00000000215337385
  0.00000000227429563  0.00000000239993572  0.00000000252800275  0.00000000265267318
  0.00000000277507696  0.00000000289416360  0.00000000301624664  0.00000000314536887
  0.00000000327594501  0.00000000340577948  0.00000000353275425  0.00000000365882979
  0.00000000378486779  0.00000000391333864  0.00000000404869183  0.00000000419192577
  0.00000000433993167  0.00000000449098577  0.00000000463790523  0.00000000478856774
  0.00000000493984245  0.00000000509098302  0.00000000525724235  0.00000000541933491
  0.00000000557808211  0.00000000573660171  0.00000000589589739  0.00000000605542310
  0.00000000621303746  0.00000000637108316  0.00000000652969607  0.00000000669031780
  0.00000000686307239  0.00000000704367780  0.00000000723147599  0.00000000742039276
  0.00000000761430690  0.00000000781424478  0.00000000801244528  0.00000000821079431
  0.00000000841770978  0.00000000863342574  0.00000000885286584  0.00000000908097831
  0.00000000930746216  0.00000000953467684  0.00000000975814244  0.00000000998764137
  0.00000001022384170  0.00000001046837049  0.00000001072151469  0.00000001097769335
  0.00000001123384215  0.00000001150477542  0.00000001178424851  0.00000001216210625
  0.00000001253896235  0.00000001290829460  0.00000001328067325  0.00000001366477927
  0.00000001407647706  0.00000001451238777  0.00000001494819951  0.00000001542360942
  0.00000001603374765  0.00000001673000979  0.00000001746641636  0.00000001829500845
  0.00000001933479706  0.00000002062489027  0.00000002125399287  1.00000000000000000
  0.00953672329513850  0.01549292851385879  0.02518354836268745  0.03599940503898445
  0.04710639061786239  0.05834844562324652  0.06963634642373913  0.08073361176873417
  0.09142320686240023  0.10211164671499089  0.11251538696724385  0.12302202429725860
  0.13399194782436005  0.14535186611104292  0.15693305297791574  0.16851315114539558
  0.18002445576721166  0.19116586380600173  0.20147862192295107  0.21127531502646066
  0.22076884171429179  0.23044733674382614  0.24034588330283635  0.25055217856207518
  0.26134847900320407  0.27247789580085002  0.28366305073293202  0.29417783800478814
  0.30396742997326315  0.31390428888550603  0.32428168804057012  0.33490545626749690
  0.34543708077712854  0.35567365298708442  0.36586037140438565  0.37595872087423832
  0.38619538725514785  0.39668625067588814  0.40734302446303428  0.41792884027671962
  0.42843306619591415  0.43908608006501165  0.44983594753852207  0.46032525639685684
  0.47037432345073654  0.48017910935354452  0.48995302069202301  0.49975696120937696
  0.50932937622483698  0.51855421156625492  0.52824415218988507  0.53806830839220798
  0.54837788064211235  0.55873593516031328  0.56932138018557410  0.58013937191029930
  0.59108079375587841  0.60255201565711125  0.61463201480355667  0.62626085239942064
  0.63736457721613859  0.64813901930957396  0.65847811315596749  0.66896125548704422
  0.67913242264959994  0.68939237134664855  0.69973216591655241  0.71001746675105970
  0.71978045024455084  0.72896588933107287  0.73803080843584212  0.74704394459402945
  0.75604687629113176  0.76521886100896053  0.77529642263556819  0.78637709741513984
  0.79781005783869041  0.80910891769037985  0.81976356231289316  0.82991371429185146
  0.84010496464868434  0.85068787049165306  0.86142373487871526  0.87203062504840001
  0.88256287210612827  0.89269830435569553  0.90234554645584797  0.91195700285938741
  0.92217779844367076  0.93298447210406343  0.94360296884347561  0.95412630461292069
  0.96517697740450037  0.97657101052313711  0.98815834831086746  1.00000000000000000
 -0.00235547993617300  0.00923525872473425  0.01905264567831250  0.02919841413714360
  0.03910883158660203  0.04960043315802332  0.06049383088296742  0.07127103764297553
  0.08191433217423676  0.09261685792295246  0.10302554291994624  0.11357323607104530
  0.12385208505811945  0.13433904779705885  0.14528042497642044  0.15667300375592855
  0.16791669300432122  0.17832825524470478  0.18844116292112015  0.19838716309236051
  0.20850988513698623  0.21860210645876610  0.22927651007589669  0.24014085410692676
  0.25175479562024261  0.26365206541801006  0.27494146919531337  0.28504080655734565
  0.29510912873175177  0.30548726176136404  0.31567579174328647  0.32526454818042938
  0.33463626619921966  0.34417353905185410  0.35385433272740374  0.36325016090164425
  0.37265884335597355  0.38302235279521457  0.39443533596540681  0.40616255396999595
  0.41764805660210685  0.42845334123576895  0.43878039819709447  0.44903634226746925
  0.45940676129840685  0.47006168486703409  0.48068399292874192  0.49110411193386133
  0.50153794334169766  0.51226579592740917  0.52274485550112748  0.53330900502140755
  0.54360046459304689  0.55397290195481541  0.56478445028978952  0.57598676024733453
  0.58688763245395326  0.59733413329849439  0.60771434171253069  0.61816535786330984
  0.62816038752214243  0.63753790587707204  0.64722679823436435  0.65748627771212753
  0.66802138336315176  0.67870804376015881  0.68992600142350768  0.70162124857616603
  0.71261505799523084  0.72302564231635502  0.73342027592568948  0.74393621894058315
  0.75461838218284782  0.76555377720770468  0.77653409051788802  0.78746697133474852
  0.79849361262041396  0.80967829784052037  0.82091596594663596  0.83168050418327222
  0.84208282257577993  0.85209679959004381  0.86212052075360879  0.87216139246535440
  0.88224037329806415  0.89242198241670945  0.90268986171974119  0.91299542460294580
  0.92367308649932589  0.93487917544774390  0.94607298596841560  0.95720707807936045
  0.96817178630378997  0.97896427351217485  0.98940560014823309  1.00000000000000000
 -0.00207757715104197  0.00816501866268357  0.01785995126488635  0.02797695224936866
  0.03861919393825679  0.05029768831244837  0.06215993666309805  0.07360066131922671
  0.08488403264383365  0.09607059976108850  0.10733165870554578  0.11717959517510050
  0.12688835865462283  0.13619279183682176  0.14578050999996961  0.15502460744982247
  0.16459145270916270  0.17548570803121619  0.18666377784334068  0.19786598758485144
  0.20922219572646303  0.22089441974641499  0.23253672034365552  0.24343895364375642
  0.25395088920048020  0.26413001928318680  0.27428564819643836  0.28467540997363749
  0.29542098109967180  0.30643166275014716  0.31765101278399471  0.32888563387059860
  0.34001162011850555  0.35096888024539258  0.36224312401470615  0.37371099649089068
  0.38485979071057019  0.39593411542837426  0.40693341022837243  0.41808398267629154
  0.42866953172908379  0.43934982640377590  0.44958205834202980  0.46007660074175732
  0.46979916687184220  0.47928569084681760  0.48931765490113327  0.50000776284617954
  0.51137473101036657  0.52239410560849320  0.53297102582849509  0.54328837426266774
  0.55376429124730697  0.56372306756791912  0.57378835911975712  0.58382475370895348
  0.59437672680701004  0.60500465265789283  0.61573544646640099  0.62661090869343461
  0.63812648423257290  0.64971556119807738  0.66082275496693132  0.67156844558992446
  0.68231915982590929  0.69330483903983287  0.70402032935004932  0.71423364439398151
  0.72428481147919377  0.73418390814835588  0.74428975434432065  0.75405805566017514
  0.76388528971649716  0.77374730477608200  0.78368250368637160  0.79330723835715355
  0.80303034475470214  0.81287507134565551  0.82253765903503373  0.83217113811502941
  0.84180501323762602  0.85244099783814842  0.86352114909519795  0.87437164932140554
  0.88420138090713929  0.89401970705717637  0.90396406076700353  0.91391921155797373
  0.92374288100751445  0.93384326712430121  0.94493280584751793  0.95678643750986825
  0.96820593961852586  0.97924946092900145  0.98979161233762192  1.00000000000000000
 -0.00211849329431333  0.00969012907263446  0.02032185828991929  0.03094580793058543
  0.04182292677569987  0.05202735253003685  0.06239532713573244  0.07281833657839371
  0.08359744584978909  0.09427526190904767  0.10527430165055357  0.11607428645052703
  0.12691270749705738  0.13793052534617370  0.14980631558088967  0.16196036612561812
  0.17313866505535855  0.18426327583061339  0.19461599128160700  0.20492091510612506
  0.21436450331482551  0.22424664394439783  0.23452429354376980  0.24533356312860374
  0.25574366752920846  0.26586710673810993  0.27582466367573116  0.28626085305818988
  0.29745619083593333  0.30891485364314247  0.31992983649977697  0.33024398470150007
  0.33999631869508756  0.34969927075457014  0.35975177219745841  0.37002695039335703
  0.38030407000839550  0.39050240943339476  0.40074957671820588  0.41095633845299900
  0.42102519140149874  0.43110172834022636  0.44154609908290199  0.45240249782181036
  0.46356175946565076  0.47479140729206570  0.48607508884347561  0.49711686538451055
  0.50767323537781495  0.51774559845192480  0.52751740913793799  0.53714163831823247
  0.54662274875155725  0.55590553901729567  0.56527318659444936  0.57477923505707107
  0.58482243605750006  0.59571808389665437  0.60681446523544080  0.61789788433807480
  0.62879370303787274  0.63984902769118235  0.65004772526237620  0.65965631283616277
  0.66910485428955435  0.67888259300895204  0.68858706314151186  0.69835435473174490
  0.70796070946941103  0.71779820853246590  0.72748697232168702  0.73757295196901074
  0.74783498035471063  0.75848678797891456  0.76926396472857128  0.78006450170577302
  0.79038904321664805  0.80040307073050965  0.81058558537981984  0.82101714481108212
  0.83150335826648725  0.84197777094155490  0.85211616598198003  0.86235685287279529
  0.87278988382258582  0.88331563137716262  0.89448905572023651  0.90667653451389330
  0.91967917769546192  0.93239067668941156  0.94419016697663727  0.95537099143580717
  0.96624392700874950  0.97697113120789481  0.98831955184697262  1.00000000000000000
 -0.00219034814390504  0.00967581280069406  0.01933295499432744  0.02951897697278264
  0.03998005386937652  0.05078696103588601  0.06209306181848697  0.07325629213846582
  0.08410531973167845  0.09501328925706373  0.10577105863739900  0.11684348207076903
  0.12752040093843064  0.13838843113780558  0.14952289976015712  0.16004711764250482
  0.17007976566869193  0.18029911392250289  0.19100335145615838  0.20232892178271120
  0.21341122808706414  0.22422222487633187  0.23482182089142425  0.24563983293339184
  0.25616277568990348  0.26656257766837987  0.27667284821848942  0.28702402689049211
  0.29764734308722890  0.30832465686695038  0.31866459600149782  0.32855034290379292
  0.33832848112098057  0.34860046225753760  0.35928875370287383  0.37034755284470422
  0.38133341889581912  0.39232504938561635  0.40322724631737289  0.41387372919200366
  0.42432065924598766  0.43473533212247795  0.44537828247185307  0.45611393610484280
  0.46674750950480975  0.47716036506670417  0.48719454243452304  0.49691060103755519
  0.50637326971887242  0.51575869289498733  0.52525781581585262  0.53495015697963111
  0.54497420586811074  0.55508046433478353  0.56567895463658202  0.57666234072066724
  0.58806555325940713  0.59981027829836131  0.61130185754442690  0.62285033004600465
  0.63449456696629358  0.64563096785594487  0.65626260556164606  0.66688240784233166
  0.67765889966620729  0.68889046681235822  0.69979447047055043  0.71062154682608292
  0.72076619130204522  0.73056829808721291  0.74048538382409723  0.75046165481743621
  0.76052315419757777  0.77080473984329390  0.78147648394081937  0.79240862070243057
  0.80323260936563812  0.81375155167253166  0.82347012020018040  0.83313445094823257
  0.84262082866595167  0.85208050066349339  0.86160243849862228  0.87152821812498193
  0.88239070823314725  0.89370866478468347  0.90484574683699359  0.91623577256638400
  0.92780950103385174  0.93928399138841012  0.94977823742049972  0.95954482912876149
  0.96937972215637580  0.97878235043658968  0.98947998043505769  1.00000000000000000
  0.01443249188236400  0.01606489368260354  0.01973591738661325  0.02370978003165137
  0.02935215172162417  0.03461010404491258  0.03997191796665858  0.04550663258106870
  0.05115585481321835  0.05691215827241965  0.06251705970347941  0.06807937104751997
  0.07347940277579137  0.07888519932077011  0.08413122243825669  0.08934403041914595
  0.09467176842326426  0.10002237458099179  0.10548764696517197  0.11169346107081636
  0.11760800854896694  0.12345990369621182  0.12905089206829551  0.13446137209159703
  0.14006078881654077  0.14581658570611886  0.15173095665912648  0.15782908248790323
  0.16397439739530159  0.17000886928894293  0.17589153120332474  0.18145555148059669
  0.18705773692711869  0.19273266844728662  0.19895577106308851  0.20536512478965882
  0.21167327113915949  0.21780004451451285  0.22389674121815867  0.23038950308094300
  0.23726629803014826  0.24418773921791476  0.25100753724672326  0.25776411418268969
  0.26457684767596756  0.27156216769779618  0.27869915637275994  0.28597628530868024
  0.29348639407972255  0.30104184754487767  0.30849423649416996  0.31594055050705555
  0.32344375555112348  0.33085283651418318  0.33796138911541468  0.34511531642727750
  0.35238384697325886  0.35993593176807209  0.36777918377062496  0.37567477529115278
  0.38385253807285341  0.39198418204721680  0.40070459928365348  0.40960644960443182
  0.41855537657289799  0.42757346905074528  0.43678532847727469  0.44608252854668007
  0.45535037972456316  0.46494077775257009  0.47468891510327360  0.48436207332971104
  0.49418556266535696  0.50443178193570315  0.51543915634770676  0.52692751621625888
  0.53838984716086180  0.55009768915094803  0.56236883532416970  0.57502162675928370
  0.58727358653756112  0.59966456923576028  0.61278163701751720  0.62654739617321720
  0.64149272867035878  0.65728570407321452  0.67368443617302476  0.69111797608808179
  0.71033411971302918  0.73135229434471571  0.75428952660268689  0.77936523675047009
  0.81004569921853253  0.84839240006085592  0.90038335420345594  1.00000000000000000
 -0.00243390594725182  0.01028474180915351  0.02098986439435752  0.03047846504331288
  0.03983356625909211  0.04905535410032805  0.05847782541222551  0.06794985453054796
  0.07776767028722339  0.08787750923224701  0.09844192837927355  0.10884515459460863
  0.11936747581748493  0.12984409148892376  0.14056553930048729  0.15126456896417573
  0.16173298917338522  0.17245739919048639  0.18354680581062932  0.19486823023566335
  0.20588741279817255  0.21657209974894759  0.22701522335086113  0.23720536759640762
  0.24740826908148275  0.25800549968018760  0.26899030941753044  0.28029440278101314
  0.29146889976254003  0.30209392080648345  0.31220762915221029  0.32249843239343384
  0.33311042082858827  0.34416823966178239  0.35529407506229388  0.36658354893538897
  0.37769745797425835  0.38881131477460934  0.39980529170918844  0.41083364460432553
  0.42150230846255438  0.43191162106057363  0.44193071764435948  0.45152241592002457
  0.46116533087247691  0.47098473870624386  0.48107874582309834  0.49155490860338735
  0.50196083204519160  0.51224493124249892  0.52223716532423647  0.53211243761629701
  0.54181414543449447  0.55138307371262485  0.56123235019736317  0.57164328676824161
  0.58277031002458402  0.59428359293644550  0.60550049475728329  0.61602012622297309
  0.62596545747512811  0.63592035603627151  0.64652465261203806  0.65698184500465251
  0.66681114452023449  0.67662910058325632  0.68643618230371106  0.69677354625555721
  0.70727929401331768  0.71921849558689177  0.73063055888597483  0.74153815542522361
  0.75248805867528401  0.76417684444214806  0.77550654055675217  0.78635074617100820
  0.79648388882256294  0.80631811857179614  0.81624904018534983  0.82704239605425989
  0.83856405909588261  0.85037568440670253  0.86230789720541690  0.87393222329014542
  0.88551413632744191  0.89682677341345174  0.90774494814094442  0.91814099220899448
  0.92854634730758556  0.93893656405355796  0.94904356736383899  0.95915935250349194
  0.96925799218871334  0.97948752373431869  0.98950111442423971  1.00000000000000000
  0.02464752244445142  0.03195707905035050  0.04087957722625636  0.05013159238250922
  0.05963049509661139  0.06890253561602933  0.07788181549018866  0.08670909648164596
  0.09577302986529009  0.10523200581767871  0.11509696619932762  0.12529960425892075
  0.13575398443703757  0.14620028667186866  0.15686058590372087  0.16752573978116311
  0.17815399635407339  0.18861452406209375  0.19877954495478445  0.20883156095215052
  0.21899570271554897  0.22925008300520344  0.23969091542267476  0.25033406947462328
  0.26101598749491967  0.27182073883621577  0.28266096247639061  0.29361358334802151
  0.30412668937374276  0.31376176916156634  0.32276471095538511  0.33168688723228973
  0.34100284524363556  0.35059354338074072  0.36028419000780221  0.37006397787435968
  0.38015649906144966  0.39077186235271016  0.40151237266857420  0.41195988699226310
  0.42219889479006778  0.43270465922763146  0.44310923691659176  0.45293174942342568
  0.46244346285405052  0.47196808308770377  0.48159721567269886  0.49101003237086005
  0.50052478263139277  0.51022924817516746  0.52036882207847646  0.53057847413230042
  0.54061544830360964  0.55038032080750898  0.56016193942930770  0.56997707796652031
  0.57982233369606873  0.58965199704022442  0.59962153155003095  0.61011783224485761
  0.62071840148544632  0.63036953576174914  0.63950187796150870  0.64844933293198748
  0.65801231432139184  0.66695024024398997  0.67644722607542895  0.68581039971672142
  0.69620717388511222  0.70707345462963123  0.71789549664467234  0.72920150390825400
  0.73976351424908438  0.75029342386382736  0.76059905958216323  0.77117117419952186
  0.78126916366315091  0.79117413327918029  0.80136769498090643  0.81186524267570725
  0.82256320302192021  0.83352969514187858  0.84466842968895983  0.85552502618317261
  0.86585931244209091  0.87627859638304728  0.88731898147636457  0.89870736393210049
  0.91048420158846355  0.92232167346482119  0.93408321206186340  0.94522529891927742
  0.95571185471142617  0.96571665287411890  0.97088011610509428  1.00000000000000000
  0.07631226035080919  0.13687826890199764  0.15605777378842986  0.17191545779069686
  0.18576500461974216  0.19761531210122935  0.20862277494511700  0.21829138689006339
  0.22822641003210914  0.23798905636839729  0.24768766685969845  0.25712556893355104
  0.26634438338202893  0.27522687384262878  0.28371280490364431  0.29201890028339161
  0.30007862631517568  0.30788640480768215  0.31569656316413303  0.32370684369028258
  0.33179649544231327  0.33970633422828911  0.34743813483232211  0.35491020767045312
  0.36192277241676352  0.36862895412356295  0.37528818307625345  0.38191805654527150
  0.38839409324931667  0.39475442104633801  0.40103075570749164  0.40741457803224929
  0.41381607406648435  0.42028135328835153  0.42664647165310138  0.43299302945870577
  0.43933932192975728  0.44560871841782834  0.45174354023306157  0.45777476030507452
  0.46383679573065190  0.47008797100446359  0.47660122974918123  0.48335180801986938
  0.48986194405375727  0.49611828158181870  0.50179302759772249  0.50743949115794473
  0.51323000005561825  0.51928395154498974  0.52562209100355561  0.53204688204450501
  0.53825454118925009  0.54426173806253386  0.54977984068182140  0.55541112240319368
  0.56115036579749988  0.56671219281240848  0.57205894823578940  0.57733108235400554
  0.58259801296104929  0.58790051312510516  0.59333021106171435  0.59872039963585477
  0.60416890145071922  0.60954306657802126  0.61489384264641012  0.62005428587300837
  0.62510488825082766  0.63024755820620071  0.63530673945932059  0.64049768003846397
  0.64567399039248619  0.65083261346931276  0.65605468426593405  0.66139500971151910
  0.66695988006719231  0.67289053922713271  0.67911819423716258  0.68523323399732483
  0.69115880680982278  0.69710518766506635  0.70293472987077643  0.70962232704193295
  0.71663945360899661  0.72374727689104723  0.73072603893769039  0.73785031590633487
  0.74571066852561974  0.75455329593418441  0.76420649001342900  0.77354230085208187
  0.78400088925948819  0.79802549654004196  0.81919378951238198  1.00000000000000000
   3.2253092744505892E-027  -1.0000000000000000     
 F F F F F F F F F F F F F F F F T F T F T F T F F F F F F F F F T F F F T F T F F F F F F F F F T F T F T F T F T F T F T F T F F F F F F F F F F F F F F F F F T F T F T F T F F F F F F F F F T F F F T F T F F F F F F F F F T F T F T F T F T F T F T F T F
  <DiscreteSampler_grid>
  grouped_processes
  1 # 1 for a reference and 2 for a running grid.
  10 # Attribute 'min_bin_probing_points' of the grid.
  1 # Attribute 'grid_mode' of the grid. 1=='default',2=='initialization'
  0.0000000000000000 # Attribute 'small_contrib_threshold' of the grid.
  0.5000000000000000 # Attribute 'damping_power' of the grid.
 # binID   n_entries weight   weight_sqr   abs_weight
    13   10   5.099189859823751E-018   5.715829989764919E-035   5.099189859823751E-018
    14   10   5.099189859823643E-018   5.715829989764680E-035   5.099189859823643E-018
    25   10   4.369193923247256E-018   3.715198145557545E-035   4.369193923247256E-018
    26   10   4.369193923245901E-018   3.715198145554660E-035   4.369193923245901E-018
  </DiscreteSampler_grid>
