  0.00000000022004161  0.00000000063725394  0.00000000091875518  0.00000000112916301
  0.00000000131898143  0.00000000146818119  0.00000000161381207  0.00000000178634831
  0.00000000196452873  0.00000000214240610  0.00000000234537800  0.00000000255598497
  0.00000000279214556  0.00000000300291878  0.00000000318664729  0.00000000335116113
  0.00000000350755219  0.00000000367033863  0.00000000382337105  0.00000000398237621
  0.00000000414648534  0.00000000429770245  0.00000000446325459  0.00000000462531805
  0.00000000477427843  0.00000000493290533  0.00000000509823063  0.00000000526082493
  0.00000000541818445  0.00000000556893091  0.00000000571075324  0.00000000584269176
  0.00000000597991004  0.00000000612117968  0.00000000625757344  0.00000000639274607
  0.00000000654048866  0.00000000670691762  0.00000000689386516  0.00000000708426751
  0.00000000726918391  0.00000000744613676  0.00000000763671950  0.00000000782812980
  0.00000000802421764  0.00000000821168215  0.00000000838677593  0.00000000854769023
  0.00000000869407253  0.00000000882134604  0.00000000895664996  0.00000000909734682
  0.00000000923609143  0.00000000937659528  0.00000000952132711  0.00000000967020623
  0.00000000982890773  0.00000001000897985  0.00000001019680290  0.00000001035234890
  0.00000001049650789  0.00000001064108294  0.00000001078549103  0.00000001092195030
  0.00000001105029448  0.00000001119786136  0.00000001136533345  0.00000001154445051
  0.00000001171641874  0.00000001186766925  0.00000001202474411  0.00000001218913626
  0.00000001236532945  0.00000001256296962  0.00000001280787697  0.00000001310568494
  0.00000001341211299  0.00000001371132860  0.00000001398476192  0.00000001425266104
  0.00000001451510574  0.00000001478993803  0.00000001513128192  0.00000001546950068
  0.00000001574673796  0.00000001611823485  0.00000001654246913  0.00000001699736671
  0.00000001749849082  0.00000001810281741  0.00000001884924082  0.00000001963506225
  0.00000002076383391  0.00000002269872960  0.00000002365220126  1.00000000000000000
  0.00916496866786269  0.01785317965338744  0.03171060960305144  0.04632687057276211
  0.05962079910781910  0.07101083644321887  0.08257066571663582  0.09331573538485438
  0.10617339053517036  0.12111130651421659  0.13579847511652740  0.14738734673138104
  0.15785922791637397  0.16681195245382391  0.17380943103179128  0.17997399782615242
  0.18658745659212614  0.19456717795577458  0.20387181371516311  0.21237300097919806
  0.22016831241951099  0.22804950045548936  0.23940827952154781  0.25171062106661746
  0.26299439575824951  0.27282682021503946  0.28211093064442666  0.29181326559932080
  0.30226694604589233  0.31353170986136458  0.32560041450938537  0.33861354684933043
  0.35126120383372839  0.36327331037530131  0.37479615562024221  0.38518244318631911
  0.39415529504357860  0.40436764889501259  0.41541299292613049  0.42632892972892772
  0.43752497315324002  0.44977991336507062  0.46146458051628375  0.47141671322500012
  0.48168025681935928  0.49289844137893679  0.50489069558116839  0.51730081400577954
  0.52890480980097687  0.53790332023225806  0.54486620971663002  0.55143398523804033
  0.55797982668921275  0.56542247321359762  0.57514168699742185  0.58812203116704531
  0.60512250684893332  0.62067618101248545  0.63507576400946153  0.64766235226959479
  0.65846159842292329  0.66924208712910771  0.67941555943137455  0.68735520093026037
  0.69377482000738122  0.70046332335211914  0.70826020012944513  0.71692711562065248
  0.72873761929052094  0.74309872427136714  0.75599329559441575  0.76566975988342101
  0.77353405530912722  0.77949829179677932  0.78641356650647531  0.79343151440350013
  0.79982852989429398  0.80613489705742758  0.81237248112440175  0.81932455525180714
  0.82720371047779540  0.83525017287629244  0.84331722287547395  0.85065398116977109
  0.85970364241332065  0.87018634185002153  0.88366206493892985  0.89790869397838580
  0.90835297521542846  0.91802503748313979  0.92769523377908625  0.93765573164049376
  0.94826758807462808  0.96264356002500140  0.98019693958035070  1.00000000000000000
 -0.00000018915830558  0.00007182534409178  0.00051952680632837  0.00154110490176127
  0.00322240390610103  0.00507393665823439  0.00677089889572585  0.00883825447173043
  0.01180256894463240  0.01487456510656349  0.01816302497707872  0.02143799593421178
  0.02471577302848413  0.02857835654917197  0.03198910341718832  0.03562831859663219
  0.03982606261015517  0.04552924173931740  0.05237181421137291  0.05967935545430327
  0.06790851324571795  0.07755893903805160  0.08780675444982418  0.09855946823394518
  0.10861670824582931  0.11831176879862640  0.12823312102682799  0.13667931217423046
  0.14510346275147851  0.15339449245331765  0.16233768832943821  0.17242058906079216
  0.18240611765265521  0.19201270232290746  0.20118258373991063  0.21067660032251770
  0.22003785686054136  0.22885334356947201  0.23816925337145245  0.24913434566182538
  0.26206541470779965  0.27435613666258857  0.28646863101530351  0.29838581549344534
  0.30991194264940036  0.32006523282217147  0.33075049151146468  0.34203700425100086
  0.35401477876574533  0.36658643763649329  0.37947697812730158  0.39248736179133187
  0.40632312878255816  0.41942063166377219  0.43285787810957788  0.44625860627095987
  0.45749579602087331  0.46960685968934124  0.48056230540815120  0.49077242480930938
  0.50133554345845610  0.51221792812308642  0.52425492469275059  0.53884644722964703
  0.55373385711857148  0.56764996373170806  0.58148713978372135  0.59511236373459553
  0.60751919967997259  0.62081974750701774  0.63418640678602123  0.64657755695197006
  0.65768951589015279  0.66784256711249845  0.67946023600788275  0.69194598567184540
  0.70438752209255684  0.71589321460099886  0.72748283466005093  0.73896573570475266
  0.75043502910487314  0.76197256259744750  0.77363170489047639  0.78537464714261151
  0.79738350367039146  0.81109190952953392  0.82325168903881329  0.83964335641786281
  0.86001468574848117  0.88235032163503857  0.90614602228707386  0.92851940051757986
  0.94853484833758239  0.96618950521751468  0.98328377912374665  1.00000000000000000
 -0.00160304965696079  0.00838281421685525  0.01582088250267619  0.02362498378482124
  0.03099773939789644  0.03831125254854268  0.04503314799803321  0.05127853239290146
  0.05762702287747482  0.06568041445427410  0.07573543171641112  0.08870687757201001
  0.10200198021594316  0.11755048592925228  0.13522427125302364  0.15083100612952011
  0.16203003399960320  0.17195716073367820  0.18223389503348456  0.19332974849578452
  0.20379439043452630  0.21239794451083885  0.21948270236545714  0.22652010456105925
  0.23434736717748050  0.24253827823549298  0.25048485268534232  0.25766035894039951
  0.26444377897043481  0.27049434690026586  0.27955418385437425  0.29197470789698077
  0.30557345959933135  0.32156878138101358  0.33633466593857109  0.34976917830605109
  0.36249820607637867  0.37537635715808720  0.38564459662183415  0.39622140363780134
  0.40600087375767074  0.41318613477334720  0.42035949372836490  0.42667436082926014
  0.43376530603068325  0.44222735861800350  0.45152405449684418  0.46128232680443304
  0.47091058708324202  0.48146858655467639  0.49401693098501476  0.50549274741823158
  0.51492873573836651  0.52408494185005106  0.53280899257946090  0.54274340118513065
  0.55466012205066684  0.56799646872802678  0.58222100174301172  0.59659836460483151
  0.60883046542867048  0.61977830691000224  0.63030726963371353  0.64317960684366804
  0.65657440362623476  0.66889758346181916  0.68330737249996742  0.69699377430558718
  0.71101868983258820  0.72568363822241144  0.73954935193510307  0.75189759195495776
  0.76352388263433368  0.77206892333883914  0.78035651702471753  0.78811515945751021
  0.79546038696750876  0.80355309208502446  0.81403076818768216  0.82361610288567944
  0.83265528473015282  0.84312308974474226  0.85542567559174443  0.86975226913673376
  0.88406030897358878  0.89573084548686688  0.90521442731587931  0.91361055041279504
  0.92227810291398682  0.93108900929165672  0.93963098950241419  0.94827450308583761
  0.95813082032556685  0.97142518137929490  0.98635827811658672  1.00000000000000000
 -0.00083876087321341  0.00463694948324695  0.01034134489124886  0.01790084834379659
  0.02756265644698727  0.03689967269250016  0.04439095732313799  0.06049097512668606
  0.07446135258032097  0.08831399388022311  0.10351084285049973  0.11763354889055042
  0.13088360314901712  0.14307129446907538  0.15534884513351666  0.16834492892474004
  0.18096920973510325  0.19280671143178685  0.20397351752017517  0.21496250217304311
  0.22633632475016385  0.23860678254790402  0.25046086411590002  0.26044706059271477
  0.26975283303466835  0.27949979880578979  0.29063115331347644  0.30365316891158856
  0.31765411919556702  0.33147398292288727  0.34683613859753876  0.35987014043379995
  0.37240694367029681  0.38365054980490609  0.39288944815674709  0.39999034666907424
  0.40532576653366831  0.41253491201360715  0.42107502210623005  0.42995824753060691
  0.43811347421250030  0.44771673899167341  0.45684960629648491  0.47267592108726647
  0.48526937249654878  0.49534007140097575  0.50281303611869488  0.51002201569186234
  0.51744565255808594  0.52754209665036289  0.53779285320093628  0.54617649547209157
  0.55489599608328233  0.56445912915641216  0.57576743374899186  0.58759004960979622
  0.59871783476494200  0.61120440174306034  0.62549366053887634  0.64039182298653163
  0.65416725807091980  0.66632624836328536  0.67770483788582248  0.68851357156091142
  0.69693840772020088  0.70415420818623686  0.71116671397567599  0.71932306012527358
  0.72807238518135686  0.73665566483756117  0.74433202833495604  0.75225531848152494
  0.76112811221746923  0.77148500979497958  0.78112440180297305  0.78978409542861405
  0.79778081035079595  0.80520211099610861  0.81298634074490350  0.82312050685344096
  0.83457805354942838  0.84701233774383566  0.86190419054560818  0.87758382059137507
  0.89148539754444633  0.90286343354965515  0.91022096811718711  0.91822666679094589
  0.92569227026843814  0.93358326084208354  0.94632930542981442  0.95836702653480488
  0.96717447205574436  0.97691685752632607  0.98865820243239888  1.00000000000000000
 -0.00537182878003026  0.02080760375687244  0.03754664351001936  0.05052996017531514
  0.06226442983946009  0.07290442376704741  0.08370372362470122  0.09635512017705505
  0.10865461295404193  0.11998540209528942  0.12702266509224538  0.13475804305912817
  0.14370869092056662  0.15064476834984031  0.15616271898455442  0.16214049123139512
  0.17032529054824014  0.17812012211012876  0.18666020976287587  0.19441549368064026
  0.20128458732040722  0.20758729726087619  0.21372628299917173  0.22001587699383945
  0.22682937564072045  0.23380677845278852  0.24202216970304430  0.25263266246716837
  0.26644783137567296  0.27977827271000483  0.29200855323376074  0.30423974788403862
  0.31264854429506633  0.31987112726844491  0.32628794236983288  0.33324527351703226
  0.34341184236093214  0.35681264249502764  0.37002000816192571  0.38068773734470235
  0.39049287956282147  0.40030472809148704  0.40871480375007258  0.41799076030876675
  0.42755430963675195  0.43763543701363866  0.44681193636314603  0.45610647098671298
  0.46619241091464969  0.47586459438608220  0.48399742556829650  0.49206814542650934
  0.49904311395112627  0.51220270130573775  0.52624724666525924  0.53982300585018406
  0.55266215229178284  0.56503982228515881  0.57910990456027012  0.59529100655522060
  0.61115727612158199  0.62683002402238097  0.63967453235081018  0.65053194862847596
  0.66026700116092929  0.66817079272493074  0.67688949523483521  0.68600641347388436
  0.69726816059878427  0.70812392874941976  0.72122264425051097  0.73840780973638609
  0.75737394373893352  0.77200051630625555  0.78210581626836728  0.79104834450326933
  0.79906521601474634  0.80687997208119167  0.81565758211064809  0.82512933520997545
  0.83548263869309658  0.84604579354657417  0.85460582209182590  0.86160808689200208
  0.86836570177926287  0.87625749847934753  0.88445016500198692  0.89672115335534652
  0.91276263498382981  0.92850893274114155  0.94249113309368260  0.95447217664836448
  0.96560925769759143  0.97697845582381837  0.98817959041591030  1.00000000000000000
  0.00804392119417038  0.01644346670308988  0.02250859863800997  0.02885626437775651
  0.03470984953632213  0.04011112536589535  0.04520742130844533  0.05045132338585416
  0.05562766690133224  0.06043399530200053  0.06588151997851556  0.07161397093229027
  0.07716406872365451  0.08181391467123546  0.08585876372803702  0.08982462355219070
  0.09371010856886072  0.09770600188355084  0.10194828552136480  0.10617673756341442
  0.11025152693967483  0.11441019684670629  0.11857822365812305  0.12237441203761212
  0.12603226445902105  0.12948474154701153  0.13305900285615621  0.13634752262894664
  0.14014154146007704  0.14432560377113526  0.14808440758444491  0.15187092075942099
  0.15607854484310657  0.16024753436300551  0.16414992310325052  0.16822175096491315
  0.17211766146296817  0.17601703762345600  0.17989822745157233  0.18353096742355951
  0.18754727705508389  0.19215166116698978  0.19716780271789214  0.20206507205079405
  0.20723732919481103  0.21356945053466861  0.21962436227659107  0.22616643149106805
  0.23381563326162755  0.24294836859657090  0.25337207123895772  0.26311835726484761
  0.27176984022983358  0.27943920823521268  0.28742895844015520  0.29624415054867564
  0.30560658530210361  0.31436909992962564  0.32262475897057719  0.33117659348737960
  0.34064234463982185  0.35006486560427852  0.35908829852484120  0.36828298216066424
  0.37793701975106214  0.38843838848950735  0.39929147066532583  0.40970766036986161
  0.41964098632705044  0.42886367278925847  0.43869006942909844  0.44890867085492853
  0.45959452860270061  0.47092889060312659  0.48172929823794791  0.49263591477567376
  0.50582938765599605  0.52129064872629594  0.53829755302478366  0.55977969699032748
  0.58627349609393808  0.60826734484397749  0.63077209179101545  0.65551017215005347
  0.67280893833354805  0.68476345176019671  0.69589516247016103  0.70877077106093134
  0.72129605641149075  0.73582206164199193  0.76576269572417077  0.80396122658532954
  0.83553960261623061  0.86634915359988141  0.91464387704731787  1.00000000000000000
 -0.00199366595407421  0.00851441080698275  0.01756172582738247  0.02719656923097784
  0.03662575090790780  0.04578932691558718  0.05455432738104316  0.06313528423572294
  0.07192871678014708  0.08132819230419533  0.09320722340983988  0.10639484738134766
  0.12218429573269514  0.13387223055965453  0.14502447257998186  0.15530241012964086
  0.16517035160491750  0.17439607844527338  0.18410074155269981  0.19610653867103264
  0.20847272502260103  0.21685767248018392  0.22476187741614495  0.23203770262935655
  0.23886774832869861  0.24592604316437403  0.25384875915041227  0.26158250507834729
  0.27010933331130771  0.28209677923723947  0.29393358212076715  0.30524097009632256
  0.31784527542360907  0.33212737864883418  0.34613765888210324  0.35819986825221678
  0.37033333469935936  0.38225367140988642  0.39307473216487804  0.40152774893256876
  0.40756751624271986  0.41546490281559789  0.42355583167880906  0.43188453306286417
  0.44090098680832907  0.44946361832509690  0.45805450218331129  0.46985236310543893
  0.48525404673619277  0.50344016028158134  0.52144826279602552  0.53500104949756933
  0.54581831044575668  0.55632612346946808  0.56741235761217645  0.57995702560396423
  0.59377611500248617  0.60794016648945015  0.62226798454593213  0.63622562802179417
  0.65104584466972104  0.66479156217557522  0.67710663224836254  0.68878008928393675
  0.70042077562034866  0.71325765636828720  0.72719513712976858  0.73656209121444427
  0.74404893703077579  0.75177160469690296  0.76056116339800961  0.76897643559752826
  0.77749129453527654  0.78510445609326951  0.79052115026389358  0.79712612540956207
  0.80496748366332427  0.81459227831985015  0.82571483543771007  0.83730716618156165
  0.84823478015418641  0.85780249579652146  0.86692764497780217  0.87608352929112321
  0.88568142356740498  0.89671285177162197  0.91295500703874644  0.92396251627429760
  0.93597506200392999  0.94632765392875018  0.95570996715457801  0.96380747412017553
  0.97234155659840138  0.98048373443409786  0.99043971185800661  1.00000000000000000
  0.64652229855870069  0.67374494519185291  0.69479099024553692  0.70930565208093377
  0.72953819703617018  0.74899425143881915  0.76533933870419757  0.78185505247781428
  0.79628843779394554  0.80697861336277976  0.81745176031488576  0.82952028972214553
  0.84006141673894141  0.84958172053683556  0.85899530575238470  0.86746008890558723
  0.87518234644961501  0.88153456965843979  0.88819139786437229  0.89506432546704318
  0.90084618788118331  0.90569900973105943  0.91011822484415483  0.91447348782511473
  0.91847467264407423  0.92209794028061187  0.92580809337441672  0.92922618530384204
  0.93258841162343320  0.93591882880719934  0.93904466910080553  0.94170662320634657
  0.94405160870690275  0.94613864621462762  0.94797206530398681  0.94965486776975006
  0.95123254991601158  0.95275234493133365  0.95429320410526219  0.95572925015028409
  0.95687265127441890  0.95782979969159543  0.95865743416809224  0.95935012412528275
  0.96000060506700646  0.96061290413248912  0.96117896978790374  0.96179824735194241
  0.96247630321385047  0.96315953892785966  0.96382876699814612  0.96447275191058091
  0.96507851682410384  0.96564758555542296  0.96617275140179992  0.96667955502665959
  0.96716735841328061  0.96761522189644722  0.96806602122443575  0.96851708171897677
  0.96891050964182157  0.96925963321056907  0.96957530864679575  0.96982714911416623
  0.97008433441253106  0.97036752193479003  0.97065888115970755  0.97098260059933261
  0.98137843414152726  0.98194339447548840  0.98234376363626141  0.98270849497335611
  0.98301540005052035  0.98333599130612004  0.98366764856200983  0.98397278076353600
  0.98428375366220167  0.98461222785442948  0.98497462261146163  0.98536509001519668
  0.98577819812440970  0.98617791438190028  0.98661218970625753  0.98708185786055125
  0.98761123477414747  0.98827850875577949  0.98896317219654750  0.98968904852383355
  0.99052628426099287  0.99147660230544898  0.99246625008298572  0.99348462526791181
  0.99468787871050424  0.99621773624278753  0.99806889011021394  1.00000000000000000
  0.03306729971210418  0.11737050131134402  0.17654043674522921  0.18459613445641324
  0.19553230907861938  0.20639704882171406  0.22150956349546794  0.23546794674776700
  0.24561959298745156  0.25320593154579341  0.26085029801362508  0.26962046417509411
  0.27863312738732365  0.28711361813068498  0.29478929510671570  0.30130938958413256
  0.30738685302159807  0.31412982743126949  0.32262230575097833  0.33015175146123399
  0.33632573830367507  0.34249444443748311  0.35069317577666415  0.35749465552039555
  0.36380053528504758  0.37039252204039358  0.37710460734211376  0.38340245634781051
  0.38953194270662228  0.39507025586901917  0.40138081039901685  0.40905847367378717
  0.41674703800854573  0.42530541732118587  0.43353622691546706  0.44161067800505832
  0.44799666766241075  0.45386248040704891  0.46017540757626224  0.46667289380460253
  0.47324831680767560  0.48055844708314938  0.48825815776191228  0.49601264270773643
  0.50317125632558868  0.50949047089372745  0.51552870730473943  0.52177794428600011
  0.52826323482734672  0.53475150639192348  0.54080609074655517  0.54562697429678342
  0.54996388147305386  0.55387300840003595  0.55793709563070104  0.56240927536128138
  0.56657962940753837  0.57045485827420228  0.57487373152076371  0.58027840179646806
  0.58535892515418431  0.58979742931359036  0.59407041426821905  0.59872639749104106
  0.60195098141775294  0.60546960536587324  0.60931348313946920  0.61347405144338563
  0.61835317190381478  0.62394449768652105  0.63037682582551902  0.63675507270378717
  0.64283810035241018  0.64872728359736398  0.65486483533137485  0.66096050426838493
  0.66696504030941250  0.67288544101084502  0.67909455852551726  0.68506979951147517
  0.69173979305430611  0.69828964318632203  0.70452084312922991  0.71089803610403701
  0.71755684090729210  0.72492175974877382  0.73313204330283221  0.74434644242976866
  0.75464683541136479  0.76371980985770971  0.77344330056324151  0.78413357801482508
  0.79717413570631268  0.81845391032767079  0.94247280360236307  1.00000000000000000
   8.6451027901153840E-030  -1.0000000000000000     
 T F F F T F T F F F F F F F F F T F T F T F T F F F F F F F F F T F T F T F T F T F T F T F T F T F T F T F T F T F T F T F T F T F F F T F T F F F F F F F F F T F T F T F T F F F F F F F F F T F T F T F T F T F T F T F T F T F T F T F T F T F T F T F T F
  <DiscreteSampler_grid>
  grouped_processes
  1 # 1 for a reference and 2 for a running grid.
  10 # Attribute 'min_bin_probing_points' of the grid.
  1 # Attribute 'grid_mode' of the grid. 1=='default',2=='initialization'
  0.0000000000000000 # Attribute 'small_contrib_threshold' of the grid.
  0.5000000000000000 # Attribute 'damping_power' of the grid.
 # binID   n_entries weight   weight_sqr   abs_weight
    13   10   3.741343670448775E-023   6.160824023041805E-045   3.741343670448775E-023
    14   10   3.741343670448743E-023   6.160824023041691E-045   3.741343670448743E-023
    16   10   5.287628855556155E-023   9.117342855464716E-045   5.287628855556155E-023
    17   10   5.287628855556098E-023   9.117342855464517E-045   5.287628855556098E-023
  </DiscreteSampler_grid>
