  0.00000000024872391  0.00000000033536883  0.00000000041325121  0.00000000049486344
  0.00000000057472090  0.00000000065441837  0.00000000073632174  0.00000000082421456
  0.00000000091205507  0.00000000100359593  0.00000000110413996  0.00000000120589873
  0.00000000130897841  0.00000000141190708  0.00000000151319321  0.00000000161409148
  0.00000000172544570  0.00000000183703967  0.00000000194817893  0.00000000205605937
  0.00000000216988611  0.00000000228870149  0.00000000240758649  0.00000000252825330
  0.00000000265349108  0.00000000278807368  0.00000000292402614  0.00000000305739530
  0.00000000318797745  0.00000000331546969  0.00000000344246723  0.00000000357570310
  0.00000000371266614  0.00000000385314156  0.00000000399681876  0.00000000413976595
  0.00000000427806421  0.00000000441696943  0.00000000456872615  0.00000000472478324
  0.00000000488245232  0.00000000503675468  0.00000000519076970  0.00000000534386795
  0.00000000549708952  0.00000000564978725  0.00000000580697433  0.00000000597031968
  0.00000000613792316  0.00000000630938514  0.00000000648485945  0.00000000666060970
  0.00000000683540379  0.00000000701352061  0.00000000718722890  0.00000000736223480
  0.00000000754342511  0.00000000773184868  0.00000000792087727  0.00000000810962119
  0.00000000829852527  0.00000000848771230  0.00000000867678736  0.00000000886554354
  0.00000000905487363  0.00000000924595833  0.00000000944166687  0.00000000966633653
  0.00000000990082995  0.00000001014690528  0.00000001039717066  0.00000001064686740
  0.00000001089608033  0.00000001114807659  0.00000001140597239  0.00000001167122237
  0.00000001194531660  0.00000001222478842  0.00000001252449739  0.00000001287122802
  0.00000001322612717  0.00000001358051250  0.00000001394350105  0.00000001431904260
  0.00000001471257942  0.00000001513089960  0.00000001556235600  0.00000001605603430
  0.00000001668011888  0.00000001742339228  0.00000001824573975  0.00000001917576945
  0.00000002029002019  0.00000002237890894  0.00000002367222198  1.00000000000000000
  0.00963763549036269  0.01623518208524737  0.02583877838976238  0.03777378372839433
  0.04897636922849542  0.05916913853166551  0.06897897347986569  0.07896251011516166
  0.08950654805303587  0.10019940040859437  0.11084609797103903  0.12145913773869221
  0.13169771737055941  0.14219938767651083  0.15230219598007264  0.16289613045309773
  0.17372999202728959  0.18494899387951003  0.19602374237607353  0.20677985461786624
  0.21750241308493845  0.22783566661512950  0.23807588703433791  0.24824650275445642
  0.25851911115629966  0.26875478806074571  0.27850970656021151  0.28846615643130136
  0.29911440571386344  0.31011203726768388  0.32052338765395794  0.33056962209947471
  0.34030665548509542  0.35004901135753180  0.35974210899982079  0.36960089807101515
  0.37950698058426369  0.38936963359510840  0.39981899159453249  0.41075077324341647
  0.42148943904357045  0.43200793843022456  0.44248533208165708  0.45321359990649179
  0.46375094476004802  0.47385022737532961  0.48409508089303355  0.49437862660820470
  0.50515582232975409  0.51615963503396878  0.52688674631803334  0.53774441982559729
  0.54845610787820653  0.55908496355756054  0.56987791884195249  0.58075419266167538
  0.59188018117089547  0.60237827641121722  0.61280565393209219  0.62325780843036271
  0.63459763313591833  0.64582870245441570  0.65675611859504157  0.66743644619317688
  0.67815206996239563  0.68814184645374710  0.69778384909011604  0.70756605996231370
  0.71795052419494088  0.72877011918588053  0.73957743610326443  0.75040233978190529
  0.76110902574006256  0.77170693948301616  0.78233345764457618  0.79272023222189958
  0.80299573206450547  0.81299057052925716  0.82312240992162833  0.83335917844144314
  0.84356435199942670  0.85381739917990584  0.86464008388805358  0.87585919269137202
  0.88748788960064251  0.89817056247716498  0.90854470562523471  0.91838627352934499
  0.92870372269482615  0.93902354968690316  0.94956755604991872  0.95997205894568938
  0.97046122678124480  0.98104631322818348  0.99145133009718878  1.00000000000000000
 -0.00233781041438725  0.01080349049737427  0.02208626811815521  0.03304940336950018
  0.04390789578343252  0.05441337293312580  0.06466084383933098  0.07451559000079615
  0.08420576176265869  0.09398639104536653  0.10379158147186530  0.11399404204934571
  0.12429868385846228  0.13461081274469197  0.14480671267614914  0.15484398086874521
  0.16473044910751064  0.17442870986357970  0.18401123874102138  0.19388311291195287
  0.20404723265878044  0.21466420225548485  0.22578248300874262  0.23700778913064025
  0.24815879672564783  0.25913550321926815  0.26995252957302762  0.28056899962462833
  0.29084648460652573  0.30114992189811163  0.31159713573192060  0.32200751567066366
  0.33245526768905559  0.34295726626702216  0.35363443327518368  0.36458890564394275
  0.37579471694004518  0.38684975971216762  0.39771131209211524  0.40869140173446522
  0.41975082470431097  0.43060703766988651  0.44166222341719824  0.45305786760880690
  0.46463096346013699  0.47626195050312375  0.48838083437222962  0.50078995927466119
  0.51227267929458764  0.52335816369686927  0.53403572056243342  0.54458500471946059
  0.55473130624569367  0.56499856573816321  0.57536382791362617  0.58555062029211624
  0.59529191228967093  0.60513796179570922  0.61563989694750054  0.62628631098234622
  0.63714578028843405  0.64810569596925660  0.65927235724656008  0.67046463684736934
  0.68139675183035386  0.69208617477842038  0.70233779744246438  0.71235773046899475
  0.72237332675283683  0.73285269340831571  0.74359394286206459  0.75449768488279179
  0.76557277128900481  0.77655447074209050  0.78758737994411521  0.79788064101435097
  0.80792595210367668  0.81799358626506113  0.82798421041211534  0.83823963811882418
  0.84846093478800744  0.85847573829512458  0.86861805794737323  0.87861141152924138
  0.88819442490829625  0.89791675867892273  0.90760690776649811  0.91750361076602138
  0.92702265713838861  0.93641773812560147  0.94624085377063938  0.95655310576405594
  0.96732663376452854  0.97819772760335666  0.98910581043365164  1.00000000000000000
 -0.00269987002330965  0.00998664101669131  0.02102153472300099  0.03199925690647467
  0.04328642690337664  0.05442780466311341  0.06523848462580348  0.07560586311589906
  0.08575777154760054  0.09573151687127097  0.10568124520458864  0.11531825794996792
  0.12507840975004605  0.13527011843750100  0.14578873761019612  0.15665491359009368
  0.16761549528457495  0.17901308987931883  0.19012748197348997  0.20092992144923014
  0.21169705373021852  0.22238442325487887  0.23313910202813806  0.24377726309590317
  0.25436848984036731  0.26494465357678693  0.27544998149208033  0.28617138147602322
  0.29688936321022363  0.30794907718276970  0.31867039401938213  0.32912445553824965
  0.33919545584703320  0.34941192247923131  0.35966568610692473  0.37024440465788494
  0.38086086008663744  0.39097419159172297  0.40103368758740243  0.41059932473260136
  0.42033490889222974  0.42999148677655774  0.43984718480306884  0.45058584529101448
  0.46107578466051524  0.47127805934042011  0.48169762756330503  0.49172667955975063
  0.50167637787975305  0.51172590738592150  0.52215689962988965  0.53317157397411741
  0.54416821523189618  0.55544941352283106  0.56680996264937011  0.57789185369460361
  0.58854786418233762  0.59916182692764153  0.60987245905703102  0.62081524772223673
  0.63199521817800286  0.64308054970063322  0.65392114980484706  0.66472238430651653
  0.67576433070164954  0.68683494853178995  0.69790711273381256  0.70907943844574350
  0.72022866025110266  0.73148714408126125  0.74211154599887530  0.75272627786902124
  0.76260198617738451  0.77305581811779067  0.78321731994099986  0.79325203432072300
  0.80298315081442662  0.81296907582221811  0.82338802467752836  0.83377988054841190
  0.84374434611808335  0.85348649078680794  0.86318089173981449  0.87352430440803863
  0.88425016822079816  0.89505166597463537  0.90563424552476168  0.91610424048059524
  0.92659692315201680  0.93695565803338454  0.94710465098278784  0.95727333157456751
  0.96753773157418377  0.97801168844405306  0.98896759590819494  1.00000000000000000
 -0.00212789512208147  0.00914032891921587  0.01902807234778634  0.02935790764528885
  0.03985500941607535  0.05023832272138164  0.06026892299018267  0.07032852512068563
  0.08067724632098526  0.09129156312048607  0.10146254120800645  0.11162128890830057
  0.12195132373008152  0.13252866002494249  0.14272554167155604  0.15260220958871107
  0.16231887996149574  0.17216970620790059  0.18214385360225882  0.19252565741040736
  0.20300365355124492  0.21370605778105753  0.22463393258875314  0.23541723626746694
  0.24617205961448801  0.25705063768071085  0.26828780780661832  0.27938773280183077
  0.29016094165485201  0.30066783532433117  0.31125218874176575  0.32159766623992864
  0.33206686745296238  0.34253194242095236  0.35334680668731355  0.36476636834310217
  0.37626504396061849  0.38789894334987218  0.39904326036495763  0.41021696254514944
  0.42108276335970041  0.43165851477631240  0.44200291394062818  0.45214096682114319
  0.46238908579811416  0.47282518993543748  0.48342326999769270  0.49381626680743412
  0.50405676259296039  0.51413578083467393  0.52397394722218138  0.53338514348458521
  0.54295768230064145  0.55316092498774327  0.56386209339928350  0.57444216162043038
  0.58492070299269983  0.59539056795510126  0.60565586579499231  0.61591628726052727
  0.62657090601808196  0.63729717012513787  0.64749086041249404  0.65754425272443451
  0.66770262828490035  0.67818307215467855  0.68871302194667172  0.69932261725353739
  0.71061039221713662  0.72246083191762334  0.73423184337108294  0.74533521115641799
  0.75612990535042635  0.76696054416253123  0.77752788020747099  0.78828875103316731
  0.79921543149765495  0.81012309915038838  0.82097174264910644  0.83161284011329750
  0.84241086700350098  0.85355638240095855  0.86481421553398186  0.87572623804406691
  0.88587345206964663  0.89578653445791956  0.90574720386875918  0.91582410422159621
  0.92629711605988674  0.93688317489909068  0.94760364773063377  0.95784633961011656
  0.96820550133893390  0.97903155173810397  0.98975704972302136  1.00000000000000000
 -0.00224801635560171  0.00938056544818807  0.01928602197695319  0.03020951100370361
  0.04115646769736843  0.05316303652012322  0.06485436607336091  0.07619797536587765
  0.08704470378557196  0.09692415122589847  0.10659691510987693  0.11652515675097498
  0.12659226316367556  0.13709202411795751  0.14757187536854660  0.15896336061072389
  0.17044831418874712  0.18124014202908814  0.19188725970956297  0.20252586838162251
  0.21280191992064640  0.22269833611532738  0.23265508832020529  0.24277100248269276
  0.25327536796525613  0.26413152952832664  0.27492180408143246  0.28599905751746751
  0.29666391743488219  0.30719206131609089  0.31749880705293931  0.32780929423185878
  0.33825148182348758  0.34880375874134051  0.35968053448355258  0.37063730818023299
  0.38125881529895461  0.39166318982983617  0.40174448718536054  0.41220798285453719
  0.42286071731024999  0.43399720648669587  0.44529078428457097  0.45668206809485429
  0.46797884744438001  0.47918767025516118  0.48994040017072438  0.50021947979420323
  0.51049988672307245  0.52098783152640626  0.53170658733433585  0.54236066086963741
  0.55319703121276576  0.56397307560734700  0.57466683877427338  0.58585963704554178
  0.59780452657501326  0.60972141736431151  0.62083209125334560  0.63121832621464902
  0.64121965410286841  0.65096827280676672  0.66075818501226158  0.67074779374535065
  0.68063835775512649  0.69061641180655842  0.70009125065437250  0.71010521564623874
  0.72017345780327735  0.73016839852569404  0.73985836022928264  0.74997217755051704
  0.76110407749927622  0.77237607783919904  0.78324565647950872  0.79362727071208949
  0.80409447914560028  0.81444948579006327  0.82459796284064668  0.83468380862172509
  0.84506136507742746  0.85549327909537187  0.86549105087831413  0.87564595105336696
  0.88616178351049057  0.89650886767018290  0.90625976401753439  0.91603449454252306
  0.92643367284934852  0.93676201629870903  0.94715376820226882  0.95777279116751590
  0.96862542373162441  0.97925232330471634  0.98954745652476628  1.00000000000000000
  0.00108992875723029  0.11260428325929017  0.16833421453328515  0.20748111189913229
  0.23893203610062214  0.26555630935302627  0.28900144204822253  0.30983276308834090
  0.32887184798295954  0.34678994189545947  0.36416139220868871  0.38042102480109763
  0.39542909862297831  0.40983394869924022  0.42402420130469781  0.43773354355962130
  0.45094301710997869  0.46368745071754941  0.47618457817146842  0.48825973189623378
  0.49961321965075361  0.51053083318845416  0.52105905536289132  0.53137916816379760
  0.54139952386826939  0.55105079583046002  0.56043414732279939  0.56952770398195207
  0.57836651590468591  0.58709708947909622  0.59554477523318416  0.60390870892488213
  0.61226203501591980  0.62063225113651732  0.62896212247071170  0.63723167564102268
  0.64525778183484683  0.65303291477888015  0.66053928821618446  0.66806225958653875
  0.67546723985020152  0.68277311906836691  0.68993105359986129  0.69699894504049942
  0.70410165353655918  0.71125322013529357  0.71846600491833279  0.72561107523652901
  0.73259423490991804  0.73966742736920255  0.74662821124942191  0.75332602341000665
  0.75976732146269088  0.76616526501235327  0.77251288220211756  0.77865010262569723
  0.78459150002203515  0.79042787669873249  0.79616842086547779  0.80191257769425250
  0.80764895729996378  0.81337523236286902  0.81885034163070214  0.82447580537292353
  0.83011597456458808  0.83581493997043899  0.84159781346337803  0.84742782629505820
  0.85315031992638912  0.85881023157584624  0.86448096586511114  0.87005509767323175
  0.87557877875326784  0.88089929194043182  0.88601007358362305  0.89096829239051978
  0.89607320848710981  0.90115405013482064  0.90633472458553910  0.91156413593213081
  0.91679761913703361  0.92205954959095171  0.92734462101337245  0.93264058529833183
  0.93785363290975099  0.94298148958662620  0.94808911943784202  0.95315016026759181
  0.95816065170793996  0.96313383301832811  0.96805919820860298  0.97294897685844139
  0.97778555201950301  0.98214828401635423  0.98479767327276702  1.00000000000000000
 -0.00243882172707468  0.00949782642164992  0.01931959271253239  0.02966244837927637
  0.04036334715294693  0.05146267503708919  0.06300782830716985  0.07342841643757238
  0.08388013557112871  0.09373513921922808  0.10366744290048227  0.11364475159843536
  0.12369931350761663  0.13371165880380004  0.14366583357053217  0.15407700907117311
  0.16451463813607270  0.17549963432427679  0.18636410431484707  0.19740954817433254
  0.20829903770310876  0.21904717210515265  0.22974184286287733  0.24064971390393128
  0.25148481355997676  0.26310938368971060  0.27370515828871178  0.28406162755717362
  0.29387105221075732  0.30389980701569930  0.31424305826877352  0.32486930732784097
  0.33581013610511312  0.34642830631795157  0.35707383116030039  0.36778492073983460
  0.37820218157840824  0.38847279589246392  0.39862723066620320  0.40873735479708312
  0.41888348258076902  0.42886113083130945  0.43916898949710531  0.44946194862840094
  0.45994296980165539  0.47047358252927324  0.48143048146976625  0.49264890625597668
  0.50370480294832609  0.51470637282941134  0.52642246920143532  0.53801097907006512
  0.54901898181188535  0.55932451836266772  0.56931811111055697  0.57910645171851849
  0.58908690723897339  0.59956629220449165  0.61058353185298564  0.62136116802032448
  0.63243800483106039  0.64347981913434538  0.65451478877498515  0.66524480399780050
  0.67597097213273849  0.68684704829402010  0.69789301213285826  0.70869754218289527
  0.71908247618801047  0.72933277103737648  0.73976378539722942  0.75025658264238659
  0.76072127850774585  0.77104017159032612  0.78137736738909147  0.79169914906169092
  0.80217502769521731  0.81282517602153603  0.82345295540786001  0.83397116076281153
  0.84472610913402602  0.85564498515202425  0.86617109051330154  0.87663851555357075
  0.88735808797122118  0.89814724065466811  0.90834964931661133  0.91812541023830430
  0.92800369714601838  0.93834516161725379  0.94905735246222866  0.95933031053548357
  0.96939085085414201  0.97925767330482738  0.98966487548419613  1.00000000000000000
  0.02473497442080238  0.03221391245563864  0.04133616694163401  0.05065912278284030
  0.06001316520853075  0.06911242315160937  0.07815602478606987  0.08721258189626307
  0.09653163295058440  0.10610048656695520  0.11569191119571094  0.12511730573975549
  0.13473005488028056  0.14453281336175280  0.15434629328201072  0.16402511043314588
  0.17333069652968042  0.18258993576977636  0.19228403441061470  0.20257402068011149
  0.21295459892599219  0.22362270557694516  0.23454238565519167  0.24541863024651284
  0.25565927526279342  0.26546536626182876  0.27521085333014839  0.28516372366093229
  0.29561424566735811  0.30644527840305463  0.31787825924006979  0.32877037494252448
  0.33927310364352031  0.34949196107284097  0.36036051905419159  0.37210601440558755
  0.38356778598766056  0.39427480516709307  0.40482074389518530  0.41532178013858911
  0.42549072636029678  0.43550163930866148  0.44583986105529000  0.45606816054947863
  0.46638408266661263  0.47623093858276555  0.48644807083272529  0.49667837757987587
  0.50740915208264037  0.51811233858729222  0.52850528202447422  0.53872413827475341
  0.54880953859790249  0.55929469204420057  0.56932973763213379  0.57924177495964968
  0.58898591841447334  0.59861484221983363  0.60855184813338559  0.61855429648375437
  0.62876852594155097  0.63909704027022085  0.64970186295024568  0.65994621145857779
  0.66991116884302004  0.67946107032946712  0.68933064695381152  0.69873398376097406
  0.70833152905623220  0.71772199753943544  0.72761881361715708  0.73747391596851197
  0.74754850715327226  0.75782680701379890  0.76807083101120577  0.77879527527890713
  0.78914915973309374  0.79894416685679681  0.80844080248214956  0.81800088726849829
  0.82806125035734390  0.83819966008284919  0.84754180507728349  0.85709537145394110
  0.86632277278685454  0.87613468030186969  0.88646816608527124  0.89706646955337499
  0.90782538412443914  0.91864906348924336  0.92981201647781619  0.94095203039508035
  0.95249433873647016  0.96308666504414564  0.97141143499976135  1.00000000000000000
  0.10558111873803221  0.19590414911523391  0.22660604159499087  0.24558855204702526
  0.25949685961962859  0.27178245687010533  0.28253319756978929  0.29269214865737009
  0.30207631809793006  0.31106613899058116  0.31938190792577126  0.32765657132783843
  0.33565528758659330  0.34316561585272221  0.35031682043030649  0.35691818925227592
  0.36323121739843078  0.36932409308547276  0.37528950637098746  0.38118493815334348
  0.38707734438113328  0.39309319975549711  0.39895194264348166  0.40455971711359306
  0.41014589908926591  0.41559392394669636  0.42096877760435303  0.42632520239561700
  0.43170743637244474  0.43719613746210118  0.44274070610275262  0.44833379879511537
  0.45391080639969317  0.45959811708246850  0.46509876733507127  0.47046854941467930
  0.47561161528187318  0.48097503717098811  0.48651479034221790  0.49206717068157430
  0.49767528531574645  0.50339042086156005  0.50916910413156824  0.51498997052103490
  0.52079512816496798  0.52654055054086391  0.53235795518852835  0.53826191304477911
  0.54383675563258371  0.54914834205302487  0.55444438739884505  0.55977897289916867
  0.56508355951510436  0.57034603902279613  0.57568410454266550  0.58109899147219568
  0.58657998577055392  0.59205702057596976  0.59749485571243743  0.60292051795788670
  0.60847307726412025  0.61418369435041253  0.62006060372507488  0.62624078080043355
  0.63277848263181036  0.63941309133618907  0.64597609699159042  0.65239998760731455
  0.65877770146938208  0.66545654284927014  0.67236689101540026  0.67945466827966405
  0.68647217235850477  0.69329723351273065  0.70008467049491530  0.70704969445380927
  0.71436155358036479  0.72189751292687210  0.72961082561783142  0.73761006037460686
  0.74574231989376949  0.75389085504974718  0.76215674633502484  0.77050448142660499
  0.77897916184383720  0.78782439198734500  0.79749666087956139  0.80771824199901110
  0.81851395892557355  0.82998307607008659  0.84169508770359136  0.85420712351750361
  0.86795255501435609  0.89124757162861545  0.92679180099053149  1.00000000000000000
   1.4218462185884768E-024  -1.0000000000000000     
 T F T F T F T F F F F F F F F F T F T F T F T F T F T F T F T F T F T F T F T F T F F F F F F F T F T F T F T F T F T F T F T F T F T F T F T F F F F F F F F F T F T F T F T F T F T F T F T F T F T F T F T F T F F F F F F F T F T F T F T F T F T F T F T F
  <DiscreteSampler_grid>
  grouped_processes
  1 # 1 for a reference and 2 for a running grid.
  10 # Attribute 'min_bin_probing_points' of the grid.
  1 # Attribute 'grid_mode' of the grid. 1=='default',2=='initialization'
  0.0000000000000000 # Attribute 'small_contrib_threshold' of the grid.
  0.5000000000000000 # Attribute 'damping_power' of the grid.
 # binID   n_entries weight   weight_sqr   abs_weight
    13   10   4.128920269836637E-015   2.872290954173765E-029   4.128920269836637E-015
    14   10   4.128920269835896E-015   2.872290954172548E-029   4.128920269835896E-015
    16   10   4.978009567147474E-015   5.220278980064478E-029   4.978009567147474E-015
    17   10   4.978009567147487E-015   5.220278980064459E-029   4.978009567147487E-015
  </DiscreteSampler_grid>
