  0.00000000021666656  0.00000000064924046  0.00000000093317617  0.00000000117931903
  0.00000000140099399  0.00000000162747635  0.00000000184214669  0.00000000203381638
  0.00000000221664544  0.00000000240784203  0.00000000259702911  0.00000000277648658
  0.00000000295125257  0.00000000311313949  0.00000000328811125  0.00000000347075148
  0.00000000366176655  0.00000000384073607  0.00000000401172187  0.00000000418308036
  0.00000000435393155  0.00000000452191521  0.00000000468257898  0.00000000483931892
  0.00000000499953316  0.00000000516269307  0.00000000532200547  0.00000000547866387
  0.00000000562817008  0.00000000577889388  0.00000000593987005  0.00000000610233517
  0.00000000626215892  0.00000000642813446  0.00000000659632295  0.00000000676458994
  0.00000000692626680  0.00000000708250539  0.00000000724243340  0.00000000740333760
  0.00000000756651467  0.00000000773291948  0.00000000789263503  0.00000000804550131
  0.00000000819849487  0.00000000835396972  0.00000000852286217  0.00000000869728785
  0.00000000885770492  0.00000000900978563  0.00000000915908151  0.00000000931493980
  0.00000000948046569  0.00000000965328436  0.00000000983435703  0.00000001002246440
  0.00000001021061540  0.00000001039924637  0.00000001058515322  0.00000001077639847
  0.00000001096244428  0.00000001114085885  0.00000001131865003  0.00000001149623935
  0.00000001166782969  0.00000001186392389  0.00000001204840574  0.00000001223289930
  0.00000001243194941  0.00000001264146325  0.00000001285685333  0.00000001308071728
  0.00000001331349474  0.00000001355010446  0.00000001379047040  0.00000001402815934
  0.00000001427644535  0.00000001452637132  0.00000001477955905  0.00000001503743811
  0.00000001530128571  0.00000001557876812  0.00000001587089546  0.00000001619716182
  0.00000001660669144  0.00000001700568435  0.00000001742613016  0.00000001786171172
  0.00000001833044140  0.00000001884381247  0.00000001941359561  0.00000002005974409
  0.00000002091262587  0.00000002253086894  0.00000002366965389  1.00000000000000000
  0.00915251725137303  0.01646733853587632  0.02718720952882255  0.03792585281306016
  0.04829228120921795  0.05858054404135592  0.06884627725921891  0.07904880261042987
  0.08923586370878556  0.10003095871178025  0.11102715395554791  0.12174326542714906
  0.13196221483810522  0.14251439429366913  0.15394456497480516  0.16563709564911044
  0.17771604756677634  0.18949712288994763  0.20115622711344081  0.21274325348883760
  0.22432043600832960  0.23583561309198017  0.24684770822829710  0.25838963993024572
  0.27004534259605306  0.28165580390606615  0.29262849312639927  0.30314806600694133
  0.31421608414076441  0.32559299078072873  0.33669621162913566  0.34732570565536397
  0.35752183555509054  0.36775481095675272  0.37791302852751424  0.38785572732651041
  0.39794324090998484  0.40827228836402413  0.41876084792581220  0.42907492492139571
  0.43896787047663260  0.44860698981220426  0.45798295906445841  0.46721271573877998
  0.47673398897467834  0.48631725730379338  0.49650244390822917  0.50688770828635610
  0.51713163954208796  0.52737434524353255  0.53739493063450128  0.54753477913459814
  0.55753181085677217  0.56770157016631684  0.57832241698604059  0.58808261750209323
  0.59750807885457002  0.60702079718994684  0.61725797658813131  0.62780904208650246
  0.63790177360001943  0.64771330341054623  0.65828070696084218  0.66863760185131826
  0.67824199370618210  0.68772421537966943  0.69678127918023869  0.70620628283397702
  0.71594257189686628  0.72615315787226042  0.73804492182514747  0.75038499041365525
  0.76326584921911345  0.77558417576528038  0.78760512569265662  0.79864795310555270
  0.80886546864087416  0.81842238464499206  0.82853144340954366  0.83917928994686974
  0.85029810491502755  0.86135872565281657  0.87262717471003948  0.88362444981456001
  0.89467911328714445  0.90610331875373862  0.91739889108600736  0.92796473441603922
  0.93813568382183088  0.94756380892232961  0.95702955341966334  0.96584448468645823
  0.97457874050528726  0.98344723250025501  0.99065811567618578  1.00000000000000000
 -0.00242551166916504  0.01081064528460745  0.02228595059574350  0.03381367977548384
  0.04655099773876692  0.05870351296209535  0.06992160819618799  0.07993174908363863
  0.08950283981945263  0.09871101651131563  0.10799785832629889  0.11763727210717276
  0.12745296979323961  0.13673993173734575  0.14598810196758621  0.15498859079368907
  0.16392240894957860  0.17315142665702291  0.18276251528981219  0.19372149041549097
  0.20511546229075797  0.21639631717689800  0.22748904504673517  0.23832152710039217
  0.24907859476147318  0.26041024457475193  0.27189329385421684  0.28324126871875477
  0.29474248006805093  0.30632683047590148  0.31782449712347732  0.32903924861613404
  0.34052735634906167  0.35176274053407108  0.36282264114674795  0.37361178572529929
  0.38392185119794908  0.39373764605190442  0.40382673640824779  0.41454670617899847
  0.42528048705929633  0.43581665029289351  0.44730303089055085  0.45944043736303042
  0.47083454814211761  0.48141758062303897  0.49143102785502640  0.50162775903315970
  0.51223125718237605  0.52301326928619452  0.53386824079509643  0.54431190623286452
  0.55462713759371540  0.56456123265805247  0.57423536035379275  0.58368202960932836
  0.59231634892466445  0.60075406168085665  0.60958213991797383  0.61966819019023034
  0.62971889353018051  0.64100678784888176  0.65232600659639539  0.66498491107362234
  0.67701817780282003  0.68914834080607290  0.70092530072689729  0.71248905484710057
  0.72299011841881689  0.73309538825670983  0.74274162571040381  0.75223742277961991
  0.76165740241575131  0.77125067261010760  0.78203023495866619  0.79312350885065919
  0.80378067484185500  0.81422642909817666  0.82497550680181708  0.83587345068322993
  0.84695667597336699  0.85751731332850722  0.86788438385142119  0.87792071203727129
  0.88820375352151104  0.89864253951829398  0.90870983269784733  0.91844199838801022
  0.92817274547285622  0.93808657217448543  0.94855296078987539  0.95926862780600863
  0.96917127796847735  0.97964460628827443  0.98953268797121741  1.00000000000000000
 -0.00158999908383007  0.00839392047885639  0.01689969329800796  0.02659755999627212
  0.03625919166654270  0.04577656905785852  0.05492577321593128  0.06402024941471919
  0.07400906359321052  0.08394685234156252  0.09413082882159252  0.10395185222969243
  0.11445298625114392  0.12536191985202652  0.13681714985848126  0.14935724059997368
  0.16221728409693675  0.17375900683975673  0.18474416361718368  0.19639246373252425
  0.20874242125987785  0.22032252306464409  0.23096821080956778  0.24154421517969729
  0.25206607272829412  0.26270476315695118  0.27309348008555612  0.28318825777796824
  0.29361947104614222  0.30467941365701401  0.31552001057526963  0.32583140846183828
  0.33564575942774050  0.34548985110706887  0.35595888150972904  0.36624193278035688
  0.37630252816600951  0.38626940839532187  0.39650608365546014  0.40711664266687497
  0.41789413733938413  0.42882737212626942  0.43994232091310942  0.45097667434988248
  0.46222919429293613  0.47359515167341010  0.48454538703160122  0.49529897200328810
  0.50623663663422080  0.51783824105190479  0.52952252861275506  0.54052741870402210
  0.55100319978683543  0.56092659620215779  0.57039687822287022  0.57998131381479456
  0.58984623906244926  0.59961676579097467  0.60949822066240045  0.61866721521169266
  0.62837795894542958  0.63818121478006506  0.64887735884211106  0.65994483504871504
  0.67061329733467390  0.68132520809460195  0.69229678634172442  0.70352984210783009
  0.71453264858064736  0.72575995112490488  0.73720154047654474  0.74857877114827354
  0.75902161730395024  0.76959415080430149  0.78051515781067982  0.79142651171512390
  0.80240362608622484  0.81328478932823989  0.82420453540839145  0.83452204419891862
  0.84425170378276015  0.85353683003535064  0.86276270523788112  0.87262518105517639
  0.88325621771784191  0.89439924225426792  0.90553863106978250  0.91556568837174412
  0.92608977736385223  0.93641571039371396  0.94760384584534818  0.95918416522822869
  0.97006840844225850  0.98068133837977189  0.99040891920182983  1.00000000000000000
 -0.00243629796116515  0.01010207998816291  0.02006676150188247  0.03058456190757847
  0.04086627106590543  0.05141989444455199  0.06207621743732625  0.07308559335037511
  0.08418864393495896  0.09423783570337008  0.10451729940281780  0.11520970513012706
  0.12621491781114189  0.13729750166639718  0.14822728129126325  0.15980983286321523
  0.17076548609585318  0.18105393918247506  0.19087253527540213  0.20021693345922068
  0.20989708373075039  0.21984231664316817  0.22963990571617970  0.23938594695103141
  0.24956425028165591  0.26043970010720363  0.27116036717837738  0.28149016853329956
  0.29164775092649964  0.30200993089899469  0.31239010526874733  0.32226705472677969
  0.33181285511330300  0.34137263766929815  0.35090168046747316  0.36098835703678700
  0.37116662699103814  0.38084539260045130  0.39063311508657289  0.40071212385481930
  0.41107111359165754  0.42068155986821676  0.43005033820809757  0.43980331431307063
  0.45016081171914302  0.46076067697187523  0.47158775941173875  0.48293597090848833
  0.49425635483930586  0.50496824641645222  0.51574400944414267  0.52665122319486846
  0.53844347908211532  0.54918127695220675  0.55979638572119317  0.57063223174220012
  0.58167473939541881  0.59346266633967415  0.60581834735668494  0.61733002810123294
  0.62727842348419538  0.63609058506026339  0.64491487595946251  0.65394392663878953
  0.66331594063025223  0.67375708161516568  0.68493075508550427  0.69597783999260276
  0.70699021315921584  0.71724830314057331  0.72781540556922941  0.73891091377216112
  0.75008538948551939  0.76068454379693851  0.77048541442554674  0.78011290428915103
  0.78988477912564670  0.80033297511867096  0.81124920738569217  0.82295551989393956
  0.83546362201897606  0.84828113592302867  0.86080724192113289  0.87262645045439446
  0.88421043621883666  0.89672962318629745  0.90861168568161232  0.92062000567270441
  0.93059023200744795  0.94093607608389873  0.94995876228130216  0.95916462931413404
  0.96799827249252857  0.97783102439366032  0.98875656310738347  1.00000000000000000
 -0.00196953432939060  0.00867679106947705  0.01915112370080684  0.02973144427588395
  0.04026890623783685  0.05039245721154124  0.06049260931528008  0.07103163185577274
  0.08185638679263321  0.09186395224259319  0.10147026607262669  0.11100356680643315
  0.12073125806739692  0.13019153731676136  0.13976960179499068  0.14948216456613123
  0.16000566293090490  0.17058544376711951  0.18198532517390004  0.19356576721275978
  0.20517666807681822  0.21623023514109335  0.22677995729926148  0.23679858977047394
  0.24689664997207142  0.25707540982451227  0.26736914108767856  0.27784853415315880
  0.28837426828106372  0.29853013358966463  0.30820997969266900  0.31768364135426058
  0.32731568312032050  0.33735468470840974  0.34774442879872286  0.35818029464972673
  0.36855273017151147  0.37860924435001070  0.38844372626167639  0.39818505660431908
  0.40860615181653243  0.41985144193705171  0.43214852555484640  0.44407753321917492
  0.45507278195766737  0.46649997559015366  0.47783676891200427  0.48815911364765274
  0.49832985856113265  0.50898009277495226  0.51920146640590648  0.52916232319993151
  0.53914005062610337  0.55030035017694290  0.56166348497761032  0.57256163770214619
  0.58318708745328662  0.59398956645205825  0.60516676613129317  0.61639940307459506
  0.62759014479366637  0.63872087143704637  0.65007884491379708  0.66127279457001342
  0.67243277277589664  0.68366712771920024  0.69417353871715826  0.70472334221175770
  0.71496014167288846  0.72551744631231785  0.73492144166716955  0.74405118442440699
  0.75358549655440699  0.76405324521881723  0.77518996883710245  0.78673643603967425
  0.79832777214417716  0.80941849571412006  0.81987053468696203  0.83016138140368056
  0.84060293790399521  0.85052485949313428  0.86011150124856306  0.86971609501118607
  0.88003732397762391  0.89135704895840717  0.90276123543708009  0.91346729625992118
  0.92399968572208013  0.93420752106052662  0.94456026405071525  0.95497675719003650
  0.96563635668558234  0.97655304602346216  0.98766532133742324  1.00000000000000000
  0.01508379849991956  0.01788082454829206  0.02238951851654757  0.02797916504201651
  0.03371808989501627  0.03922110361809045  0.04444682082039888  0.04942808263308693
  0.05421982518688352  0.05893846084135779  0.06359411043961012  0.06824572537149898
  0.07286004793298831  0.07739833022934509  0.08191507607821240  0.08640885765519746
  0.09099073489997535  0.09560909248397306  0.10039777885063193  0.10542234451586591
  0.11056916392771995  0.11541744414506180  0.11988820671367992  0.12451988602380236
  0.12953985478978650  0.13496785701473818  0.14069795476497171  0.14649034394255050
  0.15223887697197180  0.15822714224708415  0.16421020766712083  0.16992663834443544
  0.17542326403213823  0.18095504213876895  0.18655843803271691  0.19271170477213481
  0.19851011714047773  0.20473031062726307  0.21092471716790293  0.21730052375567480
  0.22379751283162164  0.23033393161509338  0.23694723394976117  0.24343715294461898
  0.24981352810389049  0.25615603476601129  0.26257173829184405  0.26902839103654719
  0.27573158381476709  0.28272081688026213  0.28996000809964678  0.29717388680140938
  0.30418102827753568  0.31112400912109756  0.31774669748045081  0.32431597018123459
  0.33105771599524214  0.33782329520837084  0.34472608867266646  0.35169093370771870
  0.35889862221586899  0.36648066617198488  0.37392584897828146  0.38163663140110055
  0.38950720922450666  0.39761303017801802  0.40699702195578652  0.41682926996506914
  0.42646372732726751  0.43594817532109292  0.44526135584007148  0.45473315030093464
  0.46453604437222212  0.47462272632335023  0.48474349837689357  0.49517932122990471
  0.50645605514377889  0.51888239639108968  0.53190540704130840  0.54543982765724919
  0.55946604190067484  0.57374996396409639  0.58939740960553999  0.60687332009013406
  0.62406127969714809  0.64015776081307485  0.65632355146427501  0.67376034047856359
  0.69303594744040953  0.71424760783071972  0.73816241286675510  0.76500048054456093
  0.79752243201538553  0.83760094675906727  0.89165859702636241  1.00000000000000000
 -0.00217243289585400  0.00861890028995134  0.01840821871635364  0.02845679435273469
  0.03940654669913989  0.05150298577628973  0.06309900959211545  0.07437304466961807
  0.08549544672670635  0.09658726493783147  0.10790409748958829  0.11864152632807030
  0.12994728825933549  0.14079680585479801  0.15189622200312825  0.16293313914853680
  0.17408870205106347  0.18552344147667929  0.19666328665166924  0.20800133069079899
  0.21969750482228478  0.23033671795167079  0.24035885743841556  0.24990569005270988
  0.26048642673128503  0.27083950998682599  0.28090396616872865  0.29077206306038667
  0.30047146404290148  0.31036400516149382  0.31993598032717818  0.32974892443476506
  0.33973879805758456  0.34939716674481586  0.35905706109488106  0.36912830911262684
  0.37911751964591645  0.39056194548435347  0.40147902186021922  0.41244068128523170
  0.42277437281557806  0.43364113777581198  0.44431624583862095  0.45457720458131434
  0.46579506378188584  0.47733289101092435  0.48964764880602202  0.50141658830050961
  0.51257106781689477  0.52384382505244720  0.53517555480763712  0.54594176477391454
  0.55605606915261141  0.56608825408612751  0.57656459063343057  0.58708728355866235
  0.59784806224199261  0.60892257389351856  0.62015161219423653  0.63068003775028847
  0.64016129657240695  0.64881521845510359  0.65702988110665739  0.66587324027538819
  0.67549145062175475  0.68497638085536405  0.69479992100077925  0.70462031334624975
  0.71528340926743927  0.72609161689959423  0.73685352253248115  0.74751790968565213
  0.75821502166306465  0.76953608713076682  0.78063499989899288  0.79085648356606508
  0.80038709588496482  0.81003792041172884  0.82111986540949877  0.83267700909567344
  0.84372025888678848  0.85410297290750936  0.86470363761696833  0.87522179241248788
  0.88552883627184220  0.89540240655398884  0.90578719884521908  0.91653061482749643
  0.92693947605354399  0.93644341763763561  0.94617845845888482  0.95627285791783501
  0.96631057344211124  0.97732929682199221  0.98829847635056578  1.00000000000000000
  0.02439803265491454  0.03118858618054008  0.04077570842810048  0.05065236600003445
  0.06030211560326210  0.07018248157902353  0.07984260141651806  0.09083702525847702
  0.10169255766587244  0.11192556602817343  0.12210989828603326  0.13280067930257941
  0.14383118849702053  0.15435188517098433  0.16436997462395503  0.17389472515389537
  0.18335190989679101  0.19280022088809798  0.20212812710916608  0.21173927271068901
  0.22189329900573304  0.23202226185502325  0.24273527380118329  0.25353651753689727
  0.26453414455726720  0.27545504759055189  0.28574605394664482  0.29536138133323603
  0.30415858250074845  0.31270771743528658  0.32138987664801077  0.33036803739703047
  0.34052678436968420  0.35094468433025044  0.36126542294594860  0.37131980346025012
  0.38085498336100104  0.39023544507142788  0.39945831376926350  0.40821824019733649
  0.41729724564260340  0.42692545972531964  0.43692988422375650  0.44743786282620274
  0.45860229270116731  0.47028649627473279  0.48200907925942477  0.49399415555687320
  0.50562225053697352  0.51680581423104166  0.52762137424241362  0.53819809673296948
  0.54893459571035175  0.55946694852077217  0.56981232866766096  0.58009063719649656
  0.59050392571943122  0.60068900134347680  0.60994290028723830  0.61902295678820629
  0.62824418626850331  0.63799807076772219  0.64759209960654429  0.65719203764427170
  0.66685476514285769  0.67686386074050908  0.68731314275814059  0.69718130309263127
  0.70635956464081895  0.71545592499660138  0.72480724938668528  0.73518789723823419
  0.74681674541353893  0.75825005163331971  0.76932048200574044  0.77944494264685937
  0.79020132032752133  0.80020706159243105  0.80978184347783055  0.81997358219439265
  0.83020453816454087  0.84114771083979956  0.85219677409179240  0.86330719905769637
  0.87400242380780468  0.88444178273262974  0.89474324281344630  0.90514500888154115
  0.91569550656226517  0.92626443833957017  0.93679002778434328  0.94706902168312812
  0.95696827606136126  0.96562931958629328  0.97079318495123357  1.00000000000000000
  0.09784270614712401  0.11955118798010905  0.13889265016487570  0.15055457207108230
  0.16066511232439160  0.17012611818388673  0.17897554510727862  0.18719274940172517
  0.19513823724597257  0.20267754042072292  0.21033433326841317  0.21787610805367869
  0.22506676877713008  0.23239777119834443  0.24027230605153499  0.24872919433032900
  0.25686148848043783  0.26446039442495567  0.27194334396065234  0.27904397896269106
  0.28602329390923065  0.29262154830158887  0.29896080927205504  0.30505584488364190
  0.31127878122581071  0.31743968608944373  0.32360745782142497  0.32953752437209799
  0.33553376128844431  0.34174718937532939  0.34809357122906387  0.35379413803261778
  0.35885252677058321  0.36379322659316682  0.36885902786628616  0.37391801292685051
  0.37899562306082457  0.38414994421759963  0.38941427254482330  0.39472832324729057
  0.39989913522367193  0.40508517140741290  0.41042893688692983  0.41614659920439623
  0.42203950255619554  0.42803060583525504  0.43343810619690210  0.43852776629823154
  0.44335259319387677  0.44837035798973057  0.45367472031998085  0.45914452627251723
  0.46472757740373372  0.47025274657424304  0.47573908128836773  0.48123800777613740
  0.48663726395770635  0.49190837958075345  0.49726302084354623  0.50289270806445041
  0.50875582631429639  0.51456974845786208  0.52013021737965692  0.52566034545150198
  0.53127359752830083  0.53719581220737467  0.54322129841769473  0.54941019574958971
  0.55573486833249042  0.56208523977637981  0.56839545735852992  0.57474097724021289
  0.58123359371666539  0.58774192843090267  0.59427848762646940  0.60077419052167191
  0.60775984531321103  0.61518980964740844  0.62258541932997147  0.62987007025611663
  0.63714602586556135  0.64440114655537239  0.65158107498560058  0.65931523941984416
  0.66740530453404712  0.67694893239324061  0.68652678852566540  0.69780813674932363
  0.70968367285472900  0.72202320114235630  0.73490944273139081  0.75124795530553401
  0.77491926264437394  0.81705847369406925  0.90226452378852440  1.00000000000000000
   2.2878460877127255E-039  -1.0000000000000000     
 F F F F F F F F F F F F F F F F T F T F T F T F T F F F F F F F T F T F T F T F F F F F F F F F T F T F T F T F T F T F T F T F F F F F F F F F F F F F F F F F T F T F T F T F T F F F F F F F T F T F T F T F F F F F F F F F T F T F T F T F T F T F T F T F
  <DiscreteSampler_grid>
  grouped_processes
  1 # 1 for a reference and 2 for a running grid.
  10 # Attribute 'min_bin_probing_points' of the grid.
  1 # Attribute 'grid_mode' of the grid. 1=='default',2=='initialization'
  0.0000000000000000 # Attribute 'small_contrib_threshold' of the grid.
  0.5000000000000000 # Attribute 'damping_power' of the grid.
 # binID   n_entries weight   weight_sqr   abs_weight
    13   10   2.685257597124718E-030   3.563152672030309E-059   2.685257597124718E-030
    14   10   2.685257597124639E-030   3.563152672030009E-059   2.685257597124639E-030
    16   10   9.917122871500475E-030   6.536581103388348E-058   9.917122871500475E-030
    17   10   9.917122871500833E-030   6.536581103388718E-058   9.917122871500833E-030
  </DiscreteSampler_grid>
