  0.00000000005500563  0.00000000015677342  0.00000000023301715  0.00000000030034715
  0.00000000037473824  0.00000000044568445  0.00000000052430473  0.00000000060775653
  0.00000000069198226  0.00000000077782145  0.00000000088877721  0.00000000101065839
  0.00000000110053315  0.00000000117357776  0.00000000124850527  0.00000000133738375
  0.00000000144166644  0.00000000154401383  0.00000000164131261  0.00000000173824768
  0.00000000185676015  0.00000000194885654  0.00000000201759894  0.00000000208403477
  0.00000000215001488  0.00000000222864718  0.00000000232159442  0.00000000251294022
  0.00000000268323623  0.00000000282426475  0.00000000296060720  0.00000000310680002
  0.00000000327397818  0.00000000345017169  0.00000000363893299  0.00000000383581632
  0.00000000402338063  0.00000000419608050  0.00000000435804195  0.00000000453592682
  0.00000000470904191  0.00000000489809687  0.00000000508477974  0.00000000526752149
  0.00000000543920347  0.00000000559076539  0.00000000577332107  0.00000000592090927
  0.00000000606606467  0.00000000621924472  0.00000000635611729  0.00000000648067868
  0.00000000661160861  0.00000000675944787  0.00000000690266212  0.00000000703541057
  0.00000000720177739  0.00000000738185427  0.00000000758899312  0.00000000782904425
  0.00000000806737689  0.00000000826321127  0.00000000842562060  0.00000000856079115
  0.00000000871914671  0.00000000888573698  0.00000000908504006  0.00000000932862158
  0.00000000960324999  0.00000000987946951  0.00000001014150814  0.00000001040403217
  0.00000001068152610  0.00000001096087768  0.00000001122694146  0.00000001148770690
  0.00000001174900004  0.00000001198692402  0.00000001225012137  0.00000001251625728
  0.00000001276328655  0.00000001300333339  0.00000001325407935  0.00000001349237064
  0.00000001375428443  0.00000001406958289  0.00000001441371370  0.00000001479418861
  0.00000001530264762  0.00000001598377375  0.00000001682283635  0.00000001780024396
  0.00000001895257001  0.00000002041456672  0.00000002117373605  1.00000000000000000
  0.00975181009142173  0.01682838773903960  0.02762668608029882  0.04008150519964285
  0.05322298730328837  0.06481668005503684  0.07526195814350446  0.08583005361799112
  0.09803370002668595  0.11045263042023756  0.12365106449900810  0.13684446368272349
  0.14880208909380627  0.15837800953912406  0.16684124456908481  0.17526138649299708
  0.18407898767185527  0.19415323262461753  0.20391325469558874  0.21348141814544347
  0.22080830556263281  0.22984441072516537  0.23804228072383490  0.24494057990786205
  0.25198546635300056  0.25916440457862877  0.26624112127520905  0.28092712525788460
  0.29444263499203943  0.30736340151263969  0.31810178194138988  0.32923852464734754
  0.33877036655271875  0.34694759725064755  0.35459463562105897  0.36265568444116186
  0.37201821140879004  0.38556394180072523  0.40233158851629103  0.41674566879855829
  0.42850142983426293  0.44033649343151321  0.44965874210957979  0.46075441738566075
  0.47187197866514030  0.48176178769476419  0.49410929986902685  0.50755488793324799
  0.52534408503745611  0.54111146409213728  0.55613959375134292  0.57055963383125019
  0.58426255765904622  0.59724430981392695  0.61051351943807364  0.62368755936118081
  0.63756388878643644  0.65135051752303708  0.66383722329272499  0.67548936778418889
  0.68762217312242468  0.69851083715494977  0.71028925324600656  0.72386303033917121
  0.73914933513664838  0.75426619160507036  0.76872179562838872  0.78280305733645883
  0.79356035199224206  0.79888214816457326  0.80528861982572286  0.81159855131964631
  0.81849395581578488  0.82495567131331171  0.82950365072334753  0.83363597610200257
  0.83868650053676375  0.84436921295017697  0.84958984969002838  0.85382987967354951
  0.86309143266821831  0.87421490656521539  0.88311715732522911  0.89053232281472894
  0.89788278457982507  0.90527329459662986  0.91256140719682000  0.91988672739896915
  0.92721410247156055  0.93433427245525802  0.94194889468147969  0.95116800395830015
  0.96174219808127170  0.97465650648348701  0.98718555222813598  1.00000000000000000
 -0.00000014655760675  0.00006480594769568  0.00055002356215956  0.00156071432840776
  0.00359665329307465  0.00633962025638036  0.01011843717855417  0.01465491971120425
  0.01968861637581518  0.02430001434781487  0.02836174990490301  0.03213348754760259
  0.03710114469310161  0.04307356963918482  0.04832276721787285  0.05382323018832483
  0.05964187495981318  0.06606672765757957  0.07330084170693801  0.08090071922389597
  0.08938532527379843  0.09777072186084468  0.10586729731267037  0.11470557078720253
  0.12424884524700408  0.13474163180272661  0.14685566188966218  0.15958032718986126
  0.17282635184476497  0.18372447045525936  0.19522010465355596  0.20721976100984305
  0.21961105277282650  0.23408997268781728  0.24962696393264941  0.26530056213955866
  0.27994742629707126  0.29249140118514316  0.30276327400592201  0.31117833325036232
  0.31928230834976262  0.32776548057920446  0.33732502146960514  0.34792410475594382
  0.35880773116384829  0.36926407628468022  0.37970679373385385  0.39018881459217347
  0.40027419089318367  0.40935428520617756  0.41796953096119510  0.42671400858047870
  0.43590744076520699  0.44550727073093060  0.45515476106431002  0.46487224033408658
  0.47239569407066262  0.48045218808494045  0.48849898326395369  0.49613533258302750
  0.50554528200830151  0.51812435397864343  0.53204716884893544  0.54621410245119262
  0.56019336055009039  0.57444822752626301  0.58854676785080384  0.60393515037673207
  0.62049078505205835  0.63652857904275517  0.65043449112233631  0.65920005396128378
  0.66889612547649790  0.67987519529683615  0.69235889412814089  0.70548155546267699
  0.71535805565972899  0.72516658945223522  0.73532523287950247  0.74544758528749622
  0.75549993712211072  0.76540513539926747  0.77497614324614583  0.78502127084029982
  0.79492032960922032  0.80426206118789068  0.81948615636339239  0.84115162600765980
  0.86379928589353339  0.88399696461528132  0.90355911192952798  0.92315284194282621
  0.94225701768068448  0.96189987557425904  0.98130917897209136  1.00000000000000000
 -0.00098738442127067  0.00565484680050098  0.01126356007829114  0.01707173981376562
  0.02177716674851465  0.02700354406513100  0.03277038079106966  0.03919121553537769
  0.04711285608958604  0.05357187158398707  0.05897124731620395  0.06629234031767360
  0.07732520116363438  0.08796116015426712  0.09805515842308375  0.10965940214638237
  0.12230690865825640  0.13321839732113011  0.14345555555197290  0.15611323739188832
  0.17126367166998674  0.18289487379541533  0.19224843676936898  0.20032423369966132
  0.20811675322562070  0.21658980172757897  0.22655795018050490  0.23804817512974172
  0.25006745167967381  0.26231605430613075  0.27530588297675640  0.28901541751960469
  0.30219511120892728  0.31523403416200696  0.32804912121712354  0.34067944463153721
  0.35292305457352763  0.36393579245226798  0.37034851934686330  0.37493836366231587
  0.38065716587578025  0.38602479131315875  0.39125951770511996  0.39711812925314305
  0.40296040702501762  0.41223626448363693  0.42563179491606928  0.43983280673229896
  0.45366723155334782  0.46649655024652897  0.47981817421714335  0.49388135010495016
  0.50733081308509764  0.52094416492354545  0.53527252225656052  0.54757974210406901
  0.56063687757330682  0.57192489191461349  0.58272246069018152  0.59296118038296020
  0.60276868663569982  0.61108396938107434  0.61881616777974968  0.62645252312014743
  0.63529571187281930  0.64493868388081810  0.65338499894480040  0.66102536141199508
  0.66854095029488347  0.67696229883775849  0.68571129876691295  0.69418370645759031
  0.70185706376410961  0.70733883479952020  0.71691632858004462  0.72820728071669294
  0.73976718395538299  0.75189067583421498  0.76560479148402583  0.78137634815518731
  0.79707495242204796  0.81045448966796119  0.82173085958332670  0.83298488320569541
  0.84506651055484838  0.85911104506325053  0.87204373876728714  0.88410258788162421
  0.89628621868182845  0.91038721602172090  0.92834854936820033  0.94809782932491282
  0.96793294602828728  0.98055032080690840  0.99088510105891781  1.00000000000000000
 -0.00377430626490317  0.01110853767331536  0.02317603127635045  0.03409280687862439
  0.04519929107018125  0.05714573104768483  0.07007566796022423  0.08471805603647818
  0.10042069357186795  0.11647101308705754  0.13177646704332033  0.14438100566696191
  0.15343902333555842  0.16083433585447926  0.16879954078308501  0.17727646688910742
  0.18566281424987138  0.19317107105408837  0.20055703191679461  0.20871715913869174
  0.21990725362516525  0.23117626306610345  0.24190618759726559  0.25287561764543254
  0.26530507862320990  0.27837867354753004  0.29163305037872983  0.30572651327879047
  0.31997945395646193  0.33299891794912850  0.34609228794006341  0.35733314724541504
  0.36765753765263753  0.37953449000100364  0.39180991080506417  0.40322026070528866
  0.41158097611340561  0.42074766460350577  0.43112946865615798  0.44129403281335172
  0.45180712320793065  0.46295141178043309  0.47484814761582123  0.48744890999261536
  0.50296336972695954  0.51738097494662794  0.52844961807217128  0.53900991997659842
  0.55046784029424811  0.56332125777629816  0.57758360089294503  0.59218947207295902
  0.60653513005173088  0.61889403570505075  0.62928650803017794  0.63915401461594779
  0.64942463055513255  0.66020704720116308  0.67383737395690446  0.68762264343229507
  0.69843823290819607  0.70769536808747646  0.71759020110914351  0.72830050337019203
  0.73981129526041711  0.75023302808226933  0.75875812349292882  0.76732774933179737
  0.77418478623982889  0.78295887144788867  0.79068570982549391  0.79580952004007688
  0.80221832446515440  0.81080458070660788  0.81853886461648928  0.82383221457308897
  0.82855122993936703  0.83368493755602036  0.84003088641576951  0.84716054158750587
  0.85490839599936119  0.87043732298149912  0.88238939858334919  0.89157750819644377
  0.90158757032133507  0.90970039875519126  0.91649180274137032  0.92250702082490554
  0.92864178316235602  0.93472328258557180  0.94185586503528806  0.94909577050412386
  0.96039634150749542  0.97484175578900656  0.98832521131192219  1.00000000000000000
 -0.00182025403021277  0.00924839159584536  0.01765153603228847  0.02599959407512669
  0.03440058202706375  0.04286757944747947  0.05529190266315882  0.07004922485981729
  0.08384294541739860  0.09649075499831761  0.10978379633792719  0.12512889675165212
  0.14095742218631296  0.15411345823221220  0.16488174328101979  0.17446612900709671
  0.18366061784087115  0.19173638219257838  0.19952157868708498  0.20727360885522433
  0.21492501477550130  0.22379463470658842  0.23465909637687760  0.24544973892767663
  0.25824720987033623  0.27388980822100167  0.28990909572752960  0.30363925023514915
  0.31520438861417938  0.32595478944293693  0.33754630428780863  0.35089390792812775
  0.36562964337640019  0.37980186424360080  0.39199227150887606  0.40187154062500663
  0.41244625199764162  0.41930410700986520  0.42488901939050161  0.43053061735936843
  0.43755501769190197  0.44455255478920075  0.45165025138129344  0.45943831342178243
  0.46724668399336217  0.48170307527116601  0.49594189099902469  0.51018234034702048
  0.52264808456573153  0.53292772764767038  0.54223783050771523  0.55163587809198356
  0.56232680839928828  0.57050290521059488  0.57706902431637108  0.58336254768465279
  0.58955205728595295  0.59585853908241748  0.60318552106453571  0.61006461871950912
  0.61550164539868346  0.62082729729012054  0.62756692911394008  0.63588670706918182
  0.64452766494887959  0.65438530998600652  0.66491072047036948  0.67624212431274822
  0.68807573996607374  0.69946411472560677  0.71071964469301907  0.72149940416672698
  0.73359503677773130  0.74564227224869195  0.75591272473831517  0.76593105688936125
  0.77627531108389314  0.78733119756610614  0.79837898716426248  0.80795714663766105
  0.81880535430220081  0.83020535646040738  0.84198983239790626  0.85443425899467573
  0.86293786094447800  0.87209634318152407  0.88179900061675986  0.89179806827580133
  0.90212503215020945  0.91298973254346705  0.92444184541016416  0.93700557340775281
  0.95134286917616806  0.96653905630478854  0.98186667410423067  1.00000000000000000
  0.01587656096093323  0.01855822818105256  0.02150096701267977  0.02566977973313207
  0.02959024977307802  0.03270509673421820  0.03459663525840923  0.03661507021280282
  0.03844793005514478  0.04051878890887886  0.04334363757963149  0.04630367513550756
  0.05004103018793769  0.05348980398841278  0.05664630107493931  0.05989630133989119
  0.06336458683705148  0.06649712540889365  0.06908682742583587  0.07166124517252732
  0.07481639107143220  0.07843385135499763  0.08169765728848062  0.08527691515464154
  0.08999466921096082  0.09459956914050238  0.09934692373034960  0.10427461158149463
  0.10894123309189681  0.11367198764911911  0.11853672821359318  0.12384365526041764
  0.12993997886479380  0.13597465261018393  0.14193339764918075  0.14860896967039605
  0.15664539448553849  0.16449255624875950  0.17200215778069683  0.17937293365227361
  0.18719352376928169  0.19529812157497495  0.20390795522267749  0.21269290451369277
  0.22154570584891767  0.23033411869755471  0.23759792207335609  0.24326822776289508
  0.24844597900606069  0.25369605834526349  0.25969359699937378  0.26698219160754555
  0.27392366283520897  0.28071717216489878  0.28698250379575141  0.29412330271288573
  0.30254642822167310  0.31142440785864556  0.32130565383367277  0.32785370279514037
  0.33316262763343851  0.33868625816670450  0.34412088803957969  0.34969727534210132
  0.35490907528475957  0.36060279510638094  0.36922625717457197  0.38093119952338778
  0.39249304833380227  0.40300786620773904  0.41255353127022765  0.42190167947905338
  0.43138293653542953  0.44207758992041490  0.45403689442578382  0.46724410011101952
  0.48238304178415581  0.49665039037532915  0.50978985040838953  0.52291089462932705
  0.53591944153894777  0.54926804011197305  0.56423009238673438  0.58054729704066621
  0.59680056279704496  0.61688472838052000  0.64250899874160394  0.66741534371551725
  0.69084041903411730  0.71769071160347064  0.75054344094053416  0.78990902059270141
  0.83110237968272704  0.87147775202680400  0.91880620910942923  1.00000000000000000
 -0.00403139512965874  0.01716214549248250  0.02766426791453641  0.03581743404201047
  0.04321526489115178  0.05075473572672337  0.05844202986405337  0.06529163498791880
  0.07130392867134670  0.07718777735646089  0.08524053101010190  0.09471059686193178
  0.10418507742965935  0.11258855800396624  0.12060211673209414  0.12988874562042335
  0.13947848187758635  0.15084127237367154  0.16440009203826111  0.17388450503667627
  0.18030497112931532  0.18638455240452273  0.19169969196371597  0.19676896622863613
  0.20174225532487131  0.20608550274950010  0.21420251449984970  0.22354886895858059
  0.23385386849893289  0.24630120797715949  0.26374608358874724  0.28306337367426004
  0.29652685666497530  0.30924125832555116  0.32157300609297840  0.33499349494342018
  0.34872643228974898  0.36763672055749069  0.38341348801687747  0.39731373323268421
  0.40934256180846934  0.42032003208198837  0.43124704633831107  0.44214871962894914
  0.45245866773281668  0.46271632433427212  0.47451344082820790  0.48635416819387800
  0.49835054719090849  0.51198782777637242  0.52552394669326952  0.53821777161336015
  0.55113343814615867  0.56394319590937336  0.57672552433088398  0.58897275635017787
  0.60092415937891819  0.61299350078305315  0.62453794376178473  0.63428224366003605
  0.64487062691714570  0.65619333310259598  0.67064063785230332  0.68645233561693575
  0.69828841880737047  0.70943698242069619  0.71967690572945175  0.72871965882717049
  0.73657593429524026  0.74386751043432320  0.75255302179347983  0.76318353151600959
  0.77518584652143718  0.78765323898450856  0.80117102889914149  0.81504323318041427
  0.82660444950718603  0.83443652131130241  0.83978095991673762  0.84404899702736080
  0.84888257184135207  0.85405889043681360  0.86044805161512139  0.86745761030267965
  0.87417210429326475  0.88050437658219782  0.88643996159526062  0.89362123605262977
  0.90575958249900212  0.92551681141512598  0.94401700443771741  0.96058076892185029
  0.97173718053948099  0.98197338349866237  0.99137675482459942  1.00000000000000000
  0.64555678193974375  0.67682225196759382  0.69860390816468743  0.71558213318759534
  0.73108195175559698  0.74682198263720012  0.76408868638410576  0.77975681351223858
  0.79380390905591069  0.80794046725815805  0.81940569881921155  0.82938267481285377
  0.83981352157566147  0.84894495409610327  0.85775032915290739  0.86575380916728228
  0.87362167670898372  0.88112828049813430  0.88837316440950254  0.89458908428745065
  0.89964486714487857  0.90434813986417151  0.90936818006864428  0.91446351848235463
  0.91834016439253774  0.92078750423121336  0.92318986198544661  0.92574960889818048
  0.92837759740503645  0.93102783484431373  0.93363427354659900  0.93643532845342647
  0.93897120673630630  0.94109454508164070  0.94301658617562667  0.94487003764715261
  0.94674696105189204  0.94865444003268351  0.95057012306020605  0.95232840578673883
  0.95383130045819775  0.95529895720106794  0.95662938879910753  0.95791443026995593
  0.95901562358100345  0.95982661276656178  0.96055021762434001  0.96126262466694379
  0.96184973156226550  0.96247416951393927  0.96312609705200269  0.96378707676397979
  0.96447103676399570  0.96510743300156332  0.96568941507007411  0.96622684542081594
  0.96672065682701636  0.96719884321482463  0.96766381301777205  0.96807405987048867
  0.96847928392729321  0.96888383190528882  0.96927889273778911  0.96971833031844701
  0.97025979594136991  0.98187636853493987  0.98224985933911590  0.98252514383653444
  0.98277524473010636  0.98301424641265722  0.98324432861463307  0.98347029737916236
  0.98369145352218479  0.98391039367192268  0.98413601695738206  0.98438544314700249
  0.98466845137074466  0.98495527275483408  0.98525154009762750  0.98557644713817594
  0.98594701626086501  0.98632233971713956  0.98674216393269643  0.98720423284248193
  0.98770506223056376  0.98826911074255319  0.98886513879674487  0.98958776463506792
  0.99034171152737649  0.99110232589789160  0.99190909319460485  0.99300347082684293
  0.99427225129966512  0.99573268364280398  0.99751890643858054  1.00000000000000000
  0.09510070271152758  0.12264546441965893  0.14057542841333631  0.15823833867391324
  0.17230169070549614  0.18610150071062398  0.19550585169872584  0.20322060904385619
  0.21046355740547740  0.21824678543107398  0.22610878668115467  0.23193339515648145
  0.23627005309446161  0.24096287574285749  0.24577378225086546  0.25007519835750891
  0.25368025662603388  0.25726270730483275  0.26096671167636970  0.26450131152587791
  0.26823165649968922  0.27164544772245397  0.27488939416889024  0.27818861111357202
  0.28137763633923812  0.28442471462238111  0.28766604540593105  0.29166296729992175
  0.29704887313089745  0.30225303114356650  0.30721729607977916  0.31205597145173269
  0.31859498320861585  0.32520131919632544  0.33206136097432315  0.33846763779727979
  0.34495181753022314  0.35105892415836110  0.35598700454749388  0.36039393358254346
  0.36468869959231981  0.36886461158611389  0.37290360340108414  0.37735576033166363
  0.38225736080907868  0.38642510357342019  0.38939246919121157  0.39264053183254977
  0.39601879752824054  0.39978615590642497  0.40450312499097724  0.40884548475934185
  0.41448845854130117  0.42018301020752213  0.42541504716065431  0.43037064847118411
  0.43569821686396282  0.44100665901447794  0.44674767050439923  0.45300293997783148
  0.45919329743797765  0.46584011797382385  0.47292641797217622  0.48031967638812972
  0.48755764624206410  0.49386718646389727  0.50003488588554068  0.50616759681215950
  0.51225020110099484  0.51954189674840834  0.52786780091166163  0.53732627275014277
  0.54747080846580387  0.55419772195510852  0.56100533888432846  0.56702944356259677
  0.57304650714882333  0.57986393221425470  0.58761054509332789  0.59496777417429769
  0.60342424952370399  0.61255317161406297  0.62184386961723093  0.63111165915649892
  0.64053083050926685  0.65100141972626302  0.66241106407658978  0.67457466281829703
  0.68747634276589387  0.70165369764294006  0.71895502370960540  0.73756328957801731
  0.76847740846006818  0.82084661980472107  0.92559841946840316  1.00000000000000000
   3.3167364146147815E-019  -1.0000000000000000     
 F F F F F F F F F F F F F F F F T F T F T F T F T F F F F F T F T F T F T F T F F F F F F F F F T F T F T F T F T F T F T F T F F F F F F F F F F F F F F F F F T F T F T F T F T F F F T F T F T F T F T F T F F F F F F F F F T F T F T F T F T F T F T F T F
  <DiscreteSampler_grid>
  grouped_processes
  1 # 1 for a reference and 2 for a running grid.
  10 # Attribute 'min_bin_probing_points' of the grid.
  1 # Attribute 'grid_mode' of the grid. 1=='default',2=='initialization'
  0.0000000000000000 # Attribute 'small_contrib_threshold' of the grid.
  0.5000000000000000 # Attribute 'damping_power' of the grid.
 # binID   n_entries weight   weight_sqr   abs_weight
    13   10   9.682789130816132E-012   5.195029781756340E-022   9.682789130816132E-012
    14   10   9.682789130816541E-012   5.195029781756601E-022   9.682789130816541E-012
    25   10   1.603741725400497E-011   1.354557559049029E-021   1.603741725400497E-011
    26   10   1.603741725400020E-011   1.354557559047154E-021   1.603741725400020E-011
  </DiscreteSampler_grid>
