  0.00000000024883373  0.00000000033758182  0.00000000041916806  0.00000000050097841
  0.00000000058117212  0.00000000066211731  0.00000000074398082  0.00000000083350567
  0.00000000092177708  0.00000000101115143  0.00000000110134260  0.00000000119031732
  0.00000000128358587  0.00000000138072284  0.00000000148157903  0.00000000158691243
  0.00000000169537058  0.00000000179954659  0.00000000190169207  0.00000000200170524
  0.00000000211046126  0.00000000222773258  0.00000000234482113  0.00000000245572632
  0.00000000256918964  0.00000000267910032  0.00000000280363141  0.00000000293331142
  0.00000000306533582  0.00000000319780523  0.00000000332851667  0.00000000345692972
  0.00000000359699046  0.00000000373691013  0.00000000387424773  0.00000000401091879
  0.00000000415014774  0.00000000429330488  0.00000000444051924  0.00000000459170598
  0.00000000474307122  0.00000000489061771  0.00000000503522746  0.00000000518659506
  0.00000000534013866  0.00000000550103823  0.00000000566168050  0.00000000582603091
  0.00000000600093794  0.00000000616888353  0.00000000633176821  0.00000000649219102
  0.00000000665570634  0.00000000682364445  0.00000000699593764  0.00000000717437996
  0.00000000735778457  0.00000000754776184  0.00000000775236877  0.00000000794765036
  0.00000000814475381  0.00000000834130887  0.00000000854656764  0.00000000875316162
  0.00000000896146134  0.00000000916970539  0.00000000937181388  0.00000000957333498
  0.00000000979252880  0.00000001003882270  0.00000001029494888  0.00000001056012401
  0.00000001082930570  0.00000001109313957  0.00000001135983813  0.00000001162917938
  0.00000001190152628  0.00000001218282874  0.00000001248675230  0.00000001283585641
  0.00000001320669747  0.00000001359212002  0.00000001398520909  0.00000001438181119
  0.00000001478416959  0.00000001519395694  0.00000001562297767  0.00000001612218460
  0.00000001669938038  0.00000001738056286  0.00000001813206719  0.00000001904352799
  0.00000002018300295  0.00000002223589245  0.00000002370563465  1.00000000000000000
  0.00944897811218716  0.01686026422996674  0.02506849932848695  0.03525420767653151
  0.04534204600616741  0.05615845591678173  0.06641919066527396  0.07681687173338504
  0.08641908435362460  0.09651535345153373  0.10628438855866776  0.11642738307224200
  0.12670781755539881  0.13731019116014453  0.14848743607263101  0.16022021669599359
  0.17131754084612127  0.18208654783294148  0.19272700943508284  0.20311585393242512
  0.21284570564148303  0.22224793113868638  0.23194903935255401  0.24199729914607246
  0.25209913247907417  0.26242816004412228  0.27302151209191039  0.28366980343668824
  0.29394936622672835  0.30406990681502166  0.31403222675505565  0.32405106715904314
  0.33459602529256621  0.34548983449061021  0.35622402685801413  0.36641992104367260
  0.37618820081811777  0.38590740051925371  0.39560581879766260  0.40534434408332382
  0.41503548359974057  0.42464432730396928  0.43412484832254711  0.44399165034717181
  0.45439828489022577  0.46525758407301165  0.47612113626689961  0.48689341707794909
  0.49770191747008308  0.50793679607627373  0.51790196600198113  0.52808311872919433
  0.53826514122414226  0.54880256200865163  0.55950139477272065  0.57026300909882632
  0.58082896624200320  0.59123779837215695  0.60183821062664022  0.61264816190405014
  0.62371930386896046  0.63495242223988102  0.64592601539073491  0.65636213126789744
  0.66665520662578470  0.67701181725916182  0.68761899344183075  0.69795745756052419
  0.70806700649187915  0.71811125391312114  0.72814682913812556  0.73859698564447818
  0.74874620271505665  0.75957653925535740  0.77043307679811524  0.78086871241178302
  0.79116417398595584  0.80119718586680078  0.81187413990710500  0.82270267417229448
  0.83350696842196192  0.84355915833951822  0.85296969359393537  0.86265300202607842
  0.87303697357401910  0.88427011569009972  0.89544271528410269  0.90713587546140950
  0.91747246874025612  0.92744235769455152  0.93743899395302566  0.94829973795708222
  0.95927894880126163  0.96949622378243816  0.97992812745066804  1.00000000000000000
 -0.00168557450848220  0.00978823913420888  0.01969353908660219  0.02985644977562170
  0.03964063564669416  0.05019527933785892  0.06091324301829047  0.07215255170784654
  0.08346628776634292  0.09476159174875727  0.10542484883615987  0.11514134560169215
  0.12483347204474539  0.13464390526318648  0.14453799052502797  0.15493366649543150
  0.16540744842720034  0.17699248451358202  0.18866485507144776  0.19987973548324517
  0.21067778746966070  0.22097513159761811  0.23091526825628705  0.24062720197114737
  0.25023038554354587  0.26070110296953591  0.27108109682188219  0.28177501374824127
  0.29265387358063388  0.30375539258252954  0.31463299072129208  0.32537256887356475
  0.33581596911157341  0.34631581763170721  0.35668361496702800  0.36726116582512242
  0.37802358488169097  0.38864433040824720  0.39935036723340722  0.41020869679643890
  0.42160038566756974  0.43316510090626520  0.44406939402345658  0.45414910970827249
  0.46446604785301465  0.47493420706134687  0.48528675125743626  0.49552903616427879
  0.50646031352080800  0.51812578972573564  0.52897245448673202  0.53976516420868548
  0.55063984624220330  0.56181615792495376  0.57164445904254257  0.58197310893353671
  0.59237596747519627  0.60299917210721499  0.61285954295591238  0.62258252266819747
  0.63216699933993081  0.64194195019853950  0.65183289761082153  0.66221341962655811
  0.67275539939256246  0.68348205978599341  0.69393039440525539  0.70428496102505711
  0.71451549905870582  0.72470084890900432  0.73471229665025928  0.74444903150744579
  0.75432223724950043  0.76436990103828240  0.77492903968433946  0.78552642763260749
  0.79596316971058911  0.80617757038966098  0.81642531920985972  0.82677827726034392
  0.83701529429207333  0.84720796796194897  0.85738133281973605  0.86772105611229744
  0.87768890295330049  0.88774855655764673  0.89807657891105064  0.90940791254667486
  0.92075000616140767  0.93207779955563141  0.94310056844500334  0.95443393296979195
  0.96535477320982266  0.97648645982788118  0.98781319109353416  1.00000000000000000
 -0.00210455870485937  0.00938258296463166  0.02003889923343152  0.03104953206288215
  0.04256252710320273  0.05451698288852153  0.06634135361799216  0.07754771940904490
  0.08822584977417368  0.09839747836919410  0.10834136618895587  0.11829065709262826
  0.12790481391785263  0.13748701715509232  0.14713252593995285  0.15725789578714022
  0.16759295716520645  0.17797238396513956  0.18817846463814059  0.19812951407637278
  0.20825567140026377  0.21860623453736330  0.22895206917466812  0.23928835648225022
  0.24964498902232132  0.25988605701432188  0.26987679322536706  0.27964100399307218
  0.28904213212505686  0.29827026315146077  0.30785092971934697  0.31836798370753505
  0.32926727989625787  0.34010514082535881  0.35067895567705110  0.36161153369443177
  0.37286961556294196  0.38429373079173085  0.39561223075020618  0.40597838440812856
  0.41618011372733321  0.42584619635871729  0.43598155354978319  0.44568350699940568
  0.45530769647850267  0.46496760827738975  0.47469903149566745  0.48429688353077327
  0.49388873650548448  0.50336358043979557  0.51352587296632779  0.52352566520850741
  0.53369400925262112  0.54409040597338076  0.55446193696115764  0.56530267744883977
  0.57561439517520141  0.58614959672689437  0.59741768223202540  0.60850340594900820
  0.61895638245459561  0.62913238736050747  0.63946680224089059  0.64923694050375647
  0.65869007721798167  0.66859812111606809  0.67917353842179828  0.69016799852489330
  0.70112308305078708  0.71168216060753808  0.72161439253786019  0.73149612142867615
  0.74145813220637602  0.75181792319693119  0.76218236940102468  0.77276598014236642
  0.78390884437892161  0.79516477223188131  0.80645844886120888  0.81745565943619469
  0.82864969869537675  0.84005927733042918  0.85158909448213527  0.86374743733323944
  0.87568353681669675  0.88688237276172721  0.89799983929925276  0.90924637351204141
  0.92070810903195643  0.93227566445231613  0.94447515858102027  0.95690644926712942
  0.96806286813186149  0.97873541750245496  0.98928703436486287  1.00000000000000000
 -0.00141824261153507  0.00944869615822142  0.01973396920306057  0.02980646749539375
  0.03964248808693302  0.04945969479793481  0.05925248710722250  0.06978956990688356
  0.08018063564458927  0.09137758561729509  0.10288622648499743  0.11354603624718727
  0.12405499926924318  0.13383627273897877  0.14373075684100381  0.15388129164898823
  0.16426313406619239  0.17515936490341635  0.18587118227117796  0.19682338761909637
  0.20761604609944931  0.21823393212892092  0.22861270086201896  0.23898684880609367
  0.24991339408784585  0.26080650964655083  0.27177089899220808  0.28247789582231742
  0.29317107813561927  0.30395320268650633  0.31507182463993250  0.32624539247074258
  0.33732929403142575  0.34840071233443198  0.35948170319636180  0.37109122622247348
  0.38271892665584928  0.39401776335524913  0.40457526126112647  0.41477794498056952
  0.42487658943141410  0.43486378264201297  0.44485178774385387  0.45409181336397336
  0.46310084615294711  0.47217308024635885  0.48223782393698833  0.49336741682244944
  0.50460523132663326  0.51573379679587916  0.52670310751862359  0.53757562787069368
  0.54830251177908929  0.55952273412569897  0.57052464386953472  0.58132644712802473
  0.59184445576652400  0.60243503081128613  0.61275826959197721  0.62261552846684098
  0.63254506442884884  0.64276769651798404  0.65339889713717536  0.66407006662685919
  0.67429680986812879  0.68461743455602431  0.69452765732588639  0.70490629865922372
  0.71533828480824047  0.72621784623106578  0.73667895434925756  0.74721015721232231
  0.75786339601135155  0.76836814475336679  0.77911719726108675  0.78985794906657181
  0.80165517820093934  0.81311364638555750  0.82434675486783193  0.83552763690702925
  0.84686405093432804  0.85756357559814322  0.86840991343651963  0.87908072892806499
  0.88999174750433241  0.90060183076932820  0.91113192592587078  0.92154414586321465
  0.93198578026555701  0.94210267246352120  0.95216659499793321  0.96197703321888350
  0.97176200232308718  0.98106983676626580  0.99062570582006804  1.00000000000000000
 -0.00237816971826609  0.00886943909820330  0.01905152611374721  0.02986275379992967
  0.04115721961843680  0.05265948139006212  0.06415263082062012  0.07500363644685044
  0.08561274899127329  0.09624341355293323  0.10633826623981991  0.11596513207282372
  0.12590871176320373  0.13610353165287728  0.14650317852495945  0.15682480713788813
  0.16788462879728644  0.17845630306295163  0.18882412658139150  0.19888977289088300
  0.20932890552437516  0.21968699567302866  0.23065820930206007  0.24174580053635109
  0.25285849467484339  0.26370629146518371  0.27422984509776754  0.28436957812157521
  0.29414354112934010  0.30348085928869428  0.31315378614346229  0.32286071533523147
  0.33329114797815762  0.34359191250086907  0.35357746345016744  0.36372464098771584
  0.37453337997248431  0.38583405914585289  0.39712157423977773  0.40803317802737460
  0.41861455123360003  0.42924733124909031  0.43974876230340193  0.45042585997751117
  0.46090162585127420  0.47150867501017174  0.48238179638794521  0.49336109126816485
  0.50422147644282334  0.51489369388797912  0.52499477918092685  0.53451446998775154
  0.54389225360136484  0.55358554763476409  0.56363722188648591  0.57365413438943702
  0.58400367736863557  0.59467658175873428  0.60581046134459893  0.61730488670140859
  0.62903488688626785  0.64115222634275126  0.65278011764271704  0.66431958629091903
  0.67470107065719021  0.68506781889884738  0.69535990017790950  0.70554369777320236
  0.71587320406920596  0.72648550290820169  0.73766157604779903  0.74867147867095230
  0.75963312697669627  0.77064147300537644  0.78159601719841265  0.79216034069542507
  0.80271260095020702  0.81324334609315385  0.82354804536591009  0.83376647772180423
  0.84493782060147071  0.85626063452859680  0.86774429041608470  0.87919280606571948
  0.88983959380431621  0.89994286412850144  0.90979989429149244  0.91953191374709686
  0.92932331917161426  0.93897871987904913  0.94920191520826236  0.95957215265440432
  0.96978647410613450  0.97998220477639064  0.98993438511289600  1.00000000000000000
  0.01473461544282001  0.01757527693859423  0.02165647604575070  0.02689383674900592
  0.03205535590513283  0.03720503989944389  0.04213737278512992  0.04688576155224492
  0.05155426749689223  0.05612606603942095  0.06060050519471488  0.06510112590933290
  0.06962991598401516  0.07431455036088271  0.07902853375061465  0.08405568640391170
  0.08933299750322540  0.09466324448198968  0.09999267990748092  0.10543304370930406
  0.11111219231828842  0.11687087905910137  0.12268391913748211  0.12842369128239189
  0.13419450056177742  0.13979034963647455  0.14527456540455627  0.15085425853779469
  0.15648975744841800  0.16216689993775507  0.16803941160255176  0.17397636969604749
  0.18018261337677158  0.18653180084145862  0.19304111952658898  0.19969979243662614
  0.20647764986722816  0.21319621105390954  0.21971525996146357  0.22608409990450143
  0.23224809081010625  0.23860922361111267  0.24516391196819756  0.25177126559976692
  0.25811953326189796  0.26437950468068722  0.27062447871894513  0.27691889397311503
  0.28344001317940803  0.28992564453855252  0.29663709123654752  0.30342530404304779
  0.31029686633734127  0.31734256142242001  0.32456352664459914  0.33190380357098925
  0.33963321146602021  0.34699305714907142  0.35430287347551004  0.36170600258194574
  0.36937572381653178  0.37730858503319514  0.38532981577559744  0.39334329120419853
  0.40144503633641881  0.40979754618149855  0.41871937442794116  0.42827029435069708
  0.43770014479020014  0.44662128285559893  0.45539864806136954  0.46459299387949776
  0.47435315774770875  0.48477903980543668  0.49486852279746896  0.50531772136732023
  0.51604166172226773  0.52758548958651974  0.53954193669608908  0.55157351226700135
  0.56434334217659998  0.57843776440721673  0.59309621426771397  0.60801213325537473
  0.62401155658959906  0.64078919629943853  0.65861744232512087  0.67768032485812224
  0.69752456802945861  0.71871095382197403  0.74185155556521454  0.76803445303425288
  0.79985952968770146  0.83807984052171458  0.89293977318998141  1.00000000000000000
 -0.00267010276073324  0.01071046591518511  0.02147301170032777  0.03151451355888605
  0.04179472496297965  0.05179471624313746  0.06229096461386167  0.07244417326371816
  0.08268255228786425  0.09304696669748014  0.10355054641601875  0.11442788774050060
  0.12545218024675928  0.13598002528288525  0.14638016143359792  0.15685553330933777
  0.16751622869255495  0.17850303397925513  0.18964609390380016  0.20103824817588345
  0.21211432862859497  0.22291948902803274  0.23305657099406840  0.24302123815277404
  0.25338204198114539  0.26362701689037099  0.27383509953574892  0.28390725396860772
  0.29351715433091286  0.30312253411356682  0.31285668099892106  0.32294296806588219
  0.33340633361794730  0.34403020649541932  0.35483752322910611  0.36553662710456025
  0.37612239739664644  0.38661601441506827  0.39687813675005085  0.40701257869522200
  0.41749829891428208  0.42873455363253182  0.44023758631578097  0.45099079450590185
  0.46146153261126194  0.47185006054608264  0.48259982021273884  0.49294434508757584
  0.50311047649043183  0.51311855895434877  0.52320971600446764  0.53319973007178789
  0.54341644730499317  0.55340336022675729  0.56330106015611392  0.57328044446086257
  0.58320942870355141  0.59352865103847796  0.60383443889257937  0.61453542693637342
  0.62517874732086065  0.63550659565992307  0.64574234968221722  0.65623662276975692
  0.66704043760113396  0.67784317842420116  0.68902110089223889  0.70078270772832318
  0.71259902288851673  0.72358194207132187  0.73402731526178755  0.74411336215830892
  0.75462328141140045  0.76541232891430588  0.77657884775562591  0.78776292230532197
  0.79929486309554998  0.81109219690478929  0.82229439427613660  0.83284973003146201
  0.84279883124267829  0.85334404472570524  0.86381204618414587  0.87411916241144783
  0.88393347673881895  0.89338203141739925  0.90288329653630728  0.91302172670226589
  0.92411527675409155  0.93495585749795218  0.94533249975164413  0.95549578270279967
  0.96617864844709211  0.97770688120580618  0.98878995506834599  1.00000000000000000
  0.02500916089006399  0.03081820978871900  0.03928262061758240  0.04853002543434577
  0.05810386697793159  0.06776062644134090  0.07790064128150176  0.08826267248536425
  0.09948345982067315  0.10960480462817998  0.11969662494303220  0.12963566867515455
  0.13970447183365250  0.14952147583999506  0.15934115469322405  0.16931400544731404
  0.17927339888218921  0.18955156727613390  0.20035507081940293  0.21129456456807846
  0.22175848025528150  0.23180464134543463  0.24205756272993842  0.25238217033647986
  0.26233853862909329  0.27250700076072060  0.28253123158482957  0.29269198073364661
  0.30272919530652631  0.31283871218234172  0.32309071989743238  0.33347511962377352
  0.34382138414059171  0.35398346572985423  0.36410679596245327  0.37440975061132786
  0.38481283919959319  0.39505206501002377  0.40504816491018858  0.41483560400065506
  0.42440921308384699  0.43403370610893299  0.44410365847948985  0.45486211174290014
  0.46588549237960636  0.47673995471580816  0.48749633201493159  0.49773038906798728
  0.50753383760652937  0.51746640051102089  0.52737817800751785  0.53719329690544881
  0.54769178871063806  0.55902212733933598  0.57071492173470273  0.58231341448489726
  0.59298411086610447  0.60382955166971830  0.61425589875195397  0.62490189766142190
  0.63525295994750175  0.64519356528202709  0.65450456848077421  0.66371411966437732
  0.67288929859848146  0.68191353900073359  0.69101094669416718  0.70060416224091393
  0.71068838677014146  0.72107119798359665  0.73107495810520273  0.74092938736403424
  0.75081234155905074  0.76086320422709475  0.77073385800403671  0.78037127073332557
  0.78983729505747502  0.79924183987128028  0.80850560535912808  0.81772990433232884
  0.82710278665876147  0.83692063720719012  0.84629967920324500  0.85548647788027288
  0.86495479356514215  0.87487662099484431  0.88478465777263071  0.89466939053923222
  0.90493396894243516  0.91549999126272974  0.92686401210459279  0.93804681424967051
  0.95096075084544762  0.96365566537563996  0.97152969093286667  1.00000000000000000
  0.08983543612838725  0.13008626932218834  0.14958404404613859  0.16274634987276052
  0.17440720447356353  0.18584857087990628  0.19546884827181918  0.20470954045725720
  0.21354775721318689  0.22297496403726658  0.23157212006838113  0.23930404747594125
  0.24662805884389444  0.25388442309898518  0.26123565453814973  0.26865288001802801
  0.27607982903824008  0.28350856455561324  0.29094451770206869  0.29835722226779138
  0.30566681968934029  0.31276502440479059  0.31963649657136700  0.32631862729317695
  0.33293102160809412  0.33950423303290400  0.34595351823522241  0.35224046071110859
  0.35835680948440707  0.36445150436550888  0.37038469667465090  0.37636865510477108
  0.38223845750739266  0.38828866370975856  0.39428069573651092  0.40022162317437543
  0.40609325609877112  0.41195997056855677  0.41776059452798164  0.42342688195146844
  0.42902116995462930  0.43453309489442316  0.43993118038849560  0.44525410749755739
  0.45064731642968919  0.45605467609278910  0.46140282626884899  0.46667821233820428
  0.47188908743037772  0.47702898749898115  0.48215557952905447  0.48718002195056564
  0.49208607209370719  0.49699200343847350  0.50187781642764540  0.50688473703875125
  0.51179792817702674  0.51673359782362083  0.52187583040228147  0.52733020469546110
  0.53290171106014184  0.53809834440755555  0.54320865916598604  0.54832989184793401
  0.55347599814230242  0.55881880289240815  0.56432091813788732  0.56976143758896458
  0.57532315058461825  0.58081800191545319  0.58610259602267734  0.59154032489764696
  0.59715585703371776  0.60286043063224337  0.60881235345550577  0.61487295620606452
  0.62102127391530415  0.62735301100684138  0.63373773770573416  0.64004082203394452
  0.64633827516814213  0.65287826820174988  0.65985782693974737  0.66720759916272288
  0.67532621645806901  0.68358493239086326  0.69245527954811792  0.70158848966565657
  0.71154518599400118  0.72368612146953704  0.73724918858578703  0.75345880156115219
  0.77266476533632322  0.80193270451127596  0.88722562638277758  1.00000000000000000
   1.4492450809837082E-028  -1.0000000000000000     
 T F T F T F T F F F F F F F F F T F T F T F T F F F F F F F F F T F T F T F T F T F F F T F T F T F T F T F T F T F T F T F T F T F F F T F T F F F F F F F F F T F T F T F T F F F F F F F F F T F T F T F T F T F F F F F F F T F T F T F T F T F T F T F T F
  <DiscreteSampler_grid>
  grouped_processes
  1 # 1 for a reference and 2 for a running grid.
  10 # Attribute 'min_bin_probing_points' of the grid.
  1 # Attribute 'grid_mode' of the grid. 1=='default',2=='initialization'
  0.0000000000000000 # Attribute 'small_contrib_threshold' of the grid.
  0.5000000000000000 # Attribute 'damping_power' of the grid.
 # binID   n_entries weight   weight_sqr   abs_weight
    13   10   1.574795382946272E-018   8.323346043496019E-036   1.574795382946272E-018
    14   10   1.574795382946272E-018   8.323346043496010E-036   1.574795382946272E-018
    16   10   3.678843328744669E-018   5.321416930682555E-035   3.678843328744669E-018
    17   10   3.678843328744105E-018   5.321416930682377E-035   3.678843328744105E-018
  </DiscreteSampler_grid>
