  0.00000000005683285  0.00000000013334755  0.00000000019616578  0.00000000025801521
  0.00000000032453875  0.00000000039571780  0.00000000046923984  0.00000000054649556
  0.00000000062757276  0.00000000071429509  0.00000000080215956  0.00000000089403482
  0.00000000098889904  0.00000000108990752  0.00000000119243500  0.00000000128833454
  0.00000000139383398  0.00000000150281690  0.00000000161102432  0.00000000171964446
  0.00000000183458812  0.00000000195709268  0.00000000207969608  0.00000000220070237
  0.00000000232577316  0.00000000245352454  0.00000000258261995  0.00000000271046119
  0.00000000284317497  0.00000000297760134  0.00000000312058520  0.00000000326220986
  0.00000000340021288  0.00000000353940419  0.00000000368290928  0.00000000382004530
  0.00000000396072432  0.00000000410583322  0.00000000425578379  0.00000000440804268
  0.00000000455842915  0.00000000470626440  0.00000000485336965  0.00000000500095119
  0.00000000515328560  0.00000000532333470  0.00000000549306673  0.00000000566495293
  0.00000000583271655  0.00000000600397258  0.00000000617285346  0.00000000634301396
  0.00000000651546494  0.00000000669040411  0.00000000686845804  0.00000000704546091
  0.00000000722308082  0.00000000740123496  0.00000000758502147  0.00000000777409192
  0.00000000796662922  0.00000000816620631  0.00000000837369811  0.00000000858286069
  0.00000000878570593  0.00000000898238084  0.00000000919812445  0.00000000941519392
  0.00000000963968509  0.00000000987396942  0.00000001011628432  0.00000001036440044
  0.00000001061870237  0.00000001087985265  0.00000001113589730  0.00000001138537361
  0.00000001163426949  0.00000001193133722  0.00000001224717118  0.00000001257168907
  0.00000001290524751  0.00000001323811606  0.00000001357352989  0.00000001391536245
  0.00000001427170044  0.00000001464558105  0.00000001504351674  0.00000001550928542
  0.00000001608792194  0.00000001676660147  0.00000001748456754  0.00000001828579577
  0.00000001924318364  0.00000002052279985  0.00000002125187811  1.00000000000000000
  0.00975423371886624  0.01569754547407601  0.02498616975839388  0.03506959989009042
  0.04529758075946896  0.05615360434249152  0.06741728221233009  0.07862882275893182
  0.08946918589833935  0.09989753072634006  0.11018947558151544  0.12026445639493173
  0.13034524963819566  0.14027768463747087  0.15071331259149096  0.16111668668700929
  0.17166642056141651  0.18198070112649262  0.19224697909585667  0.20245314359477262
  0.21299924241885576  0.22364693583837372  0.23429355849058278  0.24473089656796182
  0.25494965444186996  0.26493062696787778  0.27492051393466144  0.28495236675458135
  0.29503848381739289  0.30522027538438140  0.31566672627333542  0.32628515698813998
  0.33687825130066779  0.34762066930208935  0.35823953901509564  0.36885210058347490
  0.37953715397882609  0.39017882801036557  0.40044479594903848  0.41065077362563296
  0.42142852616185289  0.43259902346261381  0.44345511072392019  0.45401881771305702
  0.46441477135565173  0.47495909108644874  0.48583470384481603  0.49695236654219199
  0.50782385800692242  0.51885000812418958  0.53059397913292616  0.54262084581851611
  0.55416767400985956  0.56524176978250196  0.57652557167946661  0.58768351133054819
  0.59893375276340655  0.60987264914124029  0.62085700285938150  0.63193642334122135
  0.64336570783898628  0.65509034847141190  0.66648275261644319  0.67734468460942332
  0.68791741128961326  0.69864410736042071  0.70947665116929559  0.72041356969306591
  0.73105846491578719  0.74128643591350640  0.75134291362999761  0.76145914725979502
  0.77189534055175235  0.78219473930756878  0.79243462259272490  0.80277634215525140
  0.81313247701210001  0.82362262506057682  0.83440778866238463  0.84494132515550391
  0.85516395463288852  0.86499529076548731  0.87507003015699103  0.88557248186606230
  0.89546939214331311  0.90540347093931683  0.91526917993664203  0.92562065209415401
  0.93541142343011452  0.94530226613443202  0.95501792799462781  0.96451890973991183
  0.97350946454953435  0.98278654190292447  0.99090647261715314  1.00000000000000000
 -0.00228030341674897  0.00935004797625529  0.01918414620801746  0.03038223997555665
  0.04197427930696514  0.05399855661624079  0.06627686259431360  0.07900524874400709
  0.09126267157853726  0.10290473719984715  0.11433936208556843  0.12550062864803213
  0.13677419963424350  0.14804268931514453  0.15934026958600817  0.17082942285107616
  0.18263751852098967  0.19419165433141786  0.20514086502043211  0.21612484923497080
  0.22660983551732108  0.23696973081546502  0.24721984815579548  0.25807393510377291
  0.26956859032782499  0.27966900577936621  0.28951299217819487  0.29921935227413193
  0.30920305654394897  0.31886334456146836  0.32841078596719447  0.33836026307576744
  0.34890596314648159  0.35916457154716253  0.36943095346483990  0.37994938909156556
  0.39035811242766333  0.40074520192979984  0.41141981057034327  0.42244739349643495
  0.43404539912539553  0.44619240270204152  0.45844306947582891  0.46950520966036280
  0.48013147361508335  0.49017981171795111  0.50009799788272624  0.51047865861693198
  0.52120856985043762  0.53238572827475006  0.54321813561755627  0.55448671633101054
  0.56574795804741007  0.57712684768494693  0.58861151873807627  0.59991318554997153
  0.61060779496774042  0.62081882748736850  0.63046313411743238  0.63946630357560497
  0.64842913697941540  0.65777302532497361  0.66747310806755145  0.67748630440710222
  0.68738581926855502  0.69722257369324792  0.70717510586504473  0.71719561203429860
  0.72769889257503850  0.73750393660494973  0.74702751519752808  0.75658588566373675
  0.76629639691101292  0.77613913547423319  0.78567001672274672  0.79525778122135193
  0.80472204102221701  0.81417919904868985  0.82399971605201749  0.83423238987815462
  0.84483230106808127  0.85539013731725788  0.86566239115728838  0.87551884432745719
  0.88519085125153785  0.89504296103732806  0.90543264508874011  0.91609517904797977
  0.92681234084430086  0.93750663990581307  0.94801861504338836  0.95856288762738673
  0.96840352582531108  0.97863276635749552  0.98923556442013916  1.00000000000000000
 -0.00231395094910790  0.01003084397580254  0.02006691549600681  0.03005249073462864
  0.04005654965419423  0.04993465504016850  0.05998439771770699  0.07051755942617319
  0.08187000422693375  0.09292790163457428  0.10397392181948674  0.11467731913772235
  0.12566844156979401  0.13601309344818879  0.14645625233696732  0.15726440581197748
  0.16845300976398536  0.18033096261386161  0.19135139066012610  0.20202535133487448
  0.21243248913830215  0.22263820106594209  0.23275633780218785  0.24254528909919604
  0.25233040769586523  0.26236103555491186  0.27232411872425821  0.28260602055301509
  0.29278355840952863  0.30302088838608487  0.31333039461354795  0.32384947639731654
  0.33454828938410042  0.34490939030478762  0.35519738909301485  0.36543655336746961
  0.37607299293264573  0.38670013373656625  0.39750345728328196  0.40840175770464227
  0.41911549025928441  0.42966901512369199  0.43988189365860220  0.45002448800052469
  0.45970618888517939  0.46957508328031283  0.48005177624891671  0.49108756131061176
  0.50151074138616503  0.51103021742633015  0.52058506600157761  0.53055246340441531
  0.54149472504952278  0.55200832201086791  0.56259166321426057  0.57339167380402567
  0.58445166877001131  0.59508024090721823  0.60582599139402138  0.61693907317498542
  0.62784904636263628  0.63822231907689309  0.64866041211008174  0.65975143213209608
  0.67154473339274490  0.68331133994986870  0.69470059859336497  0.70565377552695818
  0.71655008156526101  0.72774465406740330  0.73935554034113271  0.75064331618763747
  0.76137827248456091  0.77196800448159852  0.78274459996096846  0.79319228899398730
  0.80286135876392717  0.81229036247267827  0.82198444233168522  0.83237697752822304
  0.84246233447567098  0.85290158804003058  0.86352928084435465  0.87418131439046276
  0.88422026519205565  0.89407442051426211  0.90440587929840255  0.91474156006561413
  0.92468046059915054  0.93497731089949032  0.94549067908643314  0.95659527773883013
  0.96726896966272469  0.97796790456907934  0.98918428526794777  1.00000000000000000
 -0.00253104255091693  0.00935543737437612  0.02023506839818629  0.03181026638605257
  0.04384074296918845  0.05604807672406240  0.06826338182781021  0.07987251261832833
  0.09056189413885123  0.10055987642594338  0.11061634430673833  0.12093572802832206
  0.13155323957823117  0.14248897749300407  0.15345728507099982  0.16383985284440694
  0.17410117404446113  0.18449477146269355  0.19535690519461421  0.20605820880874864
  0.21668738980571189  0.22746560933863066  0.23833487147653104  0.24930813065741106
  0.26036134912971870  0.27129439305724629  0.28191013451827673  0.29224591961196433
  0.30191663109220218  0.31115840110258930  0.32051309890374402  0.32996997948286905
  0.34011746859901137  0.35034194297242743  0.36060978484404071  0.37100079453426366
  0.38155831345583924  0.39263369649544605  0.40364937909106779  0.41463334283542552
  0.42532777869772459  0.43603218533238725  0.44577502584511564  0.45533937946555830
  0.46479074501456380  0.47429757533495798  0.48404093286124572  0.49438261646568599
  0.50508864999049541  0.51629226766088709  0.52715591462654987  0.53806136535856952
  0.54837554620009443  0.55781719761264759  0.56705681494515425  0.57635733172119630
  0.58574388419430012  0.59555713130807908  0.60569756919250761  0.61671542114924160
  0.62794776249280182  0.63879759105224410  0.64954469981012952  0.66039863183218572
  0.67148721509819631  0.68284887689288520  0.69420173083587022  0.70535924751942702
  0.71684766004687539  0.72841018568267901  0.73924982867829436  0.74969436868304606
  0.76012615126421867  0.77061719338535084  0.78083677835422005  0.79103970468626883
  0.80125733716243064  0.81172238655368689  0.82160483859470312  0.83191333641317022
  0.84226121796215980  0.85266062607859816  0.86343653411171128  0.87438947687941015
  0.88586458249874167  0.89727401467444423  0.90818691581255406  0.91933145592274834
  0.92940331820628808  0.93930523945268640  0.94937834172240199  0.95968641690644796
  0.96972668564338660  0.98008606628471517  0.99006366628378195  1.00000000000000000
 -0.00242450667765180  0.01030378637928774  0.02119647243973932  0.03193593459951453
  0.04260963276632197  0.05326782906595186  0.06390552225129398  0.07464836815979611
  0.08587839438182708  0.09728795969328900  0.10843721264374022  0.11918478558158943
  0.12921598122358557  0.13879121239852935  0.14837459693255081  0.15839682891891793
  0.16879302786833206  0.17928963553391936  0.18982142809345387  0.20061883543283060
  0.21142899935765286  0.22250460564982646  0.23316346778298702  0.24359248340108064
  0.25411569516189120  0.26472623803106088  0.27521302981952911  0.28575640762416915
  0.29638551846631611  0.30694582104065837  0.31695025274686001  0.32726944480685816
  0.33731648182706375  0.34768428162373372  0.35774823965640379  0.36840218353279497
  0.37931776485379209  0.39028691058740217  0.40120761979124520  0.41209143727069342
  0.42290631621022440  0.43365445183533596  0.44384813357474623  0.45362349345897873
  0.46330130240118406  0.47322289099038461  0.48356237445310252  0.49375352692017371
  0.50387824541034953  0.51412046662957400  0.52448528363376012  0.53496396481760344
  0.54561769371226776  0.55612935187251800  0.56648643087341077  0.57701629877493710
  0.58796725644674508  0.59907590879929862  0.60961120104063504  0.61984595662911635
  0.63059676415857180  0.64132050910797511  0.65140955265644052  0.66098686993424449
  0.67143644158452542  0.68216940034548834  0.69273040908340788  0.70299949669919937
  0.71365621817357183  0.72527429903769003  0.73563311434348533  0.74579121735285892
  0.75635224553353231  0.76734685152603577  0.77807608096803216  0.78845845066235698
  0.79886313498368489  0.80982540642169298  0.82078797922856561  0.83149885314985694
  0.84260349990008188  0.85365224195587430  0.86470252327401043  0.87568065467714840
  0.88612157295684679  0.89680413758410793  0.90730820571997328  0.91827956253237808
  0.92945783411264127  0.94027984351746841  0.95025760100159418  0.96032487997127203
  0.97029928065482518  0.98013759353428342  0.98998943410961504  1.00000000000000000
  0.00008835858497534  0.11129967946614637  0.16909959007175679  0.21141961822155167
  0.24640578961689907  0.27599762699224439  0.30038412456361913  0.32309603787801361
  0.34490943039259492  0.36557183930897358  0.38515036459619095  0.40303874331026063
  0.41931647329849275  0.43496654368134702  0.44937738420996592  0.46327372875652134
  0.47655924388356735  0.48936184959697182  0.50175971038339673  0.51363821000064991
  0.52541130328225849  0.53705416489953295  0.54814276218585056  0.55844630666158368
  0.56850695673209684  0.57866188655877104  0.58871370300545089  0.59827168145328480
  0.60737845323800321  0.61634934834224231  0.62534579742893359  0.63424231912377371
  0.64271489096511913  0.65087019447605221  0.65881648045969954  0.66686156596004986
  0.67491322106189000  0.68295010772941567  0.69077065169942431  0.69830293224422646
  0.70538516303055165  0.71201635301749733  0.71830151434338207  0.72454747323380975
  0.73104894594558467  0.73755787656455141  0.74419763837637554  0.75057491085340788
  0.75649568993802530  0.76222532099857165  0.76806172392764593  0.77404178102824184
  0.78018111942059942  0.78627489869750045  0.79232494398093811  0.79823103089911784
  0.80388326904203034  0.80935464757178888  0.81479597273665783  0.82031572908564332
  0.82586213237873296  0.83132143924427371  0.83664310103279960  0.84189330079770541
  0.84717710950913772  0.85236957735898800  0.85743514770953533  0.86230365396019337
  0.86713440992267032  0.87198670742762374  0.87695874409778196  0.88178355640077810
  0.88666866842462411  0.89138613811882361  0.89618575973432912  0.90112204893231695
  0.90608930327744175  0.91119220361942432  0.91636675807832713  0.92130794078680434
  0.92619519287082752  0.93093544311735799  0.93560594570627931  0.94000008201778784
  0.94437817962609705  0.94876275492105544  0.95319251096241187  0.95765265026439717
  0.96212159878998837  0.96655230087080934  0.97090255290186112  0.97522445691764204
  0.97951797189248901  0.98356643382601561  0.98681101507726698  1.00000000000000000
 -0.00185903409225158  0.00867191334894571  0.01835646415827681  0.02881971849136399
  0.03943443971881091  0.05084328181569278  0.06247836555640411  0.07357003509815331
  0.08444498919695999  0.09495373153258319  0.10562625940367579  0.11573270965304815
  0.12637132713801047  0.13720019784736900  0.14792944188316751  0.15846902611011626
  0.16864964841505517  0.17943768834831475  0.19028483649650133  0.20128616554521983
  0.21228834751203396  0.22289472757446005  0.23293932357863859  0.24275810983615012
  0.25285668866849581  0.26352238274160128  0.27415525686587783  0.28462859948708469
  0.29490327382062359  0.30514304472866793  0.31488378012707707  0.32396368458674835
  0.33349205871500187  0.34321332302045005  0.35278759366986367  0.36192547385509916
  0.37100247089183236  0.38086824528939001  0.39160774650044777  0.40212389364329720
  0.41265661826291999  0.42324688852505193  0.43395134947259351  0.44476530035287953
  0.45537260142707620  0.46586675033692909  0.47635146702539582  0.48694492732710393
  0.49768229332903796  0.50837428715579391  0.51927931746239697  0.53008018632960263
  0.54090395006193115  0.55140415324160275  0.56170635435542504  0.57162323899186218
  0.58130333419469993  0.59102130933199881  0.60105859953348528  0.61123795012886939
  0.62139648509405832  0.63187488303664896  0.64221454836147607  0.65267994640704419
  0.66308030828857023  0.67370448287158458  0.68422139898614376  0.69446154465452381
  0.70475508314006041  0.71501594314408246  0.72526581165823756  0.73538698743820086
  0.74552018098716233  0.75588859312717660  0.76660450299852689  0.77781940966180252
  0.78943438498433005  0.80113336847911087  0.81242631599059989  0.82309935442419913
  0.83359956162068560  0.84424302760209868  0.85501827347264359  0.86602160937690476
  0.87747566462665816  0.88950721693293577  0.90136298455234465  0.91322878868033441
  0.92528324149883179  0.93762619772180500  0.94930904440677810  0.96005714266216835
  0.96989963600932494  0.97991041876237317  0.98993274060919711  1.00000000000000000
  0.02438509295903089  0.03180022302926760  0.04150287229343774  0.05203807804813966
  0.06226383898929188  0.07219774799857868  0.08180802062473658  0.09179212918156206
  0.10154171730076944  0.11148055761372233  0.12113547911709963  0.13157915975618698
  0.14253443916749886  0.15314190361517618  0.16343101548417630  0.17349246148815919
  0.18326750052290955  0.19279719075587873  0.20225695059552856  0.21230372597619973
  0.22283693120975911  0.23312471891198547  0.24321489795321094  0.25307755781191477
  0.26311784258123005  0.27321554997240882  0.28352141910761380  0.29392617062566423
  0.30434323230524574  0.31486731103786181  0.32533778178258366  0.33577345381394857
  0.34641265247943259  0.35720888993577476  0.36783615447754470  0.37793917322061715
  0.38745261242839080  0.39705324877667753  0.40694900303238291  0.41665845378948163
  0.42578938292003921  0.43491410625284527  0.44468565038501912  0.45475128421535621
  0.46474063053846015  0.47481210856118800  0.48547564467722487  0.49655017690829140
  0.50735385124346555  0.51780768567254176  0.52792461565206072  0.53776126748347741
  0.54781414954720975  0.55789883075150581  0.56816239898482923  0.57857394536346507
  0.58922676983416633  0.60006450572599845  0.61097340291063595  0.62192734499038949
  0.63284155372940543  0.64366758872430230  0.65432979685193216  0.66479169216274547
  0.67476637653910321  0.68452672410130833  0.69458710232374277  0.70503915642371473
  0.71564187064373341  0.72603063134613610  0.73619116944979190  0.74611323838732135
  0.75570313869681216  0.76503784266749353  0.77454984176052000  0.78373952766468069
  0.79285613870755611  0.80215573420646502  0.81180550077070024  0.82143201425130818
  0.83134476967568205  0.84220124185248146  0.85336232737574913  0.86358730371390335
  0.87343694987280707  0.88378291322617231  0.89463794230780103  0.90544967173770075
  0.91582069240033459  0.92573428127685842  0.93570095914896534  0.94601873951668436
  0.95608833337794386  0.96504940234322079  0.97082703866636522  1.00000000000000000
  0.03678396299483701  0.21149911274783634  0.24668420936121860  0.27249548946212743
  0.29278205867077595  0.30968461490071708  0.32502984463936119  0.33919384809426306
  0.35229831736404066  0.36490221622072017  0.37743837099330352  0.38978780769095661
  0.40239159297874161  0.41480147373133808  0.42652467248171383  0.43772350079536426
  0.44883932319944475  0.45956262181072510  0.47002735989501576  0.48034670465347645
  0.49077860572698678  0.50130931995668648  0.51176559048096171  0.52193129589248133
  0.53150040836948531  0.54053704296468352  0.54953659738162730  0.55881452016816713
  0.56831485396680226  0.57771706073500462  0.58652538343302751  0.59489645696047766
  0.60312719404045301  0.61116255869915181  0.61909000272724157  0.62675986353662294
  0.63409888704680850  0.64145904063283166  0.64876273876246626  0.65608385072269781
  0.66315669426355095  0.66987325738679049  0.67644232684453232  0.68309802653890783
  0.68976772276512055  0.69641063913495183  0.70276136026293679  0.70889421613246040
  0.71457478723348311  0.71999429655296443  0.72538842327506536  0.73069066935587079
  0.73591429215662973  0.74102046756141171  0.74606558133918210  0.75105357218358926
  0.75549658521263541  0.75997681096295133  0.76435640504073021  0.76857408889162115
  0.77267726231924161  0.77672986186428239  0.78077745512783248  0.78499323973974844
  0.78920253284785136  0.79349236369500820  0.79773865413898204  0.80188066076713016
  0.80616155828784697  0.81019847428546166  0.81442333022178337  0.81883245279318950
  0.82311705426286152  0.82742706477704697  0.83172910554527013  0.83589570789558731
  0.83992294657454225  0.84397771388207865  0.84819543075683324  0.85240465870578219
  0.85685162832343242  0.86114697574464683  0.86566380326241210  0.87029430720655443
  0.87472650255779960  0.87889303798181839  0.88286890418972175  0.88660098662658426
  0.89053940832651135  0.89524206316126531  0.90056304746485571  0.90584074681113502
  0.91143234172497967  0.91969540364088320  0.94863446292286724  1.00000000000000000
   2.3368503520493144E-027  -1.0000000000000000     
 F F F F F F F F F F F F F F F F T F T F T F T F F F F F F F F F T F T F T F T F F F F F F F F F T F T F T F T F T F T F T F T F F F F F F F F F F F F F F F F F T F T F T F T F F F F F F F F F T F T F T F T F F F F F F F F F T F T F T F T F T F T F T F T F
  <DiscreteSampler_grid>
  grouped_processes
  1 # 1 for a reference and 2 for a running grid.
  10 # Attribute 'min_bin_probing_points' of the grid.
  1 # Attribute 'grid_mode' of the grid. 1=='default',2=='initialization'
  0.0000000000000000 # Attribute 'small_contrib_threshold' of the grid.
  0.5000000000000000 # Attribute 'damping_power' of the grid.
 # binID   n_entries weight   weight_sqr   abs_weight
    13   10   2.229775192388786E-017   1.245694422284219E-033   2.229775192388786E-017
    14   10   2.229775192388796E-017   1.245694422284240E-033   2.229775192388796E-017
    25   10   2.942587714736965E-017   4.389434883146325E-033   2.942587714736965E-017
    26   10   2.942587714736968E-017   4.389434883146323E-033   2.942587714736968E-017
  </DiscreteSampler_grid>
