  0.00000000005590799  0.00000000013757186  0.00000000020069747  0.00000000026610497
  0.00000000033314897  0.00000000040319987  0.00000000048037923  0.00000000056229259
  0.00000000064862190  0.00000000073315324  0.00000000081917514  0.00000000090820533
  0.00000000099439102  0.00000000109012008  0.00000000118771263  0.00000000128753539
  0.00000000139103669  0.00000000149959582  0.00000000161003759  0.00000000172380993
  0.00000000184346880  0.00000000196199483  0.00000000207761017  0.00000000219144445
  0.00000000230986493  0.00000000243738894  0.00000000256623421  0.00000000269387879
  0.00000000281738710  0.00000000294342647  0.00000000307774532  0.00000000322088592
  0.00000000336221243  0.00000000351021416  0.00000000365559563  0.00000000379501103
  0.00000000393040148  0.00000000407055535  0.00000000421622812  0.00000000436582844
  0.00000000451993756  0.00000000467778275  0.00000000483605140  0.00000000499361113
  0.00000000515249969  0.00000000531526213  0.00000000547786484  0.00000000563216150
  0.00000000578672903  0.00000000594749628  0.00000000611009540  0.00000000627828368
  0.00000000644547841  0.00000000660659538  0.00000000678069085  0.00000000696676030
  0.00000000715624106  0.00000000735358712  0.00000000755328153  0.00000000773718183
  0.00000000792545895  0.00000000811807162  0.00000000831071811  0.00000000851050188
  0.00000000871616615  0.00000000892750235  0.00000000914832258  0.00000000938911459
  0.00000000961194467  0.00000000983692857  0.00000001006796824  0.00000001029852679
  0.00000001053946402  0.00000001078892756  0.00000001103729087  0.00000001128725921
  0.00000001153335043  0.00000001179964236  0.00000001206965300  0.00000001235971637
  0.00000001266480209  0.00000001299204928  0.00000001335181125  0.00000001373903149
  0.00000001413677287  0.00000001453877137  0.00000001496256155  0.00000001543767118
  0.00000001600783952  0.00000001665981088  0.00000001734904631  0.00000001813479440
  0.00000001909432468  0.00000002051415158  0.00000002129629336  1.00000000000000000
  0.00956042955573673  0.01578987745905651  0.02503349271504687  0.03589863754975181
  0.04684268377131422  0.05828683674376467  0.06923258587884421  0.07981217383284062
  0.09034102762298464  0.10130242199365655  0.11214888089586650  0.12295759684768444
  0.13317537172249005  0.14318728161326644  0.15287700512017724  0.16278390391681366
  0.17307529836321969  0.18360353915713717  0.19427684163941297  0.20498155215025143
  0.21587641481567904  0.22632436008256226  0.23648763962862904  0.24636694510923110
  0.25638376647550015  0.26651769873817210  0.27631895152188118  0.28603304159521609
  0.29563860935011854  0.30536742710867737  0.31504447997625834  0.32491038280698359
  0.33491654450959063  0.34491633219481499  0.35455972431351762  0.36420450053521802
  0.37431500799896794  0.38512318328291212  0.39628062005958015  0.40714825138639782
  0.41788636305922533  0.42774638331785608  0.43813630938536063  0.44853159003028231
  0.45958517386306408  0.46923967356806912  0.47898734296295487  0.48901715936886525
  0.49906811072779628  0.50856786149239197  0.51853455042624752  0.52968737180276215
  0.54136367176405442  0.55224599838398780  0.56321630039369408  0.57530288975458321
  0.58844521105375613  0.60042885986349781  0.61125875613429392  0.62155813987477360
  0.63152885945474957  0.64151680161386959  0.65131475058558497  0.66201719938966441
  0.67305546197862909  0.68423466030157143  0.69535182977462473  0.70610070189188268
  0.71668791927731734  0.72695464664207876  0.73808804680244111  0.74915217661256650
  0.76116762533628612  0.77294321447407799  0.78469860979806694  0.79532787188067422
  0.80571080576991760  0.81597400528349573  0.82666104571594512  0.83755488710151960
  0.84853468566447199  0.86007564042530416  0.87202713700648427  0.88331154165754677
  0.89385417770499997  0.90385773815494708  0.91455027389746024  0.92500985207253761
  0.93554708294623379  0.94549671811094527  0.95534862928879627  0.96497010751346302
  0.97461598110769065  0.98363067958125305  0.99078154047329248  1.00000000000000000
 -0.00174696628667247  0.00879545506023707  0.01782034652573586  0.02698198427162340
  0.03712272749928141  0.04765888207919542  0.05817637403326926  0.06838508241421165
  0.07900770113427995  0.09058314030911932  0.10226268630544914  0.11346156437908096
  0.12457332673256652  0.13571416158508667  0.14683613622667893  0.15765294673229638
  0.16828599188457344  0.17874394571324032  0.18923011226369355  0.19978429268746897
  0.21034032488333296  0.22084785822486333  0.23111586448201923  0.24133317915091362
  0.25133131940776077  0.26090784903819797  0.27021897304221254  0.27962596207519275
  0.28973015061196417  0.30033581718249380  0.31113996513012526  0.32184069667600507
  0.33230253872617294  0.34226677857794530  0.35163626532805070  0.36067403067234727
  0.36968088194626947  0.37874860796134852  0.38781738449839442  0.39705554465127202
  0.40661946418958950  0.41623421345478046  0.42591497095662317  0.43587165200361405
  0.44649242226526414  0.45780192582384471  0.46929140330590491  0.48076485732263946
  0.49170104855897889  0.50246860900229273  0.51321872866101559  0.52401859098843862
  0.53506591819618621  0.54575554900097356  0.55600883517916577  0.56567891274988713
  0.57541692392736710  0.58532015605586674  0.59546130688921517  0.60566930497704019
  0.61668125432439191  0.62770346166813307  0.63875960382528552  0.65011729209156932
  0.66111051984911062  0.67137475406000047  0.68124754487401196  0.69160640428621789
  0.70222667491172608  0.71312689251323813  0.72361650904203834  0.73411232759488132
  0.74486904408406451  0.75609769049862496  0.76786230050348403  0.77955872041008090
  0.79125052676429097  0.80287691970643893  0.81397705061779924  0.82432548738522304
  0.83408918106055407  0.84404427820769279  0.85458165171526002  0.86579845117099619
  0.87678848949818167  0.88778638569210078  0.89906852938925896  0.91090600002637934
  0.92282846134017182  0.93480950496648507  0.94598232677832772  0.95685876049083740
  0.96740289599884166  0.97813188894647618  0.98893156863435439  1.00000000000000000
 -0.00238390249803039  0.00963436088787251  0.01950734333325650  0.02941620036278729
  0.03960343527832179  0.04934494143353828  0.05904567766221384  0.06828358048517548
  0.07766039157654929  0.08669844073012316  0.09556286300026255  0.10464556984507603
  0.11412903814229333  0.12414747678479957  0.13479361870508705  0.14570879017080154
  0.15655016113930587  0.16692014657460039  0.17719234267255751  0.18775015167926420
  0.19882020663368991  0.20992359643179218  0.22115594745728165  0.23186219894326984
  0.24221650760169763  0.25242934104944148  0.26293433455800863  0.27355772634660425
  0.28355255856877171  0.29320752529446165  0.30302310541804028  0.31328088049745278
  0.32353491721900840  0.33371155555037985  0.34403592250767789  0.35453387255627539
  0.36522322647602184  0.37614566025320501  0.38720669073820435  0.39889030581703822
  0.41148503125750346  0.42412311256609742  0.43641957829810335  0.44732133053467305
  0.45824605378967564  0.46915903664180547  0.47981658530747651  0.48989566284805269
  0.49988595202635960  0.51043323681793373  0.52098870731039726  0.53187023772515696
  0.54286427062631870  0.55445526534371448  0.56566635098561946  0.57626408155803177
  0.58694249992873326  0.59771665301368271  0.60828735834298042  0.61843828465402606
  0.62848034222774951  0.63876258049837320  0.64916456788964860  0.65959903844250622
  0.66992559730315793  0.67994444529079223  0.68998064888625998  0.70048197267336265
  0.71131331393329600  0.72224072927225125  0.73275579937899349  0.74287878835304300
  0.75278709533753385  0.76271274221773000  0.77280611374393171  0.78307233307754465
  0.79391313713880629  0.80519927741023023  0.81618705702983929  0.82664054838766443
  0.83678714568695334  0.84681801229627973  0.85663513857073836  0.86643320360945786
  0.87665761692831534  0.88738996132146808  0.89833836901687536  0.90888482702437812
  0.91942770869333179  0.93035429323104435  0.94221592824761646  0.95464432596607907
  0.96680563648448259  0.97848570569175419  0.98934271569286580  1.00000000000000000
 -0.00277478222537381  0.01222232568985732  0.02413746108003387  0.03680142180532319
  0.04938785641155792  0.06195411992399862  0.07277786660046945  0.08305428358304691
  0.09224293697914343  0.10171462225808285  0.11157430538422826  0.12200511977519284
  0.13302433253068754  0.14370344836416793  0.15444777693364209  0.16468777511388588
  0.17435912040099971  0.18366819882231192  0.19289808164693448  0.20245120957465729
  0.21279787088343027  0.22295163466949960  0.23249639096890753  0.24161099456645413
  0.25103543599314920  0.26154686907009300  0.27267707227546878  0.28368019238847247
  0.29476117444673317  0.30621519936251257  0.31837432009614958  0.33058363081410075
  0.34265795051480047  0.35453031908712213  0.36561027875168861  0.37622550391769899
  0.38670448795447121  0.39714624283357458  0.40756012627328592  0.41790580349864381
  0.42815320957222885  0.43827164168809257  0.44862911909777448  0.45944084633002946
  0.47125800907315180  0.48343214274771151  0.49589490376133410  0.50894579552977837
  0.52171452625468162  0.53336989254986200  0.54444393392122947  0.55482895229751172
  0.56492430256035775  0.57496912811072765  0.58490145420789030  0.59520602250968391
  0.60500507907183920  0.61448641469282972  0.62395876031308029  0.63413915904056195
  0.64505840116887703  0.65568019344791606  0.66672701705467119  0.67789844847586744
  0.68827843333146677  0.69759452842854686  0.70651650701764313  0.71633512199835570
  0.72646797304944311  0.73689987784209354  0.74716601264554450  0.75724106999291108
  0.76744495404508217  0.77796287971809630  0.78860523859430454  0.79956401075962358
  0.81014083834598261  0.82067920854702125  0.83113757240698671  0.84207991432978702
  0.85340336412325990  0.86448592662169566  0.87487857805918301  0.88489525969931004
  0.89490777713153302  0.90482919015074581  0.91476035359270802  0.92461959477838929
  0.93469276887099328  0.94438040174323701  0.95396678813345115  0.96364185075156339
  0.97330787543138475  0.98253570004927460  0.99145226568976430  1.00000000000000000
 -0.00271945423423902  0.01145118609940554  0.02320337248119319  0.03422744065037809
  0.04538164252135397  0.05668291978872608  0.06732275487720951  0.07751047424164344
  0.08729521361636609  0.09672570387395218  0.10606730492054754  0.11540363008419971
  0.12497524377109394  0.13494974080025707  0.14529035653880001  0.15588901823757928
  0.16657535632372283  0.17700120126570321  0.18711148721413440  0.19665699114319671
  0.20593345497317092  0.21575151841159568  0.22530871850772394  0.23527266462703705
  0.24496241589210432  0.25517261577715417  0.26552975232666115  0.27610305843692562
  0.28677927431251160  0.29729182232445273  0.30764474135062719  0.31814667602782504
  0.32922836622275303  0.34092362722714437  0.35271684529863845  0.36409696234879663
  0.37507654298751308  0.38668229847919799  0.39817151390889116  0.40913738327274224
  0.41979090814139514  0.43019823472809138  0.44010518204612259  0.44974734896506163
  0.45961561286530767  0.47066130481202428  0.48196196462689661  0.49304892330636702
  0.50351719056167088  0.51355476419269008  0.52321983948625661  0.53291308412695193
  0.54349005070193790  0.55487684295262230  0.56541650174964708  0.57533285839742032
  0.58531838652919987  0.59589858316414868  0.60690825208047094  0.61825001541388447
  0.63030396950829504  0.64202256110602851  0.65344668218485136  0.66467163802570195
  0.67644121336756013  0.68757361906590797  0.69863637902592757  0.70957837673351920
  0.72081715791177337  0.73129306746478540  0.74230754318349057  0.75323553368704088
  0.76467233060893181  0.77538600923313172  0.78643363832160262  0.79700596124950585
  0.80750911831382710  0.81772339422216433  0.82771126017863939  0.83793284272745661
  0.84826101595565140  0.85846549114784143  0.86844003985820684  0.87849338175457437
  0.88862427192197235  0.89872956424836969  0.90882027216642658  0.91930841353591775
  0.92998438417874663  0.94071844240105795  0.95075327696042289  0.96051591937738734
  0.97017733539002027  0.98030599338410063  0.99024735802685904  1.00000000000000000
  0.01446699143846844  0.01619350669433943  0.02012430910862821  0.02593972902243875
  0.03248131430359366  0.03859309880202313  0.04432099951912340  0.05025403638405752
  0.05616436339407513  0.06188494084338813  0.06743507103758736  0.07292706300457404
  0.07844493505687919  0.08410406738933515  0.08950688854583561  0.09490249882237660
  0.10046665540895204  0.10616914372591003  0.11184789571106236  0.11750137262261201
  0.12311775988847276  0.12866052049577376  0.13424891848543760  0.13983966226321459
  0.14552963922261439  0.15163448316867459  0.15780476380349182  0.16412733933733420
  0.17035957102837340  0.17655260735712158  0.18280560503470877  0.18910275400314899
  0.19547976217962917  0.20198951475729116  0.20832846190945750  0.21437813613920639
  0.22012452444627317  0.22585075120350126  0.23170513976848564  0.23761628228208984
  0.24388264608607649  0.25057249933217912  0.25778124684369147  0.26496513731215537
  0.27190473245806712  0.27861301474607802  0.28513982870439664  0.29170271314416901
  0.29852197108164802  0.30537340924682338  0.31249625677969017  0.31962785341614847
  0.32715666678717870  0.33496002147788873  0.34364801682109170  0.35175737372813909
  0.36001081495461923  0.36851349441260667  0.37740854187660328  0.38677318036732083
  0.39612755896810181  0.40516737601023067  0.41387314267182518  0.42222845410456306
  0.43042609877633847  0.43873961700803826  0.44752869377407944  0.45669617898852749
  0.46607971948273524  0.47567211216403549  0.48524714426478044  0.49495265274395650
  0.50460523756992282  0.51509781289766710  0.52557444107764062  0.53663301964062771
  0.54768857366261714  0.55922312734974688  0.57066297540139299  0.58253611466266120
  0.59466758297226763  0.60708859718906738  0.62045955351978899  0.63458548289166061
  0.64937348245714643  0.66472755170477948  0.68131244055642715  0.69871717230737029
  0.71803927816360669  0.73906063202130112  0.76178756256094526  0.78811231188444719
  0.81917421268126644  0.85452203686885431  0.90469964238899425  1.00000000000000000
 -0.00320038729969974  0.01353777311865719  0.02622463697883438  0.03822029902818954
  0.04881694435312076  0.05927478685651828  0.06921927263825012  0.07899520182443799
  0.08874438273969737  0.09935400644867450  0.11031680272760001  0.12053218490406822
  0.13006163875426741  0.13905248569857787  0.14841631656611604  0.15814576091316901
  0.16820763341169004  0.17896930039700304  0.19035732593899060  0.20209495076846276
  0.21355361211117882  0.22421654880938732  0.23451205314867446  0.24436786848406752
  0.25445080277155913  0.26466449053951585  0.27463378867262955  0.28432953862704441
  0.29370063537795776  0.30294568074787487  0.31211497250615344  0.32128049696019240
  0.33035479046168975  0.33990005010668062  0.35037603845709553  0.36152517283435920
  0.37299098058434893  0.38410763475225257  0.39462761084431275  0.40492940985320763
  0.41504035933983130  0.42501241491151920  0.43493151267373331  0.44523681864626691
  0.45583257020715251  0.46611763887738322  0.47574879171443135  0.48595669093977850
  0.49697645012152103  0.50814027934976758  0.51860774885646777  0.52909417611631016
  0.53998556316410373  0.55128765358336518  0.56298020223582945  0.57471529611741445
  0.58600966799107801  0.59651871006733470  0.60671178955585026  0.61714000874787089
  0.62761402026926283  0.63804823247508735  0.64831220452467453  0.65811278758764091
  0.66811159776426265  0.67784283734692952  0.68791176187405489  0.69826263167553448
  0.70855870369262186  0.71901776535968132  0.73017896201904264  0.74178730338443821
  0.75415137307113134  0.76600456371987846  0.77733365270749244  0.78760879845712761
  0.79853128448868516  0.80925544738830824  0.82004882774993715  0.83005949047969285
  0.84054880857573711  0.85153418880395759  0.86357810383036648  0.87524484206711572
  0.88675222542044974  0.89723246465545858  0.90851579600902055  0.91953217959205003
  0.93029866831992492  0.94015514252915344  0.94923075567185977  0.95841396429171855
  0.96790062414538014  0.97782225286690250  0.98885685536702439  1.00000000000000000
  0.02384962090216171  0.03332262914930724  0.04428086899363250  0.05526912218542489
  0.06642749017617654  0.07775336280149603  0.08864961038405858  0.09884381279737491
  0.10841953930515383  0.11796062440473312  0.12736796220706401  0.13638223443954878
  0.14493330631095869  0.15421059422292205  0.16337254597005155  0.17320366232425649
  0.18336017777786245  0.19357969138954800  0.20389622007562863  0.21432166957232518
  0.22464801080497346  0.23507413533349800  0.24467127972704977  0.25448419762227098
  0.26416110867765735  0.27419808522351496  0.28437653361507265  0.29453434712398696
  0.30462013341301686  0.31403065519494938  0.32289932144151079  0.33148621000503259
  0.34038045463650746  0.34983508184724332  0.35978143713199806  0.36991897202804913
  0.37960293129190770  0.38899411983943638  0.39832860698623745  0.40804896586070827
  0.41819457645649571  0.42774036942854232  0.43675762660221962  0.44601735400237941
  0.45593314994325623  0.46658109470536863  0.47751000873751592  0.48807694930085443
  0.49865591792669139  0.50917467289930496  0.51988740503224828  0.53063064465870335
  0.54151675885177664  0.55247026833086510  0.56328595389949887  0.57410756348142633
  0.58520008246238786  0.59644845867720897  0.60728772609507142  0.61787564486805180
  0.62828199199085244  0.63898258249276407  0.64947960392581672  0.65913500887068188
  0.66832437415460200  0.67762458452012342  0.68753733654663884  0.69784847502101977
  0.70813060777924608  0.71782872172609302  0.72765799865433944  0.73755077850071438
  0.74823041376333943  0.75875726062206705  0.76894371954895269  0.77894799313709462
  0.78899984824733715  0.79924048005945647  0.80913351338751427  0.81941047971964831
  0.82958669031149124  0.84014172525950270  0.85044227879464596  0.86119633679606311
  0.87236695549400078  0.88336752829835108  0.89436761865044312  0.90541263835367958
  0.91603821092001636  0.92615567741327054  0.93574753099644681  0.94572299094607015
  0.95660883040389699  0.96554591485474395  0.97065897023556458  1.00000000000000000
  0.06445564768295495  0.11080165748280282  0.13913847911463745  0.15982824450825833
  0.17563813503170697  0.18890589232410882  0.20032653935581141  0.21119026879759195
  0.22239138391600938  0.23360405720855812  0.24475212038798483  0.25554938749284306
  0.26630954880693264  0.27721653808055230  0.28777163468965489  0.29736364390624437
  0.30629675725176658  0.31534279246818830  0.32446835063825902  0.33349336926451667
  0.34250221578861695  0.35159376305746926  0.36058059951618637  0.36912967121879020
  0.37748298613499875  0.38540684183166024  0.39306661903091106  0.40044819029476642
  0.40754247594193976  0.41459899276371753  0.42139078841845695  0.42805315529424182
  0.43482523128832101  0.44166977108098004  0.44848113178295301  0.45518195457331917
  0.46179906250719044  0.46819267978907153  0.47486459776375578  0.48129774221633453
  0.48776816457026312  0.49400739744350364  0.50029456493779800  0.50635882079572447
  0.51242615997429697  0.51845761594963236  0.52447875686839085  0.53036705404554541
  0.53602388664189737  0.54163148325151222  0.54739426351155385  0.55335746545934339
  0.55926745444990789  0.56472413250043807  0.57006659663795523  0.57528651741517434
  0.58082688265821381  0.58613053871250609  0.59157465810826704  0.59704614966659719
  0.60238475140974157  0.60752580673125234  0.61249178672494153  0.61734014460225650
  0.62199411295957241  0.62656561816555167  0.63130555788385745  0.63629755086661033
  0.64154488892556716  0.64665820709957200  0.65170532001358084  0.65674946851927241
  0.66185306279498846  0.66720950576680194  0.67290160296939050  0.67875314713103507
  0.68469588964170836  0.69085845303425197  0.69709113901698982  0.70332007406636843
  0.70941290885388331  0.71540906818575589  0.72145356011390127  0.72717993133818748
  0.73351503934350049  0.74004823467595160  0.74692884729044506  0.75464782077767789
  0.76299505293253123  0.77178454691169385  0.78172287674391372  0.79341530154985740
  0.80983031695729202  0.83753433446584158  0.91811401012554961  1.00000000000000000
   1.0838243090345701E-024  -1.0000000000000000     
 T F F F F F F F F F F F F F F F T F T F T F T F F F F F F F F F T F T F T F T F T F T F T F T F T F T F T F T F T F T F T F T F T F F F F F F F F F F F F F F F T F T F T F T F F F F F F F F F T F T F T F T F T F T F T F T F T F T F T F T F T F T F T F T F
  <DiscreteSampler_grid>
  grouped_processes
  1 # 1 for a reference and 2 for a running grid.
  10 # Attribute 'min_bin_probing_points' of the grid.
  1 # Attribute 'grid_mode' of the grid. 1=='default',2=='initialization'
  0.0000000000000000 # Attribute 'small_contrib_threshold' of the grid.
  0.5000000000000000 # Attribute 'damping_power' of the grid.
 # binID   n_entries weight   weight_sqr   abs_weight
    13   10   4.884678996281315E-015   6.921148492934571E-029   4.884678996281315E-015
    14   10   4.884678996281287E-015   6.921148492934482E-029   4.884678996281287E-015
    25   10   5.014967059910457E-015   1.217343736395630E-028   5.014967059910457E-015
    26   10   5.014967059911186E-015   1.217343736396169E-028   5.014967059911186E-015
  </DiscreteSampler_grid>
