  0.00000000005679306  0.00000000013374938  0.00000000019678661  0.00000000025958733
  0.00000000032853882  0.00000000040112476  0.00000000047676103  0.00000000055098268
  0.00000000062769784  0.00000000070782183  0.00000000078877615  0.00000000087217549
  0.00000000095617247  0.00000000104445872  0.00000000113872369  0.00000000123206562
  0.00000000133142979  0.00000000144180233  0.00000000155376161  0.00000000166146653
  0.00000000177531918  0.00000000189834762  0.00000000202334166  0.00000000214262787
  0.00000000226044445  0.00000000238240199  0.00000000250724400  0.00000000263271077
  0.00000000275985343  0.00000000288843031  0.00000000302021739  0.00000000316039956
  0.00000000330195034  0.00000000344771018  0.00000000360126993  0.00000000375821283
  0.00000000391548505  0.00000000407296599  0.00000000422773411  0.00000000437721939
  0.00000000452472324  0.00000000467133265  0.00000000481639020  0.00000000496251771
  0.00000000511357533  0.00000000527389183  0.00000000543947641  0.00000000560461759
  0.00000000576731165  0.00000000592946127  0.00000000609583724  0.00000000626271145
  0.00000000643138096  0.00000000659202705  0.00000000675606483  0.00000000692326810
  0.00000000709577806  0.00000000727266868  0.00000000744926676  0.00000000762583746
  0.00000000780624145  0.00000000798390378  0.00000000817522086  0.00000000836623964
  0.00000000856851251  0.00000000877131785  0.00000000900286615  0.00000000925273876
  0.00000000949675035  0.00000000973296413  0.00000000996733096  0.00000001019912597
  0.00000001043585336  0.00000001068956651  0.00000001094452873  0.00000001120172523
  0.00000001146262478  0.00000001173812570  0.00000001204300189  0.00000001237916358
  0.00000001271978589  0.00000001307512648  0.00000001343269523  0.00000001380642608
  0.00000001418765544  0.00000001458385434  0.00000001498305215  0.00000001545912454
  0.00000001600541563  0.00000001661339717  0.00000001729805823  0.00000001809401242
  0.00000001910675099  0.00000002048272111  0.00000002123154842  1.00000000000000000
  0.00899630930318022  0.01762527990298529  0.02876456795525660  0.04052580981556830
  0.05158084176886545  0.06279619310333955  0.07293575638654838  0.08292624688833904
  0.09334415729827607  0.10455735509731953  0.11622436254256789  0.12880245455971601
  0.14187855835552213  0.15481281528677651  0.16744424439668190  0.17979867397097327
  0.19126988987049773  0.20198778461038286  0.21270871734866045  0.22339935010826203
  0.23373659702071389  0.24408231827209617  0.25456465469892159  0.26543610996192735
  0.27604172589070608  0.28605565730188542  0.29587385184000142  0.30596195802222503
  0.31657123516032643  0.32757045739082391  0.33864649510259159  0.34988627845813652
  0.36011290038495625  0.36974531239589420  0.37944144063984647  0.38910041277431434
  0.39904103252531309  0.40886903464506430  0.41897999221897780  0.42956352864293618
  0.44041325595050046  0.45140679329580546  0.46174392604554187  0.47067763162724452
  0.47976933038618774  0.48909867651050293  0.49840545869584330  0.50691437311410414
  0.51514855608660426  0.52366505369425131  0.53257330244999646  0.54168554548366032
  0.55136021318050388  0.56052270573204677  0.57061571835187108  0.58097643911410179
  0.59169163030600380  0.60249539143099995  0.61301015940869941  0.62311432726123894
  0.63317896947089791  0.64326966505365202  0.65355593105703813  0.66359191966226772
  0.67360804900646021  0.68383843878074768  0.69427730909040652  0.70486967397091926
  0.71516051468108388  0.72518243029680729  0.73505087185116091  0.74511663582922971
  0.75520902018804603  0.76542082286256496  0.77553177602040269  0.78595705556214990
  0.79696269499916994  0.80821562031898764  0.81903473955858175  0.82982426144905774
  0.84123528095342859  0.85285746872517232  0.86442419731272713  0.87610335338735845
  0.88770408719542293  0.89875796120474516  0.90896230446432535  0.91930992096509101
  0.93003491247808734  0.94047472540327726  0.95079144296243834  0.96140876571554601
  0.97148937613788511  0.98078996238079319  0.99119846981137238  1.00000000000000000
 -0.00272891083541103  0.01100762017042742  0.02275141467420180  0.03429234995265325
  0.04603167353950736  0.05785900222192119  0.07002699413020054  0.08238046453388788
  0.09352369758621151  0.10497410795261009  0.11642686730979460  0.12844969276569190
  0.13989783118552446  0.15115621635899115  0.16260056091045369  0.17381767512563057
  0.18491681259858678  0.19588784290642927  0.20678589441462567  0.21765853748964595
  0.22868873850307733  0.23999263626011244  0.25159474220260453  0.26219790535144416
  0.27336579487983409  0.28450311642693443  0.29548487669338414  0.30565645470865777
  0.31565617871486823  0.32582924506682914  0.33610633542790724  0.34617477058922941
  0.35657643083313645  0.36669568977633027  0.37670149640174061  0.38632279546529197
  0.39574941027655230  0.40536106877701722  0.41523729170711965  0.42561145456876970
  0.43574163954452166  0.44531264501747991  0.45492035875248904  0.46493034836534791
  0.47567829968114472  0.48672094459273674  0.49786299529579847  0.50913582400001756
  0.52064900358306410  0.53267085546158421  0.54517552175210915  0.55754007356697111
  0.56946174425904605  0.58146264839143302  0.59365399832495447  0.60595324548550022
  0.61785420768394028  0.62819255371846583  0.63814015123672485  0.64803796893455679
  0.65812258221840747  0.66776887605653135  0.67675824038079180  0.68556953499026119
  0.69510327658469551  0.70483859725352638  0.71428652010504101  0.72340342495587118
  0.73272168590856035  0.74207404102855801  0.75162575211714633  0.76097187885683815
  0.77081419437793308  0.78160402010615215  0.79222153547803609  0.80207451297423071
  0.81155765636508115  0.82094094404763907  0.83040706714351942  0.83971118717356252
  0.84903935527838292  0.85952321881573324  0.87084210244956939  0.88118757573319761
  0.89067827623966134  0.90028537771489769  0.91013939018353096  0.91993871163680296
  0.92972618292542453  0.93958495555846488  0.94981511028682064  0.95998430097259768
  0.96981958370051757  0.97980707668207268  0.98984497192528065  1.00000000000000000
 -0.00190743588454001  0.00916130327545469  0.01910930089495419  0.02911793343651122
  0.03952241400212365  0.04949500298171049  0.05934414154357756  0.06906231240251928
  0.07909266338541063  0.08886197684084460  0.09858401834990414  0.10833114656029494
  0.11856660745180639  0.12858747177522056  0.13885163748303056  0.14906125010324314
  0.15961036459652408  0.16994494248260622  0.17989473061652170  0.19006820516418757
  0.20118944769356034  0.21263880012438915  0.22376203047796853  0.23465823078218978
  0.24537195335457501  0.25570364638542753  0.26575529785507146  0.27607021005005711
  0.28667138691457539  0.29711587344899415  0.30726708294270033  0.31796149585481082
  0.32850935383783825  0.33889505525054797  0.34873317735732140  0.35916861094115171
  0.36972141160972316  0.38054777163399589  0.39155123135998510  0.40266598392791836
  0.41413526424303454  0.42550348650011344  0.43721128871483395  0.44850958223985748
  0.45957701733400752  0.47095846367190358  0.48265243076356912  0.49479901934891862
  0.50686132150415286  0.51818362880238145  0.52881347345971030  0.53923104488473139
  0.54981693041251634  0.56048121675485174  0.57132993430291523  0.58273483380408120
  0.59419781719902975  0.60499988681686490  0.61512596130610475  0.62535053647171557
  0.63592380017168737  0.64651326283375232  0.65715921183713966  0.66749394818925400
  0.67754843582803015  0.68769726570811163  0.69819789980557612  0.70856268452973070
  0.71828593790204132  0.72771947878798271  0.73748068019538648  0.74745637853430058
  0.75754207917258864  0.76726839533308144  0.77812986575470666  0.78900816978585409
  0.80019727186733147  0.81123591788021177  0.82213116997803382  0.83258589478296652
  0.84280945383247086  0.85328181875761422  0.86379335693749604  0.87458857451617167
  0.88513048866606281  0.89531602734530802  0.90540261664202837  0.91561886674573401
  0.92731695623982813  0.93981889577151467  0.95062252432395167  0.96098516445337390
  0.97054965909263402  0.98017789797512267  0.98985898624155899  1.00000000000000000
 -0.00297720472227277  0.01121218060524522  0.02218580716207954  0.03307601064850685
  0.04455603363583412  0.05643389772860887  0.06706112385356754  0.07671958958007505
  0.08634376748440739  0.09621076481935731  0.10618701601317976  0.11588704469395759
  0.12548681853015412  0.13567293201513231  0.14576910150359737  0.15584828186815608
  0.16594321684508967  0.17672311447372555  0.18808198720590324  0.19991831836658081
  0.21112443642282408  0.22149920268385856  0.23155840127039973  0.24200707985970865
  0.25270414094199989  0.26309340996485353  0.27373382230628640  0.28510378388524826
  0.29663259987606194  0.30793571458055585  0.31968884695659322  0.33147963178583051
  0.34283838370967246  0.35346727126263627  0.36435242010746144  0.37535890812105854
  0.38681688917326390  0.39828247509204628  0.40974550554089312  0.42090778505880394
  0.43155593390073799  0.44287232298019658  0.45380081375409781  0.46450053990248641
  0.47396649042230105  0.48475341197544103  0.49509214043533523  0.50627659860508589
  0.51673820623128686  0.52781604702994844  0.53915280196362625  0.55073951227723894
  0.56229424731831879  0.57352360796025126  0.58434421272777715  0.59477566599244391
  0.60507009708726434  0.61552186779911799  0.62628202661132881  0.63758396437744391
  0.64856463932944675  0.65811010058196140  0.66788636539236423  0.67774267678070932
  0.68772834241128233  0.69712523325121956  0.70658261236701470  0.71620121697058370
  0.72604334424779049  0.73613915411206110  0.74654653528919468  0.75679245735829515
  0.76655970778373284  0.77668712824514519  0.78718347874243011  0.79713019071924052
  0.80591170588496164  0.81452596380525966  0.82341229651721670  0.83278331536712302
  0.84215438154854760  0.85112838812138092  0.86166320572214883  0.87237604371163813
  0.88222946699714255  0.89188239462164653  0.90190901490204112  0.91287325669285613
  0.92381770495906423  0.93495496661107647  0.94603031266521553  0.95750210230116206
  0.96842643224951819  0.97930749344701185  0.98981522145513379  1.00000000000000000
 -0.00226915227752044  0.00932624270934814  0.01939389062643859  0.03005611616518193
  0.04102654937675938  0.05310988593144149  0.06482214915705822  0.07591633516387959
  0.08748951514095656  0.09902617550822992  0.10979735040603006  0.11975261304784633
  0.12970073499909593  0.13937238818620606  0.14968718036706138  0.15973363301261609
  0.16984459908196156  0.17907531512607511  0.18798248560273351  0.19834208436045286
  0.20880305510811120  0.21938949792612875  0.23029755520116052  0.24122276817707289
  0.25250309127644405  0.26296817143959045  0.27408142637979699  0.28544726320012825
  0.29636627835179224  0.30635562481038781  0.31646277597752498  0.32729215024095087
  0.33871283294164489  0.35032370829678894  0.36256691998986840  0.37484959555872727
  0.38624382527258005  0.39698486347966117  0.40745037795550038  0.41802416144576676
  0.42903922429680408  0.44017547906638482  0.45099244438815678  0.46156612496077648
  0.47204204158718194  0.48257530276721988  0.49320337060753572  0.50401793607465983
  0.51512192942834734  0.52630348363128998  0.53748743513824315  0.54870748261553492
  0.55989131980033313  0.57216117776849706  0.58482582700502850  0.59629248358664644
  0.60719533436081519  0.61729225346590533  0.62727466565903167  0.63600300784180630
  0.64527553045079378  0.65469409222610908  0.66411664205502419  0.67371364039803461
  0.68352011070896457  0.69369717681159693  0.70369230843027419  0.71335549789134589
  0.72288081559219419  0.73263437150482891  0.74266753532402741  0.75267570109898119
  0.76296220606571841  0.77308250289677372  0.78314938973102832  0.79330141001792986
  0.80391071841845152  0.81468256578686815  0.82532507194825178  0.83592768769840431
  0.84711511584087862  0.85782198316026337  0.86851120852299490  0.87884173093380169
  0.88928970299477539  0.89978734377178948  0.91001483214338263  0.92053165334583054
  0.93126819454993659  0.94187796019225933  0.95214149267446480  0.96209058765131494
  0.97190488726233570  0.98153015543525124  0.99069195839357416  1.00000000000000000
  0.00173048439918472  0.11866854686863286  0.18082949893926639  0.22372542863348890
  0.25685866246570749  0.28358279913514434  0.30763126264515311  0.33058323669679263
  0.35267614572433109  0.37292344694822366  0.39176644254941967  0.40825006692199195
  0.42331041177702861  0.43815829945770751  0.45283332379271574  0.46798108097838131
  0.48268554882101794  0.49671320423302806  0.50926103509931864  0.52121942567761259
  0.53194336930234154  0.54275013618578161  0.55309080516778764  0.56333268906849965
  0.57287093490818985  0.58238394707540342  0.59180797344861025  0.60103329746030953
  0.60974043173979553  0.61869678447377563  0.62757942345615103  0.63678752585893528
  0.64573216855731908  0.65397866631472223  0.66166431937455528  0.66898920965699971
  0.67616909641165723  0.68346997802940213  0.69097546841262891  0.69854207699157744
  0.70582410291358733  0.71326393151419298  0.72069760475829547  0.72819300075854121
  0.73557565205034958  0.74272574944776037  0.74974441164362438  0.75690154751382999
  0.76419329664582469  0.77153535582172295  0.77860448600931131  0.78548853430456556
  0.79231234308014864  0.79904511119656207  0.80576292703285768  0.81224973755202845
  0.81854375884092356  0.82479471326931275  0.83090223220713377  0.83672643673995239
  0.84222057724931498  0.84766339456914974  0.85324293100433857  0.85889990334715705
  0.86465911243743887  0.87043423434988765  0.87597156703686796  0.88095656589457227
  0.88575976322101369  0.89055886195861844  0.89516031971702315  0.89964418246750333
  0.90409077751401767  0.90857529376025148  0.91307414507549445  0.91737680164419688
  0.92150555114792332  0.92558411191616474  0.92960332591610673  0.93358095851664125
  0.93757576532687781  0.94159315577448521  0.94546204674759993  0.94913193142822250
  0.95267740882268281  0.95635207571432368  0.96021581060044137  0.96408865304805869
  0.96786203937149640  0.97146665336955773  0.97513888351565503  0.97861212535050734
  0.98187514014074739  0.98435874527534728  0.98727152731757750  1.00000000000000000
 -0.00176150664843012  0.01006605186624714  0.02057428863263010  0.03129054164002885
  0.04184958447991263  0.05203117598658033  0.06234900420966822  0.07316062844354733
  0.08418796120915702  0.09565195934292704  0.10759813880594435  0.11917355915891628
  0.13057232913628883  0.14096664996208894  0.15134996560076661  0.16179193086549620
  0.17259732004065373  0.18323944986979271  0.19358158698019837  0.20374400645056476
  0.21429345434495323  0.22430517214028522  0.23392605013603943  0.24288040293796725
  0.25258239387332693  0.26285095525778468  0.27353638802514091  0.28417889753597553
  0.29518389314187599  0.30640545041076322  0.31715325047159809  0.32783733216036226
  0.33856941656148359  0.34868030892361379  0.35859015310060299  0.36859035403356144
  0.37923134160091421  0.38993825947194893  0.40043415380358610  0.41095756711852371
  0.42180853755937048  0.43312061863579981  0.44508216424546526  0.45721355308088185
  0.46899789053788160  0.48002867497110729  0.49065661308473096  0.50138106686888639
  0.51264777020554242  0.52454287480513284  0.53644379993804980  0.54867317798057746
  0.56053572844769928  0.57149011067270850  0.58188248555934841  0.59155348271656605
  0.60164309168034069  0.61179166426100728  0.62171965898409909  0.63154698338692061
  0.64157067798853340  0.65239081287569312  0.66327870179907189  0.67364711602256189
  0.68391976708899804  0.69454292699111209  0.70528327593415130  0.71616091074430033
  0.72699824003598024  0.73693409289016565  0.74633363152126542  0.75564215449111782
  0.76487095547505846  0.77387677227737006  0.78270836123939158  0.79213478167712659
  0.80262661767948240  0.81319307855452339  0.82351356204013459  0.83378935845815327
  0.84415944595161763  0.85492069906386670  0.86560716625960266  0.87593793460655245
  0.88579007062261228  0.89575219784683324  0.90661540420190401  0.91740793656862796
  0.92727076509433537  0.93702678685331053  0.94722682533661051  0.95819465016109151
  0.96906538323152003  0.97902516811327567  0.98958203835934788  1.00000000000000000
  0.02434790612211826  0.03283459374354434  0.04305598844990376  0.05185432301733058
  0.06005169981592750  0.06824407093426978  0.07692007610732229  0.08567363096317535
  0.09404178997674092  0.10247506954751459  0.11190870270259937  0.12219330510983240
  0.13210541304289217  0.14136337575848995  0.15080131097471164  0.16060528755410897
  0.17070140482559487  0.18101136124557821  0.19174285417844575  0.20280725339068453
  0.21368898795590674  0.22492513644312392  0.23605245836078687  0.24715283693068496
  0.25773197395850911  0.26806077582116866  0.27788542236694191  0.28744909924700018
  0.29696831943847757  0.30669684699781269  0.31639737822696473  0.32576810113401400
  0.33470630577749355  0.34383423367005816  0.35356212131174458  0.36362396826284887
  0.37307820568746997  0.38283078954558830  0.39267635393662581  0.40263513742636925
  0.41288545236757446  0.42387701021528901  0.43579175124006586  0.44713853614120885
  0.45844151924584292  0.46940529212924204  0.48043082058219483  0.49061645128674219
  0.50075061536837129  0.51033702704915707  0.51979962443736039  0.52990807850270671
  0.54002068217064958  0.55024220074236407  0.56061157879864265  0.57010846362516310
  0.57981136617033913  0.58920070811832925  0.59886958852635463  0.60866649105362125
  0.61838123582751836  0.62873317271102969  0.63977656892890500  0.65085735609577722
  0.66206105994229936  0.67289254115816766  0.68347099819279145  0.69364517660684433
  0.70361879353587065  0.71325514915720323  0.72267680240513643  0.73216029791641057
  0.74188749703178170  0.75184619439773070  0.76238101804446279  0.77353114385406185
  0.78515835009810586  0.79644343537699125  0.80722651149025904  0.81804324621577662
  0.82861333585213204  0.83870984589859066  0.84835932126659641  0.85809444297181936
  0.86849234616039750  0.87912443868616974  0.88973432438006628  0.89989340614465885
  0.90959481715953738  0.91998580520822770  0.93090938664142275  0.94167531162926343
  0.95260587195613800  0.96320769727612310  0.97163265104977314  1.00000000000000000
  0.07641796010739804  0.24177540296607097  0.27424969350905531  0.29954290731058297
  0.32143467795575875  0.33960938235159865  0.35594643446435892  0.37084310513247964
  0.38547381845756867  0.39992560616703032  0.41397740846874959  0.42678356717509697
  0.43920598993096893  0.45153440514581161  0.46351377457089910  0.47488289697746028
  0.48562007377460870  0.49605271216926944  0.50678201049819627  0.51780456971389077
  0.52862683205635619  0.53881618462566894  0.54858585795875980  0.55816453070828087
  0.56728720597837834  0.57625320604048935  0.58518687640425826  0.59416160147856023
  0.60283576471513012  0.61116506561769501  0.61928087777137719  0.62736011098521172
  0.63546586431404906  0.64346796439761900  0.65113657262667524  0.65825398759949438
  0.66518003104623635  0.67149318694795201  0.67764710852792664  0.68403541659326850
  0.69012110976766805  0.69577716521341071  0.70139707083426051  0.70710607146027205
  0.71263870685797914  0.71799869856856979  0.72323978235656494  0.72852980546014201
  0.73379855282521000  0.73884994732799703  0.74357026139429416  0.74806017755047771
  0.75251223727387773  0.75692088759880194  0.76137907443909991  0.76572169573608939
  0.77005188681432590  0.77395516071001347  0.77779842230667839  0.78153777717998729
  0.78515555559119155  0.78874620411738250  0.79234798039183163  0.79594060127758015
  0.79930230316720419  0.80258254269202756  0.80590528084936319  0.80949270441187593
  0.81322390898285635  0.81667622878436985  0.81995974331084831  0.82311661756073562
  0.82633082954086134  0.82957097084911735  0.83276588613959734  0.83582760343215201
  0.83891599522258575  0.84217062209150906  0.84599352512247550  0.85009622112386252
  0.85380753475933002  0.85726843187680113  0.86055037344446517  0.86414739670043350
  0.86797442117391010  0.87207039103576345  0.87606228058142244  0.88011674996980960
  0.88404872501238974  0.88790816434615050  0.89204886365842273  0.89570541551671534
  0.89938027595324721  0.90607255537968523  0.91315595324659393  1.00000000000000000
   2.4376837322587240E-020  -1.0000000000000000     
 F F F F F F F F F F F F F F F F T F F F F F T F F F F F F F F F T F T F T F T F F F F F F F F F T F T F T F T F T F T F T F T F F F F F F F F F F F F F F F F F T F F F F F T F F F F F F F F F T F T F T F T F F F F F F F F F T F T F T F T F T F T F T F T F
  <DiscreteSampler_grid>
  grouped_processes
  1 # 1 for a reference and 2 for a running grid.
  10 # Attribute 'min_bin_probing_points' of the grid.
  1 # Attribute 'grid_mode' of the grid. 1=='default',2=='initialization'
  0.0000000000000000 # Attribute 'small_contrib_threshold' of the grid.
  0.5000000000000000 # Attribute 'damping_power' of the grid.
 # binID   n_entries weight   weight_sqr   abs_weight
    13   10   1.528508574967486E-010   1.031484777295079E-019   1.528508574967486E-010
    14   10   1.528508574967651E-010   1.031484777295540E-019   1.528508574967651E-010
    25   10   2.050105723677727E-010   1.662949848321499E-019   2.050105723677727E-010
    26   10   2.050105723677730E-010   1.662949848321502E-019   2.050105723677730E-010
  </DiscreteSampler_grid>
