  0.00000000005622179  0.00000000013400814  0.00000000019524229  0.00000000025461784
  0.00000000031858416  0.00000000038603477  0.00000000045708239  0.00000000053271587
  0.00000000061262765  0.00000000069885052  0.00000000078354281  0.00000000087091652
  0.00000000096171794  0.00000000106131401  0.00000000116737862  0.00000000127294922
  0.00000000137978530  0.00000000149027631  0.00000000159880242  0.00000000171173365
  0.00000000183214049  0.00000000195674137  0.00000000207791578  0.00000000219690197
  0.00000000232034071  0.00000000244877168  0.00000000257996587  0.00000000270984449
  0.00000000283643738  0.00000000296135244  0.00000000308789317  0.00000000321625359
  0.00000000334674951  0.00000000347686349  0.00000000361096261  0.00000000374427538
  0.00000000387423478  0.00000000400560951  0.00000000414539183  0.00000000428657507
  0.00000000443203976  0.00000000457899630  0.00000000472300641  0.00000000486846798
  0.00000000501340471  0.00000000515971001  0.00000000530979752  0.00000000546255104
  0.00000000561993303  0.00000000578129276  0.00000000594097705  0.00000000610157318
  0.00000000626034401  0.00000000642526860  0.00000000658878407  0.00000000676393078
  0.00000000694789936  0.00000000714569713  0.00000000734894271  0.00000000755160308
  0.00000000775165976  0.00000000794560718  0.00000000813391984  0.00000000832558015
  0.00000000852256799  0.00000000871984806  0.00000000891735348  0.00000000916101578
  0.00000000940906192  0.00000000965274169  0.00000000989071062  0.00000001012721697
  0.00000001036804413  0.00000001061156591  0.00000001085695306  0.00000001111183592
  0.00000001136171981  0.00000001161984478  0.00000001192743617  0.00000001226379916
  0.00000001260656656  0.00000001295644669  0.00000001331009619  0.00000001367770725
  0.00000001406209770  0.00000001445296286  0.00000001485738375  0.00000001533425312
  0.00000001591567455  0.00000001660209495  0.00000001735785022  0.00000001818206382
  0.00000001914337059  0.00000002046793733  0.00000002123212811  1.00000000000000000
  0.00955987005040947  0.01616771145972409  0.02515443192938573  0.03584787354873868
  0.04617036024229674  0.05670574215235477  0.06727553278349520  0.07840115907403912
  0.08895546119864578  0.09935584092652626  0.11038452465476406  0.12211190719817434
  0.13239533422117508  0.14253326542268024  0.15315541177511577  0.16409980086295406
  0.17469619426224967  0.18538843320936860  0.19680440632791499  0.20803784061182920
  0.21877617555341977  0.22930977402500524  0.23990114028799442  0.25023493519449130
  0.26025733811293844  0.27059454409150452  0.28127713247753450  0.29149902204586592
  0.30135113408300129  0.31119730384448058  0.32147713568586922  0.33199367268687940
  0.34254738169618520  0.35314744553189248  0.36378524926707934  0.37427352492354038
  0.38447063331437159  0.39457689632785153  0.40485743676198988  0.41543509397552275
  0.42613579614942765  0.43684445920059473  0.44760255708360158  0.45857584418218639
  0.46980213303462565  0.48106846905620226  0.49240909774527558  0.50339395882305138
  0.51413085829853744  0.52471382339936967  0.53537947875451297  0.54602557104782778
  0.55677011813439070  0.56781262286779466  0.57915896054669191  0.58998764645819557
  0.60000941184392764  0.61023813563407592  0.62034092198408886  0.63057765631977092
  0.64044330036689590  0.65086516653425774  0.66106700771908067  0.67094393235955885
  0.68080466353084401  0.69095937693503995  0.70217487437780635  0.71325869507816175
  0.72412341229480404  0.73502875210344332  0.74613871646416430  0.75710468513803331
  0.76787115617454615  0.77787389064293344  0.78794723415030044  0.79794593255869195
  0.80810489195601887  0.81828490991154523  0.82840262757020711  0.83895800378128438
  0.84907448638440142  0.85913725343791636  0.86892227912405717  0.87948426432585203
  0.88995121937970567  0.89976013888484208  0.90926765747963945  0.91902291217646936
  0.92910197803714389  0.93906048085082283  0.94894317392869654  0.95897274422530432
  0.96944476132290092  0.98019927049455857  0.99143420429324569  1.00000000000000000
 -0.00243275026135088  0.01116887526687791  0.02302731404120736  0.03504573973467213
  0.04634498227445116  0.05713634325875489  0.06787072203991620  0.07866412130897092
  0.08926734534001576  0.10030583101024455  0.11225298236036407  0.12493108240729985
  0.13566640274989966  0.14587720298241780  0.15611915545481395  0.16640814334774934
  0.17654105748762014  0.18637080300615225  0.19673173842143785  0.20760740383418325
  0.21844929631971652  0.22944885621589731  0.24093175894798793  0.25287856467260117
  0.26488079357273786  0.27668284012253036  0.28799816230113834  0.29916329922016949
  0.31029522655661296  0.32083235614036243  0.33131157013812929  0.34189502604343602
  0.35187137153313963  0.36123275919375153  0.37042827180677335  0.38008112236121439
  0.39053294221426732  0.40122477993662864  0.41196632538472261  0.42276883673737220
  0.43365057126405637  0.44462484163080657  0.45552933790910538  0.46634920683403569
  0.47700690400123730  0.48751415857370728  0.49755814020602374  0.50744062336799856
  0.51719009153728424  0.52717653446373602  0.53754532705350111  0.54837072064682224
  0.55937792400624831  0.56979526416100679  0.57979591196061808  0.58996297579896240
  0.60040508518295876  0.61081860973399937  0.62038526735062582  0.62994647559552908
  0.63976286215646305  0.64978592818300418  0.65965067805632449  0.66980440684391207
  0.68045292848485284  0.69092580786283586  0.70134030644908607  0.71223532552965418
  0.72378557488973638  0.73535729954432583  0.74642822986904800  0.75689682817384230
  0.76707330226913883  0.77701739929408564  0.78651217465981849  0.79598361595063749
  0.80552963961877844  0.81543575904959675  0.82592831928867672  0.83641645934464459
  0.84707854303504548  0.85773218461532785  0.86857643044456512  0.87881400791439401
  0.88885540137912022  0.89910644783495164  0.90981553525792869  0.92085196845670902
  0.93143692640377151  0.94124909405689283  0.95082818875420128  0.96050663620446608
  0.97067327623975652  0.98055849887982394  0.99027569653415981  1.00000000000000000
 -0.00223522603280478  0.00965621079909833  0.01971122488525815  0.03158313861504084
  0.04304279052709885  0.05421352712905139  0.06478105600300789  0.07554813471315232
  0.08589743465410719  0.09634699234899358  0.10686988156229975  0.11766895915938769
  0.12827843017031557  0.13867002059054409  0.14860692038492018  0.15834645065870981
  0.16809029281035601  0.17807869090823303  0.18836738852659135  0.19869880577969359
  0.20906001009300912  0.21959495057944303  0.23053490129354060  0.24171723471762838
  0.25285382123288902  0.26378750127489081  0.27474360266634573  0.28580954102862116
  0.29690673445431220  0.30816420688650820  0.31992463835127749  0.33214749061192489
  0.34379679825019288  0.35512931601766923  0.36644078970766658  0.37772845724041476
  0.38826709752858118  0.39869441252846888  0.40895517707541879  0.41885022351068596
  0.42841860349515287  0.43799402901685741  0.44751078853766246  0.45718599823775330
  0.46724831166383635  0.47795346101428238  0.48919454456834210  0.50048931591578627
  0.51138720937478332  0.52232093071307006  0.53366855878428154  0.54506053522640485
  0.55629819933451408  0.56728100033341289  0.57802665857437707  0.58833892231264684
  0.59821704226089567  0.60793031516511409  0.61743730010905951  0.62708939546013209
  0.63704252059326849  0.64733676286606268  0.65807546616565304  0.66883562954252751
  0.68005416600795110  0.69126175777168186  0.70225854669856957  0.71311649781788777
  0.72402428880570979  0.73460562232475235  0.74448396444189402  0.75414110794810096
  0.76387091870166735  0.77366677093134673  0.78341231935920186  0.79341110357587619
  0.80345668856718488  0.81320823835906664  0.82260368292586028  0.83208721740929170
  0.84231934829560884  0.85311817323264438  0.86425222114624267  0.87532685642805230
  0.88545118631972453  0.89542768554425212  0.90485560769582740  0.91443712101646846
  0.92445630776047782  0.93500780223612867  0.94557715913389762  0.95641823939019155
  0.96729710284939474  0.97856459484974234  0.98925285083164494  1.00000000000000000
 -0.00225796589940010  0.01048789014572121  0.02099853315603926  0.03171646029911296
  0.04271609329596527  0.05388349883343437  0.06522878747834744  0.07635494247068021
  0.08781082385926225  0.09893142941454749  0.10943543551402482  0.11969528603184074
  0.13017766155748448  0.14085027528211511  0.15130180724517039  0.16168669827119811
  0.17237186393760048  0.18325626526056149  0.19422562505153604  0.20497615234446728
  0.21537088989014083  0.22534412819565330  0.23510947795770548  0.24502826148254925
  0.25542505175578073  0.26632142941174469  0.27690636211785719  0.28698531186105197
  0.29699368123902437  0.30645954543251908  0.31570854272198123  0.32479448383332166
  0.33447712800756341  0.34583794571478788  0.35707198692206016  0.36784465603923816
  0.37817714152245901  0.38867479637360131  0.39918013591276097  0.40986080365167610
  0.42078168179848807  0.43147663481846038  0.44178167545890090  0.45076621584144744
  0.45990208029625662  0.46940554352739455  0.47932289459000521  0.48957883584858375
  0.49970257128592172  0.51008518269428771  0.51986557666718436  0.52905198924119801
  0.53811142927145117  0.54772243175899460  0.55780010921459466  0.56799551965339734
  0.57851467248881194  0.58915578593815510  0.59966698729092383  0.61021047848099208
  0.62087817063201312  0.63199000363881364  0.64324186012313267  0.65437462524247691
  0.66534053121784009  0.67659386364997454  0.68806442788924405  0.69946615009035829
  0.71090639020256985  0.72314867628389756  0.73519948980323979  0.74664567814487348
  0.75735451922364472  0.76825784013001064  0.77933169888900866  0.79046859445625939
  0.80119423486649388  0.81155042734142213  0.82141595657480093  0.83108289501473986
  0.84148426510941721  0.85193004888778545  0.86336211087890258  0.87406831914435645
  0.88551255362137793  0.89675698873860354  0.90823360427024569  0.92021470673782624
  0.93178565180849626  0.94219179883083781  0.95193426893452548  0.96114029944207180
  0.97046574207228820  0.98005847407430002  0.99001398106220662  1.00000000000000000
 -0.00225559629193364  0.00880658250087078  0.01811501979958906  0.02799880526734158
  0.03821561874783767  0.04918948549548390  0.06029029431456191  0.07088996459509499
  0.08121125995609123  0.09186749319770560  0.10223059624226988  0.11217510544517859
  0.12191932438070524  0.13157955699499851  0.14083362663339172  0.14999826538456365
  0.15954779557673315  0.16923953571349248  0.17882620109938407  0.18852419588972391
  0.19863202987229994  0.20882387465843019  0.21890744863199368  0.22912845981555030
  0.23965875899942704  0.25019306710135730  0.26040328265512930  0.27067930214695340
  0.28129526423666107  0.29215437997394961  0.30321380982433693  0.31460328188381348
  0.32622266391211652  0.33751368834819745  0.34793376681680371  0.35826220713234092
  0.36844525339332523  0.37881134743111700  0.38959093261489214  0.40062883917301839
  0.41209887223683811  0.42319618194086217  0.43433059973295052  0.44531862145004253
  0.45652820063096211  0.46740296172703760  0.47858732198032361  0.48963920528232702
  0.50055166149910690  0.51152134078369171  0.52255251070749542  0.53428140801604596
  0.54565654039075639  0.55653583940891271  0.56717857952834827  0.57801616159357150
  0.58891672125924388  0.59978499779626893  0.61051400460146810  0.62096702284692573
  0.63092178850997338  0.64043227449617424  0.64997955165875809  0.65900687477472475
  0.66815356033571016  0.67815503385046139  0.68852829657959902  0.69897486750918325
  0.70946990987261005  0.72016311181339665  0.73112590636596075  0.74186023739091000
  0.75291725306752832  0.76391958501034929  0.77444092495354377  0.78448970870495460
  0.79509366271894644  0.80593729016363480  0.81645960082774849  0.82679289217354268
  0.83755442871542518  0.84899853179134854  0.86040017926576984  0.87164210354019767
  0.88271367984508808  0.89328752991347271  0.90395492995573556  0.91471963675445700
  0.92535503643545980  0.93592079172473819  0.94670467425547389  0.95768479355355951
  0.96859960620316632  0.97879694820079433  0.98961730883475396  1.00000000000000000
 -0.00049804797530158  0.11346762403589634  0.17066604189349902  0.21140043992672566
  0.24419170066419385  0.27190274039961054  0.29572809707085901  0.31814672880552236
  0.33872833062470492  0.35770220881499726  0.37587751304253558  0.39335025627773379
  0.40974621463629768  0.42508248207914523  0.43875206901792069  0.45183035769384478
  0.46436663242282933  0.47666547833332384  0.48847619350061233  0.50018322318480657
  0.51155927453219219  0.52288819633375627  0.53394361358246312  0.54493022930800861
  0.55564561353571962  0.56608918518804652  0.57623065920626759  0.58620188763939463
  0.59632301217178929  0.60665645305669846  0.61715349769122696  0.62764846592635704
  0.63740032717209683  0.64655507977814120  0.65484515370390084  0.66278403847449030
  0.67048721108399512  0.67812678311635699  0.68545893541703906  0.69257678052201976
  0.69942842811333805  0.70653395127380592  0.71330339079477778  0.71980178007755358
  0.72630627578710261  0.73273735117141925  0.73924776906712697  0.74563442014106440
  0.75205205717822843  0.75860100327034685  0.76512561673661172  0.77144581446568161
  0.77755295022275106  0.78365882732478032  0.78992444953467666  0.79619581952322138
  0.80228363396550906  0.80805311645764677  0.81357227340375227  0.81903766396926625
  0.82450579515310030  0.82993001663842281  0.83535780590338071  0.84092396152980053
  0.84641359844889497  0.85182943457817317  0.85712341605958431  0.86237067074539531
  0.86769237141883226  0.87303204031007708  0.87851545990137814  0.88388818905500466
  0.88922428427457167  0.89449388939508434  0.89950352408422041  0.90426055772336544
  0.90907009802814309  0.91405083629361650  0.91869180068166001  0.92333179429176659
  0.92770321646991483  0.93200442391330329  0.93619620664907521  0.94027640582974337
  0.94434751587681620  0.94842523526895273  0.95256458276286449  0.95684712104171177
  0.96130675316618808  0.96577137229892318  0.97000948574112655  0.97412763717847173
  0.97826617660616644  0.98233175273650364  0.98559550487727576  1.00000000000000000
 -0.00272362188022578  0.01070544761226078  0.02157448918803170  0.03278573162393203
  0.04394207405537776  0.05546388485923726  0.06653598175827180  0.07733560931608224
  0.08847868980425953  0.09941953089322127  0.10989644632054285  0.12010147326539442
  0.13076247235375049  0.14162452279489576  0.15212545929205373  0.16246301380132080
  0.17285385352697163  0.18349955711494648  0.19427149266046873  0.20501326518122132
  0.21569559327723603  0.22654144335201015  0.23751595318142729  0.24868957058156374
  0.26014421150461786  0.27151970756226029  0.28265812722122197  0.29365940953473635
  0.30458155523735775  0.31551438006154464  0.32643816539332288  0.33695609809231403
  0.34697465286533852  0.35685259001587732  0.36662597578306966  0.37630978412130356
  0.38601793160106318  0.39582866087705632  0.40585377208598933  0.41589889296604315
  0.42578926761380281  0.43599799470129491  0.44622589625033593  0.45610315294742693
  0.46580123055102135  0.47566070645657704  0.48611314008574147  0.49669078356228252
  0.50696962266536827  0.51728773868864231  0.52796301903281284  0.53885921211777565
  0.54940041590930300  0.55965687086334681  0.56980045994542150  0.58000251130375624
  0.59027611956183246  0.60033044661914869  0.61034869093691069  0.62030848974958330
  0.63096779906560507  0.64198438727028495  0.65280020233631875  0.66324553005622788
  0.67370741922777555  0.68418673854513057  0.69452641129895032  0.70457424996010609
  0.71439986276829504  0.72441446927192443  0.73461945410218787  0.74507751995167937
  0.75561958595947976  0.76583974667045629  0.77595693302755619  0.78566087867553924
  0.79562244573826013  0.80554721878033564  0.81584531992395293  0.82604178435353304
  0.83659447075259552  0.84712575580091354  0.85777468406192692  0.86814918455578249
  0.87877319884638661  0.88935794227732701  0.90019105714283798  0.91114143503681322
  0.92235340784960262  0.93336824275877928  0.94396455740856922  0.95498033143909611
  0.96615438422264965  0.97790489715820894  0.98892006793727261  1.00000000000000000
  0.02435620862481386  0.03141156324443696  0.04067246921064741  0.05063518846186624
  0.06062743643146669  0.07049484973992141  0.08077941160967919  0.09157030069715867
  0.10291627601562610  0.11374368232895750  0.12420797351529272  0.13440255504149759
  0.14478029986766297  0.15555515748123358  0.16623513861269676  0.17621089331540202
  0.18587796975709214  0.19552360339315050  0.20524382177776995  0.21459694335657506
  0.22365802040008850  0.23276692074199185  0.24196478560508156  0.25117061236992400
  0.26026224484262594  0.26978020237686851  0.28054525621286086  0.29192557014582110
  0.30323097543162458  0.31437292612210260  0.32541383733706492  0.33611362258073724
  0.34639745097250818  0.35653831732915514  0.36651381510858361  0.37629512466932719
  0.38608370664062558  0.39609795381274809  0.40662487676749737  0.41744730734014301
  0.42822970329833604  0.43865781621902050  0.44868064466543461  0.45870662951775037
  0.46917810246772579  0.47967231157663470  0.48990600866471307  0.49989071177617500
  0.50982429634993620  0.52011889780719911  0.53101489143020553  0.54204765789190346
  0.55292996085665091  0.56362326656033357  0.57508574810362989  0.58631330563448725
  0.59686727067578227  0.60703396142438537  0.61622658398056640  0.62520680270539286
  0.63418894893367672  0.64348819654591283  0.65376299960882245  0.66449073671405989
  0.67607976218514787  0.68739528722766530  0.69762315217622006  0.70734123553331008
  0.71662344447775927  0.72614004356498851  0.73538905729248760  0.74453117229864452
  0.75358875519352553  0.76297698436641470  0.77244998314897007  0.78187469294211975
  0.79142856518131044  0.80138518850822738  0.81151205889688072  0.82150735268227204
  0.83154197609213787  0.84175646128955350  0.85203538199023032  0.86228058246134742
  0.87258307096603926  0.88264201510871332  0.89271336739853424  0.90312642711667113
  0.91371757829864231  0.92434497093683332  0.93485770449175443  0.94547296191660468
  0.95597949130565263  0.96508353191396823  0.97098292675927045  1.00000000000000000
  0.08710333623100430  0.20570974870700467  0.24652389254514079  0.27150420817028265
  0.29192544563685047  0.30871983153062954  0.32396123246410108  0.33857540493896998
  0.35254474950005027  0.36561514018269442  0.37830132171182090  0.39117188933277225
  0.40385401550572075  0.41583455439368505  0.42717030834195824  0.43817814615822470
  0.44887656855645935  0.45921511062568510  0.46936365443466543  0.47930726112772826
  0.48912046028707917  0.49897148594498819  0.50905110241054186  0.51904089865023917
  0.52852282990070354  0.53756370608217652  0.54663682969471605  0.55603327243853307
  0.56545207877917125  0.57479247158370594  0.58377755481342630  0.59258207779223748
  0.60133299051820355  0.60981348315812101  0.61808874762301191  0.62580806514944698
  0.63295527202563295  0.63987749412915340  0.64684214772530968  0.65393158525504758
  0.66112858700717569  0.66809177163246003  0.67454413087928677  0.68072912630584004
  0.68681718954281956  0.69281365477633738  0.69865629427433051  0.70426722269054998
  0.70958442916660591  0.71463233621262223  0.71982381938924811  0.72503613487366136
  0.73003865342885210  0.73495261936305400  0.73989447790267959  0.74499961929214598
  0.75005115230917385  0.75471196612216696  0.75919764557951896  0.76362820613095628
  0.76803269988252876  0.77249049231024380  0.77699457735437516  0.78143641277453557
  0.78602952843594254  0.79024985779484547  0.79465117001027707  0.79899629672560835
  0.80335806163646639  0.80749754039551325  0.81160963609875614  0.81525654517368129
  0.81896659350702072  0.82278919254081828  0.82662488182950677  0.83043993772026925
  0.83423092128551080  0.83797419616835356  0.84167737146524968  0.84538255799365791
  0.84910438127074783  0.85291324765434773  0.85685260927101670  0.86103205184483045
  0.86521737512704688  0.86935728493315445  0.87334551113978143  0.87800997645411449
  0.88372023641010444  0.88993577239456689  0.89702562763097760  0.90579454733738096
  0.91509811457743595  0.92165848788568294  0.92639295092622709  1.00000000000000000
   1.4259723555822949E-020  -1.0000000000000000     
 F F F F F F F F F F F F F F F F T F T F F F T F F F F F F F F F T F T F T F T F F F F F F F F F T F T F T F T F T F T F T F T F F F F F F F F F F F F F F F F F T F T F F F T F F F F F F F F F T F T F T F T F F F F F F F F F T F T F T F T F T F T F T F T F
  <DiscreteSampler_grid>
  grouped_processes
  1 # 1 for a reference and 2 for a running grid.
  10 # Attribute 'min_bin_probing_points' of the grid.
  1 # Attribute 'grid_mode' of the grid. 1=='default',2=='initialization'
  0.0000000000000000 # Attribute 'small_contrib_threshold' of the grid.
  0.5000000000000000 # Attribute 'damping_power' of the grid.
 # binID   n_entries weight   weight_sqr   abs_weight
    13   10   2.485573912928582E-011   4.571778181034184E-021   2.485573912928582E-011
    14   10   2.485573912928516E-011   4.571778181034190E-021   2.485573912928516E-011
    25   10   1.906931497457544E-011   1.360488259810216E-021   1.906931497457544E-011
    26   10   1.906931497457542E-011   1.360488259810220E-021   1.906931497457542E-011
  </DiscreteSampler_grid>
