  0.00000000017484104  0.00000000080325289  0.00000000113310780  0.00000000137215925
  0.00000000160027657  0.00000000186735103  0.00000000210576539  0.00000000233396924
  0.00000000255928558  0.00000000278118043  0.00000000296987769  0.00000000312874274
  0.00000000329201805  0.00000000345966850  0.00000000361351710  0.00000000375782170
  0.00000000390083082  0.00000000404035079  0.00000000420767219  0.00000000436346614
  0.00000000451706931  0.00000000465970983  0.00000000478772500  0.00000000492140995
  0.00000000505960437  0.00000000520227106  0.00000000534985359  0.00000000549563248
  0.00000000563997451  0.00000000579855243  0.00000000597472563  0.00000000614263853
  0.00000000629756051  0.00000000644745561  0.00000000659203945  0.00000000673674600
  0.00000000688963596  0.00000000703951727  0.00000000719170249  0.00000000733548933
  0.00000000749826736  0.00000000768416178  0.00000000786319257  0.00000000802711187
  0.00000000818651950  0.00000000832830196  0.00000000845912693  0.00000000859902534
  0.00000000872652571  0.00000000886672217  0.00000000900883132  0.00000000914953516
  0.00000000929772491  0.00000000945198340  0.00000000961243676  0.00000000977808020
  0.00000000997619781  0.00000001018244176  0.00000001039138923  0.00000001060384734
  0.00000001082001654  0.00000001101965824  0.00000001120897085  0.00000001140587792
  0.00000001160128676  0.00000001178055268  0.00000001198102995  0.00000001220763312
  0.00000001243753953  0.00000001265888084  0.00000001289105500  0.00000001311148114
  0.00000001331477977  0.00000001351025527  0.00000001370940327  0.00000001391812700
  0.00000001414527532  0.00000001438395854  0.00000001462530916  0.00000001488515239
  0.00000001519406220  0.00000001549809447  0.00000001570440845  0.00000001594742923
  0.00000001621992212  0.00000001655829484  0.00000001686526261  0.00000001730048816
  0.00000001784720347  0.00000001844008618  0.00000001902744663  0.00000001965786221
  0.00000002046896354  0.00000002209529242  0.00000002388731479  1.00000000000000000
  0.00929943769536751  0.01692765181280543  0.02878481777301672  0.04321586917396203
  0.05582539180387604  0.06773927515944826  0.07813943559312543  0.08700116725583089
  0.09399490698738520  0.10169575090658721  0.11106277433662461  0.12143396875756168
  0.13138099293038338  0.14104994180497313  0.15239660710451708  0.16694145765302407
  0.17792624406291113  0.18897621952701399  0.20026857889291277  0.21348659096401901
  0.22733025220752787  0.24021194764014420  0.25226018514709680  0.26333617902518719
  0.27429954930402933  0.28464054553863882  0.29358750542396922  0.30000923914046351
  0.30748073486022598  0.31651472691334526  0.32578223838278253  0.33478101884878952
  0.34311042958186849  0.35160371387960909  0.36219753652935466  0.37422099366017775
  0.38689064330820666  0.39891996224225856  0.41102423394154430  0.42409116938940733
  0.43830635996716999  0.45335009757940753  0.46676325991502010  0.47851520203074999
  0.49020676569034011  0.50164387401982102  0.51324474104727547  0.52637800858697970
  0.53832414269745510  0.54821423930654734  0.55794090251380957  0.56892447673105206
  0.58065207481752068  0.59153194718988733  0.60007325875731343  0.60855463172226976
  0.61745716401904949  0.62656029455946716  0.63568455608749452  0.64400960125263085
  0.65420666965235985  0.66440860492382303  0.67432609184879355  0.68468865427652981
  0.69471346882757845  0.70339529641014920  0.71180687194082337  0.72102501122620144
  0.73131678019420132  0.74149051167054958  0.75076279531299051  0.76006809563160438
  0.77003119474643977  0.77976565368372608  0.78908672581619443  0.79886090220008310
  0.80947188186430952  0.81983035744253663  0.82964592609035426  0.83956578641544077
  0.84998766822088268  0.86068378939691015  0.87158192696819048  0.88033659711034484
  0.88872958648379607  0.89871164114246371  0.90857068267537999  0.92153643558615372
  0.93131761875966146  0.94089711552631472  0.95126371587056202  0.96132827906130691
  0.97021174130826060  0.98004743956245255  0.99133479206425801  1.00000000000000000
 -0.00001476711041121  0.00053055830321457  0.00236440676176183  0.00502033864632559
  0.00850398888238690  0.01207648945253005  0.01696631346422009  0.02419145395112819
  0.03008662527286134  0.03530588745692058  0.04041352905984469  0.04595964710240467
  0.05219291561685108  0.05805265260009289  0.06391579946802396  0.07010495387512095
  0.07700779690697404  0.08478724945363800  0.09306764311771143  0.10141988824440887
  0.10982375552254210  0.11911664690566434  0.13009209803344021  0.14189074307727453
  0.15273290432602024  0.16278308447844661  0.17289431371970160  0.18255801799500304
  0.19262566760083788  0.20454319878849744  0.21617343190813959  0.22806629737756234
  0.23954832231576287  0.25050417982491885  0.26104455263662335  0.27212546650135289
  0.28341040076647545  0.29412272621904112  0.30407877596851379  0.31365844142972493
  0.32435592221040926  0.33471271726804164  0.34405572459311334  0.35313351017001049
  0.36182344398927185  0.37041057257739052  0.37948267290571819  0.38861256603394134
  0.39773519467875390  0.40673940655028118  0.41621690791025440  0.42585060351198367
  0.43579917170600796  0.44599317149572476  0.45626453863942329  0.46649173553209788
  0.47699178175165524  0.48788558165026896  0.49882261227373997  0.50942808923671246
  0.51968635140764718  0.53022329565913895  0.54159918610643165  0.55344591908137419
  0.56561304784183863  0.57837133727052470  0.59154960687078006  0.60439134679946949
  0.61706411561107222  0.62905332266106195  0.64146371126831869  0.65459300088767258
  0.66764234095881669  0.68041823379847854  0.69457971403479768  0.70937010946670642
  0.72443173696367780  0.73942626484287621  0.75415103801051975  0.76888727324430939
  0.78254448389391307  0.79712223978516983  0.81212862872092462  0.82724804008187680
  0.84253922801309911  0.85770663426517968  0.87313697882491337  0.88828291368575096
  0.90270414473969363  0.91634639288063913  0.92960972305159151  0.94325375779814435
  0.95673615792981770  0.97053001637476799  0.98501744853855588  1.00000000000000000
 -0.00337506004063842  0.01240453790943324  0.02444787960603194  0.03376891369700103
  0.04254379428823443  0.05130158134368477  0.06090269247656427  0.07084977949404070
  0.08026021462131344  0.09066219317681065  0.10054500607296765  0.10819047602393764
  0.11586267362008829  0.12325312878106036  0.13039609874566979  0.13875562197661345
  0.14841365988956698  0.15728770316017976  0.16591925423546405  0.17522874600464558
  0.18469941763318848  0.19678619152440607  0.20937515571741880  0.22121230998984764
  0.23303991532935650  0.24639425049825228  0.26046521736627259  0.27275978267838258
  0.28337755920336372  0.29352467726442644  0.30381198627427658  0.31414259583449561
  0.32380233055953744  0.33349760201049022  0.34439587343940192  0.35574308219651124
  0.36785195287991845  0.38112429122484526  0.39386129546895154  0.40474332967716314
  0.41424319744884852  0.42380033332115197  0.43447137698136185  0.44689091700971323
  0.45817677004237889  0.46759948303793997  0.47689801598279591  0.48579539313582060
  0.49544986223983412  0.50624840654294623  0.51721018079429648  0.52738133325813330
  0.53684837300193800  0.54689574439488897  0.55738857160515631  0.56718164373643942
  0.57623975782650594  0.58527131143706135  0.59453617873574671  0.60381017840571849
  0.61300147067453115  0.62198475269512021  0.63070167824121626  0.63970219851732890
  0.64961352454071575  0.66083865437079858  0.67344705733650911  0.68655623450296488
  0.69987492107147475  0.71360669376672925  0.72577433693414528  0.73615117485684523
  0.74720938219493127  0.75754241568668634  0.76763867489261939  0.77836269059497076
  0.78782046579137566  0.79779644040429565  0.80944195645253969  0.82154481912267074
  0.83252199413476857  0.84316008794514186  0.85421227007934808  0.86322750151009642
  0.87040707091512726  0.87849721837929629  0.88893088408871401  0.90133865205987684
  0.91535597566403881  0.92909597621551709  0.94183023242167152  0.95358251009509465
  0.96464049163640064  0.97592086423813884  0.98755325487573065  1.00000000000000000
 -0.00242756234035736  0.01077480096001485  0.01948231803434199  0.02762008041930593
  0.03597041848731384  0.04655802046702622  0.05849498549562192  0.06876368794310153
  0.07790073528206698  0.08673256493968873  0.09606663323709687  0.10454148725116019
  0.11191521464043477  0.11954288812220955  0.12797751220166390  0.13584363736542887
  0.14373819149738543  0.15254932324171050  0.16200231061147258  0.17204361081436689
  0.18386480753015125  0.19493097018680744  0.20444513058843344  0.21189032347234873
  0.21915810643423325  0.22657251044488647  0.23522268628664883  0.24445937574811319
  0.25424358332126767  0.26356335321578261  0.27400242599218522  0.28837573598738581
  0.29733774018160464  0.30713869271941829  0.31730126001963566  0.32691096603220587
  0.33671030216756409  0.34666751659537320  0.35773017272751156  0.36990944329148656
  0.38260971227287371  0.39529455563151306  0.40726674467516555  0.41842813385871713
  0.42961548368814584  0.44144686447389575  0.45318050648498914  0.46582205296634138
  0.47981924630710859  0.49365719484106596  0.50471698881962090  0.51335838722035632
  0.52190002688737513  0.53057848632557414  0.53969999423535819  0.54846436040476187
  0.55647573213290280  0.56538180263589755  0.57621869234387202  0.58810358690834674
  0.60009196490989070  0.61193579155349620  0.62401654027629216  0.63753970758516965
  0.64961132828447432  0.66198099920681175  0.67465802030239841  0.68698416903400505
  0.69887449963722104  0.71032612239534498  0.72156968558670875  0.73185442062248529
  0.74120542949428569  0.75121816453439028  0.76156551893039615  0.77393862331323360
  0.78591950693055912  0.79665932323476352  0.80685736065049563  0.81714010360139078
  0.82717774478970207  0.83693840568666644  0.84714936294291632  0.85946575211582010
  0.87326952320420403  0.88446563792914668  0.89423931200202889  0.90529726052570980
  0.91682532888829282  0.92906772552780326  0.94069994188383765  0.95305304817281256
  0.96507674445464797  0.97696928046754372  0.98807223346990802  1.00000000000000000
 -0.00257540307068806  0.00983136902117450  0.02178433891167502  0.03495766285635805
  0.04844571308057218  0.06068586847184126  0.07179558290257126  0.08181401011322688
  0.09031817679713118  0.09835215782694592  0.10597424251572349  0.11402762143326481
  0.12529480589211084  0.13836200715045885  0.15067616067884329  0.16260262432815020
  0.17412214824622133  0.18565984658940213  0.19814963870423893  0.21172852525490971
  0.22636488142021746  0.24044487106665755  0.25393553444065742  0.26697952150762333
  0.27985967542737161  0.29249943952948088  0.30536091209216587  0.31917827461506965
  0.33229477149904130  0.34317045727756007  0.35290076148145472  0.36258692214248922
  0.37274154738785442  0.38213804009004410  0.39099821283042563  0.40051617448095428
  0.41152137849551074  0.42115645881304398  0.42945925122301704  0.43718931748030027
  0.44531017959558561  0.45483986553964023  0.46392871719946288  0.47303540966047769
  0.48272861979171316  0.49119313212211152  0.49922371735916671  0.50788288371336998
  0.51799529641118636  0.53023157309760760  0.54201643100215524  0.55089718724327641
  0.55868295864414075  0.56661663331504908  0.57530773296717386  0.58447951936913334
  0.59246898356372180  0.59960581552091075  0.60712857649153495  0.61532867318098550
  0.62436786577055114  0.63351289364334462  0.64505121448064762  0.65724559427306961
  0.66797925704305117  0.67799440756095630  0.68713797335885096  0.69592870407410445
  0.70507925740714694  0.71520015429452910  0.72572398784536707  0.73647454428345782
  0.74757847298675073  0.75918940698492732  0.77099483198453533  0.78289236143988017
  0.79504878350015229  0.80697983777575144  0.81875839453598975  0.83015600183218941
  0.84076151148854217  0.85313273166326009  0.86622109764033584  0.87894403957064016
  0.89032496448270304  0.90030353185806855  0.90928062390886866  0.91773449419253672
  0.92597042358735893  0.93418978394073904  0.94257887944264962  0.95092833010729139
  0.95936644898231727  0.97033945002091238  0.98088280475614964  1.00000000000000000
 -0.01246170709995858  0.12864646452267506  0.18387723751041801  0.23519385439818519
  0.27114084132796618  0.29637340369774418  0.31601242576664895  0.33503109460355901
  0.35260651400823839  0.36731101193528420  0.38288319197534887  0.40202974393942664
  0.42563451233221566  0.44150598649212747  0.45592936625579744  0.46845824203458569
  0.48222094221757350  0.49614649877083977  0.51011912302835627  0.52315926514273392
  0.53571861477862848  0.54914072024294613  0.56304790518674330  0.57658320317615286
  0.58959662140780100  0.60224059919841200  0.61372938088382289  0.62352322758862277
  0.63284985241568281  0.64218210608146598  0.65026841950727243  0.65760649533988058
  0.66491898120129911  0.67279214216862526  0.68188710085758508  0.69085941247317417
  0.69842760477164889  0.70534416481435946  0.71234699363921616  0.71949935481933613
  0.72684019998863880  0.73362663323551391  0.73916507912525631  0.74396366960683435
  0.74862532719904695  0.75448437961855574  0.76113390227153288  0.76823470123338367
  0.77413201668652409  0.77983028272917287  0.78563847384331409  0.79253286191615646
  0.79865727926671037  0.80401469553054372  0.80878423396080745  0.81343252113493969
  0.81819362540944107  0.82331924500202502  0.82935162740952284  0.83549024400247285
  0.84222675002764569  0.84915949480471542  0.85606703832401398  0.86310268415580005
  0.86998456490382436  0.87564830620313150  0.87991155749485028  0.88386700082513880
  0.88794215880230820  0.89194462379271033  0.89565414763136963  0.89979515957407696
  0.90411200548083503  0.90820058074221588  0.91213574570846179  0.91609390727435924
  0.92013226551550564  0.92454557821904670  0.92915896093660533  0.93361640810714686
  0.93759270995679844  0.94116077873117665  0.94490727703978483  0.94873901731014421
  0.95216480108408463  0.95602638381911664  0.95957540432421362  0.96294917900098242
  0.96645260902527208  0.96977008543503529  0.97318261999502764  0.97686679697848711
  0.98094753137754875  0.98571883973036312  0.99193643880763938  1.00000000000000000
 -0.00362977669658576  0.01263645709167579  0.02492140351220560  0.03637194171394761
  0.04705254697169397  0.05764075962523121  0.06890422613677513  0.08025205716200969
  0.09069422229055493  0.10041975940097994  0.11185180071115046  0.12332834225429634
  0.13424032213377424  0.14454264261598621  0.15437607921108040  0.16492630733078506
  0.17576489884962393  0.18758185941578737  0.19986633385811070  0.21247947658461225
  0.22419540190096607  0.23393431023794181  0.24229070549891579  0.25046807485578704
  0.25937514766284581  0.26915864224389618  0.27954001588238481  0.28947020449508476
  0.29770716036976991  0.30568448811099880  0.31317989846678146  0.32136698881566406
  0.32961950582457550  0.33947616691345384  0.35034250074781237  0.36008728732724588
  0.37059850341683809  0.38093553212113751  0.39087448922678497  0.40132338859840599
  0.41277146963582079  0.42491317070274581  0.43681227735548367  0.44799859758715660
  0.45938400732269702  0.47138251309208035  0.48306552058179680  0.49385657534192828
  0.50461538691219310  0.51531220864085903  0.52647046208757731  0.53831718543617435
  0.54870082771144879  0.55906000070118267  0.56920036709917654  0.57942990516587078
  0.58892962713426189  0.60030527774378761  0.61148853265121839  0.62178659045010920
  0.63293226552554538  0.64414931967510203  0.65407318602993780  0.66460584343197404
  0.67472821908570746  0.68580371071479862  0.69823234127939982  0.71011011874605301
  0.72140072297643032  0.73216668655637418  0.74270285786970491  0.75273117467211859
  0.76266974759243356  0.77334895964249895  0.78511187739255006  0.79822265878945764
  0.81012418385681473  0.82077167252221028  0.82970258422186172  0.83842209102705001
  0.84757331415596260  0.85846424142164579  0.87085892609707327  0.88411544177400947
  0.89594275604775697  0.90751134644667630  0.91781921638395081  0.92481976695087076
  0.93251346242108235  0.94061269796990143  0.94999107536831007  0.96026788812905262
  0.96929432388266856  0.97695981329676207  0.98557434827954415  1.00000000000000000
  0.64583223283928537  0.68299878705958128  0.71556214188173128  0.74679893212933002
  0.77226448285078275  0.79135524819906733  0.80991431245507461  0.82586320462857754
  0.84088376694944411  0.85310135585971592  0.86432917912400653  0.87424578071550541
  0.88335452100956457  0.89172967654875890  0.89863485505123109  0.90498232313773019
  0.91141407147063624  0.91708587191121993  0.92150528079288574  0.92546339755800400
  0.92914259707506353  0.93226221383302166  0.93508854050970769  0.93764261925202164
  0.93984407271313031  0.94188184359131710  0.94389192568180058  0.94577655392765281
  0.94749094993038130  0.94907775532380889  0.95062876345843983  0.95210933816524657
  0.95345931898739933  0.95468887325845375  0.95584038912960345  0.95692014045346097
  0.95790956905476454  0.95885951834949734  0.95976301390965146  0.96055786515738173
  0.96127196958327621  0.96195079887720469  0.96259617354781846  0.96320607759215915
  0.96380393961966615  0.96437228303600087  0.96492041232260428  0.96544622796566559
  0.96593977115883101  0.96636041627879721  0.96675204186450658  0.96712388910419333
  0.96747615306246171  0.96781338075479006  0.96814077135294019  0.96846054846446572
  0.96878130734328638  0.96909291391387808  0.96939944072658357  0.96970646005245820
  0.97005032615262499  0.97048122399601822  0.98186375073968013  0.98208786299572548
  0.98228372727860236  0.98244988262213551  0.98258891763855161  0.98274469681984622
  0.98291932248882019  0.98311899580245343  0.98336601538216029  0.98361445343195597
  0.98386237280747268  0.98410908199142932  0.98437032162388038  0.98464754894430540
  0.98494349469198550  0.98526982928140394  0.98562505797670175  0.98600186226441577
  0.98639943364108995  0.98683829745290175  0.98730066775779113  0.98777614723816809
  0.98826380311702089  0.98877254978310658  0.98935352373755725  0.98997198403270004
  0.99067147360891861  0.99146124209058106  0.99232160609289455  0.99324707283897407
  0.99435462427996002  0.99566740000644560  0.99742824652912732  1.00000000000000000
  0.09067539486252625  0.23130981898609010  0.27248984802608900  0.29190092583943306
  0.30682307192523084  0.31924701928431692  0.33045115908933204  0.34086959514087445
  0.35058375493582672  0.36255882882267082  0.37572878451276670  0.38741195237414205
  0.39874007583084170  0.41090834707528129  0.42379051449655125  0.43489756183052658
  0.44477445730043075  0.45423809900631634  0.46351671833314495  0.47252992104442398
  0.48079526250346105  0.48906034879901816  0.49821480147236885  0.50773392954590568
  0.51713447780761490  0.52636491000323993  0.53589797916236070  0.54642900011506035
  0.55728397719475431  0.56926844382706598  0.58072118254014404  0.59108474603828776
  0.60089012240693740  0.60997761951934970  0.61833904983115306  0.62663166664007786
  0.63487718773848067  0.64313916953379324  0.65154616403626686  0.65993216580685543
  0.66774080505021238  0.67389010776688407  0.68010686200340564  0.68618553228035184
  0.69169805942781193  0.69678664627870579  0.70201825482812785  0.70728011361033949
  0.71249864404081498  0.71741343982629391  0.72207257453144080  0.72661811860578951
  0.73134074615840761  0.73535695614133390  0.73905374199967344  0.74248360257336921
  0.74618785175965896  0.75028921148512284  0.75433271650163181  0.75763673778884266
  0.76053820480940804  0.76335485464474484  0.76653795124613899  0.76991259763009479
  0.77321812288700265  0.77648304814415325  0.77934925923466936  0.78247611781248838
  0.78596257824212712  0.78909417028527495  0.79213155506072286  0.79508828557900446
  0.79791807276022986  0.80094935643666898  0.80423079131927799  0.80776014285926823
  0.81163454042142258  0.81558125152302730  0.81929300990986820  0.82281621321435161
  0.82606536874818615  0.83014484749924122  0.83557379059094961  0.84164457324458830
  0.84716242446614975  0.85291207116540413  0.85946342607669390  0.86695430139432961
  0.87649365277170632  0.88724638189831295  0.89392640196424822  0.90029306436447365
  0.90997022039031816  0.92833236872006186  0.97456847064070207  1.00000000000000000
   2.3933291216529241E-028  -1.0000000000000000     
 F F F F F F F F F F F F F F F F T F T F T F T F F F F F F F F F T F T F T F T F F F F F F F F F T F T F T F T F T F T F T F T F F F F F F F F F F F F F F F F F T F T F T F T F F F F F F F F F T F T F T F T F F F F F F F F F T F T F T F T F T F T F T F T F
  <DiscreteSampler_grid>
  grouped_processes
  1 # 1 for a reference and 2 for a running grid.
  10 # Attribute 'min_bin_probing_points' of the grid.
  1 # Attribute 'grid_mode' of the grid. 1=='default',2=='initialization'
  0.0000000000000000 # Attribute 'small_contrib_threshold' of the grid.
  0.5000000000000000 # Attribute 'damping_power' of the grid.
 # binID   n_entries weight   weight_sqr   abs_weight
    13   10   4.472513461929631E-022   4.470447541685362E-043   4.472513461929631E-022
    14   10   4.472513461929612E-022   4.470447541685356E-043   4.472513461929612E-022
    16   10   1.334424160362594E-021   7.530526928665820E-042   1.334424160362594E-021
    17   10   1.334424160362586E-021   7.530526928665767E-042   1.334424160362586E-021
  </DiscreteSampler_grid>
