  0.00000000024994563  0.00000000033517527  0.00000000040396593  0.00000000045961004
  0.00000000052110646  0.00000000060135806  0.00000000069702220  0.00000000078802268
  0.00000000088155933  0.00000000097110135  0.00000000106530046  0.00000000116261648
  0.00000000125542220  0.00000000133560062  0.00000000141002117  0.00000000148261053
  0.00000000156560273  0.00000000166859820  0.00000000177333619  0.00000000186480405
  0.00000000194679158  0.00000000203043202  0.00000000211910945  0.00000000221770522
  0.00000000232459314  0.00000000246420416  0.00000000262572238  0.00000000275947378
  0.00000000287905763  0.00000000298701370  0.00000000308966371  0.00000000318747118
  0.00000000328588264  0.00000000337659411  0.00000000346645960  0.00000000356105887
  0.00000000365905139  0.00000000376536337  0.00000000387546805  0.00000000397740671
  0.00000000407818315  0.00000000418168482  0.00000000431006769  0.00000000441848807
  0.00000000451932390  0.00000000462104901  0.00000000473200874  0.00000000484764480
  0.00000000496907657  0.00000000508293077  0.00000000519799478  0.00000000532336284
  0.00000000545475236  0.00000000558013956  0.00000000569378143  0.00000000588771261
  0.00000000610021751  0.00000000630819060  0.00000000652734646  0.00000000674003516
  0.00000000696518172  0.00000000720227832  0.00000000743789099  0.00000000770194012
  0.00000000796433323  0.00000000821579234  0.00000000844071318  0.00000000867611299
  0.00000000890890053  0.00000000913470745  0.00000000935347741  0.00000000956722893
  0.00000000979425684  0.00000001005529769  0.00000001033351481  0.00000001062036201
  0.00000001092262802  0.00000001125134348  0.00000001163675140  0.00000001207399017
  0.00000001257218208  0.00000001304646888  0.00000001348625903  0.00000001390134274
  0.00000001430981044  0.00000001474498149  0.00000001522025464  0.00000001575041551
  0.00000001635436095  0.00000001708226255  0.00000001790057791  0.00000001900515470
  0.00000002016328409  0.00000002231683200  0.00000002367928087  1.00000000000000000
  0.00866419639352040  0.01784190799336761  0.02839323610807837  0.04006580059818370
  0.05087079649659089  0.06214555122427481  0.07483060652016435  0.08662574456929525
  0.09482711870062369  0.10132410103998327  0.10754354091002491  0.11354467816254786
  0.12139624485152545  0.13007790103037395  0.13806731885764298  0.14655935328423894
  0.15715145414646847  0.16890967942846788  0.17862908867968305  0.18859695866766174
  0.19973655454801034  0.21152758264180638  0.22325492561977023  0.23447854556463063
  0.24609912031493553  0.25781883334256506  0.26910303886073039  0.28121196665443415
  0.29461722825925335  0.30975842142099008  0.32449505918904964  0.33847716490774010
  0.35270964063076765  0.36673037664305447  0.38079689603891020  0.39516348427236403
  0.41105724328661797  0.42711564728973367  0.44248875458773540  0.45722048652399760
  0.47156941115681378  0.48278702803467155  0.49307494221933573  0.50065526944937944
  0.50817644679994234  0.51465346495875508  0.52219086616281740  0.52872012335586804
  0.53625292460798712  0.54238504387593955  0.54777224663897017  0.55326619524779508
  0.55862682455337276  0.56363400981660172  0.56858794560370030  0.57247378805313420
  0.57665863609695278  0.58134464007626363  0.58571767917304218  0.59002565043772814
  0.59496916687246482  0.60007514044371812  0.60617862857282367  0.61475811806910907
  0.62509104586465114  0.63752485271086434  0.65178442627816546  0.66558367602902124
  0.67842818521451942  0.69189331163542034  0.70666053756764935  0.72033503649796615
  0.73236312014203686  0.74487461788167608  0.75662257019141976  0.77067680501797642
  0.78286604749156663  0.79377208746494909  0.80411004742702519  0.81499055671122178
  0.82792626071792874  0.84230691280810599  0.85453253222107228  0.86513198178142936
  0.87699149779654184  0.88962347075188519  0.90226207340717424  0.91409410383703893
  0.92453854612447639  0.93464608946822658  0.94336294572234158  0.95174015295567294
  0.96060284038281063  0.97107545190019706  0.98331853494416988  1.00000000000000000
 -0.00000018717697769  0.00009464458553496  0.00076928686295994  0.00205846665690695
  0.00358298663540558  0.00563447271030826  0.00893966305209513  0.01235546257674253
  0.01541154222277164  0.01919868923918664  0.02405851374244442  0.02996567813098363
  0.03655173586832759  0.04308501717622614  0.04946601959602678  0.05545097597539055
  0.06174181617214498  0.06837365990237199  0.07656077409918657  0.08475852687675565
  0.09264704654037120  0.10059712577390166  0.10892066887013183  0.11808464390643296
  0.12819247791406513  0.13818778799799800  0.14829309085269460  0.15728964154611008
  0.16819440675424774  0.17996528179214805  0.19191121032802735  0.20401721068440809
  0.21611147824930715  0.22825423999671657  0.23983456503365189  0.25120511579110361
  0.26380732593887957  0.27758713474959773  0.29094137496429018  0.30210517771844292
  0.31281220625626660  0.32424031597574221  0.33704525573129757  0.35086503887802284
  0.36573852835979376  0.38198249980247262  0.39976393152640305  0.42031608501682394
  0.43564092532610160  0.44811607556187155  0.45849759631632842  0.46694802117298934
  0.47559454345401631  0.48580347896965836  0.49611649505185024  0.50549878417850302
  0.51538805140477628  0.52481090031503463  0.53425733420786103  0.54317775855132377
  0.55317827355990334  0.56357397284392230  0.57385029698623302  0.58514339527486403
  0.59601228095524628  0.60677479391186051  0.61716794217057036  0.62774483912723400
  0.63827841176118805  0.64824922635642435  0.65853759535415080  0.66963117824686846
  0.68134841597744811  0.69320710322968393  0.70494494171953648  0.71714660923709495
  0.72880400239916932  0.73977857337400699  0.75011906565615960  0.76042386211228119
  0.77020901864253088  0.78002437075029685  0.79007342906004474  0.80057337957384345
  0.81169561244341382  0.82322998138572645  0.84266078862331861  0.86219056451594933
  0.87996932542993900  0.89826348963800107  0.91694755605703637  0.93560766848841193
  0.95323407886716216  0.96957233965219047  0.98493157504293294  1.00000000000000000
 -0.00293136024086709  0.01134233987024886  0.02173418507822200  0.03136982710754027
  0.04123279791410984  0.05134983863302148  0.06177128787853747  0.07217674993133395
  0.08284413678353131  0.09441184417671983  0.10673564623972502  0.11929759681431903
  0.13223082435686054  0.14596400797843209  0.16045905763085233  0.17350421728496698
  0.18509720625998177  0.19662320962537169  0.20833458423603921  0.22004882003111495
  0.22939111724510930  0.23935338575441026  0.24948592588232338  0.26100777736273056
  0.27389356611505167  0.28740815540896092  0.30209287076156432  0.31683052903120162
  0.33109806468185199  0.34463433218937872  0.35590197331305584  0.36622440962940855
  0.37633905174365634  0.38508518277090320  0.39300598144920895  0.40239654528781615
  0.40959955883648952  0.41712156845474646  0.42522429171468695  0.43637924744718376
  0.44732274587221715  0.45713480927351580  0.46711539898120963  0.47753914792095464
  0.48817180421935574  0.49967488028906398  0.51320127257493275  0.52742090180594980
  0.54125746856401402  0.55413586322700059  0.56645068501993090  0.57864890401627644
  0.59143772641593995  0.60444681038351433  0.61718454152412872  0.62934456112756276
  0.64149973746155431  0.65344070654723263  0.66791557654585543  0.67932879754073705
  0.69098849265977336  0.70438685198787165  0.71738752586810706  0.73185804609620697
  0.74852998409917493  0.76523244357685882  0.77739236565651759  0.78970007579060053
  0.79544695010491784  0.80072182668184655  0.80575793463851408  0.81081511492385816
  0.81580174713452547  0.82114531339190888  0.82667220918061313  0.83114880685119197
  0.83529505886492261  0.84031785629975519  0.84590101547164831  0.85087319713627751
  0.85781273295124016  0.87123765633804073  0.88443349463285192  0.89566656341848205
  0.90483952975013215  0.91280282327252171  0.92025248882528554  0.92730376564069217
  0.93413708083553171  0.94150941770702778  0.94978787894226779  0.95876764245219537
  0.96836342548737109  0.97876449683849243  0.98912982779559644  1.00000000000000000
 -0.00262227842364366  0.00716420569263976  0.01716922680637978  0.02796383561312113
  0.04042601042587423  0.05105755472257976  0.06162121092505646  0.07246802887392269
  0.08195322561846606  0.09150803679504656  0.10280647533096338  0.11500036750156070
  0.12930683652828642  0.14472443451956210  0.15936193634497919  0.17237178310720280
  0.18452469361649609  0.19792419030996886  0.20952659121265396  0.22099127324940535
  0.23343700144283600  0.24665124458143720  0.25869011404470277  0.27085849579273319
  0.28407671493331477  0.29670904659096842  0.30851934108819967  0.32024469277349060
  0.33178458108602332  0.34321022860844042  0.35447942346273942  0.36575055450177385
  0.37764577392804410  0.38799800165307174  0.39887244641434572  0.41078912407836071
  0.42324201494531988  0.43490077516791570  0.44560152256103031  0.45577816833022788
  0.46814646059485121  0.48126682429988543  0.49322385361489396  0.50327534628310322
  0.51214513758731373  0.52183204299007335  0.53290145188507232  0.54472466254689567
  0.55620021470829473  0.56686094717259505  0.57621544597985541  0.58755267675648359
  0.60022472482603928  0.61161437847283895  0.62180895474582643  0.63208280784537918
  0.64150045670211331  0.65186313147658437  0.66380286727366511  0.67354449468507871
  0.68215026281182356  0.69136107505010791  0.70128096704275289  0.70997494236313319
  0.71853793765821017  0.72852583982617980  0.74153304051344415  0.75171657070702602
  0.75754404524409802  0.76384391095296889  0.76986730190624508  0.77618780214729899
  0.78365191581521776  0.78924042202746147  0.79361914645201492  0.79785144389020868
  0.80241834835195702  0.80700402874636123  0.81107866192169109  0.82390233974196470
  0.83925219878644453  0.85297904748656139  0.86675696580614436  0.87746438517096259
  0.88645547368697419  0.89489274532235807  0.90532062173895400  0.91419939005813411
  0.92272851351596519  0.93158785398827404  0.94163218123791170  0.95284438020395468
  0.96355640989671254  0.97440494331822647  0.98662057462229436  1.00000000000000000
 -0.00142739179475945  0.00627168181915485  0.01375710241439810  0.02115124309333238
  0.02855364335070387  0.03690951668011487  0.04695863059093341  0.05994133940499058
  0.07502673313234687  0.08734597470955326  0.09874272408484189  0.10855332995999480
  0.11756756039647884  0.12658300002331277  0.13695737624198392  0.14883715160818592
  0.16155189364745448  0.17309442160071961  0.18433280419890885  0.19589909351608573
  0.20643010159023362  0.21592734337453021  0.22512758336362515  0.23503681725390752
  0.24693805708243682  0.26004165721221373  0.27166423675704493  0.28238210824196847
  0.29365104657793445  0.30344282318864735  0.31348534219955237  0.32271127374841563
  0.33191297447234314  0.34244580086013476  0.35309493051094942  0.36285117819779295
  0.37261520766390338  0.38293706015498197  0.39489371288187480  0.40848676022593600
  0.42169339899143032  0.43395803419757578  0.44615869292845617  0.45838587300441186
  0.47172449323939053  0.48546032987310755  0.49921349033045331  0.51348363534230468
  0.52842248888413790  0.54293686409933262  0.55626310412236402  0.56764037238826925
  0.57541739358573918  0.58455442058179652  0.59322315817189131  0.60299638536310685
  0.61309226250084081  0.62261094142895823  0.62869354766179752  0.63329582201069901
  0.63830750312514317  0.64329493703062601  0.64812966485089218  0.65329790670553634
  0.65853381908407771  0.66365517296225907  0.66875647304750840  0.67313393098063679
  0.67763250638274675  0.68215341842766120  0.68740125639154859  0.69580593446884509
  0.70552184239138527  0.71497178197215294  0.72534840752697183  0.73762047917591245
  0.75094909711464242  0.76549629419818033  0.78050734592591742  0.79274640989816803
  0.80375958581553653  0.81393824731687336  0.82495189583621531  0.83565254735992933
  0.84552324548642477  0.85615588288629085  0.86919912985698278  0.88585058276027528
  0.90306190422769295  0.91976730658271455  0.93531241483262451  0.95110418387686424
  0.96422726179989005  0.97663593841929686  0.98863128342040130  1.00000000000000000
  0.00959232106023804  0.01335618787613379  0.01755164793651906  0.02118932530037233
  0.02515405114684857  0.02892254024472215  0.03159983383739513  0.03487546204604929
  0.03813372591216455  0.04153226571885785  0.04506989591484622  0.04844372310218217
  0.05191136228938475  0.05665115831365509  0.06073286116647174  0.06378966067475485
  0.06616346540226142  0.06844333536297419  0.07132347652224945  0.07500155788202496
  0.07904816964713152  0.08243375942506959  0.08538091850652597  0.08839373737332622
  0.09175356445376631  0.09479173980714353  0.09735031137254246  0.09987032614152451
  0.10237949792544751  0.10481168108297012  0.10742497673257501  0.11036875260264990
  0.11362455602595603  0.11718753465473813  0.12074333303078709  0.12405628744298189
  0.12828135220491374  0.13407500356665078  0.13944739471524539  0.14474465099873954
  0.15025953230786168  0.15607315447950379  0.16248169484991515  0.17065589629647385
  0.18003973802715018  0.18909775970120976  0.19669587418532058  0.20331512048516528
  0.21018397094053548  0.21719623594438150  0.22469866024354371  0.23218975215727891
  0.23905860192218617  0.24563610255624474  0.25278384833548978  0.26169318382127948
  0.27083534558523509  0.28026152920521757  0.29051146604516098  0.30169242817795489
  0.31290396183907959  0.32420344689255781  0.33430968337719291  0.34455546869623727
  0.35487826227709568  0.36542163513697190  0.37858964766970060  0.39123006239929137
  0.40310638072904248  0.41373246557457949  0.42239906140505906  0.43089171166997997
  0.43924890234516545  0.44894912949533539  0.46048345684507563  0.47377085421576709
  0.48680116985775340  0.49844719091319128  0.50983303149274095  0.52206431702307021
  0.53381446360802620  0.54482215573394466  0.55583069848512967  0.56805858418774791
  0.58403544420407116  0.60437394808160261  0.62583696506814823  0.64662202947559677
  0.66783656595288998  0.69268661744707649  0.72070493937124858  0.75826095821989747
  0.80181566696991424  0.84812144370174203  0.90413395413027486  1.00000000000000000
 -0.00149226537274194  0.00549900140473634  0.01271734368936363  0.02043686606407814
  0.03033043432427079  0.04252116325421618  0.05640603047174456  0.07221976584616241
  0.08706607339412753  0.09942010264563367  0.11173615390749829  0.12535681686988048
  0.13981362083486040  0.15408582549560540  0.16687113542995033  0.17839745916868974
  0.19079997578852381  0.20446059597554497  0.21986152221806493  0.23309128767002013
  0.24400107397294907  0.25423455367957093  0.26473134425460854  0.27629669444417515
  0.28881176135393999  0.30112550350846884  0.31290684664297014  0.32506825354512076
  0.33995866082722526  0.35619266320367116  0.36905374886846498  0.38093772875620158
  0.39249078986776792  0.40337976057893915  0.41431775612924443  0.42671989389364745
  0.43649192743125498  0.44127839556857285  0.44517540135324590  0.44986935232856190
  0.45517127444711308  0.46120031921790494  0.46683342806600686  0.47142330231826446
  0.47746537880682377  0.48254391450609485  0.48704087921634664  0.49233045175352930
  0.49729865037799154  0.50437910938089336  0.51657378829706169  0.52720749453344107
  0.53512104777799874  0.54281707607457108  0.54952354800592917  0.55680091812819366
  0.56595717381513433  0.58028153103651470  0.59200807948815770  0.60323040558672292
  0.61319902105089952  0.62341554884052885  0.63413142805544198  0.64590840540298489
  0.65665148377512772  0.66667738006660848  0.67600558739064709  0.68594837019183053
  0.69518421858610902  0.70418170569463057  0.71366459847030517  0.72301240403040790
  0.73505948394282028  0.74652683736673675  0.76105205263887699  0.77521814407536216
  0.79090547926692212  0.80728678145257471  0.82257194958134250  0.83742554496760313
  0.85284294268187077  0.86679085807293355  0.88143186833410392  0.89591098253437140
  0.90877255279634228  0.91921825995489392  0.92844016479695335  0.93764015555696034
  0.94827676803027938  0.96060236221781115  0.96957736667138128  0.97790626823875793
  0.98452556784080880  0.98999536612163808  0.99527746416613949  1.00000000000000000
  0.64680497931043379  0.67069907581722321  0.69538011101854225  0.71732972971860964
  0.73953808987423053  0.75861266651963655  0.77586796139769965  0.79226063331217678
  0.80543997955596192  0.81785732213451179  0.82927111458476432  0.83947247732316277
  0.84838069667058147  0.85550121292393533  0.86361485733290055  0.87177106567561202
  0.87823519949547868  0.88427310750513399  0.89155803070939521  0.89792984313325253
  0.90359785856709740  0.90894583605574364  0.91384150711103829  0.91822196691352509
  0.92215874258094432  0.92572222210777788  0.92899570472829229  0.93211756177994598
  0.93494055257027608  0.93746989088931032  0.93969736269926318  0.94171794421249022
  0.94374571073251234  0.94551344665468595  0.94739707245790583  0.94922656821266604
  0.95078845505536158  0.95236752124135959  0.95377565639778661  0.95498447703112599
  0.95616223493280661  0.95740984386779482  0.95845458340931944  0.95915974274787175
  0.95988145862010832  0.96063791428510625  0.96136831904868181  0.96206393433212756
  0.96270901999180003  0.96333123455913905  0.96394800440766848  0.96456091029229896
  0.96516828649215980  0.96571147778331856  0.96622320109921500  0.96670867878960776
  0.96716924114955505  0.96759876818592438  0.96801420675830430  0.96841498335065634
  0.96882116041725352  0.96922822510556605  0.96963482615170582  0.97008946463775403
  0.97060020311274697  0.97144050769546908  0.98175076276151085  0.98213269381731894
  0.98244758383611486  0.98271966018598400  0.98297648125534665  0.98322914033395048
  0.98348719055362543  0.98376532999444977  0.98406671819571845  0.98440029695178566
  0.98475016856415731  0.98511186852133270  0.98547936929583246  0.98588611804850868
  0.98630583345101153  0.98677771962322891  0.98728683367841974  0.98776887543471148
  0.98820852764266776  0.98867198470896422  0.98914630441104523  0.98968526437320725
  0.99033948870340460  0.99127901032408494  0.99229915398856383  0.99340150310151676
  0.99458887573911903  0.99593315109261438  0.99763213289730335  1.00000000000000000
  0.13473124240373391  0.15471129159399655  0.17353110207314423  0.18865909788647850
  0.19709079174534413  0.20354870550767012  0.20917205109687723  0.21439072959400543
  0.21973151333554228  0.22591409567444776  0.23140172387285265  0.23586782153567315
  0.24043275313776463  0.24596969001941543  0.25331781086549537  0.26162903548327876
  0.26930009899245916  0.27632244881571455  0.28325637201291426  0.29005429359111468
  0.29675163736147597  0.30378376880328328  0.31138726820870438  0.31883821364454118
  0.32561308433017006  0.33235758321414066  0.33965105276972851  0.34713714980874982
  0.35470651643801143  0.36214252247940792  0.36901301633386657  0.37674899600493589
  0.38405936743086394  0.39077364617365395  0.39693636813585226  0.40264469804960429
  0.40806800451943986  0.41416805685513280  0.41944704190334231  0.42444434549920868
  0.42948447542809914  0.43472845309391606  0.44032014747062892  0.44615943145689352
  0.45312410732250324  0.45958215701624860  0.46599191535288609  0.47268971638977780
  0.47969621330595485  0.48690804143553251  0.49436229068920551  0.50127611277424999
  0.50746767457639608  0.51350427268137355  0.51915105375306270  0.52459275381575399
  0.53010138511882066  0.53574579814021184  0.54167774959420156  0.54771235782953187
  0.55352100419727390  0.55886034207050572  0.56336860738710159  0.56712687504620907
  0.57128202511096227  0.57500699412336853  0.57832645912209468  0.58151112423180218
  0.58532620992404394  0.59000733960159746  0.59488544966807499  0.59917934377934512
  0.60328910619337661  0.60727726005421667  0.61133834263482256  0.61548118039658983
  0.61940209533536938  0.62299399478782269  0.62817382633678942  0.63503777560709007
  0.64298084732697736  0.65198775838449818  0.66079786408400032  0.67218556890688286
  0.68634241061193457  0.69486085634154227  0.70307548414816456  0.71048528261977706
  0.71888840597920123  0.72849235067482376  0.73851183229691941  0.74763374341164113
  0.76172012994341864  0.78078223438339422  0.96068062864025150  1.00000000000000000
   7.5516710375808490E-031  -1.0000000000000000     
 F F F F F F F F F F F F F F F F T F T F T F T F T F F F T F F F T F T F T F T F F F F F F F F F T F T F T F T F T F T F T F T F F F F F F F F F F F F F F F F F T F T F T F T F T F F F T F F F T F T F T F T F F F F F F F F F T F T F T F T F T F T F T F T F
  <DiscreteSampler_grid>
  grouped_processes
  1 # 1 for a reference and 2 for a running grid.
  10 # Attribute 'min_bin_probing_points' of the grid.
  1 # Attribute 'grid_mode' of the grid. 1=='default',2=='initialization'
  0.0000000000000000 # Attribute 'small_contrib_threshold' of the grid.
  0.5000000000000000 # Attribute 'damping_power' of the grid.
 # binID   n_entries weight   weight_sqr   abs_weight
    13   10   8.454905601777730E-024   2.074856143676914E-046   8.454905601777730E-024
    14   10   8.454905601777706E-024   2.074856143676902E-046   8.454905601777706E-024
    16   10   4.814393578354406E-024   7.633382279935317E-047   4.814393578354406E-024
    17   10   4.814393578358795E-024   7.633382279943162E-047   4.814393578358795E-024
  </DiscreteSampler_grid>
