  0.00000000005683285  0.00000000013334755  0.00000000019616578  0.00000000025801521
  0.00000000032453875  0.00000000039571780  0.00000000046923984  0.00000000054649557
  0.00000000062757276  0.00000000071429509  0.00000000080215956  0.00000000089403482
  0.00000000098889904  0.00000000108990753  0.00000000119243501  0.00000000128833454
  0.00000000139383398  0.00000000150281691  0.00000000161102433  0.00000000171964446
  0.00000000183458812  0.00000000195709269  0.00000000207969608  0.00000000220070238
  0.00000000232577317  0.00000000245352455  0.00000000258261996  0.00000000271046120
  0.00000000284317499  0.00000000297760136  0.00000000312058521  0.00000000326220987
  0.00000000340021289  0.00000000353940420  0.00000000368290930  0.00000000382004531
  0.00000000396072433  0.00000000410583323  0.00000000425578380  0.00000000440804269
  0.00000000455842916  0.00000000470626441  0.00000000485336966  0.00000000500095120
  0.00000000515328561  0.00000000532333470  0.00000000549306674  0.00000000566495293
  0.00000000583271656  0.00000000600397258  0.00000000617285347  0.00000000634301396
  0.00000000651546495  0.00000000669040412  0.00000000686845805  0.00000000704546092
  0.00000000722308083  0.00000000740123496  0.00000000758502148  0.00000000777409192
  0.00000000796662923  0.00000000816620632  0.00000000837369811  0.00000000858286070
  0.00000000878570593  0.00000000898238085  0.00000000919812446  0.00000000941519393
  0.00000000963968510  0.00000000987396943  0.00000001011628433  0.00000001036440044
  0.00000001061870237  0.00000001087985265  0.00000001113589730  0.00000001138537362
  0.00000001163426950  0.00000001193133723  0.00000001224717119  0.00000001257168909
  0.00000001290524752  0.00000001323811608  0.00000001357352991  0.00000001391536246
  0.00000001427170045  0.00000001464558106  0.00000001504351675  0.00000001550928543
  0.00000001608792195  0.00000001676660148  0.00000001748456755  0.00000001828579578
  0.00000001924318364  0.00000002052279985  0.00000002125187811  1.00000000000000000
  0.00975423371667443  0.01569754547767182  0.02498616975842996  0.03506959988742143
  0.04529758073859322  0.05615360428014347  0.06741728211546284  0.07862882266058184
  0.08946918581548002  0.09989753061310987  0.11018947541462498  0.12026445618729681
  0.13034524942928147  0.14027768445913874  0.15071331250373854  0.16111668670907825
  0.17166642065523285  0.18198070119243995  0.19224697906204055  0.20245314342989157
  0.21299924216730232  0.22364693557885645  0.23429355827626128  0.24473089634562806
  0.25494965423847499  0.26493062683205493  0.27492051389162070  0.28495236675293190
  0.29503848376386932  0.30522027530513979  0.31566672622211367  0.32628515695952492
  0.33687825118395626  0.34762066908969297  0.35823953872990189  0.36885210028750470
  0.37953715368476310  0.39017882774926871  0.40044479574857472  0.41065077343315753
  0.42142852594733776  0.43259902322145316  0.44345511044264890  0.45401881743516581
  0.46441477106150048  0.47495909077509985  0.48583470350473601  0.49695236621553485
  0.50782385767811933  0.51885000776708490  0.53059397877662295  0.54262084547917833
  0.55416767369570163  0.56524176946356586  0.57652557142579430  0.58768351106859862
  0.59893375254240044  0.60987264890256820  0.62085700267631616  0.63193642316584842
  0.64336570774251878  0.65509034841270120  0.66648275263107870  0.67734468465264264
  0.68791741144745822  0.69864410757436424  0.70947665139499516  0.72041356983007576
  0.73105846502526650  0.74128643602398359  0.75134291379866058  0.76145914742599441
  0.77189534076882116  0.78219473962041519  0.79243462297072553  0.80277634251962315
  0.81313247729476257  0.82362262525999808  0.83440778884589395  0.84494132524193588
  0.85516395470124518  0.86499529084346172  0.87507003030362140  0.88557248199883898
  0.89546939226840949  0.90540347104701679  0.91526918002699253  0.92562065220964218
  0.93541142349257989  0.94530226617256041  0.95501792797404916  0.96451890972161358
  0.97350946452685305  0.98278654189217940  0.99090647262001852  1.00000000000000000
 -0.00228030340443779  0.00935004783639252  0.01918414601112588  0.03038223973840798
  0.04197427913075390  0.05399855639228766  0.06627686230642728  0.07900524831121655
  0.09126267106818052  0.10290473667141192  0.11433936154061827  0.12550062814211549
  0.13677419913422872  0.14804268888384212  0.15934026925376135  0.17082942262972581
  0.18263751836343622  0.19419165417967818  0.20514086487095845  0.21612484907820417
  0.22660983533247692  0.23696973059256607  0.24721984784545661  0.25807393472615614
  0.26956858993124044  0.27966900543367451  0.28951299189468827  0.29921935202886413
  0.30920305631766842  0.31886334428643193  0.32841078560784709  0.33836026260698815
  0.34890596269505980  0.35916457112107031  0.36943095304861123  0.37994938864372862
  0.39035811198322401  0.40074520145409165  0.41141981008552769  0.42244739302195272
  0.43404539872669790  0.44619240239164515  0.45844306926209544  0.46950520954561104
  0.48013147355434915  0.49017981166042929  0.50009799770268215  0.51047865841352980
  0.52120856970472829  0.53238572824301944  0.54321813552297737  0.55448671621438250
  0.56574795795785537  0.57712684768370248  0.58861151880504603  0.59991318571945307
  0.61060779517285213  0.62081882772209096  0.63046313441472901  0.63946630394169635
  0.64842913745979824  0.65777302588000308  0.66747310866400966  0.67748630500260520
  0.68738581983650293  0.69722257422677969  0.70717510633699565  0.71719561252310959
  0.72769889292938017  0.73750393700162709  0.74702751565503078  0.75658588623634593
  0.76629639755718826  0.77613913607506235  0.78567001728270192  0.79525778173113970
  0.80472204148095228  0.81417919947589523  0.82399971641728698  0.83423239020754547
  0.84483230138962029  0.85539013763618754  0.86566239146217705  0.87551884457741835
  0.88519085145889842  0.89504296124205796  0.90543264537950208  0.91609517941239749
  0.92681234126923362  0.93750664034006681  0.94801861547501443  0.95856288794690026
  0.96840352610260949  0.97863276653136810  0.98923556452933870  1.00000000000000000
 -0.00231395092202042  0.01003084385037530  0.02006691530095390  0.03005249047848571
  0.04005654935057833  0.04993465468905146  0.05998439730468819  0.07051755889053425
  0.08187000365229184  0.09292790106778082  0.10397392131393360  0.11467731864883982
  0.12566844109567338  0.13601309287806732  0.14645625162236087  0.15726440494003552
  0.16845300879744521  0.18033096164504958  0.19135138976033250  0.20202535057818585
  0.21243248853899868  0.22263820062620157  0.23275633739463431  0.24254528871420436
  0.25233040726279193  0.26236103511931758  0.27232411832361669  0.28260602020702147
  0.29278355809774870  0.30302088802915811  0.31333039420844572  0.32384947597520702
  0.33454828900431038  0.34490939003178206  0.35519738884003760  0.36543655317935214
  0.37607299279372031  0.38670013367250411  0.39750345724009056  0.40840175763836856
  0.41911549021527561  0.42966901512362571  0.43988189370854114  0.45002448811821621
  0.45970618899172222  0.46957508332092784  0.48005177624311623  0.49108756134686976
  0.50151074147427599  0.51103021753392608  0.52058506620291400  0.53055246370012055
  0.54149472533147158  0.55200832218902995  0.56259166331959964  0.57339167389838819
  0.58445166890095190  0.59508024103846480  0.60582599148077332  0.61693907314725505
  0.62784904623322735  0.63822231883730351  0.64866041182776935  0.65975143184028751
  0.67154473314399532  0.68331133970048741  0.69470059829292752  0.70565377518759898
  0.71655008122801456  0.72774465376891584  0.73935554012633820  0.75064331606175749
  0.76137827241101519  0.77196800442809066  0.78274459985072564  0.79319228884624049
  0.80286135856872876  0.81229036223835305  0.82198444209676513  0.83237697732757643
  0.84246233431666084  0.85290158788543113  0.86352928071104051  0.87418131422493095
  0.88422026501770734  0.89407442028749695  0.90440587907789305  0.91474155983885186
  0.92468046038135432  0.93497731068366841  0.94549067885823945  0.95659527752718776
  0.96726896949812913  0.97796790446606874  0.98918428523290169  1.00000000000000000
 -0.00253104257268319  0.00935543737747600  0.02023506838229209  0.03181026641488187
  0.04384074299898971  0.05604807680161432  0.06826338194063487  0.07987251275147074
  0.09056189427916689  0.10055987656767136  0.11061634440302907  0.12093572804281807
  0.13155323945961409  0.14248897729380763  0.15345728477825468  0.16383985253244793
  0.17410117374626372  0.18449477123947575  0.19535690500038455  0.20605820860642038
  0.21668738959157421  0.22746560914110420  0.23833487133082520  0.24930813051330797
  0.26036134892737012  0.27129439278931838  0.28191013422059369  0.29224591927916876
  0.30191663067759533  0.31115840060018257  0.32051309839881859  0.32996997905297609
  0.34011746824214184  0.35034194271526486  0.36060978468649679  0.37100079449854401
  0.38155831349418817  0.39263369655058045  0.40364937917410937  0.41463334295101578
  0.42532777883160672  0.43603218548519851  0.44577502598848129  0.45533937963278365
  0.46479074519530555  0.47429757552847185  0.48404093309794721  0.49438261674494771
  0.50508865034836181  0.51629226801135153  0.52715591496335557  0.53806136565284679
  0.54837554651385334  0.55781719799640639  0.56705681542460884  0.57635733218783181
  0.58574388462181681  0.59555713160882429  0.60569756946048958  0.61671542136256940
  0.62794776272984720  0.63879759129304936  0.64954470011701704  0.66039863218955408
  0.67148721545423296  0.68284887722475207  0.69420173113597161  0.70535924774521552
  0.71684766029036628  0.72841018592080709  0.73924982884880730  0.74969436868586847
  0.76012615115981319  0.77061719333379419  0.78083677837235654  0.79103970475838292
  0.80125733731320736  0.81172238674869457  0.82160483885576363  0.83191333670634737
  0.84226121831391443  0.85266062640236706  0.86343653442445867  0.87438947707648795
  0.88586458255516909  0.89727401456341793  0.90818691563742104  0.91933145577712005
  0.92940331799908871  0.93930523916767117  0.94937834133348276  0.95968641654052622
  0.96972668533191164  0.98008606609287774  0.99006366619299269  1.00000000000000000
 -0.00242450667141160  0.01030378639044820  0.02119647245605879  0.03193593450746875
  0.04260963260189975  0.05326782883753339  0.06390552197265600  0.07464836780823060
  0.08587839395413403  0.09728795925236243  0.10843721221476077  0.11918478514212189
  0.12921598079050145  0.13879121197128794  0.14837459650809587  0.15839682844780478
  0.16879302734107152  0.17928963498193073  0.18982142748256267  0.20061883480415571
  0.21142899866187534  0.22250460492028976  0.23316346708847827  0.24359248272559123
  0.25411569447079796  0.26472623729758021  0.27521302904699607  0.28575640678929326
  0.29638551758620801  0.30694582019457911  0.31695025192219173  0.32726944394050411
  0.33731648091406791  0.34768428064928020  0.35774823863950611  0.36840218241137812
  0.37931776369753639  0.39028690935061899  0.40120761845442343  0.41209143585492014
  0.42290631479949825  0.43365445043314721  0.44384813230377784  0.45362349225974086
  0.46330130126804209  0.47322288983535538  0.48356237322113710  0.49375352563128655
  0.50387824402065551  0.51412046514125942  0.52448528212193379  0.53496396331579388
  0.54561769227411849  0.55612935054445600  0.56648642959311424  0.57701629750527272
  0.58796725516727788  0.59907590758814522  0.60961119999371183  0.61984595565527933
  0.63059676315144553  0.64132050810059316  0.65140955168265813  0.66098686898966885
  0.67143644052538720  0.68216939927908582  0.69273040799605989  0.70299949563681896
  0.71365621700418325  0.72527429782580566  0.73563311324701530  0.74579121626894451
  0.75635224443261295  0.76734685039213946  0.77807607991855687  0.78845844962422185
  0.79886313393720110  0.80982540530937652  0.82078797810289295  0.83149885203201601
  0.84260349874129992  0.85365224081231716  0.86470252215514998  0.87568065361095415
  0.88612157197159069  0.89680413659971081  0.90730820484270824  0.91827956176677694
  0.92945783350703248  0.94027984304209078  0.95025760063500031  0.96032487969323832
  0.97029928045970315  0.98013759340234496  0.98998943404765738  1.00000000000000000
  0.00008835859548357  0.11129967987785658  0.16909959030986660  0.21141961829918235
  0.24640578962359874  0.27599762710648884  0.30038412481837873  0.32309603814368665
  0.34490943058356538  0.36557183951059663  0.38515036491450283  0.40303874366618103
  0.41931647351402446  0.43496654378055372  0.44937738422221796  0.46327372872391648
  0.47655924378643510  0.48936184946657252  0.50175971017368681  0.51363820962824813
  0.52541130275945991  0.53705416436091880  0.54814276171405496  0.55844630626620462
  0.56850695639684867  0.57866188628923798  0.58871370274691748  0.59827168119915497
  0.60737845299330862  0.61634934811343578  0.62534579723784012  0.63424231901648176
  0.64271489095414425  0.65087019454612671  0.65881648055768216  0.66686156609413361
  0.67491322122468078  0.68295010791301403  0.69077065187544529  0.69830293238471641
  0.70538516314123589  0.71201635310706834  0.71830151442776580  0.72454747332727498
  0.73104894605165782  0.73755787667933259  0.74419763848969334  0.75057491096726980
  0.75649569006061923  0.76222532116086106  0.76806172411968854  0.77404178124738943
  0.78018111965404180  0.78627489893652969  0.79232494421258226  0.79823103111331550
  0.80388326925181797  0.80935464780471889  0.81479597299482531  0.82031572934624186
  0.82586213260676322  0.83132143943028958  0.83664310118189300  0.84189330090981684
  0.84717710958302872  0.85236957741765296  0.85743514775132912  0.86230365400445408
  0.86713440996266544  0.87198670744322260  0.87695874412466279  0.88178355639327033
  0.88666866839441394  0.89138613806243905  0.89618575963399494  0.90112204879480584
  0.90608930310309910  0.91119220341728679  0.91636675786806598  0.92130794058839927
  0.92619519269809170  0.93093544299100794  0.93560594563022592  0.94000008198183860
  0.94437817959332115  0.94876275487205963  0.95319251088646895  0.95765265016679180
  0.96212159869222702  0.96655230078756005  0.97090255284163696  0.97522445688371873
  0.97951797188008138  0.98356643382446163  0.98681101508503610  1.00000000000000000
 -0.00185903409539496  0.00867191324197622  0.01835646396352595  0.02881971828759568
  0.03943443955189822  0.05084328164902045  0.06247836540893500  0.07357003493380258
  0.08444498901896556  0.09495373133833168  0.10562625923095766  0.11573270957058475
  0.12637132706499363  0.13720019777767398  0.14792944178213871  0.15846902600139759
  0.16864964834099003  0.17943768834545906  0.19028483658070738  0.20128616566698257
  0.21228834761039084  0.22289472767818216  0.23293932371216497  0.24275811001629796
  0.25285668889450058  0.26352238301828818  0.27415525720912998  0.28462859980439809
  0.29490327408037303  0.30514304486766314  0.31488378022083230  0.32396368476599513
  0.33349205904053542  0.34321332344685301  0.35278759408363880  0.36192547426926258
  0.37100247133712605  0.38086824584615775  0.39160774707845025  0.40212389426323558
  0.41265661901580264  0.42324688942121452  0.43395135046855021  0.44476530130207648
  0.45537260231247162  0.46586675123097382  0.47635146800101302  0.48694492838391212
  0.49768229440573136  0.50837428830280007  0.51927931863239551  0.53008018757906716
  0.54090395133194413  0.55140415459062098  0.56170635570477867  0.57162324032754086
  0.58130333550922308  0.59102131063075392  0.60105860080487961  0.61123795129875325
  0.62139648626718891  0.63187488412533044  0.64221454944118450  0.65267994748728175
  0.66308030940991569  0.67370448403571548  0.68422140012685140  0.69446154583274133
  0.70475508429883071  0.71501594424951054  0.72526581270052715  0.73538698847117290
  0.74552018204587545  0.75588859418267762  0.76660450408563285  0.77781941079995176
  0.78943438619342421  0.80113336965600879  0.81242631707710222  0.82309935538648527
  0.83359956252664058  0.84424302846591603  0.85501827433322031  0.86602161024424618
  0.87747566546239153  0.88950721762826068  0.90136298511959356  0.91322878917629013
  0.92528324194779454  0.93762619794913327  0.94930904442126451  0.96005714255535979
  0.96989963588745187  0.97991041866453887  0.98993274056102798  1.00000000000000000
  0.02438509296029829  0.03180022297365534  0.04150287221394355  0.05203807795550019
  0.06226383903250978  0.07219774814975560  0.08180802086515923  0.09179212941484759
  0.10154171751505131  0.11148055788013864  0.12113547947210201  0.13157916027553182
  0.14253443978024669  0.15314190421231205  0.16343101605495830  0.17349246206452393
  0.18326750114241072  0.19279719144084267  0.20225695135768906  0.21230372684495163
  0.22283693208153682  0.23312471978596211  0.24321489883947645  0.25307755871829379
  0.26311784348967082  0.27321555088982685  0.28352142006300213  0.29392617162534929
  0.30434323335139107  0.31486731213230834  0.32533778286830023  0.33577345493000499
  0.34641265363871199  0.35720889107869630  0.36783615553431293  0.37793917411762995
  0.38745261322521901  0.39705324952690774  0.40694900373407983  0.41665845440468352
  0.42578938348203382  0.43491410687789717  0.44468565109759550  0.45475128494685457
  0.46474063123561365  0.47481210925449174  0.48547564539450766  0.49655017757567466
  0.50735385185361792  0.51780768621765461  0.52792461610986863  0.53776126788782996
  0.54781414992280963  0.55789883114730310  0.56816239942759417  0.57857394585144639
  0.58922677033869009  0.60006450618974549  0.61097340334335615  0.62192734545859307
  0.63284155428933997  0.64366758937083601  0.65432979743435915  0.66479169262089854
  0.67476637688247587  0.68452672441033657  0.69458710254954970  0.70503915651919802
  0.71564187064236995  0.72603063135792234  0.73619116946785323  0.74611323839771682
  0.75570313868474981  0.76503784270709230  0.77454984185372466  0.78373952777397626
  0.79285613882632455  0.80215573439660703  0.81180550101996196  0.82143201447436875
  0.83134476978319061  0.84220124188292400  0.85336232743031781  0.86358730383943594
  0.87343695005391553  0.88378291345329374  0.89463794254790285  0.90544967200830806
  0.91582069269076771  0.92573428155922799  0.93570095939002018  0.94601873969724393
  0.95608833348886080  0.96504940238140580  0.97082703866529085  1.00000000000000000
  0.03678396289328228  0.21149911418725068  0.24668421053743642  0.27249549013626345
  0.29278205896722720  0.30968461505353745  0.32502984472388785  0.33919384814003095
  0.35229831739661349  0.36490221624693520  0.37743837098511435  0.38978780769847143
  0.40239159309770045  0.41480147398169237  0.42652467278039158  0.43772350110697117
  0.44883932350327299  0.45956262211618781  0.47002736016190633  0.48034670487813952
  0.49077860592645600  0.50130932017919172  0.51176559070608485  0.52193129611719657
  0.53150040856547243  0.54053704314635731  0.54953659754826523  0.55881452032104784
  0.56831485413069638  0.57771706093650799  0.58652538366584039  0.59489645717838235
  0.60312719419545280  0.61116255879301729  0.61909000279998805  0.62675986362617830
  0.63409888712731144  0.64145904073074711  0.64876273886154279  0.65608385082596143
  0.66315669435390434  0.66987325748802962  0.67644232696885953  0.68309802670441278
  0.68976772290242472  0.69641063932504754  0.70276136044288096  0.70889421637288119
  0.71457478736589752  0.71999429665460890  0.72538842333191067  0.73069066941378646
  0.73591429220846949  0.74102046760655915  0.74606558142904611  0.75105357226831915
  0.75549658532887665  0.75997681111978754  0.76435640517809778  0.76857408900053981
  0.77267726240826196  0.77672986198232030  0.78077745532559772  0.78499323993850301
  0.78920253306825860  0.79349236390908973  0.79773865430389901  0.80188066095676691
  0.80616155832203384  0.81019847439897430  0.81442333023769198  0.81883245295756202
  0.82311705444566241  0.82742706502318430  0.83172910582315163  0.83589570822604919
  0.83992294694669312  0.84397771433468805  0.84819543117972462  0.85240465921188180
  0.85685162866283116  0.86114697612941671  0.86566380364345308  0.87029430761788018
  0.87472650299692234  0.87889303852952216  0.88286890467692392  0.88660098703650980
  0.89053940869484782  0.89524206349315816  0.90056304771627882  0.90584074706520146
  0.91143234212163515  0.91969540521973214  0.94863446298655962  1.00000000000000000
   1.4605314604123953E-020  -1.0000000000000000     
 F F F F F F F F F F F F F F F F T F T F T F T F F F F F F F F F T F T F T F T F F F F F F F F F T F T F T F T F T F T F T F T F F F F F F F F F F F F F F F F F T F T F T F T F F F F F F F F F T F T F T F T F F F F F F F F F T F T F T F T F T F T F T F T F
  <DiscreteSampler_grid>
  grouped_processes
  1 # 1 for a reference and 2 for a running grid.
  10 # Attribute 'min_bin_probing_points' of the grid.
  1 # Attribute 'grid_mode' of the grid. 1=='default',2=='initialization'
  0.0000000000000000 # Attribute 'small_contrib_threshold' of the grid.
  0.5000000000000000 # Attribute 'damping_power' of the grid.
 # binID   n_entries weight   weight_sqr   abs_weight
    13   10   1.393609495242990E-010   4.865993837047726E-020   1.393609495242990E-010
    14   10   1.393609495242997E-010   4.865993837047813E-020   1.393609495242997E-010
    25   10   1.839117321710604E-010   1.714623001229033E-019   1.839117321710604E-010
    26   10   1.839117321710603E-010   1.714623001229028E-019   1.839117321710603E-010
  </DiscreteSampler_grid>
