  0.00000000005622179  0.00000000013400814  0.00000000019524229  0.00000000025461784
  0.00000000031858416  0.00000000038603477  0.00000000045708239  0.00000000053271587
  0.00000000061262764  0.00000000069885052  0.00000000078354281  0.00000000087091652
  0.00000000096171794  0.00000000106131400  0.00000000116737862  0.00000000127294922
  0.00000000137978530  0.00000000149027631  0.00000000159880242  0.00000000171173364
  0.00000000183214048  0.00000000195674136  0.00000000207791577  0.00000000219690196
  0.00000000232034071  0.00000000244877168  0.00000000257996586  0.00000000270984449
  0.00000000283643737  0.00000000296135243  0.00000000308789317  0.00000000321625359
  0.00000000334674951  0.00000000347686349  0.00000000361096261  0.00000000374427537
  0.00000000387423478  0.00000000400560950  0.00000000414539183  0.00000000428657506
  0.00000000443203976  0.00000000457899630  0.00000000472300641  0.00000000486846799
  0.00000000501340471  0.00000000515971001  0.00000000530979752  0.00000000546255104
  0.00000000561993304  0.00000000578129276  0.00000000594097706  0.00000000610157319
  0.00000000626034402  0.00000000642526861  0.00000000658878408  0.00000000676393079
  0.00000000694789936  0.00000000714569714  0.00000000734894272  0.00000000755160309
  0.00000000775165977  0.00000000794560719  0.00000000813391986  0.00000000832558016
  0.00000000852256801  0.00000000871984808  0.00000000891735350  0.00000000916101581
  0.00000000940906195  0.00000000965274172  0.00000000989071064  0.00000001012721699
  0.00000001036804415  0.00000001061156592  0.00000001085695308  0.00000001111183593
  0.00000001136171981  0.00000001161984478  0.00000001192743618  0.00000001226379916
  0.00000001260656656  0.00000001295644669  0.00000001331009619  0.00000001367770725
  0.00000001406209770  0.00000001445296286  0.00000001485738375  0.00000001533425312
  0.00000001591567455  0.00000001660209496  0.00000001735785023  0.00000001818206384
  0.00000001914337060  0.00000002046793733  0.00000002123212811  1.00000000000000000
  0.00955987005038508  0.01616771147048027  0.02515443194662911  0.03584787354900112
  0.04617036023445945  0.05670574216073686  0.06727553281571726  0.07840115911393322
  0.08895546119846659  0.09935584084924408  0.11038452453311184  0.12211190701868722
  0.13239533400483053  0.14253326508514969  0.15315541132813726  0.16409980040546138
  0.17469619384119789  0.18538843276475672  0.19680440586089326  0.20803784017444082
  0.21877617518382139  0.22930977367562014  0.23990113993726786  0.25023493482764098
  0.26025733773020587  0.27059454361238167  0.28127713195502940  0.29149902147052953
  0.30135113348308945  0.31119730321788036  0.32147713509343445  0.33199367214760189
  0.34254738112765487  0.35314744490247502  0.36378524861557449  0.37427352431796951
  0.38447063276785204  0.39457689583388478  0.40485743628004028  0.41543509346467100
  0.42613579561427700  0.43684445866108590  0.44760255654200476  0.45857584363416659
  0.46980213246369185  0.48106846849149720  0.49240909719931886  0.50339395832626121
  0.51413085785161783  0.52471382297468117  0.53537947830819299  0.54602557060278578
  0.55677011767547346  0.56781262242125163  0.57915896017094515  0.58998764620688982
  0.60000941167058053  0.61023813545794381  0.62034092184537570  0.63057765621137218
  0.64044330025127383  0.65086516642652625  0.66106700765494886  0.67094393233308591
  0.68080466353683711  0.69095937695335308  0.70217487451044935  0.71325869531193209
  0.72412341262269375  0.73502875241001209  0.74613871666465381  0.75710468520056362
  0.76787115616436441  0.77787389058786260  0.78794723410553191  0.79794593246025680
  0.80810489182274803  0.81828490972800683  0.82840262749697924  0.83895800370786566
  0.84907448623775472  0.85913725324935453  0.86892227891818319  0.87948426421289783
  0.88995121923752496  0.89976013869868554  0.90926765720701253  0.91902291191231189
  0.92910197784834758  0.93906048073823967  0.94894317380944049  0.95897274409874411
  0.96944476120252765  0.98019927043090482  0.99143420429606766  1.00000000000000000
 -0.00243275025215731  0.01116887504241156  0.02302731364018175  0.03504573920324470
  0.04634498171567390  0.05713634267799354  0.06787072145262842  0.07866412068362934
  0.08926734466062552  0.10030583006738393  0.11225298120052896  0.12493108135337969
  0.13566640176492434  0.14587720182833158  0.15611915417468319  0.16640814200879203
  0.17654105627068856  0.18637080176893495  0.19673173709144609  0.20760740246719547
  0.21844929489300377  0.22944885471467891  0.24093175741661532  0.25287856323857849
  0.26488079220485278  0.27668283880338562  0.28799816103657239  0.29916329801561020
  0.31029522550937061  0.32083235519682723  0.33131156913037640  0.34189502502162017
  0.35187137052043921  0.36123275813842920  0.37042827066009559  0.38008112107596376
  0.39053294089695084  0.40122477859618139  0.41196632401558281  0.42276883526487707
  0.43365056973674737  0.44462484007592606  0.45552933634563203  0.46634920531584767
  0.47700690246367988  0.48751415714485818  0.49755813874876836  0.50744062193008033
  0.51719009011510420  0.52717653308401358  0.53754532572186420  0.54837071930451697
  0.55937792278083676  0.56979526302748229  0.57979591085168936  0.58996297469421732
  0.60040508407318316  0.61081860869151672  0.62038526632477276  0.62994647460310593
  0.63976286124517256  0.64978592738851615  0.65965067734142047  0.66980440619968806
  0.68045292783915523  0.69092580727570641  0.70134030588384977  0.71223532494599362
  0.72378557436518864  0.73535729911300662  0.74642822946905851  0.75689682776081946
  0.76707330181198063  0.77701739881168452  0.78651217415694163  0.79598361551459684
  0.80552963927406329  0.81543575882033825  0.82592831905028397  0.83641645916996965
  0.84707854286584816  0.85773218447817534  0.86857643026185982  0.87881400779580954
  0.88885540130780438  0.89910644780587012  0.90981553525612968  0.92085196844070472
  0.93143692640151143  0.94124909404682267  0.95082818873878705  0.96050663615067400
  0.97067327618366828  0.98055849880062063  0.99027569644810354  1.00000000000000000
 -0.00223522601621616  0.00965621081546517  0.01971122484266406  0.03158313862046392
  0.04304279054422507  0.05421352715334336  0.06478105604017848  0.07554813475326969
  0.08589743475137562  0.09634699249050223  0.10686988177524757  0.11766895944989073
  0.12827843050555718  0.13867002090244948  0.14860692074021348  0.15834645101899433
  0.16809029314664040  0.17807869113448521  0.18836738867260761  0.19869880589277211
  0.20906001016094589  0.21959495062638931  0.23053490130808757  0.24171723470534728
  0.25285382122929612  0.26378750127495326  0.27474360271932274  0.28580954111097662
  0.29690673453077193  0.30816420684981982  0.31992463815705952  0.33214749027482227
  0.34379679776121491  0.35512931539527931  0.36644078901751176  0.37772845653301740
  0.38826709682263677  0.39869441182479193  0.40895517640130941  0.41885022288236939
  0.42841860290036388  0.43799402847589386  0.44751078803019440  0.45718599774856039
  0.46724831121669502  0.47795346064900768  0.48919454420712888  0.50048931552651688
  0.51138720900364187  0.52232093039840055  0.53366855856370565  0.54506053507712426
  0.55629819919445611  0.56728100011300853  0.57802665821276167  0.58833892183688108
  0.59821704170049494  0.60793031456986346  0.61743729950381432  0.62708939484910753
  0.63704251996230821  0.64733676210451530  0.65807546529475713  0.66883562863822876
  0.68005416514125716  0.69126175695730918  0.70225854589281167  0.71311649697551460
  0.72402428792291407  0.73460562144472674  0.74448396353479807  0.75414110701203130
  0.76387091775042026  0.77366677001535411  0.78341231843415249  0.79341110261113379
  0.80345668759560129  0.81320823745232174  0.82260368209722268  0.83208721653932316
  0.84231934735276193  0.85311817231248532  0.86425222025490778  0.87532685571369517
  0.88545118566035375  0.89542768500520142  0.90485560726238812  0.91443712064121052
  0.92445630737491191  0.93500780186023935  0.94557715875283699  0.95641823896518641
  0.96729710238846500  0.97856459446859656  0.98925285061946588  1.00000000000000000
 -0.00225796591260360  0.01048789021175826  0.02099853322418700  0.03171646041663446
  0.04271609342636330  0.05388349897839698  0.06522878767570471  0.07635494272014612
  0.08781082416186418  0.09893142969724526  0.10943543576624416  0.11969528630282607
  0.13017766189206154  0.14085027566855110  0.15130180764302678  0.16168669862455570
  0.17237186428263332  0.18325626554597901  0.19422562528936707  0.20497615253299734
  0.21537089011745636  0.22534412847348850  0.23510947825257253  0.24502826179713771
  0.25542505213071681  0.26632142987904905  0.27690636253891565  0.28698531216550549
  0.29699368150682187  0.30645954568844469  0.31570854295948764  0.32479448396777594
  0.33447712807950031  0.34583794582484384  0.35707198710555116  0.36784465632526109
  0.37817714186790069  0.38867479676426991  0.39918013637983263  0.40986080421810517
  0.42078168248329462  0.43147663550416354  0.44178167614247127  0.45076621651541665
  0.45990208104119201  0.46940554435543452  0.47932289552752427  0.48957883685735504
  0.49970257230615600  0.51008518369590095  0.51986557757840701  0.52905199009224890
  0.53811143008242091  0.54772243254729958  0.55780010992877604  0.56799552035747969
  0.57851467320471439  0.58915578669060620  0.59966698803706364  0.61021047916343285
  0.62087817123675615  0.63199000418793383  0.64324186067534017  0.65437462583453732
  0.66534053182010899  0.67659386422234169  0.68806442835309023  0.69946615047532923
  0.71090639054479854  0.72314867658442383  0.73519949012098762  0.74664567845447238
  0.75735451954466493  0.76825784047844126  0.77933169925923929  0.79046859483882415
  0.80119423523126876  0.81155042765842045  0.82141595689479363  0.83108289531498136
  0.84148426551724087  0.85193004931258554  0.86336211139168706  0.87406831964507736
  0.88551255420193065  0.89675698929998904  0.90823360485096383  0.92021470726666121
  0.93178565221772436  0.94219179910667461  0.95193426914346246  0.96114029965272241
  0.97046574231451266  0.98005847427390702  0.99001398116866168  1.00000000000000000
 -0.00225559623800938  0.00880658233420548  0.01811501956675791  0.02799880500565452
  0.03821561853519252  0.04918948544046271  0.06029029438166953  0.07088996467297934
  0.08121125998950497  0.09186749312457294  0.10223059605922202  0.11217510518612225
  0.12191932405866908  0.13157955668446594  0.14083362634737659  0.14999826520596096
  0.15954779551476167  0.16923953577323492  0.17882620121646126  0.18852419606456233
  0.19863203010348934  0.20882387495809313  0.21890744899574688  0.22912846023520653
  0.23965875945192297  0.25019306752461801  0.26040328306287591  0.27067930256267403
  0.28129526464102794  0.29215438038991770  0.30321381029215522  0.31460328232104268
  0.32622266429122748  0.33751368846066204  0.34793376683002231  0.35826220711814522
  0.36844525338898698  0.37881134739667938  0.38959093244520859  0.40062883893921691
  0.41209887191375472  0.42319618154978939  0.43433059925482964  0.44531862096305325
  0.45652820011359752  0.46740296119727082  0.47858732144004545  0.48963920480997092
  0.50055166112019700  0.51152134045238495  0.52255251036914818  0.53428140770293020
  0.54565654010599240  0.55653583915190619  0.56717857925965820  0.57801616130430400
  0.58891672089971525  0.59978499732986357  0.61051400400059441  0.62096702217428579
  0.63092178785512243  0.64043227387601886  0.64997955101902338  0.65900687415532433
  0.66815355968959023  0.67815503316464432  0.68852829589698739  0.69897486687209875
  0.70946990930124476  0.72016311125501153  0.73112590574417047  0.74186023674354384
  0.75291725242474727  0.76391958446123687  0.77444092447741175  0.78448970829501508
  0.79509366227609291  0.80593728971367951  0.81645960035900433  0.82679289175315007
  0.83755442832909022  0.84899853144200421  0.86040017891801523  0.87164210315735824
  0.88271367942565837  0.89328752952234380  0.90395492959559864  0.91471963638967269
  0.92535503604051250  0.93592079128935002  0.94670467382551160  0.95768479315330546
  0.96859960587416472  0.97879694790969640  0.98961730866688480  1.00000000000000000
 -0.00049804793092864  0.11346762373295136  0.17066604179454026  0.21140043930568561
  0.24419169976976507  0.27190273990755298  0.29572809675599604  0.31814672849147124
  0.33872833030874183  0.35770220854628187  0.37587751279235332  0.39335025604109769
  0.40974621439916370  0.42508248195699805  0.43875206897763264  0.45183035767876772
  0.46436663233582837  0.47666547812058779  0.48847619325912034  0.50018322306678775
  0.51155927456229089  0.52288819649544838  0.53394361383965205  0.54493022962215976
  0.55564561383503686  0.56608918544184772  0.57623065941352014  0.58620188779954086
  0.59632301227905538  0.60665645314742467  0.61715349781704554  0.62764846608799030
  0.63740032732747887  0.64655507987144600  0.65484515372452612  0.66278403846179124
  0.67048721107603504  0.67812678314450581  0.68545893547013126  0.69257678057911931
  0.69942842817883244  0.70653395136783625  0.71330339091422712  0.71980178022322072
  0.72630627596632946  0.73273735134657991  0.73924776925036872  0.74563442030089555
  0.75205205731626923  0.75860100334959346  0.76512561678472846  0.77144581446967242
  0.77755295020626125  0.78365882727779235  0.78992444947441087  0.79619581946753659
  0.80228363390344959  0.80805311637538524  0.81357227331029314  0.81903766386399390
  0.82450579503551813  0.82993001652246667  0.83535780579713637  0.84092396142601578
  0.84641359835898611  0.85182943448509474  0.85712341599823272  0.86237067071910212
  0.86769237142005573  0.87303204032279103  0.87851545990107616  0.88388818908251532
  0.88922428434929834  0.89449388951135334  0.89950352422151125  0.90426055787030313
  0.90907009818301143  0.91405083645023710  0.91869180084932034  0.92333179450304625
  0.92770321666094901  0.93200442406923201  0.93619620674072357  0.94027640588173189
  0.94434751592075894  0.94842523531630141  0.95256458281621803  0.95684712111341930
  0.96130675325716286  0.96577137239198618  0.97000948581562096  0.97412763721306150
  0.97826617660985682  0.98233175273281570  0.98559550487730485  1.00000000000000000
 -0.00272362188446132  0.01070544767951261  0.02157448922378289  0.03278573160029986
  0.04394207400583537  0.05546388481290454  0.06653598171941583  0.07733560925982720
  0.08847868974624140  0.09941953084716207  0.10989644633002610  0.12010147335497581
  0.13076247253852064  0.14162452300852429  0.15212545951642981  0.16246301407875063
  0.17285385389610614  0.18349955755363853  0.19427149307239672  0.20501326561278208
  0.21569559379378525  0.22654144400243548  0.23751595389472427  0.24868957134202652
  0.26014421228079626  0.27151970828880084  0.28265812787962602  0.29365941015567520
  0.30458155583868468  0.31551438057986769  0.32643816574837664  0.33695609823921729
  0.34697465292302088  0.35685259011665532  0.36662597596345958  0.37630978436026968
  0.38601793181857147  0.39582866105758363  0.40585377230416847  0.41589889324553120
  0.42578926797219979  0.43599799516334398  0.44622589669862839  0.45610315337204493
  0.46580123096667991  0.47566070688012790  0.48611314051575455  0.49669078385839077
  0.50696962282197777  0.51728773874439304  0.52796301902455467  0.53885921212967014
  0.54940041591005062  0.55965687089874860  0.56980045997526252  0.58000251141095183
  0.59027611969833726  0.60033044687211723  0.61034869128094837  0.62030849012380995
  0.63096779943782277  0.64198438755300102  0.65280020259985594  0.66324553030688838
  0.67370741951126456  0.68418673880789505  0.69452641151780681  0.70457425006697449
  0.71439986278183509  0.72441446919606767  0.73461945398463835  0.74507751980669457
  0.75561958585263533  0.76583974661203913  0.77595693301098589  0.78566087870451329
  0.79562244576587993  0.80554721871909230  0.81584531978546015  0.82604178415363971
  0.83659447054322800  0.84712575561466519  0.85777468390307021  0.86814918441028832
  0.87877319867946357  0.88935794209504637  0.90019105695394108  0.91114143482992083
  0.92235340762764573  0.93336824249876305  0.94396455712643179  0.95498033118162118
  0.96615438406888099  0.97790489708071393  0.98892006791446252  1.00000000000000000
  0.02435620862918990  0.03141156326264245  0.04067246921660013  0.05063518841903202
  0.06062743634729144  0.07049484964324729  0.08077941152797909  0.09157030064412304
  0.10291627606330148  0.11374368248356687  0.12420797374055073  0.13440255523819414
  0.14478029994992678  0.15555515747385998  0.16623513860886655  0.17621089334805576
  0.18587796985683391  0.19552360354159881  0.20524382195693328  0.21459694356665707
  0.22365802062770312  0.23276692102051463  0.24196478586965187  0.25117061262701934
  0.26026224507713669  0.26978020267892988  0.28054525656768847  0.29192557053604740
  0.30323097582796421  0.31437292652968774  0.32541383774149807  0.33611362297778102
  0.34639745136036781  0.35653831768855154  0.36651381544317069  0.37629512497350803
  0.38608370692219074  0.39609795405682041  0.40662487701068573  0.41744730761981258
  0.42822970360093099  0.43865781653167907  0.44868064495383697  0.45870662987151206
  0.46917810291665896  0.47967231211531175  0.48990600925045291  0.49989071236070726
  0.50982429698621989  0.52011889851859128  0.53101489220490694  0.54204765863566207
  0.55292996141677631  0.56362326701526888  0.57508574852916161  0.58631330604623744
  0.59686727108531412  0.60703396180557989  0.61622658433603739  0.62520680304840492
  0.63418894928148650  0.64348819693632053  0.65376300000253473  0.66449073704829864
  0.67607976250000290  0.68739528747178213  0.69762315243766171  0.70734123573563457
  0.71662344454821369  0.72614004346580496  0.73538905706998159  0.74453117211553876
  0.75358875506189560  0.76297698425538052  0.77244998304843071  0.78187469282977051
  0.79142856501269343  0.80138518823021798  0.81151205856392716  0.82150735238241623
  0.83154197586394774  0.84175646113069214  0.85203538192350881  0.86228058250702388
  0.87258307106193089  0.88264201522113472  0.89271336747463281  0.90312642715342084
  0.91371757836197598  0.92434497107683666  0.93485770464407170  0.94547296202323061
  0.95597949132438043  0.96508353191640806  0.97098292675953657  1.00000000000000000
  0.08710333624924982  0.20570974483951079  0.24652388935162756  0.27150420564188998
  0.29192544384086822  0.30871982987694385  0.32396123096939783  0.33857540357689164
  0.35254474821483589  0.36561513898615872  0.37830132048967025  0.39117188813836451
  0.40385401441285063  0.41583455346759185  0.42717030753098900  0.43817814541314482
  0.44887656783438296  0.45921510985374853  0.46936365352921450  0.47930726015016517
  0.48912045929840398  0.49897148495453081  0.50905110138362164  0.51904089768185624
  0.52852282900754033  0.53756370524869690  0.54663682882616793  0.55603327152017812
  0.56545207787462348  0.57479247073168327  0.58377755403453635  0.59258207705175836
  0.60133298979829763  0.60981348252660939  0.61808874705309225  0.62580806468213057
  0.63295527160155707  0.63987749372571689  0.64684214730123568  0.65393158478031765
  0.66112858649026141  0.66809177112631801  0.67454413042842565  0.68072912585482648
  0.68681718909756018  0.69281365433698383  0.69865629384146410  0.70426722224864147
  0.70958442875128802  0.71463233579784680  0.71982381900509340  0.72503613457930949
  0.73003865318106309  0.73495261914515941  0.73989447767229344  0.74499961906840162
  0.75005115211378026  0.75471196594386281  0.75919764541227519  0.76362820595825665
  0.76803269970300181  0.77249049212345189  0.77699457719345089  0.78143641260273711
  0.78602952833691975  0.79024985766190070  0.79465116988252382  0.79899629658020643
  0.80335806148746192  0.80749754026997378  0.81160963596599767  0.81525654506481804
  0.81896659342836331  0.82278919249667593  0.82662488179911786  0.83043993769796687
  0.83423092128143650  0.83797419620236913  0.84167737153717981  0.84538255805715601
  0.84910438129766375  0.85291324763209098  0.85685260924328077  0.86103205183209552
  0.86521737514905472  0.86935728491601194  0.87334551116144510  0.87800997643888756
  0.88372023644760322  0.88993577251802247  0.89702562762408200  0.90579454720350105
  0.91509811436216604  0.92165848775001380  0.92639295093327079  1.00000000000000000
   1.4259723601269666E-016  -1.0000000000000000     
 F F F F F F F F F F F F F F F F T F T F F F T F F F F F F F F F T F T F T F T F F F F F F F F F T F T F T F T F T F T F T F T F F F F F F F F F F F F F F F F F T F T F F F T F F F F F F F F F T F T F T F T F F F F F F F F F T F T F T F T F T F T F T F T F
  <DiscreteSampler_grid>
  grouped_processes
  1 # 1 for a reference and 2 for a running grid.
  10 # Attribute 'min_bin_probing_points' of the grid.
  1 # Attribute 'grid_mode' of the grid. 1=='default',2=='initialization'
  0.0000000000000000 # Attribute 'small_contrib_threshold' of the grid.
  0.5000000000000000 # Attribute 'damping_power' of the grid.
 # binID   n_entries weight   weight_sqr   abs_weight
    13   10   2.485573912928583E-007   4.571778181034186E-013   2.485573912928583E-007
    14   10   2.485573912928515E-007   4.571778181034185E-013   2.485573912928515E-007
    25   10   1.906931497457543E-007   1.360488259810215E-013   1.906931497457543E-007
    26   10   1.906931497457542E-007   1.360488259810220E-013   1.906931497457542E-007
  </DiscreteSampler_grid>
