  0.00000000005630065  0.00000000013329713  0.00000000019207907  0.00000000025072896
  0.00000000031580343  0.00000000038283199  0.00000000045257772  0.00000000052533823
  0.00000000059917681  0.00000000068465861  0.00000000076849013  0.00000000085606002
  0.00000000094556006  0.00000000103832532  0.00000000113395520  0.00000000122776671
  0.00000000132464388  0.00000000142940993  0.00000000153542567  0.00000000164048445
  0.00000000174510015  0.00000000185584675  0.00000000197055317  0.00000000208876344
  0.00000000220770610  0.00000000232781574  0.00000000245294183  0.00000000257556566
  0.00000000269719269  0.00000000281961323  0.00000000294346738  0.00000000307436008
  0.00000000321345430  0.00000000334890753  0.00000000348819596  0.00000000362472947
  0.00000000376110241  0.00000000389699182  0.00000000403624681  0.00000000418418037
  0.00000000432898346  0.00000000447298305  0.00000000461431694  0.00000000475742640
  0.00000000490134475  0.00000000504596854  0.00000000519528628  0.00000000535378211
  0.00000000551692317  0.00000000568011960  0.00000000584182281  0.00000000600390203
  0.00000000617376060  0.00000000634639672  0.00000000651998754  0.00000000669330677
  0.00000000688623466  0.00000000709052052  0.00000000729218698  0.00000000749267474
  0.00000000769559492  0.00000000790202208  0.00000000811556308  0.00000000833149228
  0.00000000854784904  0.00000000876195836  0.00000000897401266  0.00000000919976659
  0.00000000943672603  0.00000000967274704  0.00000000991232244  0.00000001015573649
  0.00000001040050548  0.00000001065675024  0.00000001092868654  0.00000001120219499
  0.00000001147463617  0.00000001176709339  0.00000001209070505  0.00000001243051606
  0.00000001277745662  0.00000001313173549  0.00000001349125525  0.00000001386290454
  0.00000001424745108  0.00000001465089321  0.00000001509451334  0.00000001560036382
  0.00000001618416933  0.00000001683926205  0.00000001753406690  0.00000001832944273
  0.00000001931822311  0.00000002058298766  0.00000002119810105  1.00000000000000000
  0.00963769530114209  0.01598000859023098  0.02490729219990913  0.03452951886162429
  0.04415707105018821  0.05390970438446974  0.06391906005216130  0.07415894195395137
  0.08428695523029106  0.09426596736631317  0.10423630268902045  0.11411413415244889
  0.12401227191581479  0.13416339893961535  0.14465254013360138  0.15500451032399573
  0.16506537654301562  0.17512930165009061  0.18544760481962003  0.19578716291664733
  0.20619899145178766  0.21692772340309419  0.22803872300400613  0.23923748259624772
  0.25017403565965757  0.26082837955714400  0.27129181402423330  0.28172671494607249
  0.29209572760396268  0.30244222284006267  0.31303423737400771  0.32390410273951409
  0.33470588221588293  0.34531964278149052  0.35593792083920350  0.36663189876112190
  0.37760018767603409  0.38871210870784262  0.39941599515234549  0.40904308185621618
  0.41863505506528131  0.42805347369536961  0.43833180782580433  0.44845354625049977
  0.45843708382930587  0.46900292573395475  0.48000273756570211  0.49147447831033764
  0.50228315868171336  0.51287947170022408  0.52371053552530977  0.53476982068461620
  0.54538750703589001  0.55592213195934237  0.56686497092275878  0.57768816769817166
  0.58840785679139884  0.59859268030055646  0.60917294157198509  0.61989934578777073
  0.63099815292548045  0.64198802878632288  0.65325141370622031  0.66455730300965155
  0.67552752656171211  0.68616075731888937  0.69645238285272759  0.70667727993126961
  0.71721714456401642  0.72794866048334927  0.73856421982118337  0.74882176225575847
  0.75903569126164105  0.76934860693038176  0.78011841197815546  0.79110459135243749
  0.80176643443835671  0.81174828139578481  0.82151352456272531  0.83143046921718222
  0.84209577794216306  0.85284222308621860  0.86376672179287095  0.87371164317013128
  0.88387907003358057  0.89417124904010836  0.90475872487566122  0.91493028725026215
  0.92489050191979494  0.93537292541821404  0.94623544605797338  0.95753334058027328
  0.96882409782999823  0.97983423863732655  0.99010718486995619  1.00000000000000000
 -0.00230064511025151  0.00802593939884405  0.01735572610413573  0.02617748077602407
  0.03527962764025497  0.04440078617533019  0.05396234567088362  0.06354265300502958
  0.07331153340347947  0.08353964626427102  0.09400752110658452  0.10430789881814498
  0.11463299749126556  0.12518647037558889  0.13595705431389726  0.14690998099517066
  0.15795537688140338  0.16876844210186873  0.17909108325545739  0.18916504499153622
  0.19909681952719810  0.20892688616648550  0.21887089689287029  0.22917834361726161
  0.23991645847366150  0.25062413574718156  0.26094074171712212  0.27082986097734812
  0.28040659305065874  0.29011092409605060  0.29995556096344828  0.31000085629788715
  0.32017532099909951  0.33034532060545563  0.34021749444240429  0.34997076192220872
  0.35959464704474259  0.36920116716344353  0.37919306684819798  0.38952456736231561
  0.40006135613717830  0.41012010365992430  0.41981556100266026  0.43014169900986232
  0.44051635684489399  0.45138200865812877  0.46195737249113589  0.47293892945219085
  0.48288959505243140  0.49247921751305818  0.50218734603855197  0.51239718862306372
  0.52276903580724099  0.53302508616004063  0.54347481439033307  0.55483710661166918
  0.56622813399285665  0.57736206711124383  0.58819999965210490  0.59908759751247309
  0.61000418842998960  0.62074514737348740  0.63189471637455574  0.64306950753807934
  0.65402494466758154  0.66501423182977026  0.67667014586820784  0.68869272022040962
  0.70016225405546517  0.71199276977786452  0.72326891445355879  0.73396692430008936
  0.74435074222927367  0.75561680397729025  0.76731955288083942  0.77858311587611140
  0.78936934303197148  0.79994597021157754  0.81007632792391371  0.82022833878743018
  0.83092090831710352  0.84235501845374927  0.85369849319259128  0.86446723223940780
  0.87484958611221741  0.88551237320698895  0.89632015926823894  0.90790771028849282
  0.91949064673566860  0.93143219863320847  0.94283397583791761  0.95418806212307816
  0.96565145073439695  0.97696089045600609  0.98838846620687826  1.00000000000000000
 -0.00208638351776157  0.00988572221273191  0.01992971270256803  0.02972909241188648
  0.03972222302607597  0.04958565790044882  0.05939033789769736  0.06926155694601462
  0.07956167682882799  0.08980135050280179  0.10008271132916788  0.10991895114125097
  0.11946331875259711  0.12843729519273578  0.13747582807389677  0.14673358773661163
  0.15659208801623406  0.16663511140241352  0.17714243067492247  0.18809224355492735
  0.19926318855603031  0.21020402403415539  0.22105866505687011  0.23198168326608390
  0.24272389025774696  0.25328942656445480  0.26390519541282542  0.27428864903620886
  0.28483952804017437  0.29534510158175847  0.30598733147815294  0.31658372537861801
  0.32658589938920213  0.33703212001237520  0.34724874512392867  0.35802025233578449
  0.36774944551903316  0.37708730272141905  0.38599197589597994  0.39537583458551673
  0.40546373609205605  0.41604403897976489  0.42676947954780786  0.43753850156279039
  0.44839419808105296  0.45926015046233659  0.47003177419653863  0.48068576904482996
  0.49143042987857977  0.50234332338803234  0.51347241698916457  0.52473535483100742
  0.53603584664397319  0.54708504570949545  0.55795199977748733  0.56881203572296923
  0.57988937438620258  0.59074928915265967  0.60114198187286105  0.61149982226577015
  0.62135305781709604  0.63159182004281922  0.64243990613436863  0.65370750420295409
  0.66500731702194893  0.67539674834632712  0.68611855324861193  0.69694380968354219
  0.70786270383007321  0.71877807583023667  0.72970860199407162  0.74088927513114744
  0.75194716280460450  0.76284569204832575  0.77364794297932327  0.78414078516252450
  0.79492896768049393  0.80593144076908907  0.81687326199235644  0.82725655191574521
  0.83760698583627324  0.84811795878550811  0.85878542310885686  0.86902991512888961
  0.87895244299741149  0.88883545696198063  0.89893443304428489  0.90943312678806487
  0.92057927975017406  0.93209079612699508  0.94402439584586650  0.95601842618203348
  0.96745781025819466  0.97861857363899762  0.98918058309423185  1.00000000000000000
 -0.00196830651262004  0.00959024723744371  0.01974514792320570  0.02992090396707939
  0.04013013677182382  0.04999559687260810  0.06004667205689020  0.07053941055389948
  0.08125804093334249  0.09199974749995658  0.10276495940625513  0.11383455315090965
  0.12545020927202596  0.13706519428517228  0.14853850242790786  0.15971877617461031
  0.17046954472409856  0.18048900582080607  0.19033187979434610  0.20044403509509304
  0.21081371284546943  0.22126746418882376  0.23176031141105533  0.24208618653526864
  0.25214285964542854  0.26203462438219000  0.27239539422493814  0.28331963878912847
  0.29424747189677186  0.30496771847904874  0.31628710847248442  0.32849676079246815
  0.34061626077950802  0.35165881889776196  0.36229733843763628  0.37282424992320040
  0.38341554619971951  0.39406425745093759  0.40484952111219286  0.41528896365787282
  0.42634936388682754  0.43755701615870585  0.44845609844910289  0.45896307369561590
  0.46892760346434098  0.47904370477094071  0.48879878827672357  0.49818157955191117
  0.50767738969633580  0.51713345991120008  0.52754222398868011  0.53709938370072219
  0.54677360054336221  0.55646825928599120  0.56624026305673714  0.57640493108809421
  0.58708143090639975  0.59839795429554232  0.60970307428460246  0.62038324464734818
  0.63093060516467314  0.64128153196758986  0.65206047399515132  0.66337184254140280
  0.67530213285527851  0.68707553297568091  0.69833800172050331  0.70916948142106506
  0.71934160264888480  0.72955590580462526  0.73898986300610026  0.74821944505592863
  0.75765346992026728  0.76746608315178244  0.77759502769469080  0.78831438612583238
  0.79917255213429672  0.81056832262542911  0.82153938215563171  0.83294303406861470
  0.84301795522044443  0.85311096979037093  0.86332829358052343  0.87411615680162780
  0.88429715852032797  0.89409738358572821  0.90401820430641322  0.91458739727535299
  0.92515578897342832  0.93617388255232925  0.94723177978457895  0.95773454834352512
  0.96770616766838213  0.97786780904355508  0.98874181865846145  1.00000000000000000
 -0.00216948821794836  0.00922558809015149  0.01969156062222639  0.03008877355205585
  0.04145840447764748  0.05279635682535457  0.06414339508480560  0.07470413268534511
  0.08546170862451176  0.09570110542080340  0.10562672988757656  0.11514321265352545
  0.12489504887352194  0.13537071409876406  0.14555927085498532  0.15625600206170392
  0.16685228632594221  0.17777597225754374  0.18874645858657979  0.19942709245050644
  0.21036205215142117  0.22120166229205163  0.23190637570210723  0.24267182018924147
  0.25284162734616483  0.26284549579015820  0.27273837188467964  0.28279633328925441
  0.29313113624125697  0.30333273796239330  0.31372119970953061  0.32412856103596921
  0.33472842416361864  0.34516567026673806  0.35533679342141505  0.36504014071423085
  0.37459017339625811  0.38407866241172683  0.39420817729042379  0.40419607224466492
  0.41418446900173084  0.42410032787622248  0.43420465431206401  0.44435557584091911
  0.45463803472634606  0.46532364064872439  0.47618893546556673  0.48661972031863254
  0.49667784880289634  0.50666014525047642  0.51639094232785787  0.52600682957263523
  0.53559631298443244  0.54597867758367147  0.55675970030495470  0.56751343031941048
  0.57842116517709508  0.58946313257177974  0.60024083471181622  0.61103084457017853
  0.62222859776309869  0.63364368618206846  0.64466679774652458  0.65501015687207642
  0.66509485356871700  0.67481215854041965  0.68447099388947097  0.69465318193572856
  0.70547903658297051  0.71680433695245771  0.72860743713851606  0.74072306083285566
  0.75246905057258373  0.76334448262857657  0.77387583302403695  0.78450418802945310
  0.79536774583824610  0.80635731075160177  0.81734683854449142  0.82878859727505405
  0.84007099429269794  0.85128422271025661  0.86221321417249752  0.87306279396290665
  0.88390523039825208  0.89435076216375420  0.90513387308484894  0.91581230242703204
  0.92720785287997320  0.93835057888613171  0.94922774891315886  0.95969510802525604
  0.96971829024490841  0.97983517619713989  0.98992107511013960  1.00000000000000000
  0.01247956632960784  0.01685093240898912  0.02035720665019593  0.02558507846454033
  0.03149144801319176  0.03753625633666310  0.04365598057404854  0.04975428682005745
  0.05595219802478073  0.06201468013289135  0.06781673143816606  0.07344475835465571
  0.07907069211616363  0.08487858115267724  0.09087302281965395  0.09692921926808851
  0.10297503461036267  0.10884192633338058  0.11462793110055258  0.12043818695509198
  0.12607247744331901  0.13157526889894450  0.13710996071289291  0.14272265581700896
  0.14835217058093844  0.15395953835441809  0.15959316818549005  0.16510896948417575
  0.17109253452922399  0.17712727305813450  0.18348764048477498  0.18994200323019644
  0.19648418187794489  0.20297224724076923  0.20934221266985642  0.21555160074966701
  0.22166687182015277  0.22773871415784996  0.23377597104404016  0.23984414156741218
  0.24613779788903276  0.25268136348418196  0.25929342110850540  0.26574027321333332
  0.27203439884461827  0.27848024362205603  0.28502831083410496  0.29173435834079636
  0.29849926319354314  0.30569759854808198  0.31303759776000395  0.32036740969382033
  0.32756424611998147  0.33469877541246423  0.34213031928848175  0.34977752725800143
  0.35764560351656705  0.36551564110572676  0.37309251813031008  0.38063118374957439
  0.38851990734804220  0.39681224734103182  0.40537283030072419  0.41393390290319537
  0.42251945022132464  0.43121874739226590  0.43990484928587031  0.44886879889241932
  0.45797679355346549  0.46757229148956292  0.47718926510714005  0.48727744629417052
  0.49758995171535031  0.50833446957959016  0.51962647716443167  0.53078541019120518
  0.54191412054641375  0.55311349985489855  0.56499034606759002  0.57746936789433767
  0.59026547522225392  0.60358903693157184  0.61780346188047841  0.63214693606690298
  0.64650824025780096  0.66158085477808937  0.67817590230727776  0.69591442140729587
  0.71470310458276420  0.73532775561885366  0.75796352835626257  0.78388760430123616
  0.81450344739775560  0.85107021180340936  0.90058603733088405  1.00000000000000000
 -0.00251417203160403  0.00973205692054295  0.02041284322050784  0.03138874420806991
  0.04294835659849410  0.05370269310323242  0.06388917411298599  0.07363612652554714
  0.08360072694559657  0.09404263068970573  0.10402734417910844  0.11395372781596734
  0.12398249728254689  0.13414841976906910  0.14505136005915428  0.15560409313437576
  0.16616602812910117  0.17653491091735951  0.18699525499242176  0.19754288762378450
  0.20837940210345171  0.21920921846178812  0.22941519080666148  0.23913886133034212
  0.24865786713729468  0.25836491966178704  0.26816289161352824  0.27820084786729371
  0.28868698622866190  0.29958765550563465  0.31045720518197778  0.32090505945343806
  0.33125640982653465  0.34192623669734090  0.35294539129364394  0.36392772759343089
  0.37444099918946799  0.38502425030999993  0.39564602049660502  0.40603724075378606
  0.41632948444427431  0.42672565918447875  0.43708884926374908  0.44731378968177582
  0.45751762137555063  0.46813755705041854  0.47894388393567877  0.48937601808356074
  0.49996152019942297  0.51101867810003809  0.52217489790000093  0.53295992164619943
  0.54285137735335787  0.55274631704551480  0.56280630474298843  0.57377115527200684
  0.58414459867051516  0.59555850138757715  0.60662643509364511  0.61792505621444171
  0.62854384257394869  0.63926835615020949  0.64962588750034278  0.65994612426639088
  0.67033561708553613  0.68082800791217590  0.69165296787216424  0.70250643882639519
  0.71283842767794814  0.72280575738803310  0.73258951537977646  0.74271828993466416
  0.75325255720300355  0.76412209186483737  0.77492810020016167  0.78574319456924246
  0.79627622033184731  0.80706413160894730  0.81770568210790062  0.82884040912730383
  0.84020523097666622  0.85155731013843761  0.86249708575376649  0.87345871787102625
  0.88455814087111684  0.89553290351604276  0.90568647572292793  0.91598557374871437
  0.92657564679298721  0.93738421129284266  0.94803355343094586  0.95891805652177242
  0.96970192635639529  0.97967543639437826  0.98965731259055190  1.00000000000000000
  0.02457294342554746  0.03131493628111594  0.04063298205190395  0.05037611252092318
  0.05976953682335158  0.06922141305638282  0.07866823736946404  0.08820113382825925
  0.09793427142798118  0.10792607714912453  0.11802274213843912  0.12804864953445352
  0.13817710545399056  0.14869339834520254  0.15952368874906098  0.16993196171591618
  0.17994049580905125  0.18981546113275227  0.19968328270465446  0.20972747556063528
  0.21963055807946455  0.22981248672435756  0.24027519078446521  0.25065578266881638
  0.26109205746416486  0.27164416658212037  0.28216372802089268  0.29182754061515048
  0.30127214174727157  0.31079274560829712  0.32116803182228532  0.33158761243191637
  0.34190288448316114  0.35208199905650844  0.36236395870987903  0.37258316967332517
  0.38278364508828716  0.39322885396454865  0.40377979514315349  0.41448053277016511
  0.42483179013483019  0.43508171371189236  0.44513981102774641  0.45510490884740878
  0.46523834208547388  0.47572137852980001  0.48678519295032024  0.49796081295011307
  0.50856685604630181  0.51854923316405255  0.52829547856267445  0.53811173906954857
  0.54799821164198737  0.55808295303216227  0.56777895723523697  0.57752829606399503
  0.58700000275911335  0.59680941448544811  0.60647700935764859  0.61582583858942885
  0.62507893558107031  0.63461307393265787  0.64479342001282003  0.65515161357148222
  0.66570958352967136  0.67628776757647846  0.68684738993636696  0.69704928611042871
  0.70721558086994440  0.71744378447634949  0.72782039648148755  0.73831167675113163
  0.74886188217362093  0.75929713206548333  0.76945637569082637  0.77930494259269911
  0.78939193792629625  0.79968740957404183  0.81012501548896010  0.82055934657924201
  0.83128311289622070  0.84219552019694832  0.85295915730845662  0.86342228067521365
  0.87391349544034402  0.88407493767183842  0.89422704250751761  0.90433557217454674
  0.91428360437584322  0.92439829348473423  0.93473736511432770  0.94520390632111184
  0.95586933843707245  0.96547213419397149  0.97102217714126515  1.00000000000000000
  0.06129402979405632  0.11575839781406898  0.13564009230050456  0.15106917037679277
  0.16580919617791023  0.17911890305632647  0.19189543032498660  0.20387976071875175
  0.21460908792083849  0.22429911619870546  0.23386487751310941  0.24320999767705828
  0.25231720970377997  0.26101242011958892  0.26968111580569448  0.27858238446791439
  0.28764759680221907  0.29629058940540892  0.30470851931359438  0.31274628145529376
  0.32050388195465213  0.32805073194498002  0.33561869091406316  0.34336174546460674
  0.35113334437411697  0.35865937504224593  0.36606070700369903  0.37308690386956805
  0.38021858750417081  0.38720777251742339  0.39412420915379104  0.40088320387202880
  0.40759938952843749  0.41438190677961867  0.42112453539923583  0.42796045221810741
  0.43472669227063482  0.44120858565490478  0.44736985822240521  0.45336653836613000
  0.45935040716738273  0.46544904885048966  0.47167479641624160  0.47797289263337434
  0.48430809810620840  0.49047892479807342  0.49653046199849588  0.50253745643532710
  0.50860638231259836  0.51477964322718273  0.52090080799434446  0.52692142090898475
  0.53283267363172526  0.53872677067097563  0.54466841165074620  0.55064090358187456
  0.55649697894951244  0.56208134739990612  0.56749454480551287  0.57291194633790821
  0.57848075981370861  0.58439115801420671  0.59043213501135228  0.59646598554769437
  0.60233286652661411  0.60795622158153317  0.61331904412536464  0.61859660667576954
  0.62388637049436024  0.62921756414776508  0.63468204666589356  0.64023718868998813
  0.64575065082944993  0.65162612873190895  0.65744295276089915  0.66330166393617773
  0.66926932293687935  0.67525744447455682  0.68124431989885703  0.68740346819791953
  0.69369010038797996  0.70013823069621806  0.70667821863055569  0.71325428235098487
  0.72005204175145265  0.72723319066410397  0.73487214215556074  0.74332761016412896
  0.75200267212843375  0.76217434672019058  0.77357082675198485  0.78668133419005160
  0.80294643261013299  0.82481283111286585  0.86155741977032096  1.00000000000000000
   1.0547995086313075E-027  -1.0000000000000000     
 F F F F F F F F F F F F F F F F T F T F T F T F F F F F F F F F T F T F T F T F F F F F F F F F T F T F T F T F T F T F T F T F F F F F F F F F F F F F F F F F T F T F T F T F F F F F F F F F T F T F T F T F F F F F F F F F T F T F T F T F T F T F T F T F
  <DiscreteSampler_grid>
  grouped_processes
  1 # 1 for a reference and 2 for a running grid.
  10 # Attribute 'min_bin_probing_points' of the grid.
  1 # Attribute 'grid_mode' of the grid. 1=='default',2=='initialization'
  0.0000000000000000 # Attribute 'small_contrib_threshold' of the grid.
  0.5000000000000000 # Attribute 'damping_power' of the grid.
 # binID   n_entries weight   weight_sqr   abs_weight
    13   10   4.339932608112038E-017   7.638943175614327E-033   4.339932608112038E-017
    14   10   4.339932608112055E-017   7.638943175614398E-033   4.339932608112055E-017
    25   10   2.681872284899517E-017   2.122447033366977E-033   2.681872284899517E-017
    26   10   2.681872284899631E-017   2.122447033367052E-033   2.681872284899631E-017
  </DiscreteSampler_grid>
