  0.00000000024872391  0.00000000033536883  0.00000000041325121  0.00000000049486344
  0.00000000057472090  0.00000000065441837  0.00000000073632174  0.00000000082421457
  0.00000000091205507  0.00000000100359593  0.00000000110413996  0.00000000120589873
  0.00000000130897841  0.00000000141190707  0.00000000151319321  0.00000000161409148
  0.00000000172544570  0.00000000183703967  0.00000000194817893  0.00000000205605937
  0.00000000216988610  0.00000000228870149  0.00000000240758649  0.00000000252825329
  0.00000000265349108  0.00000000278807368  0.00000000292402613  0.00000000305739530
  0.00000000318797745  0.00000000331546969  0.00000000344246723  0.00000000357570310
  0.00000000371266614  0.00000000385314156  0.00000000399681876  0.00000000413976595
  0.00000000427806421  0.00000000441696943  0.00000000456872616  0.00000000472478325
  0.00000000488245232  0.00000000503675469  0.00000000519076970  0.00000000534386796
  0.00000000549708952  0.00000000564978725  0.00000000580697433  0.00000000597031968
  0.00000000613792315  0.00000000630938513  0.00000000648485944  0.00000000666060970
  0.00000000683540378  0.00000000701352060  0.00000000718722890  0.00000000736223480
  0.00000000754342511  0.00000000773184868  0.00000000792087727  0.00000000810962118
  0.00000000829852526  0.00000000848771229  0.00000000867678735  0.00000000886554354
  0.00000000905487362  0.00000000924595833  0.00000000944166686  0.00000000966633652
  0.00000000990082994  0.00000001014690526  0.00000001039717065  0.00000001064686739
  0.00000001089608032  0.00000001114807658  0.00000001140597238  0.00000001167122236
  0.00000001194531659  0.00000001222478841  0.00000001252449738  0.00000001287122800
  0.00000001322612715  0.00000001358051248  0.00000001394350104  0.00000001431904259
  0.00000001471257940  0.00000001513089959  0.00000001556235599  0.00000001605603428
  0.00000001668011887  0.00000001742339227  0.00000001824573974  0.00000001917576944
  0.00000002029002018  0.00000002237890893  0.00000002367222198  1.00000000000000000
  0.00963763549044832  0.01623518208712307  0.02583877841123231  0.03777378374644255
  0.04897636926278032  0.05916913855663849  0.06897897350699492  0.07896251012667722
  0.08950654804633361  0.10019940044259561  0.11084609803198808  0.12145913779152577
  0.13169771730350421  0.14219938755621350  0.15230219583258192  0.16289613028001418
  0.17372999168583714  0.18494899347645119  0.19602374206418821  0.20677985456981915
  0.21750241325076819  0.22783566695261623  0.23807588747879868  0.24824650323834310
  0.25851911162462810  0.26875478848712331  0.27850970702837946  0.28846615687871890
  0.29911440615619378  0.31011203763736284  0.32052338806071456  0.33056962260805595
  0.34030665609644611  0.35004901201221911  0.35974210960855962  0.36960089864137619
  0.37950698114051751  0.38936963416841924  0.39981899212811689  0.41075077363344881
  0.42148943936049282  0.43200793868530607  0.44248533231562182  0.45321360014013828
  0.46375094502094327  0.47385022767520452  0.48409508123158890  0.49437862697397922
  0.50515582274236914  0.51615963547370969  0.52688674677657787  0.53774442029953606
  0.54845610836513137  0.55908496411437747  0.56987791948905619  0.58075419337690604
  0.59188018191683245  0.60237827712088454  0.61280565469890480  0.62325780926430130
  0.63459763414710324  0.64582870357583944  0.65675611973637826  0.66743644732148633
  0.67815207109322728  0.68814184753916019  0.69778385010338317  0.70756606088033891
  0.71795052500664980  0.72877011993802943  0.73957743680108678  0.75040234043220466
  0.76110902637466449  0.77170694019280051  0.78233345847125424  0.79272023299122607
  0.80299573270807689  0.81299057101713967  0.82312241028823974  0.83335917872470378
  0.84356435221287973  0.85381739938411860  0.86464008405514048  0.87585919277082502
  0.88748788961157210  0.89817056242054871  0.90854470554893740  0.91838627342581458
  0.92870372259387446  0.93902354959216106  0.94956755599240361  0.95997205893695203
  0.97046122679392743  0.98104631324532610  0.99145133009739495  1.00000000000000000
 -0.00233781041377933  0.01080349035031466  0.02208626784211627  0.03304940296284254
  0.04390789539945824  0.05441337264879891  0.06466084361374687  0.07451558979577136
  0.08420576161298926  0.09398639098454240  0.10379158150029850  0.11399404212358548
  0.12429868394365215  0.13461081278762557  0.14480671264328163  0.15484398079411660
  0.16473044901718695  0.17442870977933533  0.18401123868861724  0.19388311289958055
  0.20404723272797551  0.21466420238769668  0.22578248322383418  0.23700778948021367
  0.24815879721840775  0.25913550376987637  0.26995253007390485  0.28056900001446267
  0.29084648492702719  0.30114992214342151  0.31159713588312110  0.32200751572153719
  0.33245526771058592  0.34295726630621126  0.35363443326248806  0.36458890551571671
  0.37579471670722264  0.38684975942956856  0.39771131177606067  0.40869140140240101
  0.41975082444106715  0.43060703743992024  0.44166222328305960  0.45305786758332145
  0.46463096350852917  0.47626195048118891  0.48838083435393920  0.50078995929922254
  0.51227267933980059  0.52335816364190724  0.53403572037728386  0.54458500445333358
  0.55473130596519937  0.56499856542050153  0.57536382761370675  0.58555062011816827
  0.59529191219445821  0.60513796165020428  0.61563989670789621  0.62628631064966822
  0.63714577995345889  0.64810569566301413  0.65927235694975272  0.67046463654309874
  0.68139675153211798  0.69208617449933307  0.70233779713956623  0.71235773010636982
  0.72237332631144513  0.73285269296696498  0.74359394252285538  0.75449768472145184
  0.76557277125303136  0.77655447077107131  0.78758737997661943  0.79788064108183476
  0.80792595218594809  0.81799358631063535  0.82798421039711345  0.83823963812691560
  0.84846093484498386  0.85847573841334213  0.86861805809936121  0.87861141175264890
  0.88819442512996316  0.89791675880013466  0.90760690775672093  0.91750361067536212
  0.92702265703594178  0.93641773806292994  0.94624085373846001  0.95655310570151530
  0.96732663364970439  0.97819772745108380  0.98910581035902922  1.00000000000000000
 -0.00269987001896292  0.00998664091150312  0.02102153454989424  0.03199925671868990
  0.04328642670551882  0.05442780446740757  0.06523848440538262  0.07560586284643460
  0.08575777120385515  0.09573151641994902  0.10568124463298091  0.11531825731568492
  0.12507840905086970  0.13527011771031103  0.14578873678678575  0.15665491281060079
  0.16761549442334858  0.17901308902519200  0.19012748120210893  0.20092992079073060
  0.21169705312432188  0.22238442262558941  0.23313910138132796  0.24377726248506704
  0.25436848930533462  0.26494465310753740  0.27544998107862351  0.28617138107638829
  0.29688936291012641  0.30794907702762297  0.31867039400178393  0.32912445561967368
  0.33919545607619483  0.34941192291296597  0.35966568676020816  0.37024440541975961
  0.38086086081424797  0.39097419214871026  0.40103368806335687  0.41059932524076115
  0.42033490942676338  0.42999148734505904  0.43984718540313811  0.45058584587075567
  0.46107578522735471  0.47127805978880299  0.48169762788584292  0.49172667975694107
  0.50167637806477539  0.51172590758081904  0.52215689995169667  0.53317157439287244
  0.54416821572455798  0.55544941414776638  0.56680996338468459  0.57789185445511426
  0.58854786491692190  0.59916182766921300  0.60987245981531801  0.62081524857626957
  0.63199521901336320  0.64308055055480162  0.65392115066565548  0.66472238519398208
  0.67576433158758376  0.68683494939523104  0.69790711364930258  0.70907943938623164
  0.72022866124207652  0.73148714502615508  0.74211154689608960  0.75272627865938369
  0.76260198681347924  0.77305581864225048  0.78321732035521152  0.79325203470767847
  0.80298315126829212  0.81296907639444538  0.82338802528689459  0.83377988106280276
  0.84374434651042063  0.85348649104222252  0.86318089187543490  0.87352430438909912
  0.88425016805459944  0.89505166575579664  0.90563424530418435  0.91610424028745896
  0.92659692304797070  0.93695565803291503  0.94710465111414910  0.95727333172845297
  0.96753773169975554  0.97801168845372644  0.98896759590238592  1.00000000000000000
 -0.00212789510934370  0.00914032888618377  0.01902807225780861  0.02935790755615797
  0.03985500929933802  0.05023832258752371  0.06026892289934449  0.07032852504879686
  0.08067724624073093  0.09129156302895526  0.10146254116599938  0.11162128893390068
  0.12195132375490092  0.13252865994827209  0.14272554158072220  0.15260220942709496
  0.16231887979909349  0.17216970603658499  0.18214385348911999  0.19252565730261251
  0.20300365340530788  0.21370605756021527  0.22463393239339896  0.23541723609731482
  0.24617205947315471  0.25705063745855489  0.26828780754713821  0.27938773255294341
  0.29016094140096738  0.30066783505795180  0.31125218840155477  0.32159766586649569
  0.33206686698872251  0.34253194185700869  0.35334680602276769  0.36476636757554110
  0.37626504317752180  0.38789894253524543  0.39904325955928144  0.41021696174128464
  0.42108276268802669  0.43165851412185957  0.44200291329426561  0.45214096621091232
  0.46238908523177075  0.47282518940118318  0.48342326939770958  0.49381626610784646
  0.50405676178498582  0.51413577993525550  0.52397394637254868  0.53338514276004678
  0.54295768174176295  0.55316092457934174  0.56386209305920787  0.57444216119007041
  0.58492070243377425  0.59539056719719541  0.60565586495293300  0.61591628630201334
  0.62657090498497636  0.63729716907151879  0.64749085936462858  0.65754425169196895
  0.66770262724777218  0.67818307117855092  0.68871302107202392  0.69932261644331928
  0.71061039139002513  0.72246083109062054  0.73423184260994667  0.74533521047268325
  0.75612990470586017  0.76696054357994381  0.77752787974309234  0.78828875065958548
  0.79921543120955818  0.81012309887949285  0.82097174241609583  0.83161283993387691
  0.84241086691766920  0.85355638238681775  0.86481421555623028  0.87572623810439276
  0.88587345217142233  0.89578653461000546  0.90574720405716935  0.91582410437643325
  0.92629711611570331  0.93688317488875605  0.94760364768090921  0.95784633954222831
  0.96820550121414439  0.97903155158742516  0.98975704964910005  1.00000000000000000
 -0.00224801636082388  0.00938056545007753  0.01928602195357127  0.03020951096907518
  0.04115646776545864  0.05316303673088160  0.06485436641372871  0.07619797572457333
  0.08704470416154914  0.09692415167167766  0.10659691564358643  0.11652515734280905
  0.12659226381046834  0.13709202476663102  0.14757187613299741  0.15896336131855326
  0.17044831483781914  0.18124014253371762  0.19188726016765617  0.20252586893734373
  0.21280192058451278  0.22269833689830734  0.23265508920753533  0.24277100345002078
  0.25327536903746328  0.26413153061144773  0.27492180514171471  0.28599905848643403
  0.29666391822447508  0.30719206193583964  0.31749880753027393  0.32780929464383135
  0.33825148222415796  0.34880375914729073  0.35968053483653789  0.37063730848302595
  0.38125881563241237  0.39166319023014562  0.40174448775219168  0.41220798347564613
  0.42286071807293074  0.43399720742750536  0.44529078540056904  0.45668206928029187
  0.46797884860444661  0.47918767130158951  0.48994040113436260  0.50021948066614697
  0.51049988747701014  0.52098783221268175  0.53170658797169423  0.54236066153853768
  0.55319703185733138  0.56397307624436888  0.57466683945146035  0.58585963783438877
  0.59780452741085555  0.60972141812284686  0.62083209192902455  0.63121832679685419
  0.64121965460372488  0.65096827321104989  0.66075818543327136  0.67074779429295417
  0.68063835842707054  0.69061641252024297  0.70009125135805028  0.71010521639929991
  0.72017345851122749  0.73016839917549770  0.73985836081507261  0.74997217818540429
  0.76110407819476367  0.77237607846160383  0.78324565701668836  0.79362727119479881
  0.80409447960778080  0.81444948619726865  0.82459796319071565  0.83468380899782013
  0.84506136551971145  0.85549327961643706  0.86549105138425253  0.87564595149116575
  0.88616178384123212  0.89650886791493578  0.90625976414415377  0.91603449453758512
  0.92643367280557121  0.93676201634326839  0.94715376836199194  0.95777279140377558
  0.96862542393357232  0.97925232348805702  0.98954745661173660  1.00000000000000000
  0.00108992880011663  0.11260428309985560  0.16833421446917515  0.20748111190484625
  0.23893203616201297  0.26555630943823560  0.28900144218876950  0.30983276329803799
  0.32887184818121701  0.34678994204498548  0.36416139230093064  0.38042102497136376
  0.39542909891168820  0.40983394911192184  0.42402420173857663  0.43773354391079855
  0.45094301736525505  0.46368745095524799  0.47618457845838669  0.48825973223136238
  0.49961321994226621  0.51053083342205952  0.52105905552391130  0.53137916838307342
  0.54139952415001014  0.55105079620913933  0.56043414769328770  0.56952770433765243
  0.57836651626555380  0.58709708982895692  0.59554477557691110  0.60390870927056917
  0.61226203544140911  0.62063225162285107  0.62896212298969745  0.63723167610177278
  0.64525778223330110  0.65303291515581308  0.66053928861952438  0.66806226005483982
  0.67546724033858818  0.68277311957651954  0.68993105409183308  0.69699894552231401
  0.70410165395753133  0.71125322048992790  0.71846600520625858  0.72561107548996739
  0.73259423517416355  0.73966742764069460  0.74662821149006264  0.75332602360030698
  0.75976732160706184  0.76616526514517791  0.77251288235442350  0.77865010282870617
  0.78459150029671065  0.79042787702553241  0.79616842122365084  0.80191257804561722
  0.80764895763696987  0.81337523272556300  0.81885034202605955  0.82447580579799884
  0.83011597497575373  0.83581494037185344  0.84159781383694976  0.84742782662387339
  0.85315032020202930  0.85881023179649729  0.86448096606582703  0.87005509787811841
  0.87557877898170544  0.88089929218306395  0.88601007384858577  0.89096829268685607
  0.89607320881416797  0.90115405046385555  0.90633472490317712  0.91156413622733634
  0.91679761941292026  0.92205954986058503  0.92734462128902162  0.93264058557414953
  0.93785363317810100  0.94298148982486207  0.94808911963609732  0.95315016041346012
  0.95816065180873811  0.96313383308093703  0.96805919823847264  0.97294897686815129
  0.97778555200509853  0.98214828399815524  0.98479767327132661  1.00000000000000000
 -0.00243882171830458  0.00949782636434758  0.01931959261851162  0.02966244828856925
  0.04036334704353103  0.05146267487581401  0.06300782803185949  0.07342841608226755
  0.08388013524088349  0.09373513891710154  0.10366744263081520  0.11364475134217993
  0.12369931321235592  0.13371165855925612  0.14366583332323538  0.15407700875081295
  0.16451463775115674  0.17549963379580902  0.18636410373788581  0.19740954753453996
  0.20829903707994474  0.21904717155803127  0.22974184233322140  0.24064971345729133
  0.25148481305675296  0.26310938335809497  0.27370515798505646  0.28406162731429274
  0.29387105201997710  0.30389980685976414  0.31424305807105213  0.32486930703800732
  0.33581013570264023  0.34642830583829831  0.35707383061560632  0.36778492016331438
  0.37820218102101422  0.38847279533570245  0.39862723010592443  0.40873735427248498
  0.41888348212054360  0.42886113040120516  0.43916898901761081  0.44946194813904750
  0.45994296934446638  0.47047358209578799  0.48143048099894498  0.49264890577261289
  0.50370480249565319  0.51470637246874251  0.52642246888953892  0.53801097882320792
  0.54901898162212492  0.55932451816788908  0.56931811087502615  0.57910645137229666
  0.58908690680542120  0.59956629171953735  0.61058353135988686  0.62136116751590920
  0.63243800438098441  0.64347981877281835  0.65451478850408873  0.66524480369488459
  0.67597097176286913  0.68684704789643303  0.69789301174073137  0.70869754178312983
  0.71908247575378004  0.72933277055680934  0.73976378496004624  0.75025658221671521
  0.76072127807245304  0.77104017110785106  0.78137736685310488  0.79169914849853218
  0.80217502713092281  0.81282517549312028  0.82345295486177361  0.83397116016720185
  0.84472610851791308  0.85564498461178307  0.86617109000218306  0.87663851504112444
  0.88735808746169531  0.89814724030841453  0.90834964914856464  0.91812541015161619
  0.92800369705516605  0.93834516144237423  0.94905735232105293  0.95933031040016514
  0.96939085074027487  0.97925767320986101  0.98966487543043924  1.00000000000000000
  0.02473497441996344  0.03221391246188331  0.04133616695644195  0.05065912275715460
  0.06001316522764890  0.06911242317864105  0.07815602482171601  0.08721258187201743
  0.09653163289741588  0.10610048649604165  0.11569191115501051  0.12511730569521146
  0.13473005479886285  0.14453281323469624  0.15434629315350476  0.16402511035550593
  0.17333069647774643  0.18258993571905560  0.19228403432588076  0.20257402055907420
  0.21295459879606582  0.22362270544409535  0.23454238550569736  0.24541863006482026
  0.25565927504328423  0.26546536600958354  0.27521085304182574  0.28516372339118429
  0.29561424540045994  0.30644527811188071  0.31787825884846710  0.32877037458497732
  0.33927310333729760  0.34949196084270456  0.36036051879884051  0.37210601425381717
  0.38356778588249585  0.39427480518369279  0.40482074397142231  0.41532178031343747
  0.42549072652527892  0.43550163951475718  0.44583986128343911  0.45606816075402690
  0.46638408278249199  0.47623093865525257  0.48644807090311476  0.49667837767751183
  0.50740915217897864  0.51811233870590334  0.52850528216592751  0.53872413845486777
  0.54880953877082772  0.55929469217502703  0.56932973771077355  0.57924177504697327
  0.58898591851237014  0.59861484234240103  0.60855184823902297  0.61855429661249262
  0.62876852606685418  0.63909704046971549  0.64970186318517598  0.65994621169472945
  0.66991116905985015  0.67946107053081706  0.68933064715353631  0.69873398379389362
  0.70833152896506313  0.71772199734757836  0.72761881341015056  0.73747391573661791
  0.74754850687950469  0.75782680671003788  0.76807083065369974  0.77879527490564482
  0.78914915941865282  0.79894416665522727  0.80844080243878880  0.81800088735419640
  0.82806125053656177  0.83819966027692949  0.84754180515059441  0.85709537144320191
  0.86632277269727143  0.87613468020454988  0.88646816594783884  0.89706646935911749
  0.90782538389775824  0.91864906326638474  0.92981201623154242  0.94095203013728024
  0.95249433844701381  0.96308666485542782  0.97141143501019167  1.00000000000000000
  0.10558111878403376  0.19590414843029089  0.22660604063481185  0.24558855132539364
  0.25949685921478677  0.27178245661565936  0.28253319742151800  0.29269214849468678
  0.30207631796512485  0.31106613885793150  0.31938190780842524  0.32765657115898117
  0.33565528736494471  0.34316561562290654  0.35031682026054933  0.35691818914330337
  0.36323121730634672  0.36932409297899665  0.37528950626707974  0.38118493806621351
  0.38707734429706270  0.39309319965027034  0.39895194255393229  0.40455971707908245
  0.41014589911798971  0.41559392401792117  0.42096877768338770  0.42632520248216405
  0.43170743645708520  0.43719613753775244  0.44274070616398403  0.44833379884436431
  0.45391080642534237  0.45959811707739429  0.46509876733170830  0.47046854941001037
  0.47561161528070128  0.48097503714863649  0.48651479031035860  0.49206717066150019
  0.49767528534015504  0.50339042095310360  0.50916910429001172  0.51498997072158714
  0.52079512836368025  0.52654055068957162  0.53235795527479612  0.53826191307158877
  0.54383675566018386  0.54914834208257290  0.55444438740847646  0.55977897287279155
  0.56508355945240285  0.57034603893958746  0.57568410444572071  0.58109899134084064
  0.58657998560791291  0.59205702041684294  0.59749485561221560  0.60292051791597778
  0.60847307723812927  0.61418369430807207  0.62006060365815097  0.62624078070883671
  0.63277848251784818  0.63941309122588197  0.64597609688566282  0.65239998753181594
  0.65877770142442049  0.66545654286832434  0.67236689106627578  0.67945466840652868
  0.68647217252270687  0.69329723369708962  0.70008467065516089  0.70704969459523348
  0.71436155373252441  0.72189751307620087  0.72961082573997971  0.73761006043528310
  0.74574231990074158  0.75389085504549791  0.76215674638254860  0.77050448153470164
  0.77897916195147743  0.78782439202737964  0.79749666080934067  0.80771824192156705
  0.81851395875171540  0.82998307584473929  0.84169508744691535  0.85420712332625237
  0.86795255494645651  0.89124757173382207  0.92679180106559045  1.00000000000000000
   1.4218462170351216E-020  -1.0000000000000000     
 T F T F T F T F F F F F F F F F T F T F T F T F T F T F T F T F T F T F T F T F T F F F F F F F T F T F T F T F T F T F T F T F T F T F T F T F F F F F F F F F T F T F T F T F T F T F T F T F T F T F T F T F T F F F F F F F T F T F T F T F T F T F T F T F
  <DiscreteSampler_grid>
  grouped_processes
  1 # 1 for a reference and 2 for a running grid.
  10 # Attribute 'min_bin_probing_points' of the grid.
  1 # Attribute 'grid_mode' of the grid. 1=='default',2=='initialization'
  0.0000000000000000 # Attribute 'small_contrib_threshold' of the grid.
  0.5000000000000000 # Attribute 'damping_power' of the grid.
 # binID   n_entries weight   weight_sqr   abs_weight
    13   10   4.128920269836639E-011   2.872290954173767E-021   4.128920269836639E-011
    14   10   4.128920269835899E-011   2.872290954172554E-021   4.128920269835899E-011
    16   10   4.978009567147477E-011   5.220278980064483E-021   4.978009567147477E-011
    17   10   4.978009567147489E-011   5.220278980064464E-021   4.978009567147489E-011
  </DiscreteSampler_grid>
