  0.00000000024855822  0.00000000033517761  0.00000000041068806  0.00000000048934693
  0.00000000056755082  0.00000000065059014  0.00000000073444484  0.00000000082058453
  0.00000000090176000  0.00000000098520454  0.00000000107859362  0.00000000117722938
  0.00000000127967949  0.00000000138228717  0.00000000147968713  0.00000000157667939
  0.00000000168365942  0.00000000179763444  0.00000000191162350  0.00000000202495150
  0.00000000213697409  0.00000000224973748  0.00000000236152421  0.00000000247468518
  0.00000000259054612  0.00000000271304213  0.00000000284321935  0.00000000297376300
  0.00000000310308808  0.00000000323224998  0.00000000336400832  0.00000000349976371
  0.00000000363839958  0.00000000377285872  0.00000000390673300  0.00000000404239692
  0.00000000417904373  0.00000000431345664  0.00000000444539027  0.00000000458470445
  0.00000000473293816  0.00000000488631953  0.00000000504495579  0.00000000520224794
  0.00000000535713509  0.00000000551421113  0.00000000566728950  0.00000000583616954
  0.00000000600785729  0.00000000618132923  0.00000000635250711  0.00000000652334368
  0.00000000669209863  0.00000000686054186  0.00000000703029967  0.00000000720033056
  0.00000000737421373  0.00000000755966474  0.00000000774650911  0.00000000793308171
  0.00000000811701150  0.00000000830867011  0.00000000850458653  0.00000000870305333
  0.00000000890318998  0.00000000910336928  0.00000000930637115  0.00000000951953460
  0.00000000974486419  0.00000001000355063  0.00000001026283160  0.00000001052619835
  0.00000001078477596  0.00000001104431665  0.00000001130777195  0.00000001157673978
  0.00000001185110496  0.00000001213222664  0.00000001244271205  0.00000001277852568
  0.00000001314341832  0.00000001352723088  0.00000001392208533  0.00000001432377847
  0.00000001473459604  0.00000001515921540  0.00000001560063012  0.00000001608209441
  0.00000001670414158  0.00000001739748276  0.00000001815973408  0.00000001904203472
  0.00000002012256830  0.00000002203269952  0.00000002361281235  1.00000000000000000
  0.00955647054541094  0.01568956920121754  0.02524255390893163  0.03576462502270415
  0.04568441648803402  0.05526437823744543  0.06485128401788187  0.07484994502532373
  0.08539270065297479  0.09622651591952190  0.10751494308687708  0.11938278733844433
  0.13127735796001697  0.14245690450998266  0.15315160862102942  0.16359380567030180
  0.17404890107424068  0.18491534648226032  0.19646344734294063  0.20859252728967817
  0.22008612581989639  0.23118944157217217  0.24231788611703214  0.25352469922768073
  0.26448765744068864  0.27523874403523280  0.28621442030636879  0.29692165722028463
  0.30789128820764439  0.31894913564195165  0.32999098374693864  0.34059214144018146
  0.35089004478038088  0.36135016693898131  0.37198373130571366  0.38255827178079727
  0.39323670252082465  0.40378298745759744  0.41470416502340124  0.42531565207675215
  0.43620440109166297  0.44713389215384414  0.45867378271332643  0.46951456543850406
  0.48034811979042985  0.49122901469097996  0.50147495864304170  0.51181804031979661
  0.52185695735796589  0.53229317959785361  0.54237184443489728  0.55253017088812229
  0.56269950591616080  0.57274712668204475  0.58257572563522175  0.59242630405082097
  0.60224993318267206  0.61213948309331900  0.62218858614571138  0.63219819478940065
  0.64238391185492227  0.65278595248103410  0.66344189855066882  0.67422087814495690
  0.68502008432234263  0.69573524951629406  0.70626808222633197  0.71671135302663447
  0.72660112878000271  0.73675291133472653  0.74674913255474273  0.75750646705500624
  0.76846604164502352  0.77925177044968885  0.78980312538531827  0.79950096100444112
  0.80887381531538305  0.81834572890745039  0.82799761876006417  0.83790750777587086
  0.84795867925861623  0.85826793300692461  0.86941102470584264  0.87997263218716748
  0.89084263733060098  0.90093066875876371  0.91119911492748096  0.92133083262577220
  0.93175231024126304  0.94248715780494263  0.95361232855533240  0.96365280699873335
  0.97364467089084350  0.98302869355457201  0.99097568566123317  1.00000000000000000
 -0.00307337562794467  0.01182950338347171  0.02355942958022663  0.03482750722098861
  0.04542907297378183  0.05592426084304473  0.06602635562933272  0.07586314363179888
  0.08592363129250105  0.09620176039112657  0.10686342555262486  0.11761928222092113
  0.12835168216182916  0.13939601383844166  0.15003763452989871  0.16039584430232443
  0.17017811774161198  0.17988879404363903  0.18965205806434401  0.19957213328852577
  0.20953682930852688  0.21985019947326723  0.23051894643903095  0.24149239703257086
  0.25285964025346425  0.26388870695634958  0.27488365526397401  0.28556734065420458
  0.29630437402424592  0.30706732068271919  0.31780810025086831  0.32863562332363333
  0.33952717126636028  0.35036060607211922  0.36110880830177172  0.37185780392141354
  0.38268726745181525  0.39389409051302360  0.40513025301983424  0.41620330482469392
  0.42684070816632275  0.43771862405378836  0.44864187431813335  0.45975467598248881
  0.47034318699102934  0.48117859376585015  0.49190599562858256  0.50275800667958737
  0.51366802612444085  0.52463499737914621  0.53559637933909066  0.54685987851917028
  0.55811953581566487  0.56916906346365836  0.58008407581415367  0.59081701238639084
  0.60198386221817557  0.61336137973513538  0.62467873260312257  0.63481615300091010
  0.64508172956224230  0.65608053448131776  0.66689438002599943  0.67706074646281733
  0.68708560192848378  0.69747520718029765  0.70812113378486974  0.71853712319379415
  0.72925377619794896  0.73981225346828638  0.75017304358173165  0.75991825727166140
  0.76951536288880218  0.77916332023285884  0.78896996363948968  0.79910001804183006
  0.80892846079887071  0.81874802689035997  0.82847550772361711  0.83828728636848959
  0.84878125129621140  0.85886103223477528  0.86895832532797435  0.87867916392107703
  0.88840340902617376  0.89851852564469958  0.90839067426623787  0.91848154108399216
  0.92869548880748309  0.93916080368920762  0.94955059743151793  0.95975304000588213
  0.96972474764937211  0.97958421130399809  0.98952270274764864  1.00000000000000000
 -0.00228409286766589  0.00969989502154203  0.02034827700778163  0.03064456471854842
  0.04094606269419515  0.05165677057739244  0.06298815910968275  0.07392305568867727
  0.08461470461706937  0.09582998074787621  0.10663107470275712  0.11741139049251600
  0.12776740446920720  0.13918815832894019  0.15022909499350545  0.16138547555402147
  0.17238856823619150  0.18314124872919113  0.19395419251911561  0.20427312380473109
  0.21478674140970119  0.22561643359072331  0.23605228517748780  0.24645057961976291
  0.25641457416740449  0.26627680600181952  0.27637478830437701  0.28649754009195949
  0.29710616542466683  0.30816610745796558  0.31922031649238403  0.33064571949084065
  0.34163268906251637  0.35231418444332574  0.36239282193044520  0.37226299160455500
  0.38262093756566606  0.39363488085341969  0.40499315619321602  0.41594488709679767
  0.42622100391384271  0.43595474178504445  0.44561727595231210  0.45551553178299786
  0.46575727524357907  0.47628024372689315  0.48678265770867485  0.49736710987336552
  0.50786933792934041  0.51842101377805905  0.52813457350983584  0.53741490636637557
  0.54678034881557636  0.55622363830214649  0.56613032125120610  0.57637284765375929
  0.58691314339271627  0.59796240831610925  0.60872792341671333  0.61936785418039297
  0.62972758154062913  0.64004760896574031  0.65059276886263973  0.66175231432320469
  0.67268482402061547  0.68275810308361473  0.69250310821990058  0.70190116978469241
  0.71149542418581457  0.72132526847361933  0.73140549175341751  0.74288288281091308
  0.75402811749648457  0.76493391958176227  0.77575149620749317  0.78659560527362549
  0.79712401981170589  0.80766394088771998  0.81769300148470569  0.82785306520162460
  0.83872871577884722  0.84948351563547497  0.85993806450034704  0.86995834810971906
  0.88035201806153673  0.89113551479639053  0.90217069535260652  0.91375305460804357
  0.92576133428780094  0.93690560444874660  0.94804098161680050  0.95860711696035961
  0.96875384604376535  0.97908913264582820  0.98945760420374473  1.00000000000000000
 -0.00261005126459512  0.00960386224581737  0.01956951988101158  0.03068415355154146
  0.04166072615238346  0.05180012139150075  0.06156795177353988  0.07139193011075430
  0.08151274232355737  0.09137049349747149  0.10102816425926193  0.11132940113790957
  0.12185966500182605  0.13276360231820200  0.14421241760025313  0.15610927150024315
  0.16807046767694392  0.17941082228410235  0.19048354143828863  0.20147186272016343
  0.21241211207148278  0.22319466415532127  0.23359094971917557  0.24371521262832183
  0.25394450936233681  0.26453693328647004  0.27514096507780422  0.28566895479759896
  0.29611057809737013  0.30658546379789114  0.31706360401374711  0.32746095393457308
  0.33762925440947439  0.34782675418301634  0.35753464734494889  0.36733848561864568
  0.37708132919792808  0.38723197362007050  0.39741059841435605  0.40696724230890857
  0.41615860149386763  0.42584206110695755  0.43609412455873509  0.44697103584165498
  0.45760404653968773  0.46875303212114267  0.48032073912329887  0.49229601827395159
  0.50414484180924035  0.51591197046195725  0.52682393795485627  0.53715974233543717
  0.54768072509630350  0.55857031806821089  0.56972430101517546  0.58073121575131259
  0.59151780288398059  0.60241659962751792  0.61325950232863091  0.62392209456485470
  0.63398571154895478  0.64364687078829030  0.65363508880161292  0.66414171368749209
  0.67457659847640805  0.68511764143135423  0.69499019099727344  0.70459689931843206
  0.71400717967682570  0.72379637615216441  0.73418890235192380  0.74521168294490148
  0.75645392853003646  0.76783090859051817  0.77886172609172999  0.78961644028832545
  0.80002762654388515  0.81077316889285611  0.82162724305301105  0.83260745380316858
  0.84331495931090106  0.85414758121616396  0.86493887481247023  0.87559082657436982
  0.88607180266532626  0.89641204973981303  0.90672320378824778  0.91716753023999686
  0.92782077337121871  0.93852536073589399  0.94919334528178945  0.96004488769781293
  0.97042481856448193  0.98075388612571868  0.99026853882558363  1.00000000000000000
 -0.00256840202587718  0.00944731529622716  0.02025528608497748  0.03121223098321169
  0.04237756012403509  0.05326437599834255  0.06412332427883551  0.07470586595043256
  0.08540875512380419  0.09689929124124437  0.10794842748109175  0.11875497983610261
  0.12879598537142664  0.13929055531281576  0.14975734564384802  0.16079829646951763
  0.17136587166757775  0.18191355493523453  0.19234749208569807  0.20262145054521180
  0.21294983537465628  0.22371328784590033  0.23501730652426545  0.24621968701816713
  0.25655210051840061  0.26654821501332715  0.27659808051237811  0.28694653853683444
  0.29718402607235161  0.30724354506909990  0.31741179390758084  0.32726279046263052
  0.33712872431255281  0.34664866803245692  0.35629056884363253  0.36625394174852488
  0.37636475818301279  0.38640948602485936  0.39614099867817970  0.40591736573280918
  0.41655510562753562  0.42754586744466422  0.43844971326830934  0.44850523608365150
  0.45851661256306109  0.46874602261336684  0.47882868263227074  0.48937749007315440
  0.49977485620846279  0.51039402505331932  0.52082218702996386  0.53103978612262304
  0.54119076774891539  0.55108388315613976  0.56098993843304290  0.57117862969492139
  0.58145528125521695  0.59169740871943821  0.60220864427321841  0.61339675502916846
  0.62497792357894444  0.63644940517854731  0.64752118626163480  0.65797181678114625
  0.66774591496504354  0.67739577968905185  0.68762936525732732  0.69852314689826522
  0.70931568213077989  0.71971907872478080  0.73040616128213787  0.74124474628876935
  0.75225195552009017  0.76320987361312764  0.77451158562092537  0.78604590436883370
  0.79729726540298074  0.80827830839118064  0.81924273499227107  0.83007644881883025
  0.84069623665949722  0.85136032557828256  0.86198081696645845  0.87270822855084074
  0.88329252605987174  0.89353177174700193  0.90398855576435466  0.91442237111593294
  0.92527494091780227  0.93644445203728000  0.94776088956236715  0.95866486691160691
  0.96886300813092052  0.97914422348242813  0.98959728243876288  1.00000000000000000
  0.01336596416452826  0.01555697196030367  0.01961932136711794  0.02355275058095029
  0.02912672391545508  0.03435619935894930  0.03989982975025619  0.04546823068193023
  0.05102466719531430  0.05657660630731424  0.06207404170655924  0.06752302236488479
  0.07275409393125506  0.07803722051342794  0.08340453852401333  0.08901699561076387
  0.09482662326260509  0.10064918032554987  0.10645892431997954  0.11231971205306036
  0.11828565494621913  0.12431618604015851  0.13026018857973268  0.13608100756812430
  0.14187010008660947  0.14787784840850574  0.15394428185265874  0.16023187918898871
  0.16632453777198913  0.17206330592011806  0.17773287833620946  0.18337170185644330
  0.18890649791476671  0.19467781394637954  0.20033620527981236  0.20614521194517815
  0.21173941715297129  0.21742665206620335  0.22325031973955856  0.22938424045631314
  0.23562847415093238  0.24203725777109583  0.24842026797144040  0.25501216064117488
  0.26169638044014348  0.26824002365612581  0.27534560485718140  0.28274273016314033
  0.29009428677777405  0.29746046368203893  0.30478413308607843  0.31215414749274711
  0.31981977210541324  0.32773846167152348  0.33582197669908059  0.34359353742604776
  0.35135603974572488  0.35907735814945413  0.36684982170930058  0.37489372807918409
  0.38317933075057808  0.39169660906871911  0.40043292492870941  0.40936639342095366
  0.41845742431011057  0.42765482037385100  0.43681237186442423  0.44610960487601975
  0.45576805214313054  0.46545387813648553  0.47523124397895150  0.48506753917256590
  0.49519246866472616  0.50531172542234037  0.51572411798771411  0.52628397630997359
  0.53698292001601433  0.54805155914228754  0.55974527439351840  0.57204004684583476
  0.58495263539361941  0.59861034482311382  0.61300962067304099  0.62815813184769242
  0.64375932807276293  0.66003780675562196  0.67699976105122628  0.69487138841099505
  0.71420527723818095  0.73639489649273937  0.76095830738168024  0.78767910594575941
  0.81824681313144676  0.85588422149009324  0.90811080269984246  1.00000000000000000
 -0.00220438715796700  0.00952159382600646  0.01964535186742737  0.03054920436054151
  0.04135662076755450  0.05248485511511522  0.06327760376533986  0.07459676412981879
  0.08575126447483586  0.09692116436064299  0.10800053902816524  0.11896572723527837
  0.12938607054780593  0.13950602180106186  0.14934093269088655  0.15918212722080138
  0.16903723744062368  0.17899528101912143  0.18932505968953972  0.19968962219549322
  0.21037239452693712  0.22112351884188089  0.23199400537704951  0.24257955696404146
  0.25249892794923195  0.26221969902849779  0.27178663301949035  0.28195838074586232
  0.29213577936380641  0.30261559978091845  0.31265277407761904  0.32362494521918594
  0.33441499275419501  0.34546603487865779  0.35636271182641616  0.36719490365224339
  0.37736081220540024  0.38738329135029892  0.39788355468454711  0.40831458437428875
  0.41822734167905268  0.42743313051573784  0.43680567532453746  0.44622831472921043
  0.45585311531699907  0.46588764535549504  0.47633522257939781  0.48706014873553927
  0.49776974797064161  0.50871491995916651  0.51968161814320024  0.53074669654225293
  0.54187511017930445  0.55336159718736044  0.56481306634794581  0.57578318183005417
  0.58633965275964828  0.59663080054456674  0.60701204754563676  0.61724480625135092
  0.62777199637572556  0.63868665082132969  0.64974136922697889  0.66088776182134867
  0.67190769232748693  0.68277475227673090  0.69320991227108253  0.70289403023135122
  0.71306285678906756  0.72321177317564933  0.73405356733307925  0.74489727286156782
  0.75561196825955501  0.76620266297032302  0.77645431844073620  0.78686439493100235
  0.79707369954891971  0.80707538193433426  0.81712310054548976  0.82777630315561157
  0.83916144511768642  0.85046109075582577  0.86181046656172933  0.87332700790187279
  0.88458224037072231  0.89547094304588204  0.90611401129847358  0.91632475158644311
  0.92643120296592907  0.93659853084450739  0.94732681888835446  0.95835891675850515
  0.96926679347727418  0.97986516247749744  0.99013231084108722  1.00000000000000000
  0.02447606201757529  0.03155746324074307  0.04042189403323824  0.04927261092728377
  0.05800061693409506  0.06706984966596524  0.07685700622699594  0.08724657358191125
  0.09813055240023322  0.10850498022055448  0.11822568202737035  0.12748102448566270
  0.13652479315054331  0.14590070685418743  0.15608421984321114  0.16657819414552000
  0.17712698140940114  0.18747033624143217  0.19759591180945577  0.20751327720079304
  0.21731391455084320  0.22676690810490169  0.23651382202004170  0.24587709422798912
  0.25539041358985282  0.26494798532106512  0.27482037468206444  0.28492592476780348
  0.29513166669013102  0.30535043502186887  0.31541087927210193  0.32547831984536957
  0.33578252372162409  0.34655219787341957  0.35701079535838370  0.36703329801964757
  0.37670292683588830  0.38696931480475111  0.39728318254582673  0.40744381008176611
  0.41764130367485947  0.42762153960055260  0.43771400768557223  0.44784842168168537
  0.45824834394792108  0.46887614022937102  0.47951614095927036  0.49008056394004745
  0.50019341597417022  0.51089503171050488  0.52140351560350640  0.53222831209928323
  0.54293483562727762  0.55375517819246534  0.56473438672331500  0.57579806350894436
  0.58649612223763525  0.59667049969754515  0.60655356692029838  0.61651228703999894
  0.62695594611949657  0.63809043148077504  0.64953213805259313  0.66036530049121089
  0.67023973483341870  0.67968444999002764  0.68912485466764672  0.69895570459461642
  0.70925223388419101  0.72000526132037279  0.73063403170944252  0.74099995588612422
  0.75137277156617188  0.76207115291662364  0.77255306557420589  0.78269434322706155
  0.79223788884966162  0.80151686756805673  0.81068076126447230  0.82033283856633965
  0.83052950515004209  0.84086243330352706  0.85092691258730813  0.86070533679670003
  0.87024051721577456  0.88009980920603259  0.89002245900903776  0.90034247857755911
  0.91062997578830751  0.92120881527886089  0.93172033111815844  0.94269641177381447
  0.95432812731493666  0.96385517816862754  0.97130295115993859  1.00000000000000000
  0.09621247350199763  0.11360503240978552  0.13518817763875554  0.15386003043141591
  0.16884920089883004  0.18235005807168159  0.19419307480865347  0.20545275798989546
  0.21661983475284172  0.22730116203959119  0.23724055628702523  0.24679536012241041
  0.25607474909486877  0.26503676033498386  0.27379973825157655  0.28246923015286912
  0.29104470379553332  0.29931284883730369  0.30743803513339729  0.31543284399713778
  0.32327353608254400  0.33099522318965685  0.33872474751578968  0.34632866055132255
  0.35364598557035193  0.36109911119663857  0.36861853716769888  0.37611724793439977
  0.38334761210531948  0.39035179949944443  0.39713132160571474  0.40375843583166010
  0.41049211555233855  0.41729163339163106  0.42408589170062555  0.43070679608039975
  0.43707245695832025  0.44331475585630387  0.44954312577456507  0.45574045861506979
  0.46190312762622837  0.46806214836384435  0.47418694476805934  0.48020187583510221
  0.48605296647944657  0.49170125568969442  0.49746672608866177  0.50320817340805646
  0.50921756746552238  0.51543068105470613  0.52174592322395452  0.52787501471264042
  0.53386833305435755  0.53975035170540908  0.54552341064479237  0.55128788472357260
  0.55707690366029883  0.56282909889591926  0.56849734727549706  0.57409070581915111
  0.57970181370778995  0.58534193481595509  0.59095388541106042  0.59662378552203221
  0.60217358324904791  0.60768378083154773  0.61303282275276139  0.61824766670545583
  0.62343615816187370  0.62867277926601761  0.63395703980734874  0.63940868901635117
  0.64487413937421967  0.65011681149614575  0.65520340025702661  0.66023944585939187
  0.66529952855656727  0.67051718818402051  0.67606682173576138  0.68161085117245235
  0.68733558846796572  0.69322787404072939  0.69922095419730002  0.70528088311123893
  0.71172683321256669  0.71882664377031880  0.72633471440349173  0.73453465170948307
  0.74349265078109394  0.75319908314842898  0.76328946386809282  0.77345764409994699
  0.78430789412199164  0.79739630349719381  0.82330141586651928  1.00000000000000000
   4.4002720636163915E-028  -1.0000000000000000     
 F F F F F F F F F F F F F F F F T F T F T F T F F F F F F F F F T F T F T F T F F F F F F F F F T F T F T F T F T F T F T F T F F F F F F F F F F F F F F F F F T F T F T F T F F F F F F F F F T F T F T F T F F F F F F F F F T F T F T F T F T F T F T F T F
  <DiscreteSampler_grid>
  grouped_processes
  1 # 1 for a reference and 2 for a running grid.
  10 # Attribute 'min_bin_probing_points' of the grid.
  1 # Attribute 'grid_mode' of the grid. 1=='default',2=='initialization'
  0.0000000000000000 # Attribute 'small_contrib_threshold' of the grid.
  0.5000000000000000 # Attribute 'damping_power' of the grid.
 # binID   n_entries weight   weight_sqr   abs_weight
    13   10   4.024212912845705E-018   7.392326047242963E-035   4.024212912845705E-018
    14   10   4.024212912845902E-018   7.392326047243992E-035   4.024212912845902E-018
    16   10   2.364584330080636E-018   1.377549123044252E-035   2.364584330080636E-018
    17   10   2.364584330080731E-018   1.377549123044372E-035   2.364584330080731E-018
  </DiscreteSampler_grid>
