  0.00000000024822614  0.00000000033985716  0.00000000041885655  0.00000000049711914
  0.00000000057769745  0.00000000066083677  0.00000000074374805  0.00000000083428140
  0.00000000092642550  0.00000000101979718  0.00000000111366781  0.00000000120801764
  0.00000000130895611  0.00000000141508154  0.00000000151861613  0.00000000162292067
  0.00000000173147334  0.00000000183930322  0.00000000195023466  0.00000000206407359
  0.00000000218179333  0.00000000229952387  0.00000000241631347  0.00000000253328933
  0.00000000265275340  0.00000000277820408  0.00000000290711633  0.00000000303472805
  0.00000000316130721  0.00000000328780697  0.00000000341365160  0.00000000354747408
  0.00000000368378706  0.00000000382159971  0.00000000395931519  0.00000000409699041
  0.00000000423226959  0.00000000436944461  0.00000000451142098  0.00000000465807042
  0.00000000480427602  0.00000000495134675  0.00000000509952625  0.00000000524854422
  0.00000000539915058  0.00000000554925498  0.00000000570091192  0.00000000586034745
  0.00000000602614667  0.00000000619350371  0.00000000636739273  0.00000000654325684
  0.00000000671839691  0.00000000689500094  0.00000000707271437  0.00000000724238713
  0.00000000742326263  0.00000000761357150  0.00000000780765514  0.00000000800551120
  0.00000000820768170  0.00000000841457004  0.00000000862611491  0.00000000884042118
  0.00000000905323933  0.00000000926149448  0.00000000946860142  0.00000000969602967
  0.00000000993694813  0.00000001018624884  0.00000001043674186  0.00000001068797075
  0.00000001094201134  0.00000001119733950  0.00000001145960364  0.00000001173679779
  0.00000001201077340  0.00000001230415966  0.00000001261309980  0.00000001294546343
  0.00000001329573497  0.00000001365381519  0.00000001402318141  0.00000001440176555
  0.00000001479335595  0.00000001520537814  0.00000001564937731  0.00000001613090054
  0.00000001677036701  0.00000001746334871  0.00000001822135397  0.00000001907652519
  0.00000002009412851  0.00000002214709793  0.00000002366108903  1.00000000000000000
  0.00970567036181079  0.01600238758522624  0.02479207558638065  0.03462074650254873
  0.04443236322569442  0.05449378926583512  0.06483061075025640  0.07551947478407901
  0.08645005381516092  0.09757891451820772  0.10829487156544482  0.11889349388441865
  0.12921677961101377  0.13971037170566425  0.15007474564275611  0.16011302932331592
  0.17001882938934443  0.18007366152057835  0.19042162321472608  0.20069797306766282
  0.21070770259921712  0.22082593046673002  0.23106061431283320  0.24088237436336785
  0.25053093600087190  0.26028497399375650  0.27045497453527861  0.28083077367069820
  0.29096113995776979  0.30130525756676041  0.31138447571092509  0.32168089315343623
  0.33199675916089288  0.34242131701808565  0.35304837556689356  0.36371599968417700
  0.37418550770171494  0.38439533768587897  0.39454579663643813  0.40485713348018343
  0.41491440927081619  0.42506926652941707  0.43527358954588047  0.44594730531517773
  0.45621952106226771  0.46652667815660159  0.47666166626492545  0.48694239669305933
  0.49726381531418340  0.50841818273754735  0.51921933349902327  0.53002546057336386
  0.54065959187699286  0.55232721843431476  0.56383945497000199  0.57449157620299851
  0.58522351004989004  0.59596578718465509  0.60666177670673227  0.61692247914278198
  0.62707681766084433  0.63706316644960048  0.64687802716548981  0.65684805789365952
  0.66711500521332812  0.67777461622767343  0.68827567358847330  0.69852006548051748
  0.70874314152278761  0.71931935034885275  0.73027545211639533  0.74140511643132201
  0.75232491498188714  0.76308720611869696  0.77366433932826750  0.78403725099663579
  0.79453019377358969  0.80529573691942036  0.81606907564224163  0.82644106202030376
  0.83662339953885467  0.84683854149099447  0.85700091527770728  0.86682740548256110
  0.87658679625297531  0.88654662781173144  0.89665465799871269  0.90669485353773849
  0.91645962094041256  0.92631223458887135  0.93670016531621336  0.94771827027801825
  0.95902424069175152  0.96979771769790046  0.98059000342271274  1.00000000000000000
 -0.00204484273135797  0.00978025288384092  0.01974275142349042  0.03004651039630364
  0.04038369182136741  0.05048022823379900  0.06036107009063241  0.07087901143124345
  0.08158606155602052  0.09217548329464330  0.10232281356444807  0.11279533952339019
  0.12326474825369020  0.13374838665217423  0.14471780222069380  0.15660879787938545
  0.16824228645668740  0.17950196134250909  0.19008036996833125  0.20121977091093657
  0.21182346877977110  0.22238521993052918  0.23284413164370832  0.24386787894744313
  0.25430169615090109  0.26443219240422222  0.27498755412167220  0.28594141923894051
  0.29671419400431281  0.30730892390265413  0.31849209882842705  0.32993331963031197
  0.34109507563429181  0.35238293386392883  0.36309295155955740  0.37338208959907687
  0.38315629558846137  0.39314554036517024  0.40355835152681524  0.41404933248783699
  0.42452724048594864  0.43486154407821764  0.44509451894254842  0.45546054092696692
  0.46639496919742640  0.47782690782904752  0.48887604412455488  0.49970169929599173
  0.51068176824533162  0.52142036799533287  0.53196317139728688  0.54242613596360401
  0.55293749889647881  0.56338811077784523  0.57338608712953609  0.58336488780704610
  0.59307845809621329  0.60300774830330706  0.61303760104263272  0.62312924673041414
  0.63320897007261601  0.64317151543136997  0.65323303821761824  0.66359130848007430
  0.67406422160471646  0.68483405140158515  0.69562977361900602  0.70632209153483894
  0.71667059319645654  0.72685068679602882  0.73709521885276863  0.74751618217401306
  0.75769939015921650  0.76798364514677120  0.77847361790566250  0.78918944856486850
  0.79955046742638824  0.80948673737349608  0.81926869610527397  0.82893378086087266
  0.83881689996628861  0.84907879069514802  0.85970654355895537  0.87104904380291870
  0.88207683080553811  0.89289520621751350  0.90358145073166207  0.91402371787663772
  0.92465181963245680  0.93485118800495048  0.94485773911039717  0.95524140941655278
  0.96594047476440936  0.97713041838544978  0.98850000744487654  1.00000000000000000
 -0.00239917184372285  0.01020184417231170  0.02028813653729611  0.03087510544758428
  0.04125427940995886  0.05205353371851199  0.06253591977553537  0.07350849705507112
  0.08468890055764666  0.09571591882455331  0.10667674742638387  0.11763901855053034
  0.12910718823457989  0.14044028835885422  0.15125788059035122  0.16193735377150326
  0.17286727026130802  0.18365548400080750  0.19421070735303822  0.20452529878451625
  0.21472410586732316  0.22477570490876542  0.23538600250779196  0.24615832303670254
  0.25689852614043474  0.26718167620097338  0.27788694587996177  0.28880749566469499
  0.29995963010597626  0.31084798643773792  0.32232940524103293  0.33335465492038169
  0.34370319186659254  0.35334387635373349  0.36266392496096234  0.37222978455872774
  0.38194419754549730  0.39168502618923928  0.40163343721554223  0.41183637954330937
  0.42231798267770188  0.43298514831050539  0.44347008948875316  0.45388721402262044
  0.46454796541909449  0.47561111871094391  0.48594979096245616  0.49549057250832035
  0.50488281749662922  0.51420632645013276  0.52401014401866541  0.53397902430386190
  0.54374478353975653  0.55368471357891036  0.56381274116356628  0.57439399343600561
  0.58500849301858904  0.59539528885153936  0.60562881524053902  0.61568944218607324
  0.62595945347790405  0.63625333039245613  0.64659963938019793  0.65690818892444802
  0.66748895390494956  0.67796436131025306  0.68848351510479322  0.69922525439217387
  0.71044439664468872  0.72188819160373907  0.73296879083594435  0.74341950343072982
  0.75422237281792792  0.76505522116769453  0.77606424407099284  0.78655353149921181
  0.79712997020295107  0.80776054904394123  0.81883013203025579  0.83031787670143686
  0.84137683048734135  0.85232552525862149  0.86285385147042160  0.87333872783605404
  0.88339546012111458  0.89300927497276084  0.90308832504888914  0.91356770311273250
  0.92464330875628875  0.93583296042894759  0.94711508373244901  0.95787640036458266
  0.96886354052522483  0.97907022449386516  0.98973410534833350  1.00000000000000000
 -0.00247818209821472  0.01014689362320148  0.02065814672794386  0.03145300394113681
  0.04223736010755046  0.05339577328335846  0.06464720559726037  0.07658223087549997
  0.08768460728003233  0.09815128739451430  0.10836856495579374  0.11850851844251077
  0.12870349629845410  0.13876356169432341  0.14927833500405330  0.16013939409675024
  0.17088157424864706  0.18138598615002932  0.19195647394474469  0.20282130008140553
  0.21394980858044532  0.22477788504539675  0.23562681674211622  0.24622164570093144
  0.25656050948319015  0.26702185497454400  0.27739557907994489  0.28766956424843532
  0.29744221859281483  0.30691747718358559  0.31636394075594687  0.32597548310587504
  0.33638070824878263  0.34715982572321630  0.35804972543555791  0.36902306295768267
  0.38078062330998369  0.39314856681086591  0.40419293858337990  0.41532023923406020
  0.42610165124998756  0.43675888714640443  0.44694748410162916  0.45722525355738636
  0.46774894818249113  0.47807945916025973  0.48829058559322908  0.49870757773652385
  0.50917215200602728  0.51989443033002591  0.53054130230519436  0.54114265180853305
  0.55134375444087147  0.56163019495580868  0.57198040265523453  0.58235857263568602
  0.59324626234258748  0.60478461420490892  0.61648694932095405  0.62746309299100089
  0.63793906409449264  0.64837796440530038  0.65896706025516549  0.66997334782324625
  0.68132729497130218  0.69253650820676182  0.70318444259642698  0.71322570007374186
  0.72290791876821414  0.73262014451654045  0.74235223980039966  0.75212156705243527
  0.76197692920736060  0.77204030044179139  0.78234361773410566  0.79262319211883403
  0.80285965634285406  0.81320191303770073  0.82379549126953056  0.83450724668901932
  0.84517840267488642  0.85579504858156674  0.86634836358278089  0.87666603048259606
  0.88681631405579797  0.89709847884208049  0.90754940544287299  0.91825961780463872
  0.92907207787839463  0.93946570877984126  0.94958046669494989  0.95950264103698224
  0.96998938859401862  0.98006841758127550  0.99017885337701284  1.00000000000000000
 -0.00244553608972186  0.01012936929567377  0.02037375952878280  0.03096600711511920
  0.04182364114668576  0.05210423057497722  0.06239889602583244  0.07277375146822183
  0.08322720055258055  0.09283262575106509  0.10233730177875451  0.11234977330800291
  0.12266239224684339  0.13313816787160748  0.14394607473949877  0.15607679676896516
  0.16809896917024342  0.17973757678943894  0.19092086728506796  0.20196272393149167
  0.21309358684549734  0.22423839804078952  0.23518703747277636  0.24583745288518882
  0.25608906191829678  0.26615932855699787  0.27636789003911999  0.28659960252049682
  0.29647685280804259  0.30610196960821412  0.31602215418617075  0.32624011229969069
  0.33628915838717183  0.34626756951867782  0.35614118868144962  0.36590795027746137
  0.37552887188542311  0.38514742329148122  0.39486814654134655  0.40484809949141126
  0.41444727677915144  0.42444670683200625  0.43480923574891261  0.44552788449032432
  0.45638967313473677  0.46685284847853825  0.47716647399684425  0.48740824256583765
  0.49751728186192551  0.50751552661231336  0.51741515484641842  0.52812577426264740
  0.53994495671895171  0.55142660840635616  0.56304907765063006  0.57392764882415059
  0.58508267562794103  0.59588711313141829  0.60632021991506080  0.61674939616045465
  0.62671954382773731  0.63682667173791940  0.64689828904750102  0.65713863941109962
  0.66731770607650442  0.67770495099624306  0.68789272409686109  0.69868680608497824
  0.70913965983376648  0.71979003892848814  0.72988708504500788  0.73983307045399982
  0.74999280224631226  0.76046138689655163  0.77094982333751205  0.78192409688359787
  0.79317745090471170  0.80474814226768465  0.81619512804326000  0.82736640950642670
  0.83795803034988792  0.84815810472979725  0.85874775051093100  0.86959529448478012
  0.88006217272529197  0.89028354233592433  0.90061245916237742  0.91107775953929959
  0.92163594332134668  0.93220690298856179  0.94331381122870461  0.95457926817449257
  0.96622395718001308  0.97779553379833750  0.98899124989926657  1.00000000000000000
  0.00488532142384039  0.10678205956503155  0.16237920001586709  0.20152699593022905
  0.23308724666095754  0.25949309828776335  0.28345130439655891  0.30515038343030670
  0.32496145584357905  0.34324111177062638  0.36050004122346718  0.37777073664099992
  0.39325641613506940  0.40754137877697633  0.42086873634120170  0.43384702589941471
  0.44629971908675947  0.45825428460195849  0.46971722383323855  0.48110217585762832
  0.49237184000311501  0.50332353740095870  0.51357461000809757  0.52354235135685401
  0.53346158250022169  0.54347952172904956  0.55302596143616545  0.56250190754572837
  0.57190947122889657  0.58130909452026214  0.59045832081660066  0.59962446263164315
  0.60874017857513940  0.61734331206279602  0.62570191753794913  0.63353708196569147
  0.64150215021339485  0.64923220895516520  0.65690855414790561  0.66427003048335020
  0.67165453799875774  0.67872112284204855  0.68579077081808892  0.69269569757016825
  0.69968515569420986  0.70672818072286459  0.71374056730607172  0.72066872589966047
  0.72746245108773755  0.73403685351605141  0.74050281254259576  0.74692424832408855
  0.75324447499580893  0.75943130514741242  0.76552219277687183  0.77172072226251243
  0.77790694278807404  0.78414381973148506  0.79017916527605214  0.79619470781815771
  0.80224276018359175  0.80829549588541960  0.81441439537649407  0.82060903124402429
  0.82675401847302821  0.83276792448491976  0.83869426677401016  0.84436782496442642
  0.85000445936799041  0.85552776327254865  0.86105629723153920  0.86663135932147373
  0.87221938807899824  0.87778081821317822  0.88333649243408818  0.88886087840502825
  0.89448633140205625  0.89976312218590437  0.90495332749613111  0.91005458209774903
  0.91518506332479121  0.92041907322260441  0.92562793704057655  0.93070592421099785
  0.93576926640074143  0.94091785132046790  0.94627908076016698  0.95172159297691805
  0.95713827446548538  0.96250562771345294  0.96782615937157757  0.97320411831204534
  0.97854656589666067  0.98311665251002134  0.98621986177183907  1.00000000000000000
 -0.00247444540862217  0.00947581780859477  0.01995845790683125  0.03156405678363525
  0.04334908927281561  0.05435862811154534  0.06468544432793477  0.07494607394890235
  0.08576093850860095  0.09693827458897496  0.10804812332300595  0.11875301187217421
  0.12980196750211853  0.14053120138637279  0.15110980333769572  0.16139365056208557
  0.17183982589898347  0.18240848162395135  0.19320222768003756  0.20434145119332464
  0.21574408834160749  0.22703702595259076  0.23792397891698813  0.24879512520358688
  0.26001589968072675  0.27147379817235551  0.28271339945765905  0.29385438320887164
  0.30513566441572515  0.31633799654512662  0.32728443322639761  0.33802441728313298
  0.34846273708494135  0.35846783245758718  0.36840821096523757  0.37839213866464932
  0.38844563511843727  0.39850213740675988  0.40823790254984532  0.41748378379214329
  0.42675933294752993  0.43610928153881490  0.44620464928435022  0.45639982510658539
  0.46606462437079577  0.47603862475379338  0.48618886894604046  0.49635094084122910
  0.50629788293499867  0.51641393192592233  0.52762996770847670  0.53926918484614150
  0.55063504543008934  0.56198438639825432  0.57379041708006639  0.58542484044778564
  0.59632515032849642  0.60707539261411392  0.61707347281215152  0.62762564628738804
  0.63814197933890004  0.64874024802826880  0.65941883591063932  0.67058340226743374
  0.68176728710659951  0.69206455418851653  0.70241707571500922  0.71305001549968028
  0.72424994758202754  0.73534863609355827  0.74606567621408681  0.75639890257554843
  0.76635282167867891  0.77648548663567263  0.78683849607177403  0.79694075150113564
  0.80687050283776773  0.81713900963982855  0.82738924703303329  0.83732751068105915
  0.84751429619474361  0.85798915780744500  0.86932650868084327  0.88003219078840422
  0.89004298981484331  0.90002379896897533  0.90997279192993452  0.91984338704645274
  0.92957117284621837  0.93930891438572905  0.94922953708747382  0.95924614942895592
  0.96927286700677684  0.97927748782354129  0.98958033957317548  1.00000000000000000
  0.02475088069483446  0.03049895256736298  0.03913255807187140  0.04805520071596812
  0.05722119590811401  0.06632731592905200  0.07585835431323841  0.08581367694421051
  0.09653042074434096  0.10712250000227987  0.11732568077866996  0.12748710171923733
  0.13793211220815563  0.14855200121080711  0.15925428013154241  0.16992020756551146
  0.18070527147973084  0.19131931237560526  0.20162316723776191  0.21177476440731297
  0.22182999788038332  0.23217361655193491  0.24263729419775029  0.25294140208394045
  0.26297199647221314  0.27278421228880234  0.28285786686199715  0.29334339115065972
  0.30354591618540844  0.31370654449574759  0.32436212807239129  0.33501588032892948
  0.34523735491832891  0.35565623680376179  0.36665906060299436  0.37722954205504827
  0.38747013410759784  0.39735897234033124  0.40722760581474077  0.41698554063396664
  0.42700528068533589  0.43706488216050504  0.44698056821797372  0.45659126257360833
  0.46611784745611662  0.47600084664191750  0.48623233230204982  0.49637257592509731
  0.50592808615058427  0.51519062841029095  0.52471038197175868  0.53449798223300737
  0.54420980295268617  0.55338775319334832  0.56258582234299481  0.57211748561916731
  0.58167000527955814  0.59129130579383471  0.60107138834359608  0.61069444756024349
  0.62054515056463599  0.63030333655441317  0.64065907547585654  0.65111073581860013
  0.66192104711396482  0.67255601938433218  0.68274906429526538  0.69278368714029581
  0.70291653395959419  0.71313180578081115  0.72334346053937482  0.73379018028103871
  0.74455060995529421  0.75532382297874723  0.76573793136033230  0.77627561400445988
  0.78709746706092931  0.79786393758062946  0.80832504912777270  0.81871976560788540
  0.82882102108140621  0.83862631170273649  0.84822121212742740  0.85827678734114354
  0.86838350690760702  0.87850867381590791  0.88870185049711570  0.89922145055872571
  0.91025560373057168  0.92118248608768416  0.93180370259224954  0.94251366403429959
  0.95380111840500725  0.96405954356467460  0.97118516465122473  1.00000000000000000
  0.04685532083279806  0.22336819340059058  0.24072063818740680  0.25502097541585000
  0.26586798971499137  0.27542647125665215  0.28371353391427634  0.29209166104319023
  0.29959928289972648  0.30700342177716916  0.31382852879219619  0.32084075652541671
  0.32770559569849794  0.33457847848315009  0.34118684524697901  0.34753682370851130
  0.35371900846349391  0.35971295596666192  0.36556761472105598  0.37140290304453277
  0.37704149800104059  0.38259177616773071  0.38819844009047733  0.39366519436831310
  0.39898206170044276  0.40417023756255122  0.40933660971086450  0.41456188821468737
  0.41974826137268484  0.42484121721809159  0.42986237485072748  0.43519485854938350
  0.44028365580478379  0.44535933420702706  0.45036270820460711  0.45533999762943789
  0.46036751848120983  0.46547591681713507  0.47060894757978006  0.47568197668600870
  0.48068877442386965  0.48569486433161946  0.49075555209315591  0.49584371910246788
  0.50096352003118105  0.50626974233325972  0.51162847300079439  0.51705905860347734
  0.52231439545500635  0.52743678826187135  0.53242637001173132  0.53735737942498341
  0.54246437650934565  0.54770707559050080  0.55304864811104093  0.55850151825999672
  0.56394648622946475  0.56941482947210376  0.57495508495891012  0.58052394179551048
  0.58622604364066688  0.59214042108397413  0.59832615153795765  0.60459709502515047
  0.61076406468106137  0.61680909707451270  0.62273958067596902  0.62870664177843494
  0.63475754165172915  0.64091447877290131  0.64736042212768452  0.65412035953634740
  0.66093772015656138  0.66795099072214359  0.67522586715359256  0.68256235399373899
  0.69013844230095389  0.69809966733183026  0.70628980269998010  0.71448075975947745
  0.72257520952686327  0.73080095045448079  0.73906491990622947  0.74743674688012185
  0.75612071223319088  0.76522606330385867  0.77484734246184561  0.78477791399039964
  0.79514953627292451  0.80616059304608201  0.81749452205508388  0.82979523122669618
  0.84387500654600689  0.86027217343257378  0.93953965764888581  1.00000000000000000
   7.1600179374175623E-019  -1.0000000000000000     
 F F F F F F F F F F F F F F F F T F T F T F T F T F T F F F T F T F T F T F T F F F F F F F F F T F T F T F T F T F T F T F T F F F F F F F F F F F F F F F F F T F T F T F T F T F T F F F T F T F T F T F T F F F F F F F F F T F T F T F T F T F T F T F T F
  <DiscreteSampler_grid>
  grouped_processes
  1 # 1 for a reference and 2 for a running grid.
  10 # Attribute 'min_bin_probing_points' of the grid.
  1 # Attribute 'grid_mode' of the grid. 1=='default',2=='initialization'
  0.0000000000000000 # Attribute 'small_contrib_threshold' of the grid.
  0.5000000000000000 # Attribute 'damping_power' of the grid.
 # binID   n_entries weight   weight_sqr   abs_weight
    13   10   1.163707097945979E-008   2.746027649514201E-016   1.163707097945979E-008
    14   10   1.163707097946760E-008   2.746027649514420E-016   1.163707097946760E-008
    16   10   1.398125616182795E-008   4.526186794391794E-016   1.398125616182795E-008
    17   10   1.398125616182979E-008   4.526186794391881E-016   1.398125616182979E-008
  </DiscreteSampler_grid>
