  0.00000000005669157  0.00000000013104525  0.00000000019303709  0.00000000025771597
  0.00000000032622259  0.00000000039820882  0.00000000047457771  0.00000000055177516
  0.00000000063454301  0.00000000071954303  0.00000000080669794  0.00000000089511105
  0.00000000098051108  0.00000000107409167  0.00000000117217430  0.00000000127142273
  0.00000000137263889  0.00000000147486412  0.00000000157599121  0.00000000168154771
  0.00000000179462640  0.00000000191393560  0.00000000202864886  0.00000000214479890
  0.00000000226273444  0.00000000238983885  0.00000000251304157  0.00000000263577598
  0.00000000275787018  0.00000000288321173  0.00000000300921742  0.00000000314401646
  0.00000000327926178  0.00000000341419094  0.00000000355066491  0.00000000368587717
  0.00000000381493898  0.00000000394890414  0.00000000409198281  0.00000000423937034
  0.00000000439447205  0.00000000455388622  0.00000000470609764  0.00000000485423511
  0.00000000500287103  0.00000000515307956  0.00000000533294864  0.00000000550811259
  0.00000000567893631  0.00000000584810195  0.00000000601641877  0.00000000618433585
  0.00000000635275605  0.00000000651961028  0.00000000668318305  0.00000000686025283
  0.00000000704053851  0.00000000722765441  0.00000000742377010  0.00000000762031683
  0.00000000781367219  0.00000000800638569  0.00000000820320609  0.00000000840388650
  0.00000000860582620  0.00000000880096202  0.00000000902812795  0.00000000926508830
  0.00000000951189556  0.00000000976493183  0.00000001001579413  0.00000001025998642
  0.00000001051077307  0.00000001076934661  0.00000001102457362  0.00000001127107058
  0.00000001152876316  0.00000001181522292  0.00000001213621452  0.00000001248287917
  0.00000001284262985  0.00000001321425918  0.00000001359403389  0.00000001395911475
  0.00000001432274750  0.00000001469631731  0.00000001507079360  0.00000001553287269
  0.00000001613054307  0.00000001681211330  0.00000001754497230  0.00000001835766112
  0.00000001927678972  0.00000002055332220  0.00000002126077416  1.00000000000000000
  0.00931901697284679  0.01665772991093770  0.02780593386989897  0.03992207352192470
  0.05065231449345078  0.06101328936528654  0.07185887099283322  0.08288193609168466
  0.09383546567897101  0.10451826103691710  0.11506012762219500  0.12560345134928705
  0.13619811229527679  0.14707602573894366  0.15803840678117131  0.16900658610780789
  0.18057941516440079  0.19343566877469578  0.20675454886249237  0.21902454926651099
  0.23011439231818034  0.24085199340056501  0.25144058928394730  0.26181365509797161
  0.27191662096306296  0.28209229395487828  0.29263114691952707  0.30373619595586310
  0.31446917604303365  0.32460187148131125  0.33463417624975444  0.34506199667619813
  0.35594118394837765  0.36643818838972358  0.37673571132941269  0.38669514921353476
  0.39684270849085546  0.40700046645366855  0.41725003080840833  0.42766142508109628
  0.43816462625334440  0.44852701449295307  0.45894067694500545  0.46905187473163606
  0.47908016373373935  0.48867304629212310  0.49834296024359398  0.50816052208882245
  0.51796215315645100  0.52717838127051142  0.53604011496894877  0.54607040928892414
  0.55766735040317228  0.56955432657238447  0.58125752993023094  0.59203737161594239
  0.60218872945769431  0.61203568675250430  0.62133776529528328  0.63040363850951797
  0.63912163742139394  0.64821619783606255  0.65905891111023962  0.66931710500495245
  0.67983387459705591  0.69012546495097182  0.70024284620988764  0.71078380425795418
  0.72116258128093680  0.73119136507082472  0.74098772771375376  0.75077923344821307
  0.76104723297486698  0.77107588123826110  0.78125296399519351  0.79140472487267755
  0.80184756588566086  0.81263738855833179  0.82465199518916987  0.83683586493969986
  0.84804406864600823  0.85901013810948323  0.86944314095686115  0.87984205518396352
  0.89033491125899733  0.90097324228373987  0.91172636495411341  0.92221670923712151
  0.93235871820683969  0.94209049229184905  0.95158740876865588  0.96072646075462265
  0.97048395462904868  0.98001591109108022  0.99078846060616688  1.00000000000000000
 -0.00262326531937592  0.01209907832825666  0.02288768021969650  0.03433085548154353
  0.04567085702643177  0.05756224037117997  0.06910416846583931  0.07972853140734218
  0.08952608445031479  0.09928469089694689  0.10971150828531702  0.12086469511138030
  0.13246726174764345  0.14438570810061199  0.15674276418537750  0.16904987000112345
  0.18055920250073745  0.19133510850092322  0.20177928252494973  0.21254516932222145
  0.22374588875380608  0.23505710804187910  0.24621874455044618  0.25670772569333700
  0.26698507759536677  0.27763307744270482  0.28821449259590964  0.29902534593963975
  0.30978332410605802  0.32052237853908377  0.33104255107958280  0.34137557268648161
  0.35193665304343452  0.36255118947583737  0.37292593673250224  0.38273935373636608
  0.39279375147791068  0.40367000096774674  0.41452484324592809  0.42466559814842114
  0.43444078839852285  0.44484710758227897  0.45553306386008274  0.46587703778938994
  0.47591550306912156  0.48603327427015919  0.49632385977167626  0.50655360634685864
  0.51679469821842461  0.52684608557210177  0.53683334778544445  0.54672831307576708
  0.55705620466296191  0.56797028539083483  0.57945197874706578  0.59212260409669204
  0.60508614636029134  0.61774019030658656  0.62900843402004070  0.63943218055274076
  0.64913693241274073  0.65842161682647971  0.66776200640652406  0.67756059176871475
  0.68751660054137753  0.69710584030035272  0.70669522135001006  0.71682674877883956
  0.72704835327011763  0.73643012667397645  0.74513466065260092  0.75431634099155709
  0.76431225589547791  0.77436383090178640  0.78450797551929086  0.79492020493292415
  0.80573957337078450  0.81652719358923653  0.82732428816760095  0.83818357647508357
  0.84936563906362861  0.86062018174582455  0.87176750933732061  0.88232910312338053
  0.89228406212220235  0.90219031720118059  0.91213533190365037  0.92200722882969044
  0.93152373470809935  0.94103691303870451  0.95080908169297962  0.96032799388513934
  0.97002852363717884  0.97986729294381969  0.98991858829150259  1.00000000000000000
 -0.00250768564652512  0.01003653057212240  0.02157615005047586  0.03333026351483796
  0.04548304954436159  0.05735354313163724  0.06825747461417107  0.07864987486868527
  0.08824885891610203  0.09762420998420497  0.10676955148863630  0.11564862628512589
  0.12379942064511752  0.13263732390461441  0.14131624652795402  0.15093312978975101
  0.16108152501661346  0.17218566540546235  0.18365868871621516  0.19503788127615901
  0.20623746451589034  0.21635175821221803  0.22619119831145401  0.23631121351205345
  0.24715135539363201  0.25855981706406506  0.26972588549888821  0.28085570190813897
  0.29161352051234762  0.30155716125453025  0.31164816043832488  0.32153219776458009
  0.33151921497791170  0.34146670718573019  0.35163852669698814  0.36236941573395426
  0.37351807865678971  0.38477836274986721  0.39566752951762957  0.40565004000147181
  0.41513956002905222  0.42440815765449907  0.43373372633415785  0.44312361539230455
  0.45251681805163119  0.46221524963455196  0.47224681556288250  0.48208353104123880
  0.49194310136888036  0.50164257469832252  0.51095853692930382  0.52069652699038671
  0.53053887304839908  0.54087906441270772  0.55154216431770442  0.56288334842584065
  0.57407278379088911  0.58565901259429454  0.59752950749457778  0.60933274385514025
  0.62106259405596931  0.63287450885240704  0.64488003791141424  0.65687636008789496
  0.66816538086631094  0.68000297755542205  0.69191227421493096  0.70437846641085555
  0.71662809557920637  0.72804836644729398  0.73886592037354681  0.74947889068422224
  0.76011359327673744  0.77071083127951201  0.78098606333966203  0.79113646170711338
  0.80125229577175705  0.81103003805750840  0.82067806625360495  0.82974546616813860
  0.83928686758859794  0.84878368819325012  0.85940517986166398  0.87077096619810868
  0.88206104360070581  0.89299639916663154  0.90403149211603473  0.91529345739407264
  0.92544489225546422  0.93543985798602225  0.94537220061676430  0.95586389217646706
  0.96648185506337914  0.97712260967917408  0.98818344342718434  1.00000000000000000
 -0.00247990361874253  0.00897932654950106  0.01982297389332098  0.03060546167534202
  0.04177504630601717  0.05357468678825152  0.06566371432179426  0.07794378476106281
  0.08939911134620046  0.10024752427979457  0.11048557073619700  0.12050877247558915
  0.13034409070537090  0.14012580750141951  0.15021115434844481  0.16066614491403231
  0.17137836278134005  0.18219828381922984  0.19311985065634865  0.20343398506323138
  0.21345729772353961  0.22341091094077326  0.23402802859850261  0.24506018468033644
  0.25535041017786220  0.26566522577452345  0.27618778901384877  0.28807733062346363
  0.30069481003336773  0.31290057869737509  0.32418745320478870  0.33456859796414012
  0.34486341725095238  0.35504232707541178  0.36536733183524223  0.37603859960963620
  0.38663944693382413  0.39738324597678809  0.40789230434297002  0.41851596901650012
  0.42920223228304649  0.43930791960135573  0.44856224012062984  0.45806017570265189
  0.46715877975790027  0.47586575684133497  0.48422325797514087  0.49258430684385524
  0.50140005534883847  0.51140832496157484  0.52174472422747531  0.53240081887136581
  0.54360369083785598  0.55513899002825351  0.56645984020755547  0.57716398423902848
  0.58781172322463759  0.59784253500405771  0.60811645075193965  0.61757628265133380
  0.62799638364515298  0.63752713791747972  0.64716354201343895  0.65663921922226842
  0.66650562646413947  0.67622058400458473  0.68612972504545866  0.69640994052396088
  0.70664770057714943  0.71677845463774936  0.72649147851529927  0.73687182863410594
  0.74756464061012229  0.75881270863152372  0.77049009731988716  0.78177216606223354
  0.79297426327397347  0.80361665961571160  0.81437124949521500  0.82502319498775534
  0.83558145363740144  0.84599100722441611  0.85700205373808325  0.86883949077367928
  0.88061304706403709  0.89172826188456888  0.90289884498939676  0.91477848934408301
  0.92581025687526253  0.93649543415896497  0.94682308554286643  0.95707266007446135
  0.96753156984243116  0.97849480965594238  0.98937744108803882  1.00000000000000000
 -0.00237158868058781  0.00912768404524015  0.01910973851788478  0.03002165061687252
  0.04148554183413948  0.05243401810503116  0.06377222797401255  0.07458740764195122
  0.08573705268239815  0.09639928822111032  0.10800570871745782  0.12000407018002611
  0.13159655639921775  0.14320051511886564  0.15482383418253109  0.16683437204901666
  0.17731405370727293  0.18742280690467944  0.19747579653108602  0.20744857007895071
  0.21709130480861358  0.22675182663032695  0.23735848954047598  0.24778510283302893
  0.25777390135677053  0.26733504139384184  0.27773589590762826  0.28873950222885530
  0.30005451447314196  0.31134371566367441  0.32247605064385265  0.33318402111045026
  0.34398986577577401  0.35472674231480922  0.36530033199743978  0.37546097554109026
  0.38477081128609980  0.39388573695297008  0.40333537129655245  0.41263312999496349
  0.42207975102030509  0.43146773939048755  0.44163491366040925  0.45272881632425810
  0.46354857211621553  0.47428437085373665  0.48465573797845740  0.49463634216626040
  0.50457839940608373  0.51466920458191268  0.52485731604897379  0.53523072876607214
  0.54566929902758943  0.55579907620358016  0.56523359508549587  0.57470716595912585
  0.58425258236905186  0.59399141342588613  0.60428348814832433  0.61503853281581911
  0.62520501175700804  0.63513909724009010  0.64505029850065199  0.65707570788633918
  0.66880950058517497  0.68031574341612766  0.69141029474115212  0.70257653953879817
  0.71359314950216612  0.72483207571294828  0.73547291704262940  0.74590366142141096
  0.75643797997589290  0.76735559501271267  0.77910813479316665  0.79072325880221805
  0.80131295673018421  0.81138476495472445  0.82082135779524101  0.83016940185743981
  0.84025092260173440  0.85078800726851811  0.86207036572888307  0.87319729696621551
  0.88538370427113944  0.89723648588888005  0.90800355449393810  0.91790419650185573
  0.92720255609001800  0.93679703176235485  0.94683609041149142  0.95720938918112075
  0.96882925031575173  0.97998316907072014  0.98993203440252264  1.00000000000000000
  0.00052143482967776  0.11583229516173503  0.17271813024194105  0.21250421709984624
  0.24496360104422613  0.27370427291611799  0.29982794215623171  0.32302503369048480
  0.34432255728998612  0.36354819038596875  0.37970441311386005  0.39526039172411553
  0.41075899179476949  0.42606535447550159  0.44121927707303521  0.45636784681940618
  0.47169023458903930  0.48489589058873600  0.49688565135171259  0.50812085683549812
  0.51892898387823494  0.52918086360111760  0.53944419606600991  0.54964623317507488
  0.55965443640560431  0.56918189198478975  0.57852438782009052  0.58755267725607907
  0.59605835778119287  0.60441894524215500  0.61305490944185048  0.62205194613001435
  0.63143647884839937  0.64063315323902437  0.64975737932472222  0.65870157709864485
  0.66736566509896333  0.67586968165112093  0.68423182356404699  0.69272444435719116
  0.70102844585044244  0.70927865102026499  0.71700187352623090  0.72411898553699328
  0.73089327155691919  0.73750430872323036  0.74425715426218464  0.75101703105307793
  0.75772275199634043  0.76445861417807603  0.77107055418873749  0.77727100268704707
  0.78308858153965810  0.78880124865925128  0.79449175803226324  0.80037266688749187
  0.80616417060781453  0.81181690822148478  0.81734835919161775  0.82285629872199639
  0.82830894626257989  0.83362843673475095  0.83886049505438687  0.84411097353448394
  0.84942967989482177  0.85473105203110844  0.86001148057063004  0.86543266759676396
  0.87074297731054073  0.87574942421291746  0.88053552467611496  0.88532487673942617
  0.89011249189440322  0.89497694592711163  0.89982691819350280  0.90468311862198303
  0.90957783782487389  0.91434418770771819  0.91909253855729223  0.92361235526360208
  0.92816070512512039  0.93272246767803768  0.93730912023515389  0.94167372286895068
  0.94595886182719968  0.95017373505619174  0.95426258009475762  0.95833018156504102
  0.96245208326544640  0.96661255795991297  0.97083964805722012  0.97505705910410589
  0.97932730458564854  0.98299205264638834  0.98511173883772807  1.00000000000000000
 -0.00216995995565783  0.00950151346259558  0.02021444698822251  0.03104525757617608
  0.04240766695978778  0.05366396245231229  0.06421160417236263  0.07396075773413126
  0.08394322483781325  0.09454463777065303  0.10526183234599970  0.11524664486397135
  0.12456686617208199  0.13521419849435562  0.14616637411753408  0.15780248517958925
  0.16871226634070208  0.17871524714974285  0.18832938292968085  0.19805962341331146
  0.20769962647721438  0.21737842372637523  0.22694959981021334  0.23705700865262250
  0.24749975942280247  0.25795831936076441  0.26856479893332408  0.27875710270867626
  0.28921809051843628  0.29964878622276703  0.31009242387268199  0.32081462527593019
  0.33143847545424399  0.34128276757168652  0.35096192877997379  0.36115157683398874
  0.37170187850224462  0.38196402597175383  0.39200576334542364  0.40222132478464023
  0.41259594108537889  0.42279329569048885  0.43315723649648058  0.44377799013383856
  0.45446449349835494  0.46499226517958508  0.47562858919724177  0.48687980783222273
  0.49844974883496912  0.50964893812562817  0.52054128284077728  0.53149541381886345
  0.54249811011628868  0.55343692721123106  0.56416601040901015  0.57485836840288840
  0.58548230101405230  0.59630872052107720  0.60761506822214628  0.61940348586135574
  0.63068531797061811  0.64148066622695554  0.65238017954864125  0.66330379760757496
  0.67439270165839038  0.68508488175588611  0.69599933063880226  0.70671645348647494
  0.71731369307647996  0.72777711231557030  0.73817031410447920  0.74858862272894178
  0.75845092201074205  0.76844406226262030  0.77890095991855746  0.79020967474451398
  0.80077184105219934  0.81101045437271979  0.82200126938736473  0.83331096695347362
  0.84468623621345407  0.85531692149267036  0.86626252381428048  0.87715784795576368
  0.88812521399019784  0.89896194997722867  0.90932066597447192  0.91986748792299722
  0.92988032572826251  0.93981283457632003  0.94892762021906729  0.95863947162419449
  0.96876496839277848  0.97895108984316348  0.98944988438968628  1.00000000000000000
  0.02397353780932835  0.03266789411635853  0.04176482422717875  0.05071321577422061
  0.06012599083042645  0.07008805358165814  0.08024017884247679  0.08982254592884913
  0.09897059630238142  0.10827511087206421  0.11813881657790083  0.12793857787849547
  0.13702587915098088  0.14616418918505106  0.15632007326762432  0.16698197043717569
  0.17755628505215545  0.18826887804620707  0.19907439001263075  0.20963919030488848
  0.21997605587578334  0.23045644926184833  0.24128665614298012  0.25194309343724564
  0.26188286725456600  0.27144335517700940  0.28117299680505314  0.29143022762982174
  0.30235669988874891  0.31344295447928633  0.32435905301758844  0.33525191056721010
  0.34574454172063018  0.35568894056517031  0.36539928782383274  0.37521050015919083
  0.38569418363472607  0.39621255475053535  0.40668005727912537  0.41731598326832009
  0.42778846603999915  0.43801184023728068  0.44810937477364937  0.45795279158156826
  0.46734756784204912  0.47609684586952616  0.48506850093481807  0.49453397225705231
  0.50432889741479181  0.51376701388513146  0.52320976433057720  0.53333446579655985
  0.54397487904621045  0.55455934260942252  0.56492408573367292  0.57514033533883768
  0.58544878602553185  0.59587469741285348  0.60611576246407040  0.61604233895404970
  0.62630820209900473  0.63696818885025785  0.64844321404194927  0.65982311824374318
  0.67076684315546542  0.68113327734332152  0.69152985816229240  0.70222393134700478
  0.71269453493480706  0.72268924458867456  0.73271879818581476  0.74325142480926065
  0.75360665312946551  0.76363346332799031  0.77413022906040696  0.78545153924845690
  0.79661060053848476  0.80739993733228144  0.81863777426700046  0.83028653408652198
  0.84080723230928511  0.85035046065464293  0.85960248274995832  0.86892348006772657
  0.87833299469101511  0.88763002444698280  0.89690718314386908  0.90652427099098709
  0.91666285131611558  0.92678417033059990  0.93672448470260550  0.94692189465732202
  0.95719118995715613  0.96602024953975973  0.97066654283702669  1.00000000000000000
  0.05331659542271772  0.24193367861067802  0.26885729283598631  0.28930960953238288
  0.30679719497475333  0.32238615779456614  0.33703994076309279  0.35041533663099689
  0.36304137923151703  0.37491503346883026  0.38675367286763279  0.39864175380030481
  0.41033603106581973  0.42175073215035092  0.43285367975038197  0.44304062602791727
  0.45253863824704199  0.46221017551599197  0.47244382385319167  0.48287476199409929
  0.49326820080732320  0.50377940078221406  0.51440572508048543  0.52451425164798415
  0.53442993025996055  0.54423595986346429  0.55355310495278087  0.56243693943282624
  0.57124286377954026  0.58024328880160392  0.58906528512089873  0.59749531837531844
  0.60564308933850985  0.61382197014751039  0.62196642075475472  0.62960066671969395
  0.63667018536058018  0.64344084024069037  0.65014817021430082  0.65682299275931233
  0.66334375721928795  0.66975299272578070  0.67609610312157342  0.68246380897988301
  0.68894418137583679  0.69487609828962671  0.70078662406583747  0.70658431115725928
  0.71221950576454107  0.71774193302023026  0.72331578586312817  0.72874685209894952
  0.73348212749679143  0.73819191619450819  0.74264951268920754  0.74690764475697125
  0.75103522047729487  0.75523825434294867  0.75952919073959391  0.76383575552195260
  0.76791762168868660  0.77166623848973570  0.77516776906127172  0.77865498508782427
  0.78221775580825526  0.78586497771904240  0.78953031283907615  0.79354938806801090
  0.79773749429232721  0.80182507153354898  0.80584473509114407  0.80980014553716106
  0.81369704880268900  0.81783200285304691  0.82195786577697061  0.82604835110443331
  0.83017028434554163  0.83445606845073239  0.83890049573429593  0.84338610742306763
  0.84788504159428413  0.85246721041115037  0.85717355078943658  0.86197996365234153
  0.86689971602976901  0.87192283779120572  0.87701780093854431  0.88212573617157042
  0.88683073744122065  0.89118841779541380  0.89553700191900687  0.90024161820851711
  0.90604069797038000  0.91244218810804489  0.91807931406661614  1.00000000000000000
   5.9793335967908562E-027  -1.0000000000000000     
 F F F F F F F F F F F F F F F F T F T F T F T F F F F F F F F F T F T F T F T F F F F F F F F F T F T F T F T F T F T F T F T F F F F F F F F F F F F F F F F F T F T F T F T F F F F F F F F F T F T F T F T F F F F F F F F F T F T F T F T F T F T F T F T F
  <DiscreteSampler_grid>
  grouped_processes
  1 # 1 for a reference and 2 for a running grid.
  10 # Attribute 'min_bin_probing_points' of the grid.
  1 # Attribute 'grid_mode' of the grid. 1=='default',2=='initialization'
  0.0000000000000000 # Attribute 'small_contrib_threshold' of the grid.
  0.5000000000000000 # Attribute 'damping_power' of the grid.
 # binID   n_entries weight   weight_sqr   abs_weight
    13   10   3.589545814099534E-017   3.776959924935073E-033   3.589545814099534E-017
    14   10   3.589545814099642E-017   3.776959924935206E-033   3.589545814099642E-017
    25   10   2.167307233840803E-017   1.700015664753467E-033   2.167307233840803E-017
    26   10   2.167307233840801E-017   1.700015664753460E-033   2.167307233840801E-017
  </DiscreteSampler_grid>
