  0.00000000022512536  0.00000000061011960  0.00000000087087193  0.00000000112790565
  0.00000000134428441  0.00000000149936839  0.00000000164392445  0.00000000180140484
  0.00000000200685370  0.00000000221569103  0.00000000239000270  0.00000000258325736
  0.00000000278744034  0.00000000308395398  0.00000000333807746  0.00000000357928998
  0.00000000378998608  0.00000000398773206  0.00000000416598216  0.00000000432309255
  0.00000000448599679  0.00000000465532132  0.00000000488222804  0.00000000514519679
  0.00000000545046789  0.00000000575728626  0.00000000592214121  0.00000000600606295
  0.00000000607955192  0.00000000615832709  0.00000000623759313  0.00000000631996262
  0.00000000641135867  0.00000000654257286  0.00000000669884981  0.00000000686012987
  0.00000000703340315  0.00000000719455292  0.00000000736963634  0.00000000755793270
  0.00000000776166356  0.00000000795145478  0.00000000809991446  0.00000000822297075
  0.00000000834609155  0.00000000846808174  0.00000000859263786  0.00000000876132527
  0.00000000893518541  0.00000000909750155  0.00000000925512470  0.00000000940528029
  0.00000000956604187  0.00000000974524994  0.00000000993751645  0.00000001012450641
  0.00000001031507108  0.00000001044225182  0.00000001057484078  0.00000001071158578
  0.00000001085072784  0.00000001102007581  0.00000001120414073  0.00000001138983827
  0.00000001157308815  0.00000001174485393  0.00000001190736982  0.00000001207392608
  0.00000001223832215  0.00000001242396983  0.00000001266937000  0.00000001289560213
  0.00000001310612343  0.00000001330781456  0.00000001351108383  0.00000001370158271
  0.00000001388765723  0.00000001408969952  0.00000001432160026  0.00000001457047899
  0.00000001479719265  0.00000001500756475  0.00000001528883217  0.00000001560533796
  0.00000001596300914  0.00000001636837308  0.00000001685492446  0.00000001737298828
  0.00000001798364027  0.00000001864907896  0.00000001930476812  0.00000001994271851
  0.00000002087016677  0.00000002286075164  0.00000002369811806  1.00000000000000000
  0.00976649728836117  0.01663930785984750  0.02603406124907016  0.03594933472977629
  0.04863789725796969  0.05799750262966879  0.06872900578266382  0.08193266028612782
  0.09804436742170891  0.11253133404015123  0.12278682695119124  0.13177689674566131
  0.14057434653624870  0.15027072053722779  0.15983742198040729  0.16976430349886501
  0.18056431781580870  0.19105167329933945  0.20043354283525683  0.20904751782501502
  0.21720182539766908  0.22545260358144154  0.23592517077109315  0.24979193530279828
  0.26503034388966479  0.28014740367006619  0.29521354827999896  0.30872941021749806
  0.31829447348400253  0.32648056570529382  0.33487687659778853  0.34278903592514021
  0.35029171031591982  0.36159266967167919  0.37358326857292151  0.38133488468804988
  0.38694248300401851  0.39339410441590505  0.39942066668958204  0.40511902458642285
  0.41245229329181016  0.42063828962774769  0.42815105235091383  0.43348677520484374
  0.43835222717287980  0.44645514640752115  0.45403757063974015  0.46298206456926289
  0.47302262027166142  0.48410277698801929  0.49794798911389121  0.50893456482657473
  0.51744003552055273  0.52589453883824233  0.53558188800992146  0.54818352280987748
  0.56668420708288636  0.58526065734700294  0.60213445198512205  0.61698454283314663
  0.63050172973621532  0.64225983598664804  0.65304926521492412  0.66431599969735056
  0.67575586218268113  0.69069509764868287  0.70801698899805154  0.71610325602395408
  0.72407969533039351  0.73136407552509641  0.73832168040065105  0.74507721299479768
  0.75442502695493574  0.76587623576114372  0.77692918827566770  0.78706248936647072
  0.79617257297708433  0.80306831925545286  0.80818778290822313  0.81355866945889155
  0.81912821847638884  0.82777781696895814  0.83903010576067549  0.84820913202964732
  0.85578611951482364  0.86511758574608899  0.87762782733084421  0.89475523683080938
  0.91391520827250872  0.93206006670668073  0.94798172710110795  0.95991684766958874
  0.97126615013430484  0.98212569031111796  0.99115777881716505  1.00000000000000000
 -0.00000012866219638  0.00006763284627002  0.00051163204718474  0.00170961310671261
  0.00386962107378405  0.00640885166442274  0.00970203776675849  0.01380086753428175
  0.01796403887925950  0.02171798794161009  0.02557384574959303  0.03077626764653596
  0.03653876948826146  0.04252148359116691  0.04903215091943549  0.05547690558226649
  0.06161015105203222  0.06866544938668427  0.07714459663176475  0.08641912037540767
  0.09666870563863524  0.10820347611388142  0.11743900036850358  0.12557344423206182
  0.13320972315523191  0.14102157879203289  0.14962908676332123  0.16011509580758673
  0.17114568948591605  0.18141610213455353  0.19165288946340137  0.20365919420795325
  0.21623708768593786  0.22893042627892254  0.24197937050337220  0.25529000348730913
  0.26716986976463231  0.27935126579962122  0.29183742180735683  0.30394155180216625
  0.31770553253730549  0.33356204306397746  0.34879425348859855  0.36269087934217864
  0.37603492800508781  0.39172095724948630  0.40961087198554286  0.42652125356904930
  0.44082722823946707  0.45322204665202609  0.46451785528924799  0.47732664593558849
  0.48901284665585043  0.49730329646578753  0.50534492957199317  0.51280994406190328
  0.51963163344190655  0.52642506320676585  0.53346147885027373  0.54123287011391907
  0.54913106263327893  0.55712930398547034  0.56548655600830611  0.57403605263501845
  0.58214857728956559  0.59083261556149447  0.59997123670523445  0.60934052133516392
  0.62050432746322537  0.63181842789327758  0.64338854669104295  0.65477670817563050
  0.66624236586945096  0.67953548614323922  0.69312930447949495  0.70462521177767901
  0.71688813143140362  0.72936355598555302  0.74203840128679510  0.75521762855264163
  0.76989060532659426  0.78170701663901043  0.79338030374335233  0.80501238148402643
  0.81786304705891544  0.83142691929021606  0.84502397136879626  0.85864991963402992
  0.87125900912928222  0.88908087543742798  0.90717044377684852  0.92485028984982010
  0.94411172314443337  0.96269449276767771  0.98114365466130338  1.00000000000000000
 -0.00279650337900429  0.01495552617793223  0.02718374515700651  0.03816591979894865
  0.04671811408843105  0.05562225203978289  0.06559521042725042  0.07553228310263524
  0.08348601775963521  0.09160834090030236  0.09822336851842313  0.10339656138912635
  0.11361940520159622  0.12455502412842412  0.13960492351384121  0.16015763768967795
  0.17438057134774623  0.18407557876344099  0.19377695317608429  0.20285532788395194
  0.21209573496451317  0.22175290899804931  0.23166178233727922  0.24134337268783781
  0.25122646453451625  0.26076492896251785  0.26937036626872568  0.27858047068595032
  0.28915841663464309  0.29899121359398156  0.31022293532331868  0.32276842435044539
  0.33807877706563322  0.35437643019677373  0.36926233726038088  0.38276049490073927
  0.39543962397656152  0.40596348711239877  0.41335039434463894  0.42039048112914346
  0.42870414168466664  0.43634740786457060  0.44484449071262117  0.45471517009555268
  0.46466282886052374  0.47494612087117832  0.48551431376578558  0.49695395307310819
  0.51140312781369091  0.52560184077226857  0.53588285860992602  0.54492251951930060
  0.55295456613196292  0.56066611276116751  0.56854637639545691  0.58143782145214062
  0.59685053253091491  0.61134762531797515  0.62578974486793315  0.64186706773102320
  0.65672468779972049  0.66850329297016797  0.67937777646569741  0.69048740259208186
  0.70079941406943436  0.71064449137648544  0.72102488068099291  0.73079151096668693
  0.73768806703996948  0.74500470564232324  0.75243761954055932  0.76064439380048687
  0.76920314897283559  0.77641273492247065  0.78262507102222933  0.78931584065459237
  0.80027468721271922  0.81241762390854033  0.82265110790283502  0.83250228240400026
  0.84309838276284266  0.85498666969414905  0.86930664432527127  0.88092700653159406
  0.89220855687926870  0.90307004289728454  0.91352284646683546  0.92325483326940583
  0.93246201108335869  0.94319118563525028  0.95293847769011064  0.96225078500538397
  0.97125162850468139  0.98018225366639400  0.98981686508909306  1.00000000000000000
 -0.00252373223851812  0.00966003774949231  0.01929317109282176  0.02826340285924140
  0.03839179315570547  0.05097738600799959  0.06482721716890183  0.07681234437619354
  0.08878134369797698  0.10167630004001847  0.11551412289068176  0.13122177172674054
  0.14757837129172577  0.16320480139853763  0.17474325418862921  0.18692636428236414
  0.20120927568858574  0.21426279826752168  0.22430068042783388  0.23237047295748689
  0.24024246506974389  0.24841893556986416  0.25906657644474018  0.27204375101992689
  0.28401452393087256  0.29383225519396527  0.30070999029449441  0.30775275642341077
  0.31482062764505275  0.32310448857773449  0.33244595362976159  0.34108973561879635
  0.34935048532418994  0.35947091140928450  0.37044476052924147  0.38031393596010427
  0.39067204038533271  0.40072561856262084  0.41030959599366362  0.42116100180617350
  0.43169811417819642  0.44019538128708896  0.44816439122518203  0.45651686671452579
  0.46518136006576055  0.47437789902409033  0.48516634981841611  0.50129623685265889
  0.51887935944226837  0.53350851926025089  0.54553496188754669  0.55492055275248064
  0.56353583759106318  0.57267629071346327  0.58313758334405497  0.59494100579093701
  0.60749800065086723  0.62118250525873520  0.63337413516137819  0.64468985044837768
  0.65770641087759174  0.67247541341674366  0.68440014100002955  0.69297855857268498
  0.70086728883661720  0.70838892146851840  0.71637094082464103  0.73250734157243158
  0.74800667081275973  0.75961913370515644  0.77036219211589074  0.77844713627810336
  0.78617258825348546  0.79411052069634169  0.80260019310413289  0.81155366789724515
  0.81984954222488438  0.82786666869616399  0.83470429530845003  0.83838017834458678
  0.84345727522240355  0.84947688629742990  0.85789846730177044  0.86621489698130327
  0.87315581493992500  0.87938193473251558  0.88512222019654152  0.89100072931666852
  0.90042474407317330  0.91570285252503947  0.93070132774994252  0.94344803178897918
  0.95592700978918554  0.96946308475222587  0.98427759714774399  1.00000000000000000
 -0.00165259191885008  0.00692561071086455  0.01724782185342129  0.02808645656108816
  0.03769038559420628  0.04560481134425596  0.05282205471519223  0.05947640821571916
  0.06633678612945011  0.07416823494023321  0.08340049672958581  0.09123011830683263
  0.09868415581506659  0.10651165759139966  0.11479260079537061  0.12666130658631924
  0.13680823949177959  0.14770281922493830  0.15924775372561631  0.17152946255585455
  0.18880867013774902  0.20667483033545950  0.21544321229162428  0.22263484822487917
  0.22976288665592720  0.23693458277325036  0.24352190997128884  0.24978848895368144
  0.25663475403854924  0.26339755122390834  0.26833199976431710  0.27466264281206149
  0.28541217951639181  0.29628255153808492  0.30597462322141611  0.31620364705021348
  0.32700342648322028  0.33786218729562606  0.34823381062190428  0.36098176814355537
  0.37561806375998974  0.39163599569907870  0.40852361861035080  0.42140301571804623
  0.43106654880796241  0.43951554002928839  0.44833690045928365  0.46149063235496773
  0.47700610759103551  0.48818512861612617  0.49653220222358341  0.50513172969182385
  0.51419566453146104  0.52722844782975020  0.53769776448455031  0.54811747742737760
  0.55978892301036476  0.57132930653099634  0.58183613827618907  0.59104748829022513
  0.60035695497081543  0.60992154357744177  0.62007552492602536  0.62979206826542289
  0.63734263828630244  0.64541652209634393  0.66043929830797188  0.67730821499393368
  0.69111858085853306  0.70375749628173501  0.71579568316650155  0.72757585209200659
  0.73734785031016281  0.74872388572331350  0.75682627273474390  0.76418373636212888
  0.77204109676346389  0.78141886049885434  0.79137212250900368  0.80256968048108523
  0.81486611234649908  0.82656678254666616  0.83806594087560637  0.84706093481488531
  0.85372408399851663  0.86048521955785917  0.86768654074544904  0.87471210990989956
  0.88468961253373612  0.89865520484446637  0.91227105897699445  0.92668235984717473
  0.94256164666365017  0.96060226918737757  0.97990203413686072  1.00000000000000000
 -0.00490296538794283  0.01008325278432575  0.02380982189367826  0.03483559743264539
  0.03657696673233680  0.03831833603202821  0.04183647330260663  0.04551098459021170
  0.04959501046198501  0.05365839744836801  0.05746329611772293  0.06165171590234693
  0.06711672834646201  0.07390734308664897  0.08010863427533245  0.08563311703907131
  0.09058430818813985  0.09526190117377252  0.09966367761342407  0.10394932933338251
  0.10882169628158943  0.11456946616074322  0.12060923999417940  0.12653228603293823
  0.13237109705997771  0.13828567198322758  0.14328144338655216  0.14843282972669711
  0.15427696432202062  0.16030487968532625  0.16619928533970862  0.17085502445206932
  0.17483486958881739  0.17896313876524170  0.18318996961293341  0.18779147555800010
  0.19116924555351397  0.19520229109952569  0.19940047805631292  0.20393582508311561
  0.20906600814068468  0.21400714902469101  0.21593019619681564  0.21815073905197857
  0.22028912919624299  0.22262545061297034  0.22763248268304395  0.23263682617832421
  0.23796487331816274  0.24334047650841462  0.24818097139701359  0.25415998818134850
  0.26195931124301558  0.27094476742707768  0.28028674669874942  0.28822225684046265
  0.29544213821339238  0.30320498036450771  0.31153162758986619  0.31954386926834250
  0.32762360756553466  0.33580327483545186  0.34436785655622421  0.35388488038820159
  0.36355106436941576  0.37357815307587411  0.38305059071295133  0.39556988005764249
  0.40808229253582190  0.42065754007927852  0.43346015387453396  0.44534531229017538
  0.45436905315507231  0.46348050949026753  0.47290269442960486  0.48133758748508682
  0.49198811701397421  0.50781607796234252  0.52534319898544202  0.54215679225952151
  0.55811284567390251  0.57462481545821065  0.59036156100960435  0.60675767318759544
  0.62498871302510195  0.64841646567939537  0.66468929102616636  0.68204547499724955
  0.70192540086775290  0.72477021034216338  0.74832568174812086  0.77984919947878006
  0.82127957399951224  0.84968591808118510  0.89470337159320679  1.00000000000000000
 -0.00265521542018819  0.01332101953896490  0.02621580053546998  0.03583621491193909
  0.04396512665187730  0.05207712513491337  0.05968885252264770  0.06779506706412371
  0.07672084367619597  0.08833310668199784  0.09938217306504472  0.10887301415591891
  0.11743792194562275  0.12657114119579366  0.13647963180825642  0.14668009112077188
  0.15757054703410839  0.16891497291412688  0.17895249131856902  0.18837387870354094
  0.19606104213833489  0.20336919057446548  0.21031164951272460  0.21787675005192497
  0.22581194184691425  0.23518717209392559  0.24525179278803386  0.25497792355129767
  0.27018950192013391  0.28343908149417646  0.29650101710883997  0.30812982279644513
  0.31905143355275911  0.33084172400729145  0.34506631432413370  0.36395497137637173
  0.38078361223602497  0.39590097656075957  0.40802555394920720  0.41879287597587206
  0.42999209237381941  0.43980251596523506  0.44636314513079517  0.45520935588688205
  0.46409338136444717  0.47174057056873320  0.47864023425529367  0.48381125176526513
  0.48882249435210490  0.49430615689758745  0.50199107675983845  0.51361719118533466
  0.52796275837226003  0.54115780884584219  0.55625592197666607  0.57090945536573301
  0.58451140785036371  0.59563992528972320  0.60490952305184642  0.61196587810705472
  0.61928601251488791  0.62619875003634307  0.63161411920333910  0.64095747533060998
  0.65123114403289095  0.66393907829872378  0.67826505275304450  0.69373185928308889
  0.70758509174110784  0.71919774104129375  0.73010533296715163  0.74090458952721339
  0.75335056474419360  0.76807983605880048  0.78362661783328813  0.79702910336359623
  0.80831687731439550  0.81792669481450664  0.82695715961217120  0.83579123146567058
  0.84438341623693791  0.85333044023955629  0.86440423853957926  0.87708264332507169
  0.88883715504612237  0.89946870404169810  0.91026287064201128  0.92167313416668584
  0.93565104622926398  0.94654802288480577  0.95560075503202668  0.96317078251393096
  0.97063949937829297  0.98008813847269882  0.99013980317194950  1.00000000000000000
  0.64449181792306232  0.67665765463268590  0.70106024780908172  0.72404888625577635
  0.74343474742026350  0.76115805094561728  0.77564320198079373  0.78952840716770234
  0.80151034853664682  0.81243880321265083  0.82270766466735812  0.83383874676211667
  0.84454026122399051  0.85299117557431015  0.86111744361865339  0.86954614357850257
  0.87755693262058398  0.88297426132884305  0.88824496831618405  0.89294529956357183
  0.89698888175099467  0.90058022744691846  0.90467175564692071  0.90841792855152825
  0.91213115141359424  0.91581711956502898  0.91839920932157815  0.92053212935633344
  0.92274491658356350  0.92516292405851230  0.92754427989026533  0.92947038290288764
  0.93132606243210492  0.93332138969257539  0.93544881824819692  0.93726547610773170
  0.93903800251191272  0.94090213114377586  0.94271878709673984  0.94424361952545666
  0.94562175213148947  0.94703490019780090  0.94852954111817234  0.94988216451508489
  0.95107524459419757  0.95223598879689075  0.95328207662195186  0.95428371487649755
  0.95524191572692985  0.95611812762137816  0.95699239876626385  0.95788172762117574
  0.95876468483781419  0.95964023929260489  0.96043786480447368  0.96119132785966144
  0.96192231981067455  0.96264555841061072  0.96326815563193857  0.96387464578236581
  0.96445959521023206  0.96499808471975390  0.96552208846649268  0.96606832966437073
  0.96660429974742990  0.96713296731838727  0.96765820994436380  0.96814384558291067
  0.96855249999719051  0.96890732060545715  0.96925073095933456  0.96959145433851290
  0.96992978002736852  0.97036738985587601  0.97087274781839794  0.97979064629984614
  0.98058957005727321  0.98133187494067009  0.98191679774566620  0.98250172055066232
  0.98305212706690592  0.98358976209540439  0.98412739712390285  0.98468120228355938
  0.98523546758698233  0.98590862013638314  0.98663459548364474  0.98748282358203265
  0.98835828713028862  0.98929079320075641  0.99029908642785625  0.99136794161433595
  0.99278296158611012  0.99445203136191318  0.99622167802226125  1.00000000000000000
  0.01802821682378818  0.12076219645810819  0.17470138731979348  0.19162862928172297
  0.20206463422537607  0.21241942984662393  0.22155659064426889  0.22791991170108725
  0.23272356140270126  0.23732153079468446  0.24308289941593278  0.25259172920347045
  0.26301275096414728  0.27013906915183250  0.27614141125982794  0.28143091841341811
  0.28607165735083828  0.29061137253609337  0.29661141849023387  0.30276907693972638
  0.30790008974905764  0.31488658511896284  0.32054935904362292  0.32607883660695541
  0.33320398253251382  0.34023774796906137  0.34547882818201592  0.35179744048860195
  0.36030966888613208  0.36808054516803529  0.37466330898107442  0.38011256389832326
  0.38553729812910759  0.39209092310392052  0.39902705848540626  0.40646403759597105
  0.41328646237395389  0.41936579056689927  0.42600678550236537  0.43290873685958814
  0.43910284611661049  0.44535825185976152  0.45195771198409668  0.45760620612324909
  0.46326023675063172  0.46894954924469245  0.47436773975336505  0.47983337193836256
  0.48584319495205486  0.49267448116186519  0.49955369730402038  0.50646329030315695
  0.51300397992352875  0.51955690741554894  0.52622239656651326  0.53274338163654222
  0.53993817677996392  0.54557638397995267  0.55063663960975406  0.55538150788937535
  0.55992650772771113  0.56504149972113049  0.57196311100098540  0.57994107726281097
  0.58781462494814418  0.59391575959285203  0.59801607194596706  0.60217873307224501
  0.60661169086675937  0.61144245464528257  0.61685395990635405  0.62303176927050485
  0.62708673198591336  0.63072600640297838  0.63473638002435828  0.63844485459303757
  0.64232486530495780  0.64679786794367744  0.65205324891944594  0.65687665564670417
  0.66095066667793712  0.66487327533351936  0.66891513390984647  0.67365880632644104
  0.67883706935619625  0.68480901401865257  0.69283357962490932  0.70301120685989915
  0.71430119098327649  0.72710488750514257  0.74008941840010878  0.75387915799169603
  0.76690671041033465  0.78368303764550018  0.95288620085944653  1.00000000000000000
   1.3879282542632525E-039  -1.0000000000000000     
 T F T F T F T F F F F F F F F F T F T F T F T F T F F F T F T F T F T F T F T F T F T F T F T F T F T F T F T F T F T F T F T F T F T F T F T F F F F F F F F F T F T F T F T F T F F F T F T F T F T F T F T F T F T F T F T F T F T F T F T F T F T F T F T F
  <DiscreteSampler_grid>
  grouped_processes
  1 # 1 for a reference and 2 for a running grid.
  10 # Attribute 'min_bin_probing_points' of the grid.
  1 # Attribute 'grid_mode' of the grid. 1=='default',2=='initialization'
  0.0000000000000000 # Attribute 'small_contrib_threshold' of the grid.
  0.5000000000000000 # Attribute 'damping_power' of the grid.
 # binID   n_entries weight   weight_sqr   abs_weight
    13   10   1.074275050830866E-031   7.956097467884493E-062   1.074275050830866E-031
    14   10   1.074275050830780E-031   7.956097467882993E-062   1.074275050830780E-031
    16   10   4.050373765550366E-032   4.982315617724611E-063   4.050373765550366E-032
    17   10   4.050373765551899E-032   4.982315617729640E-063   4.050373765551899E-032
  </DiscreteSampler_grid>
