  0.00000000005669157  0.00000000013104525  0.00000000019303709  0.00000000025771597
  0.00000000032622259  0.00000000039820882  0.00000000047457771  0.00000000055177516
  0.00000000063454301  0.00000000071954303  0.00000000080669794  0.00000000089511105
  0.00000000098051108  0.00000000107409167  0.00000000117217430  0.00000000127142273
  0.00000000137263889  0.00000000147486412  0.00000000157599122  0.00000000168154771
  0.00000000179462641  0.00000000191393560  0.00000000202864887  0.00000000214479891
  0.00000000226273445  0.00000000238983885  0.00000000251304158  0.00000000263577598
  0.00000000275787019  0.00000000288321174  0.00000000300921743  0.00000000314401647
  0.00000000327926179  0.00000000341419095  0.00000000355066491  0.00000000368587718
  0.00000000381493898  0.00000000394890415  0.00000000409198282  0.00000000423937034
  0.00000000439447206  0.00000000455388622  0.00000000470609765  0.00000000485423511
  0.00000000500287103  0.00000000515307956  0.00000000533294864  0.00000000550811259
  0.00000000567893631  0.00000000584810194  0.00000000601641877  0.00000000618433585
  0.00000000635275606  0.00000000651961028  0.00000000668318305  0.00000000686025283
  0.00000000704053851  0.00000000722765440  0.00000000742377010  0.00000000762031683
  0.00000000781367219  0.00000000800638569  0.00000000820320610  0.00000000840388650
  0.00000000860582620  0.00000000880096202  0.00000000902812795  0.00000000926508831
  0.00000000951189557  0.00000000976493183  0.00000001001579414  0.00000001025998643
  0.00000001051077308  0.00000001076934663  0.00000001102457364  0.00000001127107061
  0.00000001152876319  0.00000001181522295  0.00000001213621456  0.00000001248287921
  0.00000001284262989  0.00000001321425922  0.00000001359403393  0.00000001395911478
  0.00000001432274753  0.00000001469631733  0.00000001507079363  0.00000001553287272
  0.00000001613054312  0.00000001681211334  0.00000001754497234  0.00000001835766116
  0.00000001927678976  0.00000002055332222  0.00000002126077416  1.00000000000000000
  0.00931901697271735  0.01665772992108537  0.02780593386552544  0.03992207349833242
  0.05065231443788605  0.06101328923211582  0.07185887073212262  0.08288193570192401
  0.09383546525338674  0.10451826061727795  0.11506012718377331  0.12560345086935498
  0.13619811181105235  0.14707602537132533  0.15803840665223898  0.16900658620223416
  0.18057941542272535  0.19343566908107518  0.20675454905488702  0.21902454934194041
  0.23011439233109962  0.24085199334111088  0.25144058918023948  0.26181365495100195
  0.27191662075994083  0.28209229375116007  0.29263114671418683  0.30373619590140799
  0.31446917618170006  0.32460187187357409  0.33463417688982960  0.34506199754270933
  0.35594118479293063  0.36643818921804139  0.37673571214350465  0.38669515009664940
  0.39684270945928801  0.40700046748793772  0.41725003184867704  0.42766142616453384
  0.43816462729748357  0.44852701558564306  0.45894067803164379  0.46905187581171265
  0.47908016480431981  0.48867304728159605  0.49834296125237892  0.50816052306848736
  0.51796215413568458  0.52717838219615276  0.53604011586128164  0.54607041032279069
  0.55766735157198200  0.56955432775584391  0.58125753107569367  0.59203737265164125
  0.60218873043042753  0.61203568763067973  0.62133776616090974  0.63040363939341515
  0.63912163833552083  0.64821619900552485  0.65905891224315771  0.66931710603512340
  0.67983387550242003  0.69012546573919953  0.70024284705294726  0.71078380516461259
  0.72116258214780804  0.73119136584203470  0.74098772843208738  0.75077923422884862
  0.76104723395550866  0.77107588232346613  0.78125296509983932  0.79140472586259314
  0.80184756679520031  0.81263738945782427  0.82465199617219820  0.83683586594662129
  0.84804406948816446  0.85901013885798938  0.86944314155744296  0.87984205567748541
  0.89033491158492128  0.90097324246452049  0.91172636506491556  0.92221670931840283
  0.93235871827120131  0.94209049235365960  0.95158740881802151  0.96072646082152513
  0.97048395466363035  0.98001591111798836  0.99078846060432113  1.00000000000000000
 -0.00262326530571395  0.01209907798908556  0.02288767960153795  0.03433085482873213
  0.04567085633700364  0.05756223973634056  0.06910416797799093  0.07972853105352440
  0.08952608411501595  0.09928469049446306  0.10971150779730383  0.12086469451428720
  0.13246726101312736  0.14438570718583230  0.15674276307372406  0.16904986881352846
  0.18055920132249512  0.19133510741172102  0.20177928157084574  0.21254516841234564
  0.22374588797454553  0.23505710743604491  0.24621874413182659  0.25670772544818360
  0.26698507722298614  0.27763307702297030  0.28821449209138761  0.29902534544528103
  0.30978332366079075  0.32052237808824091  0.33104255059568277  0.34137557205558217
  0.35193665229036897  0.36255118863137920  0.37292593591894346  0.38273935288101746
  0.39279375050694809  0.40366999989872582  0.41452484224156461  0.42466559739305165
  0.43444078782378998  0.44484710699134583  0.45553306318883757  0.46587703707733585
  0.47591550247145153  0.48603327379952510  0.49632385939484791  0.50655360603011490
  0.51679469795408295  0.52684608552579693  0.53683334793602333  0.54672831342814887
  0.55705620507166465  0.56797028573583841  0.57945197907935797  0.59212260442157216
  0.60508614662001836  0.61774019052150719  0.62900843428099318  0.63943218085004028
  0.64913693272044370  0.65842161708034574  0.66776200668001728  0.67756059208598307
  0.68751660087260380  0.69710584057017555  0.70669522153050135  0.71682674892368092
  0.72704835347067620  0.73643012695076915  0.74513466096554504  0.75431634127190361
  0.76431225614554343  0.77436383106631468  0.78450797568763486  0.79492020512759709
  0.80573957365435633  0.81652719397117146  0.82732428866774044  0.83818357697049217
  0.84936563951063082  0.86062018201140467  0.87176750951221893  0.88232910314375557
  0.89228406197969257  0.90219031687479545  0.91213533148788184  0.92200722838435434
  0.93152373438684943  0.94103691280445467  0.95080908154404853  0.96032799380918243
  0.97002852358316571  0.97986729289156560  0.98991858826225010  1.00000000000000000
 -0.00250768566066666  0.01003653054484621  0.02157615007154643  0.03333026358274038
  0.04548304961248536  0.05735354306510815  0.06825747444487489  0.07864987465799768
  0.08824885873733153  0.09762420990494224  0.10676955152248309  0.11564862654106696
  0.12379942102833914  0.13263732445421450  0.14131624710021989  0.15093313036214803
  0.16108152559703981  0.17218566618470785  0.18365868976642549  0.19503788260010138
  0.20623746597208781  0.21635175962397729  0.22619119972163595  0.23631121497427302
  0.24715135689214893  0.25855981855980764  0.26972588689606036  0.28085570327531301
  0.29161352182209732  0.30155716245440639  0.31164816169980281  0.32153219907037894
  0.33151921629487163  0.34146670843540811  0.35163852793850253  0.36236941699002423
  0.37351808002703291  0.38477836420154266  0.39566753115073772  0.40565004166186397
  0.41513956190175183  0.42440815953708005  0.43373372830656137  0.44312361722065013
  0.45251681975618890  0.46221525122665907  0.47224681692308207  0.48208353232703927
  0.49194310253072115  0.50164257563583414  0.51095853770930433  0.52069652773512709
  0.53053887383168907  0.54087906530804764  0.55154216524137611  0.56288334939286400
  0.57407278473861123  0.58565901357721906  0.59752950846505981  0.60933274480353605
  0.62106259501025241  0.63287450983808424  0.64488003881049283  0.65687636095252178
  0.66816538172776752  0.68000297861095227  0.69191227539254707  0.70437846772489687
  0.71662809690360918  0.72804836768203540  0.73886592155889430  0.74947889182523864
  0.76011359440032056  0.77071083231689519  0.78098606426092820  0.79113646255015857
  0.80125229649617591  0.81103003872804991  0.82067806688390299  0.82974546672143357
  0.83928686810130493  0.84878368864373177  0.85940518039946290  0.87077096667280962
  0.88206104407806418  0.89299639954619758  0.90403149254109361  0.91529345782131333
  0.92544489259720952  0.93543985826301568  0.94537220081333539  0.95586389233451785
  0.96648185511509954  0.97712260965028319  0.98818344334450692  1.00000000000000000
 -0.00247990363883430  0.00897932664026963  0.01982297403114957  0.03060546177653308
  0.04177504631554108  0.05357468666565048  0.06566371414046103  0.07794378458352701
  0.08939911123424288  0.10024752419235528  0.11048557073833211  0.12050877254372422
  0.13034409084436568  0.14012580764229915  0.15021115438283533  0.16066614480272579
  0.17137836254667263  0.18219828356081944  0.19311985039737978  0.20343398473546223
  0.21345729732785201  0.22341091049714906  0.23402802817111265  0.24506018424118911
  0.25535040979303819  0.26566522543496207  0.27618778883114281  0.28807733042581796
  0.30069480981455737  0.31290057844662589  0.32418745295352325  0.33456859767752445
  0.34486341683786698  0.35504232663637142  0.36536733132184412  0.37603859906721315
  0.38663944643033299  0.39738324553348159  0.40789230402485471  0.41851596877427755
  0.42920223212089276  0.43930791948747616  0.44856223995711658  0.45806017545088185
  0.46715877946813028  0.47586575645579127  0.48422325746180922  0.49258430628995664
  0.50140005477528682  0.51140832436583195  0.52174472360453328  0.53240081818224350
  0.54360369011626219  0.55513898927311933  0.56645983951213841  0.57716398356169807
  0.58781172260776271  0.59784253437747681  0.60811645012218485  0.61757628191030545
  0.62799638292575843  0.63752713718044285  0.64716354125047548  0.65663921835906380
  0.66650562552490344  0.67622058301586108  0.68612972405210115  0.69640993966192710
  0.70664769982909925  0.71677845407346641  0.72649147798607194  0.73687182819346564
  0.74756464010488821  0.75881270801557843  0.77049009656308887  0.78177216521435255
  0.79297426237948521  0.80361665865046261  0.81437124860008336  0.82502319431757154
  0.83558145323957767  0.84599100694752027  0.85700205345712943  0.86883949041783515
  0.88061304682109864  0.89172826183293463  0.90289884514865881  0.91477848966593345
  0.92581025713979581  0.93649543434038507  0.94682308564235163  0.95707266018172865
  0.96753156999624901  0.97849480979191550  0.98937744116606641  1.00000000000000000
 -0.00237158871583486  0.00912768410225677  0.01910973864150356  0.03002165087281650
  0.04148554215048086  0.05243401840681594  0.06377222825486048  0.07458740786768212
  0.08573705286271162  0.09639928836142872  0.10800570890400783  0.12000407036785669
  0.13159655659309780  0.14320051530437322  0.15482383437840372  0.16683437235386817
  0.17731405399088676  0.18742280734166147  0.19747579708220336  0.20744857070057238
  0.21709130541352412  0.22675182724248519  0.23735849020961838  0.24778510349732102
  0.25777390198069139  0.26733504199381730  0.27773589659741710  0.28873950284834721
  0.30005451505132014  0.31134371615754397  0.32247605112115069  0.33318402159930721
  0.34398986621519889  0.35472674268371135  0.36530033234573694  0.37546097597640232
  0.38477081182416689  0.39388573758372181  0.40333537197623504  0.41263313064412394
  0.42207975162514194  0.43146773991599952  0.44163491422538625  0.45272881682501909
  0.46354857257996873  0.47428437126248257  0.48465573835321868  0.49463634249536736
  0.50457839978569818  0.51466920506793601  0.52485731665862445  0.53523072945201600
  0.54566929978319834  0.55579907685846786  0.56523359556587549  0.57470716638304309
  0.58425258270670477  0.59399141369529085  0.60428348826533318  0.61503853288951960
  0.62520501193523903  0.63513909757915843  0.64505029897571931  0.65707570847947394
  0.66880950116900417  0.68031574407181417  0.69141029547299127  0.70257654029826710
  0.71359315018327341  0.72483207637629687  0.73547291762295108  0.74590366195380919
  0.75643798042887334  0.76735559534487696  0.77910813512264920  0.79072325914171182
  0.80131295707463979  0.81138476528899839  0.82082135801881106  0.83016940201679468
  0.84025092265942025  0.85078800736013038  0.86207036589395902  0.87319729720397188
  0.88538370458318172  0.89723648614190510  0.90800355465295113  0.91790419654939348
  0.92720255602800306  0.93679703158713201  0.94683609021774462  0.95720938893825913
  0.96882925006563991  0.97998316887196468  0.98993203430076437  1.00000000000000000
  0.00052143488528732  0.11583229416999817  0.17271812903621525  0.21250421628147567
  0.24496360045973939  0.27370427229489086  0.29982794129305479  0.32302503279556272
  0.34432255647206422  0.36354818979762177  0.37970441273289984  0.39526039147269681
  0.41075899161747403  0.42606535436718018  0.44121927705430231  0.45636784676678083
  0.47169023439800006  0.48489589024321811  0.49688565097943599  0.50812085642148419
  0.51892898344560257  0.52918086312306356  0.53944419557419931  0.54964623279893654
  0.55965443611466914  0.56918189176256140  0.57852438766351821  0.58755267723364191
  0.59605835783025141  0.60441894531138762  0.61305490948841390  0.62205194617658721
  0.63143647884169984  0.64063315314961600  0.64975737915251441  0.65870157684442676
  0.66736566480003368  0.67586968133153724  0.68423182325813148  0.69272444408930978
  0.70102844564920619  0.70927865097570442  0.71700187364020163  0.72411898569501720
  0.73089327170008211  0.73750430880486961  0.74425715430193939  0.75101703108029527
  0.75772275205559458  0.76445861428120254  0.77107055431558102  0.77727100283113770
  0.78308858172356555  0.78880124887618508  0.79449175827864282  0.80037266704969878
  0.80616417069654100  0.81181690824743258  0.81734835920715232  0.82285629877472966
  0.82830894634890240  0.83362843685426247  0.83886049520744277  0.84411097371059041
  0.84942968008933661  0.85473105218564405  0.86001148068633182  0.86543266765450655
  0.87074297729185945  0.87574942425376057  0.88053552473002583  0.88532487681095462
  0.89011249198402709  0.89497694602342648  0.89982691827584471  0.90468311870918405
  0.90957783790654922  0.91434418779591720  0.91909253860508011  0.92361235531863017
  0.92816070519728999  0.93272246780117418  0.93730912043171077  0.94167372306450381
  0.94595886199058421  0.95017373516980819  0.95426258014179965  0.95833018156218164
  0.96245208322061326  0.96661255790058942  0.97083964798329170  0.97505705902845929
  0.97932730452157191  0.98299205267419931  0.98511173883736258  1.00000000000000000
 -0.00216995998845591  0.00950151357099326  0.02021444721887525  0.03104525795938910
  0.04240766748897939  0.05366396307324083  0.06421160481292829  0.07396075840649988
  0.08394322567113988  0.09454463872715171  0.10526183329826301  0.11524664576259552
  0.12456686707687549  0.13521419951359528  0.14616637504296290  0.15780248605850153
  0.16871226713604254  0.17871524790038595  0.18832938373579966  0.19805962415662731
  0.20769962719114279  0.21737842430616788  0.22694960043564258  0.23705700945742827
  0.24749976039396282  0.25795832047148110  0.26856480020688356  0.27875710402800669
  0.28921809191657166  0.29964878755095475  0.31009242522016034  0.32081462666253885
  0.33143847670670179  0.34128276861886275  0.35096192968951750  0.36115157764252714
  0.37170187920946840  0.38196402657184758  0.39200576383868885  0.40222132526713561
  0.41259594161435087  0.42279329626963508  0.43315723710394011  0.44377799074805652
  0.45446449411825840  0.46499226580887859  0.47562858991310847  0.48687980865156527
  0.49844974957482896  0.50964893859062799  0.52054128293673929  0.53149541361833796
  0.54249810978505952  0.55343692689850854  0.56416601007849099  0.57485836800116707
  0.58548230047430505  0.59630871989214285  0.60761506763128803  0.61940348550860536
  0.63068531783963555  0.64148066619154365  0.65238017949536886  0.66330379751027024
  0.67439270150614772  0.68508488158306557  0.69599933046162343  0.70671645335112876
  0.71731369293992664  0.72777711219233066  0.73817031397727162  0.74858862268721738
  0.75845092200210673  0.76844406230968820  0.77890096000808773  0.79020967509568074
  0.80077184149722236  0.81101045486526535  0.82200126985346245  0.83331096734556365
  0.84468623651696684  0.85531692175726060  0.86626252397750392  0.87715784799321250
  0.88812521389036536  0.89896194972193566  0.90932066565051961  0.91986748756806036
  0.92988032538111431  0.93981283418609096  0.94892761984814100  0.95863947128332694
  0.96876496810954582  0.97895108965187294  0.98944988430875747  1.00000000000000000
  0.02397353781105093  0.03266789417222025  0.04176482433480604  0.05071321591851411
  0.06012599096455615  0.07008805367334846  0.08024017887561155  0.08982254593229456
  0.09897059634759189  0.10827511098647180  0.11813881680721421  0.12793857813594323
  0.13702587937453614  0.14616418940022011  0.15632007353780361  0.16698197073506160
  0.17755628537156071  0.18826887836714018  0.19907439030550020  0.20963919060543207
  0.21997605621854352  0.23045644966617232  0.24128665661720836  0.25194309394858833
  0.26188286773063779  0.27144335563331778  0.28117299732182605  0.29143022837913080
  0.30235670090163652  0.31344295560359309  0.32435905420979994  0.33525191172794322
  0.34574454283156980  0.35568894169853965  0.36539928901917718  0.37521050152822433
  0.38569418509975373  0.39621255621573703  0.40668005879794605  0.41731598479242193
  0.42778846750850336  0.43801184158075435  0.44810937589874228  0.45795279247913601
  0.46734756858916987  0.47609684660890406  0.48506850163203541  0.49453397280412725
  0.50432889779312384  0.51376701423098592  0.52320976470477087  0.53333446623170999
  0.54397487953978330  0.55455934316325795  0.56492408633547808  0.57514033595985281
  0.58544878668286304  0.59587469808766669  0.60611576312026583  0.61604233963111998
  0.62630820275023180  0.63696818952227630  0.64844321462427601  0.65982311875257271
  0.67076684360902561  0.68113327786715705  0.69152985882521723  0.70222393213534340
  0.71269453574862540  0.72268924539556634  0.73271879897938963  0.74325142552027490
  0.75360665381757208  0.76363346410687549  0.77413023002535641  0.78545154015942920
  0.79661060127566774  0.80739993796134213  0.81863777485676148  0.83028653460060053
  0.84080723269474389  0.85035046104869205  0.85960248327416411  0.86892348076110237
  0.87833299548392718  0.88763002523865342  0.89690718390935675  0.90652427179692319
  0.91666285214237397  0.92678417107967004  0.93672448529939456  0.94692189512522695
  0.95719119029184063  0.96602024966769906  0.97066654284624176  1.00000000000000000
  0.05331659556625817  0.24193367830683932  0.26885729251043361  0.28930960903567121
  0.30679719446533327  0.32238615725629949  0.33703994031013568  0.35041533627813476
  0.36304137893106581  0.37491503323174957  0.38675367267701177  0.39864175361581261
  0.41033603087828974  0.42175073199069546  0.43285367957580229  0.44304062591159799
  0.45253863812756195  0.46221017540855691  0.47244382376680005  0.48287476196885348
  0.49326820078755002  0.50377940072124261  0.51440572492025216  0.52451425137546859
  0.53442992987051552  0.54423595939463976  0.55355310442909278  0.56243693891558810
  0.57124286325266593  0.58024328827879801  0.58906528458081597  0.59749531782127774
  0.60564308882926088  0.61382196973110670  0.62196642043857220  0.62960066648319657
  0.63667018515772245  0.64344083999917001  0.65014816991565905  0.65682299243187636
  0.66334375691937431  0.66975299248409725  0.67609610288658450  0.68246380877295298
  0.68894418119469070  0.69487609825298491  0.70078662412691684  0.70658431129679722
  0.71221950594571315  0.71774193322027735  0.72331578609886260  0.72874685230831060
  0.73348212772690391  0.73819191642601678  0.74264951289673031  0.74690764493887107
  0.75103522066214001  0.75523825452938431  0.75952919089275361  0.76383575565288264
  0.76791762183778256  0.77166623863801087  0.77516776916273045  0.77865498517942888
  0.78221775591469678  0.78586497784832354  0.78953031299202003  0.79354938831039279
  0.79773749453859033  0.80182507180820284  0.80584473535826961  0.80980014578205695
  0.81369704898271045  0.81783200288335689  0.82195786568991325  0.82604835092132822
  0.83017028406892635  0.83445606805643036  0.83890049526056887  0.84338610685607174
  0.84788504092631933  0.85246720967288359  0.85717354995942174  0.86197996281867761
  0.86689971522194875  0.87192283713426799  0.87701780045724942  0.88212573581121834
  0.88683073713151150  0.89118841752454370  0.89553700167441252  0.90024161798613067
  0.90604069778492491  0.91244218801202570  0.91807931407948951  1.00000000000000000
   3.7370834858375497E-016  -1.0000000000000000     
 F F F F F F F F F F F F F F F F T F T F T F T F F F F F F F F F T F T F T F T F F F F F F F F F T F T F T F T F T F T F T F T F F F F F F F F F F F F F F F F F T F T F T F T F F F F F F F F F T F T F T F T F F F F F F F F F T F T F T F T F T F T F T F T F
  <DiscreteSampler_grid>
  grouped_processes
  1 # 1 for a reference and 2 for a running grid.
  10 # Attribute 'min_bin_probing_points' of the grid.
  1 # Attribute 'grid_mode' of the grid. 1=='default',2=='initialization'
  0.0000000000000000 # Attribute 'small_contrib_threshold' of the grid.
  0.5000000000000000 # Attribute 'damping_power' of the grid.
 # binID   n_entries weight   weight_sqr   abs_weight
    13   10   2.243466133812209E-006   1.475374970677764E-011   2.243466133812209E-006
    14   10   2.243466133812275E-006   1.475374970677814E-011   2.243466133812275E-006
    25   10   1.354567021150502E-006   6.640686190443233E-012   1.354567021150502E-006
    26   10   1.354567021150500E-006   6.640686190443201E-012   1.354567021150500E-006
  </DiscreteSampler_grid>
