  0.00000000022274622  0.00000000061911475  0.00000000091826187  0.00000000121937799
  0.00000000152894936  0.00000000173402273  0.00000000190906392  0.00000000211805185
  0.00000000238728251  0.00000000262705708  0.00000000288839819  0.00000000313855604
  0.00000000333698759  0.00000000350776207  0.00000000366805799  0.00000000380812877
  0.00000000394016475  0.00000000405347713  0.00000000411145502  0.00000000418355345
  0.00000000426026160  0.00000000434178394  0.00000000442521394  0.00000000450810495
  0.00000000468507165  0.00000000485278168  0.00000000501469842  0.00000000517439689
  0.00000000534261648  0.00000000550837049  0.00000000567295072  0.00000000582326888
  0.00000000597196486  0.00000000612412408  0.00000000628899053  0.00000000650987126
  0.00000000671563685  0.00000000692409140  0.00000000711880418  0.00000000730441824
  0.00000000750600350  0.00000000772729339  0.00000000795323597  0.00000000818916205
  0.00000000842978979  0.00000000866426767  0.00000000889850687  0.00000000912818217
  0.00000000935259084  0.00000000958385741  0.00000000973747986  0.00000000986759705
  0.00000001001075094  0.00000001016720885  0.00000001032405932  0.00000001046865777
  0.00000001060817946  0.00000001074648232  0.00000001089187546  0.00000001105719579
  0.00000001128790501  0.00000001151254481  0.00000001170730291  0.00000001188669205
  0.00000001204617358  0.00000001219921939  0.00000001236138203  0.00000001254858411
  0.00000001275326526  0.00000001296962532  0.00000001319609190  0.00000001341466516
  0.00000001364784279  0.00000001389771819  0.00000001417215979  0.00000001445937096
  0.00000001474015613  0.00000001501827204  0.00000001531695686  0.00000001565911254
  0.00000001600576791  0.00000001632370428  0.00000001663839939  0.00000001687991121
  0.00000001713458241  0.00000001740510466  0.00000001766839771  0.00000001790094778
  0.00000001823089451  0.00000001862261302  0.00000001908299768  0.00000001959483929
  0.00000002041508897  0.00000002242970418  0.00000002364431302  1.00000000000000000
  0.00813371117243535  0.01942797726902886  0.02822412786637727  0.03670958676422487
  0.04492794185622759  0.05263819892058293  0.06296647616198620  0.07301517920376899
  0.08155344594832745  0.08869429312665532  0.09575741834995871  0.10365958973289373
  0.11506353985718089  0.13061889122942988  0.14817292076435101  0.16445596784621688
  0.18107310025671414  0.19846226200644634  0.21523779269767196  0.22916954445238380
  0.24041517948265245  0.25157012557897190  0.26388548642683141  0.27673939245163387
  0.29005505738624016  0.29982397474250100  0.30973998815233511  0.31774152624847268
  0.32304778025823111  0.32822594838468766  0.33446154859933985  0.34173549372055845
  0.34821851997571829  0.35421749730515761  0.35945028190203243  0.36477509865064711
  0.37044121963198395  0.37505355103653637  0.38068510358461566  0.38587923456929507
  0.39014391911738294  0.39404940562799035  0.39853181033146312  0.40366351977376885
  0.40799148448627592  0.41199334418158112  0.41687430765970751  0.42549961402623937
  0.43754681819804536  0.44474379444193340  0.45298940255875497  0.46106970848431988
  0.46975249350023979  0.47894577786755516  0.49159853007806192  0.50518136610420439
  0.51791473890886142  0.53110030955810461  0.54512289347622289  0.56064671827981161
  0.57422948923540695  0.58812746611269284  0.60212606745740926  0.61617446095213191
  0.62895020439126414  0.63864366689067287  0.64593292294553750  0.65322073646833756
  0.66064960491641311  0.66828328472027454  0.67930464196781082  0.69417059121856373
  0.70951895496204753  0.72384858273696473  0.73600855416537725  0.74633392409880717
  0.75622642820850572  0.76732549674124317  0.77959036601827147  0.79474053756606844
  0.81134137044633703  0.82919570577862278  0.84597888520656506  0.86612644283038165
  0.88608003639753108  0.90534510279511693  0.91738875966440137  0.92530007494197963
  0.93205549336523086  0.93822321749591464  0.94434340569805231  0.95100237827987366
  0.95797036479909192  0.96529920948413961  0.98259580494160981  1.00000000000000000
 -0.00000015039528434  0.00009537555924455  0.00074661849275858  0.00186837099896225
  0.00333563578197432  0.00520450841295250  0.00791900224143688  0.01209647468947291
  0.01706956722708379  0.02110692873568815  0.02550413045557665  0.03112484021221353
  0.03867468379159353  0.04821675998856337  0.05890358887516341  0.06971504876817722
  0.08144481551288947  0.09209809043133849  0.10114662717473676  0.10989827912550769
  0.11999503264528223  0.13096723590920728  0.14194386127719233  0.15344563339342326
  0.16472402333074676  0.17588938061882495  0.18751545522953950  0.19974689892345360
  0.21286801451319756  0.22705029546848182  0.24216471920086036  0.25780771771828270
  0.27270760698027641  0.28657527903708252  0.30086272077225362  0.31208928284773702
  0.32373056006671985  0.33794035194450311  0.35174374742228764  0.36508715326178998
  0.38087306030961249  0.39406943192466692  0.40417785930610711  0.41489190627286443
  0.42605513536825729  0.43803777884463546  0.45080017272477951  0.46552817500892651
  0.47998313129484133  0.49758121909402181  0.51786133306784343  0.53705469955656870
  0.55213473830381776  0.56376228093534164  0.57479227110169617  0.58472486861484185
  0.59422034021082715  0.60439024036862887  0.61474080583727531  0.62652187037898277
  0.63742721543673320  0.64954560346564483  0.65844612238245315  0.66743874312121698
  0.67734628436967115  0.68821354361338716  0.70019259766325148  0.71258025829852145
  0.72538164214741585  0.73667969681774126  0.74722702999646540  0.75791932570026210
  0.76758026196637863  0.77616465174063876  0.78536228234300620  0.79457904700169424
  0.80321624306085504  0.81198682950326206  0.82187222718597108  0.83303305159433805
  0.84526315078611614  0.85653002290205926  0.87015417991967425  0.88046215523148263
  0.88846423448516676  0.89707307925469260  0.90560337271150260  0.91409791928865691
  0.92292575205113814  0.93328013705061474  0.94507882305842128  0.95459076380878916
  0.96457602043284174  0.97500479773297088  0.98578944236622867  1.00000000000000000
 -0.00423186389968085  0.01460884436361169  0.03055818067296176  0.04604196099897037
  0.06143889187764704  0.07666025327110691  0.09235965620779360  0.10698287651986359
  0.12097458504638577  0.13391936257594197  0.14615758576964827  0.15776787891703972
  0.16819447762784823  0.17724661558443044  0.18694093690439037  0.19932962666201429
  0.21453021828829263  0.23009505583283882  0.24018130735551191  0.25051342609440413
  0.26183784075125593  0.27149497708500286  0.27968709307546197  0.28973231783243469
  0.30139188898375413  0.30929793925865601  0.31719606239088982  0.32484165117429126
  0.33357092702076607  0.34440986034066190  0.35733236238322597  0.36805374233735705
  0.37903256965279758  0.38937464273058053  0.40473670856556393  0.41681383394661065
  0.42204277540980051  0.42786083005722303  0.43325590289504262  0.43828351716066055
  0.44291506997142033  0.44738550267216270  0.45233807889442751  0.45806340866866385
  0.46401372329223767  0.46986127670206312  0.47498409703430083  0.47901862572996012
  0.48367284142183919  0.49017474285866602  0.49706035754909045  0.50437380118717734
  0.51156534539749532  0.51965265984734277  0.52936693482795383  0.54191515723346129
  0.55510619047669219  0.56789907953425578  0.58261740416844243  0.59873306663551706
  0.61347354738115412  0.62574461291731420  0.63339273360315274  0.64085072509320240
  0.64821558869462326  0.65552101293400034  0.66532857414494195  0.67851582227447638
  0.69332228840845933  0.70818892372488940  0.72031780129313594  0.72905049573083169
  0.73712851109983968  0.74544291156720699  0.75517323450434215  0.76947001406154714
  0.77941843618958551  0.79010595752297541  0.80091133976736451  0.81119054533970758
  0.82084998190091207  0.82963111534024148  0.83968054871301845  0.85305223675356812
  0.86294701475116053  0.87369744991813791  0.88352652744064175  0.89421391670977979
  0.90653878933385412  0.92012376524859640  0.93417231150720192  0.94852095875720399
  0.96253628256782453  0.97515309639313030  0.98757646782838560  1.00000000000000000
 -0.00188475323092597  0.00894323336755249  0.01873770556714058  0.02688818055132580
  0.03444639683894758  0.04257816240338227  0.04959145124451128  0.05590031149147529
  0.06295622069916121  0.07155376585580421  0.07990625576089616  0.09122024214169755
  0.10470359162731342  0.10997976140948633  0.11426847153620645  0.11884070575812057
  0.12388481614482630  0.12969481455143878  0.13505406414036225  0.14046057313430402
  0.14564442467789948  0.15078187255619055  0.15637035317580630  0.16105976825235610
  0.16504330234055004  0.16820154979224752  0.17701709361807966  0.18677840545419325
  0.19530695565360870  0.20322867086865160  0.21216661470176756  0.22397184055865405
  0.23502784472529872  0.24670166197700419  0.26339008035859718  0.28495540913828193
  0.30725867967484238  0.32554344514041161  0.33834865418203203  0.34846617788978712
  0.35784088381961371  0.36678391789362402  0.37537604151255377  0.38315985878196496
  0.39163042607738185  0.40090556326690818  0.40818504681620438  0.41557162679166831
  0.42323653379671866  0.43155663170228559  0.44305440308497746  0.45560521135585719
  0.46780592795402565  0.48075157846287764  0.49410793391276936  0.50732694346433194
  0.51934260544870858  0.52906233133260705  0.54102483580424343  0.55138944263520440
  0.56109014405327406  0.57125780159482920  0.58294772123027327  0.59604762041260595
  0.60982976098932085  0.61984327787275173  0.63191190156565336  0.64289384389892335
  0.65274560116132418  0.66130754058579566  0.67150813982530466  0.68428179812216361
  0.69698461251025978  0.70959637080929083  0.72285187621117286  0.73543800475466103
  0.74928745092423521  0.76505422387025601  0.78289116278424786  0.79929304294354531
  0.81452371718544758  0.82753395712715694  0.84052065674930843  0.85368397103053906
  0.86726925744463323  0.88088838036392270  0.89380048330907369  0.90609905892013798
  0.91841863458370154  0.93097818979757041  0.94167826507958796  0.95206022016196956
  0.96262459139332046  0.97424953932561631  0.98740125581208638  1.00000000000000000
 -0.00459587412220165  0.01775631110576385  0.03286719087683117  0.04597142274445323
  0.05866929972987737  0.07159449696742617  0.08573039678217416  0.10473595795628490
  0.12435964901279496  0.14145368884080145  0.15790906261680915  0.17335269803348285
  0.18466064604637461  0.19546676807106872  0.20595377682198912  0.21499841041206055
  0.22504673737451183  0.23579255295677726  0.24452036173671979  0.25370739027319977
  0.26256147855051565  0.27271752176368408  0.28720421074804214  0.30038665150065785
  0.31472643311626153  0.32818224297733467  0.34025493775989385  0.35239458674045054
  0.36401788222578008  0.37346834389366401  0.38227592037907021  0.39075898119814412
  0.40058718314294256  0.41049678520284982  0.41919518325340910  0.42769089350955802
  0.43538067983704237  0.44759676890303607  0.46389598397233506  0.48260871959335350
  0.50139287717470093  0.51757355466341015  0.53022184505265413  0.53919261571418531
  0.54450193263441871  0.54872665678692700  0.55320155104413482  0.55801974806402499
  0.56285765202799842  0.56784188403635460  0.57236151730592899  0.57756500468226490
  0.58233828940784282  0.58639184731455751  0.59004560343449053  0.59389500173771137
  0.59873745085972141  0.60515109808475209  0.61485380666412903  0.62887016577975507
  0.64128998690311445  0.65421092806223990  0.66806875194255044  0.68493565556882630
  0.70003726444472103  0.71225267849006668  0.72151811508704933  0.73099579854436025
  0.74190761625734225  0.75332525102730430  0.76524416458254008  0.77903480456410679
  0.79279779120581373  0.80435757966587373  0.81693402219672884  0.83003438374797756
  0.83815769557386943  0.84640498232484185  0.85583401751019972  0.86467028793818446
  0.87326742494196563  0.88198472201972855  0.88889833640038651  0.89880059336395390
  0.90864238038118916  0.91890475646587966  0.92853781949983094  0.93854412784068919
  0.95014393340071590  0.96097131171677752  0.96787314965617288  0.97458430462783630
  0.98163305427975467  0.98803732464987160  0.99403147780687862  1.00000000000000000
  0.00748661351954477  0.01409906781886733  0.01934735523287635  0.02401514705217906
  0.02852713859564592  0.03240163027956309  0.03707326476482331  0.04325266083795875
  0.04985135364680392  0.05644816270233690  0.06182108410261884  0.06466122994966762
  0.06671551432235634  0.06915108752370457  0.07190518770484845  0.07493565865483179
  0.07798285355236279  0.08117370892951563  0.08446154715452511  0.08761358741767855
  0.09060074063279935  0.09283049894941801  0.09497535433788594  0.09691594547420788
  0.09894359912524804  0.10113696524556820  0.10357789465997226  0.10667803424260108
  0.10961122772610447  0.11251985437502772  0.11566655798578915  0.11988389372157103
  0.12338499930917132  0.12816647240379470  0.13768449115983866  0.14543777451606979
  0.15254378900832971  0.15914984943236835  0.16611053249073465  0.17483914853720708
  0.18169523601825377  0.18741421619880747  0.19240179300786614  0.19803891092698836
  0.20353249529913608  0.20924589228418466  0.21501452997663664  0.22064907712351375
  0.22667471793895269  0.23772157292649534  0.24904565377067300  0.25874142883915130
  0.26805875517405142  0.27710887213004215  0.28646496735218835  0.29665465749500808
  0.30662410511728616  0.31456912854847341  0.32033516062817990  0.32615728917997355
  0.33181990499833874  0.33777574250155845  0.34324132378894651  0.34890912571076838
  0.35549832791183439  0.36397177567621841  0.37154243006889881  0.38088186515758310
  0.39052278445912042  0.40502052655232601  0.41990491857906775  0.43404514813322792
  0.44777567744278940  0.46289768825537042  0.47970401482180874  0.49819854680352504
  0.51744494579893230  0.53575049351033177  0.55313810839165389  0.56681839394096134
  0.57636152324482448  0.58604143366240791  0.59585689069555348  0.60637386341341959
  0.61754756803872746  0.63491504895261042  0.65405317984971423  0.67264171357529445
  0.69201934542008170  0.71169918063404924  0.74501819067328712  0.77754573761375079
  0.80832815426702409  0.84126947025033572  0.89625049384629230  1.00000000000000000
 -0.00280860199034859  0.01393346413040547  0.02765339043173059  0.04151631128795961
  0.05157559215217294  0.06190636394812860  0.07245732177632554  0.08316676110568451
  0.09387450757155008  0.10444681913364309  0.11436469569364992  0.12418492350591222
  0.13429655286439743  0.14463433668298331  0.15092354088327750  0.15704391236865081
  0.16498607738009108  0.17301597611338482  0.18135731810438335  0.18929301906003779
  0.19646567457710343  0.20428311393548743  0.21391262794892127  0.22658225821216815
  0.23940942688395961  0.25305234987646824  0.27100911837729491  0.29199947879272325
  0.30701936846923678  0.31627935005073010  0.32377024318751546  0.33111774213984363
  0.33869150233176898  0.34715063527006307  0.35600486383621283  0.36435622359223940
  0.37883157656113453  0.39244628332022691  0.40403276281991152  0.41539812208542581
  0.42685519655856746  0.43808407068330751  0.44918426733702926  0.46151328970041422
  0.47521143632219182  0.48686667377610510  0.49672736488976549  0.50551624713658583
  0.51510649166567613  0.52520540797162629  0.53700251291856882  0.55235863139231334
  0.57181873446268150  0.58534605289792174  0.59068735352960200  0.59661404730339107
  0.60254256489902125  0.60789040516406789  0.61287239712413066  0.61889383456876401
  0.62415023838261141  0.62997391704949501  0.63612160266479878  0.64121618012682347
  0.64691566759454111  0.65610518987629651  0.66587446847120757  0.67332501233050812
  0.67984444321147552  0.68614717434388328  0.69392231338583776  0.70322694425457233
  0.71271363697223111  0.72307285469637250  0.73506144225794801  0.75108983098745308
  0.77120068911279671  0.78970801076664487  0.80366171150595056  0.81513975218608925
  0.82496952739723717  0.83442422540579486  0.84469494199059769  0.85522428033028519
  0.86518125648796718  0.87379155270409203  0.88581080349073349  0.89823644742510900
  0.91079037172440014  0.92525717006011576  0.93952278447379312  0.95476399061187278
  0.96887416763342571  0.98041768916694394  0.99030402682071961  1.00000000000000000
  0.64694925236528078  0.67645923416400577  0.70138619695339577  0.72534903017038987
  0.74861681991758178  0.76456469682640205  0.77865475100307302  0.79367955694572145
  0.80878204957536881  0.82310230417910923  0.83476784914952806  0.84484410061197623
  0.85231858765535917  0.85908772406200273  0.86548696302602945  0.87453067136728191
  0.88294575118796703  0.89101181783443595  0.89918810294535811  0.90687434076679641
  0.91375196042007756  0.91926192969648535  0.92434959737649003  0.92924343988598790
  0.93350695775770753  0.93724436625617125  0.93935517669903901  0.94146046940129369
  0.94366068408146186  0.94585429934811127  0.94777786794222929  0.94949127211108675
  0.95122194638626345  0.95290404898448433  0.95444449475392812  0.95563510156010167
  0.95662433463452945  0.95754045640579233  0.95840426670487655  0.95916224663113925
  0.95982603988130644  0.96037915552916764  0.96092845712392017  0.96146670838714554
  0.96205722142445482  0.96275404848799162  0.96346993306949680  0.96410223047853305
  0.96446224730313357  0.96486703793142048  0.96524423673187409  0.96562806426792192
  0.96601191732761216  0.96636362067620030  0.96667291573810332  0.96700081351375722
  0.96739297928243928  0.96783972398587725  0.96829363397787283  0.96875178979131915
  0.96924848848177270  0.96980037982089784  0.97046485508127944  0.97759883840981110
  0.98211742798123391  0.98249901182594834  0.98279232902828717  0.98302028238228256
  0.98322466480811621  0.98344324466019994  0.98367735306164450  0.98390173152975924
  0.98414255741983692  0.98439385561867609  0.98464262637581457  0.98485970291953129
  0.98509236854455595  0.98534650436782767  0.98566724077725576  0.98603814389389666
  0.98645842357448055  0.98694517038998308  0.98755143649173016  0.98824509755046375
  0.98897740757939967  0.98969637881566375  0.99040564086258276  0.99113190174302046
  0.99197707175014938  0.99281739916753464  0.99369357601522967  0.99462515150777797
  0.99563918728636902  0.99672591608133443  0.99805251499276326  1.00000000000000000
  0.14003202490623029  0.14482392543277323  0.15549453606474131  0.17287853732091030
  0.19299235922237126  0.21019339018496325  0.22450404858456541  0.23911858363110275
  0.25054826740545560  0.25549817883458104  0.25992445901502381  0.26368781381934447
  0.26790768259789216  0.27250270592735099  0.27707066329392938  0.28096763498203120
  0.28513402930058651  0.28926481501716861  0.29220623100915050  0.29476596165593816
  0.29795312459932194  0.30236560743366458  0.30642509543726965  0.30990909065737571
  0.31444049309262750  0.32082551264993597  0.32742077393033392  0.33478956599528914
  0.34373577765780444  0.35384609675929185  0.36366410435232704  0.37363609713426160
  0.38453151230141730  0.39492772777799579  0.40337123766159200  0.40946117912859020
  0.41531402772455389  0.42045261443920479  0.42565122112801840  0.43081613725586804
  0.43602897033710830  0.44193919485247007  0.44884854125783497  0.45687073019732621
  0.46642247032774592  0.47601025789730067  0.48413224078310446  0.49145204410335508
  0.49844731276545773  0.50523652193076929  0.51496545852161668  0.52272989757783950
  0.52878885243228213  0.53471561782661658  0.54044308472043201  0.54571802541515857
  0.55084295328279576  0.55588165339843698  0.56084934966157063  0.56582651296683206
  0.57113336548437788  0.57687015938566255  0.58265635984052067  0.58779271862042948
  0.59321569416060727  0.59882674256975810  0.60427522559001601  0.60990862929796585
  0.61562671307344297  0.62150003038480528  0.62997445227735893  0.63831515831988506
  0.64557201977995382  0.64938200598319040  0.65314779881587159  0.65774427424055326
  0.66275599581098654  0.66829708634351637  0.67405077661557222  0.67962139471781646
  0.68434797289249061  0.68876286243400686  0.69316027561497195  0.69738563986836666
  0.70144267656201442  0.70476675177305725  0.70862358563934147  0.71757059780682986
  0.72871604429374648  0.74088532995389667  0.75328652477354241  0.77446080917096838
  0.82022262315324646  0.86326754768381431  0.88196136026086991  1.00000000000000000
   2.7664956682787315E-028  -1.0000000000000000     
 F F F F F F F F F F F F F F F F T F T F T F T F F F F F F F F F T F T F T F T F F F F F F F F F T F T F T F T F T F T F T F T F F F F F F F F F F F F F F F F F T F T F T F T F F F F F F F F F T F T F T F T F F F F F F F F F T F T F T F T F T F T F T F T F
  <DiscreteSampler_grid>
  grouped_processes
  1 # 1 for a reference and 2 for a running grid.
  10 # Attribute 'min_bin_probing_points' of the grid.
  1 # Attribute 'grid_mode' of the grid. 1=='default',2=='initialization'
  0.0000000000000000 # Attribute 'small_contrib_threshold' of the grid.
  0.5000000000000000 # Attribute 'damping_power' of the grid.
 # binID   n_entries weight   weight_sqr   abs_weight
    13   10   4.845957726745861E-022   6.031033081528234E-043   4.845957726745861E-022
    14   10   4.845957726746004E-022   6.031033081528806E-043   4.845957726746004E-022
    16   10   8.190033221985603E-022   4.370360968987054E-042   8.190033221985603E-022
    17   10   8.190033221985541E-022   4.370360968986971E-042   8.190033221985541E-022
  </DiscreteSampler_grid>
