  0.00000000005587709  0.00000000013687001  0.00000000020195479  0.00000000026557696
  0.00000000032973057  0.00000000039775746  0.00000000047151672  0.00000000054858338
  0.00000000063245324  0.00000000071953725  0.00000000080689939  0.00000000089708170
  0.00000000098872564  0.00000000108881688  0.00000000119278217  0.00000000129450812
  0.00000000139575742  0.00000000149812609  0.00000000160291231  0.00000000171411698
  0.00000000183538259  0.00000000195981725  0.00000000207849441  0.00000000219386625
  0.00000000230416595  0.00000000242059505  0.00000000253751242  0.00000000266220811
  0.00000000279389895  0.00000000292038214  0.00000000304446999  0.00000000317255444
  0.00000000329980142  0.00000000342924625  0.00000000356290408  0.00000000369584940
  0.00000000383178141  0.00000000396791540  0.00000000411086270  0.00000000425699428
  0.00000000440496721  0.00000000455428833  0.00000000470700944  0.00000000485937771
  0.00000000500890058  0.00000000515915795  0.00000000531646077  0.00000000548385589
  0.00000000565105068  0.00000000581662747  0.00000000598433836  0.00000000615971520
  0.00000000634019818  0.00000000652311298  0.00000000670850086  0.00000000689688677
  0.00000000708962649  0.00000000728421929  0.00000000747634943  0.00000000766674780
  0.00000000785796621  0.00000000804538818  0.00000000824196516  0.00000000844266738
  0.00000000864639270  0.00000000885035483  0.00000000906763226  0.00000000929423520
  0.00000000952032163  0.00000000974743733  0.00000000998084694  0.00000001022356726
  0.00000001047357787  0.00000001072154185  0.00000001097176024  0.00000001122502753
  0.00000001147350839  0.00000001176270271  0.00000001208311311  0.00000001242468937
  0.00000001277975651  0.00000001314041622  0.00000001350457570  0.00000001387580654
  0.00000001424837727  0.00000001463376083  0.00000001502310178  0.00000001546446410
  0.00000001604501891  0.00000001672385741  0.00000001745704495  0.00000001826609111
  0.00000001920835839  0.00000002049223861  0.00000002126224033  1.00000000000000000
  0.00960167264385173  0.01576622975281175  0.02435516321889797  0.03387536814581811
  0.04379668245983494  0.05416333143764783  0.06447204614061880  0.07432834807928373
  0.08431004842238671  0.09485578299001403  0.10580116764663509  0.11663647445660100
  0.12710309205545611  0.13742936701410546  0.14775337630281538  0.15795834138324505
  0.16808397663576369  0.17826704671816301  0.18842564964690078  0.19825024716834325
  0.20790905714101016  0.21782567395993288  0.22799208919809863  0.23802462406493338
  0.24778034670727886  0.25769354851729870  0.26780829695183556  0.27818856794809038
  0.28833967625709500  0.29856403832143835  0.30877532803305585  0.31897518122160456
  0.32958525674746209  0.34051531861498552  0.35186200666531181  0.36352584928658316
  0.37483238121541901  0.38605210997443029  0.39712153319874527  0.40797721262620373
  0.41880178167139603  0.42939760491603146  0.43972333523560142  0.44993392706313595
  0.46023658160801700  0.47100720808104152  0.48152303956613962  0.49188693179874571
  0.50254644416402172  0.51403609298319053  0.52483605121608701  0.53521423337725804
  0.54535339803452354  0.55597589343379905  0.56623645900981445  0.57632663327880684
  0.58655603458796535  0.59718213824472999  0.60766036455087091  0.61869971693331960
  0.62976948423363099  0.64154494152336938  0.65206245822298992  0.66208326500216097
  0.67233018677266243  0.68320497898914434  0.69409787454671679  0.70470910301121870
  0.71525721661955299  0.72607054191329046  0.73674535547221387  0.74741817649191444
  0.75826647318872309  0.76906973917304722  0.77994980705026207  0.79089917935551146
  0.80117630613546875  0.81119317733491292  0.82113123413186351  0.83083130365586277
  0.84019553363016608  0.84975705819640157  0.85968512542329689  0.87105721353201049
  0.88226357092422969  0.89419677965064570  0.90472404620233693  0.91449662380605667
  0.92452529753175183  0.93485075298093845  0.94571900177727530  0.95635710406045216
  0.96642415913129309  0.97671039641516155  0.98737621365115047  1.00000000000000000
 -0.00247508225669251  0.01067040214139769  0.02196887452251054  0.03318607648150933
  0.04419618455672719  0.05480604661711215  0.06583812785053525  0.07637210258700207
  0.08702332676264599  0.09806854056469683  0.10944526063293614  0.12162794809529523
  0.13275764743885154  0.14404118775294153  0.15464750988125492  0.16517721460970991
  0.17542681656686232  0.18626244990182264  0.19758545838515548  0.20874567808939015
  0.21972841700285717  0.23060879759387293  0.24150916169348483  0.25238823369888197
  0.26317237591201464  0.27367135636683421  0.28380602102546348  0.29404865052962592
  0.30444310792807538  0.31529240445932188  0.32602854134994758  0.33685075304699619
  0.34776145924123958  0.35878337848257391  0.36948484008453192  0.38007583625689140
  0.39081212019588368  0.40154137281640001  0.41210860096643986  0.42281117420174280
  0.43383079127702051  0.44504712935926488  0.45656131627656282  0.46868930624257882
  0.48097842717164635  0.49277318202291437  0.50397111860030364  0.51469543946699303
  0.52470781807602163  0.53406577932027943  0.54351463913626874  0.55318071631037791
  0.56272742520194441  0.57214107298702088  0.58173409000878173  0.59215421750265507
  0.60285876913780634  0.61333391133515558  0.62384031807650842  0.63447916910583557
  0.64508687281688748  0.65528568408739096  0.66529847160997380  0.67560818508449516
  0.68655375182291623  0.69762285483671871  0.70859775048989493  0.71941396756065912
  0.72995834053289410  0.73939833672853295  0.74907024204953432  0.75898831607393968
  0.76890015982567150  0.77897305939022365  0.78860562236137111  0.79912727739322287
  0.80984730682095940  0.82081053017886152  0.83175460356507580  0.84261904516328323
  0.85298414255687560  0.86308763043777470  0.87335773380082460  0.88326373642977574
  0.89307208071879440  0.90264285441245740  0.91229924604829848  0.92230798782552725
  0.93211066075178162  0.94231496710965801  0.95245848037174541  0.96312335886807365
  0.97305547020168004  0.98240639421625231  0.99117894094327341  1.00000000000000000
 -0.00334077012576232  0.01027212115719382  0.02178486178220348  0.03288863815151510
  0.04386835610441618  0.05447228793482829  0.06461984972203846  0.07441740937133623
  0.08441634081467546  0.09448646952956756  0.10462321021129196  0.11536150645260451
  0.12650999436842869  0.13765119274069723  0.14885011286170363  0.15990656921719393
  0.17034604482304697  0.18040027270990794  0.19060814855110195  0.20138477094164514
  0.21196434348187590  0.22204779799450525  0.23241383001061908  0.24239179747994002
  0.25223462973628547  0.26205206572019163  0.27206917986319035  0.28242057490598116
  0.29296041021970276  0.30379334769466226  0.31441795176752618  0.32466807894867200
  0.33508928124580895  0.34646221674214894  0.35809201678891006  0.36937413411354597
  0.38030128610273523  0.39074662854338904  0.40078171240677329  0.41048728967026121
  0.41988242274323812  0.42926202934225838  0.43939313965468518  0.45017800774665334
  0.46144008053088925  0.47255953173027426  0.48327015086296615  0.49402657559023283
  0.50427212032947177  0.51379776768574559  0.52323623826609578  0.53254892821793720
  0.54266794118154404  0.55305370975318113  0.56413225912419296  0.57593452010082014
  0.58732910036388064  0.59819158046144605  0.60871767599578330  0.61910252281823885
  0.62971479055404578  0.64060865863260275  0.65165170068555966  0.66261901330611772
  0.67343413142037756  0.68396669604409766  0.69408279712748455  0.70386122274608565
  0.71302589795246751  0.72179912221287679  0.73048350443356203  0.74005508992450741
  0.74959819978173881  0.75942809979866366  0.76951678757060638  0.78055968922496266
  0.79203261401788472  0.80302365256388530  0.81338739257448700  0.82334639180154334
  0.83335602067949754  0.84379202899280659  0.85450339497939354  0.86495723926538304
  0.87514431442845608  0.88578899651359910  0.89725438533783641  0.90905071927911807
  0.92034992252038772  0.93121345105913356  0.94216787958113679  0.95354303937490303
  0.96540274480502597  0.97698987815419480  0.98871085830619987  1.00000000000000000
 -0.00285592354613429  0.01042057676597342  0.02250745855145769  0.03545897226051754
  0.04724683124041356  0.05758741208487987  0.06734256298799017  0.07712633189084227
  0.08708877644029803  0.09690904156903625  0.10664504366689732  0.11631639873350044
  0.12581548067305975  0.13542656849601800  0.14590077577918853  0.15719418438599392
  0.16822636347390080  0.17844953362077765  0.18839936417120062  0.19832908827660761
  0.20791961679925597  0.21723470084851274  0.22665598232709988  0.23703548328896476
  0.24780125250394505  0.25814501881855112  0.26836129652238361  0.27891317125167847
  0.28972835350388637  0.30046575695231975  0.31154032954263261  0.32291849325836991
  0.33439898362927922  0.34544370535133179  0.35634731950491944  0.36662081830139998
  0.37748355564520297  0.38797294300641705  0.39850045317586874  0.40892352819895728
  0.41953795376293451  0.43062930624445972  0.44222055328333187  0.45375176770078274
  0.46468399580149294  0.47530379996532807  0.48604444366099814  0.49702923424164197
  0.50748750757150363  0.51768066970894366  0.52776816338979415  0.53786216811938214
  0.54798897406794422  0.55794776522607226  0.56776916885880191  0.57753179492240858
  0.58770155798493695  0.59835597204206414  0.60929766646464512  0.62043057887736264
  0.63157965391950632  0.64309594657054170  0.65509503194839225  0.66661313677364153
  0.67707248487482996  0.68681956364340135  0.69722519737082378  0.70731761318161590
  0.71800173224535513  0.72815895786783480  0.73859775622554014  0.74921100498577131
  0.75990874825189070  0.77066241327210006  0.78089041032110462  0.79126235039840476
  0.80247431941772462  0.81340513929274294  0.82383147634436216  0.83378630160954392
  0.84318023043957468  0.85244269885600510  0.86181022952464725  0.87125121431694375
  0.88149054838430163  0.89169329259100016  0.90263615034338451  0.91370990561819165
  0.92516605698707621  0.93610866382554536  0.94699504959432812  0.95761936687864546
  0.96778522318914573  0.97821026000309763  0.98864482385912267  1.00000000000000000
 -0.00246651364582114  0.00909361399663692  0.01800893090161362  0.02732584814541695
  0.03641996274711857  0.04626212690683321  0.05673212755725065  0.06707886106068596
  0.07756634849335466  0.08789476031587981  0.09890039379454697  0.10970075991600563
  0.12081359942825184  0.13146597812546507  0.14237477637130466  0.15342760424727495
  0.16495641534619818  0.17639969810243455  0.18785295185230413  0.19969071374234565
  0.21189964401796568  0.22420961076756002  0.23659058088185003  0.24862760053128394
  0.26040827649420889  0.27278105707461103  0.28524295746173445  0.29672644039544915
  0.30717488332541198  0.31722020692099301  0.32754943763173094  0.33821407113398277
  0.34955228869764132  0.36050399387523252  0.37107624474028211  0.38148605348889686
  0.39183178989324580  0.40209051758688241  0.41211289149248420  0.42223923207179237
  0.43270395111427645  0.44375155314642856  0.45544099885098521  0.46710463793322721
  0.47844368984838087  0.48943491861678379  0.50051969556447007  0.51110529029235008
  0.52196796591056815  0.53353873779856886  0.54534352970355071  0.55643377526526105
  0.56738411043811976  0.57784793814559632  0.58929213609105546  0.60073259318703642
  0.61187393899091269  0.62306399851251726  0.63417434732867839  0.64545670901823526
  0.65598289520977260  0.66697785396075193  0.67871623357963862  0.69090230669790997
  0.70304658498678274  0.71479902983311305  0.72584559021647166  0.73610551983442851
  0.74594209348504592  0.75472609696080795  0.76312016942114191  0.77185503372657094
  0.78031503929356594  0.78854989291530231  0.79666269617318142  0.80485222744004004
  0.81320660514576293  0.82223830995198921  0.83142352616101378  0.84126020355299358
  0.85170252114835299  0.86234654797665367  0.87298612966524336  0.88333373518642588
  0.89364793452421676  0.90357328400852222  0.91369184189459740  0.92286052284688447
  0.93210242901333940  0.94170189756402578  0.95212209689835503  0.96229021647710966
  0.97207429155991409  0.98105149550561466  0.99071684466157128  1.00000000000000000
  0.00230093358423691  0.11527204940123012  0.17460054741297068  0.21731552681472813
  0.25092761986712930  0.27794520509401877  0.30194318935958925  0.32357740787307521
  0.34379979937220856  0.36257818390926433  0.38007658841790437  0.39669524074417484
  0.41376493957565291  0.42958809663196984  0.44396991005731784  0.45739497582013772
  0.47020449781789520  0.48299626199455470  0.49603528842066441  0.50845294083347903
  0.52015222515445603  0.53112647124297152  0.54161712807790274  0.55181038474878186
  0.56179193588493093  0.57163013572109833  0.58150212526296530  0.59073418132990985
  0.59974657848530943  0.60825255211013673  0.61666793251376117  0.62506173060264636
  0.63349762313305813  0.64170376625799830  0.64992458882924831  0.65818443007688154
  0.66634416955003462  0.67433834460572128  0.68206165067539082  0.68952810011477594
  0.69644617035511058  0.70340936426566403  0.71022678057755384  0.71701700775623445
  0.72353839689291966  0.73043699203687751  0.73767760626716916  0.74486421959638383
  0.75169483113380164  0.75825337300058482  0.76477643778453297  0.77111212685434039
  0.77728854007375026  0.78339098510747551  0.78941606462745206  0.79543556146915828
  0.80124176909246214  0.80695134320016171  0.81266272012535057  0.81852514097293938
  0.82455363685831895  0.83067916935022168  0.83682096003152362  0.84290295617682798
  0.84901319927093200  0.85506521940826397  0.86074661249462570  0.86607378032214555
  0.87113960557066394  0.87601159411534135  0.88054800895931262  0.88518392188863071
  0.88983247224847839  0.89449761188033405  0.89916185140877802  0.90383286517607631
  0.90852242493936242  0.91316055647531269  0.91769952999713211  0.92223126704271419
  0.92679196979432943  0.93150420981154092  0.93629953537704136  0.94110287491485511
  0.94583675130807965  0.95055694907164845  0.95522567191959595  0.95978419630829226
  0.96417083059941122  0.96837705161608778  0.97243078576836417  0.97635738215544343
  0.98042697735003748  0.98405285035157630  0.98623506145359030  1.00000000000000000
 -0.00220663179968658  0.00912203275582364  0.01813406769829743  0.02807419010301837
  0.03816968546150575  0.04910715024764064  0.05980154110602914  0.07034993940412594
  0.08146832339376862  0.09246308770902428  0.10326745947760889  0.11408332658500110
  0.12491289642496493  0.13511755943392495  0.14479450408701769  0.15466560257000558
  0.16475770587013183  0.17533020986288522  0.18541336347113760  0.19600464814470275
  0.20726071545060151  0.21841986635896091  0.22930694491448225  0.23939141669396405
  0.24944815189414116  0.25950017008730242  0.26946557705443175  0.27903096430557339
  0.28880720460732295  0.29922987410366769  0.30983689341890563  0.31995426082336526
  0.32995231824221116  0.34052351387971236  0.35104108949996271  0.36091212306475029
  0.37060996993771317  0.38070491634904841  0.39105319913046194  0.40134516243072427
  0.41194710887251212  0.42352617349850719  0.43563895798589525  0.44675513982826748
  0.45701308688224818  0.46696353931454848  0.47681474575975852  0.48653954877146555
  0.49633294505098757  0.50660905274039836  0.51743477184612574  0.52864843121204397
  0.53994751485040460  0.55127187828383128  0.56247686408512121  0.57319125366754931
  0.58363821380826841  0.59386704397990986  0.60403251873747843  0.61428323128414675
  0.62458952671894929  0.63521365204655444  0.64560560765196773  0.65584443107468493
  0.66614421699202997  0.67695643004912720  0.68775654568419087  0.69781342579455541
  0.70742977686167274  0.71723279559714448  0.72727597620299500  0.73749074728359576
  0.74768620075496672  0.75817994526252719  0.76854638261576502  0.77859451739246388
  0.78848997142848776  0.79839853920826986  0.80850592791899578  0.81907696037156685
  0.82963369341655158  0.84029955217551533  0.85131959057203865  0.86280069351736088
  0.87440874822471693  0.88572495167774934  0.89687117021618679  0.90787144672188225
  0.91897405914088637  0.93064888934373291  0.94235644407137575  0.95404666574324526
  0.96524501014551056  0.97696477857677633  0.98828754513568584  1.00000000000000000
  0.02465825590502095  0.03140906784004800  0.04072077113896263  0.05047958879872550
  0.06055746322924101  0.07072324495287435  0.08046078365922990  0.09007497292883714
  0.10004429056073622  0.11070897838911117  0.12209781453754977  0.13261729887564264
  0.14290012323353221  0.15286117946292022  0.16248090366669768  0.17164415549209525
  0.18074604842058575  0.19005018362092857  0.19992001465054157  0.20986657493077152
  0.21965091461145209  0.22886274344730334  0.23848396835897120  0.24845941639739966
  0.25928286248120985  0.27049656543316153  0.28080524971870896  0.29101907546776828
  0.30171728298405859  0.31306674131907808  0.32459768957780927  0.33599574725464199
  0.34708717523162480  0.35741135037918054  0.36736985184461812  0.37759350626032095
  0.38766686521158461  0.39770183396134379  0.40774783599787617  0.41806383463283475
  0.42837931770326210  0.43847441996123171  0.44834824951306118  0.45822427316394182
  0.46829628688739156  0.47857636763169242  0.48910966759868968  0.49954670948313107
  0.50994370367331943  0.52061709781728682  0.53180493219203584  0.54303868296688906
  0.55384446879632365  0.56405684241388077  0.57375553823521286  0.58359022420702522
  0.59384571132848851  0.60443192318972361  0.61494144855068111  0.62528257665852083
  0.63477270915240458  0.64375913614960101  0.65249526785860512  0.66115437818094491
  0.67032143338615147  0.67942926509004586  0.68923135347078990  0.69987774177933060
  0.71053124068223605  0.72075138061512345  0.73114163305209978  0.74090569826423758
  0.75008224227315723  0.75895582455961086  0.76808098205379682  0.77787748595637285
  0.78784821037918007  0.79869567531544583  0.80985384089091128  0.82081584947490238
  0.83179507227022176  0.84276038403521303  0.85320094194775620  0.86273728160148166
  0.87196920238582143  0.88140794952687362  0.89143819532056590  0.90186329229674200
  0.91238966796527932  0.92280918408650525  0.93255998886042701  0.94276892276016810
  0.95407228759560037  0.96425737265978295  0.97104188061301966  1.00000000000000000
  0.06237779574942227  0.19935591255706486  0.23556609088506175  0.26417243442976124
  0.28536588160911597  0.30353695448480206  0.32105835088960860  0.33738866435640397
  0.35277526394205294  0.36661231120023452  0.38025126735860665  0.39292636424611888
  0.40509605874127025  0.41700940330248543  0.42855900222193011  0.44010980728422566
  0.45179475197763330  0.46300293246679369  0.47371230312557489  0.48436919889069729
  0.49532515548348821  0.50620130437403132  0.51687629310921990  0.52738863073252740
  0.53772388666335968  0.54769680974016777  0.55718715982967071  0.56627118185340686
  0.57506539501709319  0.58368000767191519  0.59221561973026726  0.60084796168910604
  0.60949519053142709  0.61792632996505492  0.62622100430159011  0.63442830491617841
  0.64262490775514480  0.65077587906960288  0.65879075671188236  0.66661816007967845
  0.67425472097887218  0.68177189578900266  0.68880161973898524  0.69512525487376731
  0.70121171364743662  0.70734841386364611  0.71344576448275210  0.71941212280095690
  0.72512840450421201  0.73054302144431504  0.73562240716695182  0.74058743427052554
  0.74566384477893777  0.75070424141813152  0.75561608141956416  0.76041715473976268
  0.76521013084974421  0.76998780937738920  0.77461391193428497  0.77904777820405879
  0.78336500065005499  0.78752159475149464  0.79157210915261911  0.79561013381132839
  0.79970662070929166  0.80391022020967451  0.80825138512142847  0.81242972089481058
  0.81605749572904551  0.81951797594365916  0.82309130467929392  0.82695101426456397
  0.83095132907470259  0.83478214873122170  0.83835639928435335  0.84178962502334342
  0.84511293354830230  0.84859477477540757  0.85222744975824960  0.85605721219898034
  0.86017524177723315  0.86465126301084849  0.86898076862158324  0.87281496025420258
  0.87706949159786141  0.88232175568164950  0.88793333655169404  0.89399555825893395
  0.90048603218240586  0.90753569808454837  0.91451561828109984  0.91880405265001452
  0.91962437340195535  0.92538158179659979  0.93268087858109805  1.00000000000000000
   2.3133929224025499E-027  -1.0000000000000000     
 F F F F F F F F F F F F F F F F T F T F F F T F F F F F F F F F T F T F F F T F F F F F F F F F T F T F T F T F T F T F T F T F F F F F F F F F F F F F F F F F T F T F F F T F F F F F F F F F T F T F F F T F F F F F F F F F T F T F T F T F T F T F T F T F
  <DiscreteSampler_grid>
  grouped_processes
  1 # 1 for a reference and 2 for a running grid.
  10 # Attribute 'min_bin_probing_points' of the grid.
  1 # Attribute 'grid_mode' of the grid. 1=='default',2=='initialization'
  0.0000000000000000 # Attribute 'small_contrib_threshold' of the grid.
  0.5000000000000000 # Attribute 'damping_power' of the grid.
 # binID   n_entries weight   weight_sqr   abs_weight
    13   10   3.307469522290256E-017   5.055332016683881E-033   3.307469522290256E-017
    14   10   3.307469522290300E-017   5.055332016684020E-033   3.307469522290300E-017
    25   10   1.783396366957973E-017   1.349197777109574E-033   1.783396366957973E-017
    26   10   1.783396366957966E-017   1.349197777109570E-033   1.783396366957966E-017
  </DiscreteSampler_grid>
