  0.00000000005559751  0.00000000013688184  0.00000000020036638  0.00000000026061190
  0.00000000032434446  0.00000000039185591  0.00000000046188848  0.00000000053415473
  0.00000000060701479  0.00000000068541769  0.00000000076420632  0.00000000084901230
  0.00000000093654040  0.00000000102331843  0.00000000111721720  0.00000000121398446
  0.00000000131224080  0.00000000141740083  0.00000000152005021  0.00000000162465863
  0.00000000172827798  0.00000000184542539  0.00000000196203589  0.00000000207977902
  0.00000000219807095  0.00000000231713276  0.00000000244222420  0.00000000256813189
  0.00000000269637476  0.00000000282295336  0.00000000295099026  0.00000000308983356
  0.00000000323111288  0.00000000337501425  0.00000000351753631  0.00000000365995240
  0.00000000379487531  0.00000000393274864  0.00000000407602073  0.00000000422453500
  0.00000000437201741  0.00000000451946219  0.00000000466746719  0.00000000481522470
  0.00000000496738472  0.00000000512928697  0.00000000530012139  0.00000000547395558
  0.00000000564533249  0.00000000581483768  0.00000000598444280  0.00000000615284418
  0.00000000632354905  0.00000000649003846  0.00000000666004079  0.00000000683521452
  0.00000000701990410  0.00000000720797923  0.00000000739561713  0.00000000758478391
  0.00000000777568922  0.00000000796806358  0.00000000816358701  0.00000000835903289
  0.00000000855467695  0.00000000875081923  0.00000000896423380  0.00000000919191670
  0.00000000942353850  0.00000000965773720  0.00000000988449400  0.00000001011111906
  0.00000001033861249  0.00000001057619542  0.00000001082012082  0.00000001106989987
  0.00000001132950393  0.00000001161438465  0.00000001193276427  0.00000001227482953
  0.00000001263466741  0.00000001299923460  0.00000001336829446  0.00000001375666897
  0.00000001416008149  0.00000001458410851  0.00000001500182442  0.00000001549164135
  0.00000001608806850  0.00000001674471515  0.00000001744388071  0.00000001823079752
  0.00000001914133036  0.00000002041015304  0.00000002121246318  1.00000000000000000
  0.00963049851900172  0.01570730580473166  0.02383933559947133  0.03321155189264753
  0.04255578462164451  0.05204520576959285  0.06193030690050178  0.07213104676404368
  0.08253210567707012  0.09314531097999831  0.10374412868972122  0.11425885997934895
  0.12458294575135347  0.13469938639041443  0.14501029277091429  0.15553817179786897
  0.16611585981609334  0.17646067627190704  0.18680486026938697  0.19773256241171661
  0.20911662220262822  0.22054389906801561  0.23164053489930761  0.24242454843182662
  0.25291337091524152  0.26336574566861359  0.27405981800236112  0.28460351549054974
  0.29473531049462348  0.30457440003072056  0.31445852351601294  0.32479345735835413
  0.33529503017488926  0.34569283871174084  0.35604260531655268  0.36628573513216139
  0.37663095743389591  0.38666807473066872  0.39645320522519134  0.40595527793618780
  0.41531091040829815  0.42436691421089690  0.43327995350422649  0.44223110298415447
  0.45176523484979897  0.46214675481359369  0.47270077645402392  0.48270586421982720
  0.49264651949916538  0.50298420251991738  0.51412393802154321  0.52512936691554113
  0.53607922480294923  0.54677619882288453  0.55732276955036475  0.56786593127631091
  0.57856066251619598  0.58910978626419752  0.59945358687043582  0.60940711163523220
  0.61967735060971008  0.63051718933977141  0.64193044929682208  0.65297224922870234
  0.66355995662012757  0.67422754671295593  0.68518738058452711  0.69646560996321805
  0.70778452003093262  0.71890268825577319  0.72974402339453237  0.74026434255482809
  0.75057847291155511  0.76099345500280635  0.77152687679718934  0.78200590173096840
  0.79271095102549227  0.80354310157790787  0.81421460518832689  0.82438906134002132
  0.83435499650510070  0.84419369259049948  0.85448581366943088  0.86499021415824306
  0.87551405265304683  0.88577764687493643  0.89588091563326955  0.90634092447146264
  0.91720554825102707  0.92798156975035317  0.93886020327184427  0.94920655065703352
  0.96023832684415744  0.97094755697295232  0.98128229121925004  1.00000000000000000
 -0.00231203489684008  0.01081321939438519  0.02188352506507336  0.03287166261103890
  0.04322427922716508  0.05324796242323541  0.06384888171863054  0.07539605473578456
  0.08659624228978549  0.09765093086447638  0.10860707949018494  0.11989873605556375
  0.13090901252759865  0.14175130100033681  0.15239712675878295  0.16291990015299862
  0.17380234136311137  0.18514751419538747  0.19658291177502210  0.20810641661685381
  0.22021456509555762  0.23186611278011149  0.24291700977539774  0.25414816756420844
  0.26610419152118414  0.27783876414589370  0.28910066017795744  0.30018436313651081
  0.31104041859763248  0.32165453736474059  0.33181039698843789  0.34163178196117044
  0.35141311660513819  0.36194813276312393  0.37288148051705405  0.38374635080180181
  0.39473328219972675  0.40616540810052326  0.41738950397989666  0.42787188065308213
  0.43807239188312469  0.44825444754742105  0.45840162249027222  0.46878021475059012
  0.47937490506662112  0.48993257329892009  0.50016867471316062  0.51029167051190949
  0.52052085510794099  0.53094398606518300  0.54140876070589239  0.55142091508941582
  0.56125537824214933  0.57122014192654713  0.58153624983274821  0.59161477941536600
  0.60132072350741306  0.61105269229024972  0.62112333297518252  0.63136302741307970
  0.64163615710816135  0.65177953550072032  0.66206196656810157  0.67191849371943702
  0.68177083591076748  0.69171125313330073  0.70190946490893757  0.71193383170335411
  0.72149921720158239  0.73104147927875673  0.74124253230297876  0.75162546389681339
  0.76247678978441591  0.77302686511982999  0.78325206905109834  0.79286869097388102
  0.80253855446459288  0.81245561292720669  0.82275014234073984  0.83341013988416834
  0.84416787274841310  0.85486485664006351  0.86573871267379887  0.87653649621053131
  0.88662701621520490  0.89673087255411976  0.90647923534834662  0.91651357130355315
  0.92621527201593434  0.93605361266075437  0.94592498481664589  0.95612354039458047
  0.96692080159461913  0.97799490919114673  0.98901690379323937  1.00000000000000000
 -0.00242022628458757  0.00837362261016036  0.01796215259105057  0.02826264452885669
  0.03935386712630124  0.05049239328382844  0.06179102781524069  0.07256345199214223
  0.08308783182157295  0.09358324251220601  0.10425232686647914  0.11464016731130591
  0.12465829948309970  0.13559187861789454  0.14673522480204768  0.15793094468662250
  0.16932162508732904  0.18107282327667792  0.19245071438474418  0.20302967405674613
  0.21343726909186733  0.22359629892239236  0.23365023730938136  0.24314465747305403
  0.25284503343941644  0.26290142211304474  0.27330367837962116  0.28396907567690466
  0.29488782871809149  0.30605322389486339  0.31696712559166557  0.32769337819016930
  0.33858601197481480  0.34972631358921752  0.36052335301168908  0.37107233790142324
  0.38153159145147469  0.39207205074556528  0.40269510780995371  0.41339418203938261
  0.42345655041211616  0.43282967239106557  0.44206774412098371  0.45167659892587469
  0.46130634943101112  0.47092756076566100  0.48073123604314971  0.49117924906371541
  0.50143374919861983  0.51172502223353999  0.52182134637439626  0.53186191067214272
  0.54193411443461459  0.55207900058480808  0.56210641119192339  0.57222988199734914
  0.58241582674195269  0.59319072046945176  0.60419989660850060  0.61536718488660846
  0.62614171929028450  0.63739890452200954  0.64838823483772157  0.65985876154310230
  0.67076833545587911  0.68175440757694605  0.69271529948079735  0.70437839986487838
  0.71535215682211817  0.72674518668610333  0.73795604071858023  0.74907661265344427
  0.75963828107784725  0.76982944253426155  0.78061705774047474  0.79148632027634980
  0.80171898442207534  0.81164811995831787  0.82130238144781542  0.83146417368336523
  0.84237051991503020  0.85333215268504181  0.86363639757824417  0.87391020740344161
  0.88443703670422602  0.89515753818080168  0.90540127323037789  0.91555875610152460
  0.92702177968743393  0.93833987825436660  0.94990907041376127  0.96072661232261469
  0.97070181516520104  0.98056622116780856  0.99028126756402091  1.00000000000000000
 -0.00274894217592005  0.01039095401797824  0.02142818669982567  0.03171494182853309
  0.04260708047465823  0.05224783382641113  0.06214531039928026  0.07184826841951109
  0.08154999011750554  0.09085886534817891  0.10036849263694167  0.11030742505151281
  0.12090518425555577  0.13154860058374235  0.14225009410996714  0.15293130224454973
  0.16338195738097958  0.17365235804770113  0.18393464369690490  0.19447375887113660
  0.20490066497889503  0.21499829321987471  0.22497072215704939  0.23502591612245424
  0.24523037381858873  0.25557760349318459  0.26633156672253144  0.27733946219003269
  0.28823462847527198  0.29901978548022257  0.30966035470196829  0.32013425477951291
  0.33029156059812864  0.34042965481046922  0.35065283740409892  0.36076274958271720
  0.37101161239227887  0.38118705006187875  0.39116188812421615  0.40092169747757500
  0.41068929389069248  0.42063127659975136  0.43117011311839148  0.44241520662472483
  0.45414923116707517  0.46553091082034559  0.47677401487054616  0.48752650808328774
  0.49812577610217879  0.50810542838320882  0.51782327330169620  0.52720921514457086
  0.53654525149868093  0.54634415250528556  0.55622397029249127  0.56645787092473454
  0.57697853822567868  0.58872282350768157  0.60097737517169514  0.61285417378209628
  0.62429275398893314  0.63588699315148611  0.64778675545678710  0.66043678372577463
  0.67308311770285700  0.68551543514383029  0.69778609136152481  0.70937745376737693
  0.71943233756866010  0.72896858686488775  0.73860012459526281  0.74823931998549464
  0.75769257337579554  0.76696856586153650  0.77692432564374980  0.78749131665012173
  0.79832202150490694  0.80928582015123973  0.82037465456331338  0.83129806220104696
  0.84215052908625332  0.85307585797172880  0.86416355182225058  0.87530685468483593
  0.88640886469755642  0.89752538035978247  0.90842055595067905  0.91902103806902513
  0.92951369438828935  0.93974389674690839  0.94986752483436010  0.96031718833342050
  0.97051783989083096  0.98059425031078373  0.99014075535930679  1.00000000000000000
 -0.00213988125449469  0.00865356865224048  0.01797709372987187  0.02769412741124975
  0.03760869150421836  0.04741925330415114  0.05714970065039812  0.06685070710149736
  0.07684064769310774  0.08720854674083595  0.09769425487191062  0.10828950163152254
  0.11927884147495915  0.13046835698781903  0.14158601123135495  0.15226928791049729
  0.16306267926882667  0.17350235605905667  0.18392803717847078  0.19397091808313061
  0.20356826682571544  0.21326983001902056  0.22292371331205721  0.23261058885712974
  0.24206127070332975  0.25183814547348549  0.26270986223490034  0.27419109329489816
  0.28505521441091441  0.29561176129651179  0.30615057312791583  0.31652502202355981
  0.32701916503963757  0.33825778840817716  0.35005513601751514  0.36158752156614710
  0.37288898304940676  0.38402042362271616  0.39484483332419301  0.40500600534352144
  0.41456853968116553  0.42390099871288872  0.43332165696588898  0.44330848450799748
  0.45364016735487100  0.46454287022802426  0.47589319371500016  0.48700045111925216
  0.49795318653691528  0.50876675564222318  0.51976846055139336  0.53037502903506784
  0.54075107506248499  0.55130864257552492  0.56182854862141252  0.57241139395492258
  0.58291268653262651  0.59352908889894940  0.60417459698621112  0.61437400834752243
  0.62462453553576747  0.63544751338057659  0.64649743091387679  0.65757097016058341
  0.66866703201860467  0.67985376078366144  0.69080881890681078  0.70111316856374695
  0.71132691451148156  0.72166027236178654  0.73237609937479997  0.74378340415034760
  0.75586041073753851  0.76842912022274634  0.77975839142941172  0.79068042716039932
  0.80142175701268348  0.81189642114953109  0.82226351842022627  0.83259257943752885
  0.84382534178377400  0.85466467238023358  0.86541381461871947  0.87591539338516078
  0.88620537315299497  0.89662621325750136  0.90686820704724047  0.91698621462587737
  0.92733842594051730  0.93748299811405011  0.94866666026202451  0.95944112166416984
  0.96990763415209535  0.98025936746731812  0.99026930738991159  1.00000000000000000
  0.00277615038811797  0.11435700608305356  0.17133847803884292  0.21012120927091255
  0.24166525564181035  0.26764744528340650  0.29047147950258784  0.31291838982188802
  0.33517272350019700  0.35512866466455018  0.37342848986769761  0.38991469150280039
  0.40561561211080416  0.42037703839496438  0.43481379133289599  0.44917059451422037
  0.46359327760595270  0.47725725827874471  0.48998228827730744  0.50242415584437805
  0.51507675694555988  0.52740120007291780  0.53921933075132455  0.55043534069512334
  0.56117310489619487  0.57141922441966864  0.58110157471898471  0.59063619204527584
  0.60018983414644744  0.60980226753372646  0.61936120897538705  0.62828635386273735
  0.63674904946984423  0.64496713124137039  0.65320343253231206  0.66118647443171086
  0.66870350052742600  0.67548683813861465  0.68232591351118699  0.68926086955103472
  0.69642701271934682  0.70354835085301048  0.71067438670198446  0.71753035323535963
  0.72430395465849240  0.73081233706954651  0.73712816544864501  0.74329612622254171
  0.74944938803280292  0.75573090773857687  0.76212784950929380  0.76831507468490678
  0.77408231352624046  0.77957479118711248  0.78515816781768177  0.79100200896019190
  0.79694391830286526  0.80290618004458492  0.80855333773422788  0.81409561544580289
  0.81966166242804961  0.82525683507256220  0.83086412217560457  0.83655931072196832
  0.84209203070939664  0.84770667853512438  0.85322860027033132  0.85858277287322282
  0.86383688339222420  0.86906875393357597  0.87443220896488538  0.87937594342044101
  0.88421312977253752  0.88880179722950070  0.89317908551611602  0.89746278382637834
  0.90168742289145754  0.90614729307638198  0.91059735835167066  0.91506178570342100
  0.91956860142038677  0.92407743831007993  0.92858803825094494  0.93312740083119849
  0.93768965763364842  0.94239320758257972  0.94733265710031733  0.95221260307329991
  0.95703826194845443  0.96213794505877748  0.96708926446303367  0.97194347056823938
  0.97674861451019279  0.98123144902141235  0.98565583703417137  1.00000000000000000
 -0.00211158921603782  0.00918780861014486  0.01914955406564606  0.02958799584989023
  0.03967131648295364  0.05004784501591698  0.06085814144472503  0.07242668745046732
  0.08363615149990919  0.09426553013791121  0.10457074414785382  0.11528320112880329
  0.12590007296387590  0.13747915411696732  0.14823374281074253  0.15909576667424960
  0.16910811911755749  0.17898199669670350  0.18932883006333281  0.19975311986033334
  0.20985532991527622  0.21982690099910493  0.22986680458817690  0.24071868742163083
  0.25128783241983843  0.26156387639553674  0.27199763186746817  0.28287300211183330
  0.29385995586846991  0.30492267296773873  0.31506547727474266  0.32473127203213181
  0.33437349230900859  0.34427783242158155  0.35441992707050785  0.36454890115329353
  0.37457880745766287  0.38507387366681678  0.39542400971883168  0.40514578911537363
  0.41478793070286935  0.42500353337846375  0.43571021236173685  0.44583605368305002
  0.45585168049089181  0.46624277805455888  0.47692202137481943  0.48712611512516102
  0.49720710088923514  0.50779356655486063  0.51871833968906755  0.52935175798719347
  0.53976902560813489  0.54974500475731547  0.55972422343421280  0.56939768616422348
  0.57904182822091799  0.58876658082791844  0.59877942683569541  0.60895415319422408
  0.61923795439717255  0.62972208857409628  0.64046379275162080  0.65147912891415871
  0.66233325290527678  0.67327940225863248  0.68431112853844345  0.69543461929485528
  0.70616354135771875  0.71668753064903012  0.72765676987476569  0.73854663439177115
  0.74962559247142757  0.76059249440630661  0.77164304076071699  0.78229136666037558
  0.79294925670852690  0.80403287553604086  0.81541718962209042  0.82650674903848032
  0.83734321481258323  0.84856434211560594  0.86006151626235561  0.87196133439078294
  0.88283681461433250  0.89381333092232895  0.90413775416692632  0.91518742349290993
  0.92532492634813024  0.93545648758036459  0.94584592840767912  0.95632050050524653
  0.96693405530765009  0.97748470927492470  0.98868238025412603  1.00000000000000000
  0.02477899586291089  0.03111844748538748  0.03991344236290391  0.04897678042800407
  0.05844641421819414  0.06841153918050297  0.07927498742947915  0.09051573299687415
  0.10140418086398323  0.11165620398707922  0.12133045169580742  0.13092680813825677
  0.14093514177663705  0.15102031869928906  0.16131274761820794  0.17147149370854550
  0.18159596248067578  0.19169858346815091  0.20181683300054787  0.21195389229231629
  0.22186921897811912  0.23149928513478493  0.24083022424452313  0.25014724054668114
  0.25949002801548171  0.26906941932011885  0.27917590076566573  0.28957543144145725
  0.30046015916808322  0.31165713706317860  0.32278053783075544  0.33363833179572955
  0.34400088032617376  0.35425778364701777  0.36448348461447455  0.37493142520796435
  0.38579505269661135  0.39662489822664565  0.40718023875440779  0.41784439503518511
  0.42904196390415100  0.44035262654185464  0.45113090873387829  0.46185136704568641
  0.47225619999231416  0.48233959949140232  0.49206384720707325  0.50147579153162236
  0.51114523391436517  0.52140824405014896  0.53220136997055856  0.54281097811303713
  0.55299982377291435  0.56319493407470633  0.57367746843292011  0.58423358400076786
  0.59476543979820962  0.60524539330311800  0.61575189209018488  0.62653609121757103
  0.63749446146073985  0.64853680133250269  0.65874897251353293  0.66867108139922582
  0.67858071686364874  0.68888786003273106  0.69920170316896701  0.70940083539988674
  0.72014160228237012  0.73088924370132391  0.74139538573006636  0.75180465384042450
  0.76216276257315474  0.77225226871013741  0.78175663339248558  0.79157619205713559
  0.80139464255177884  0.81077262007915751  0.81962038544109772  0.82854053771500724
  0.83829713371016923  0.84830152738270759  0.85794738093247214  0.86706501370527955
  0.87629388278881948  0.88583987905096484  0.89530719919825785  0.90456894640688279
  0.91411238245413351  0.92442938179564615  0.93512783891080542  0.94571005108208372
  0.95612703300450774  0.96556770934447844  0.97087425563717611  1.00000000000000000
  0.06986324149016804  0.23323295057741886  0.26439365016592142  0.28711632877069371
  0.30608486570612553  0.32284513033563944  0.33824542339054037  0.35269433547502860
  0.36677500578925193  0.38037651042911108  0.39355436397455407  0.40618517176058111
  0.41831507482726638  0.43011895269893591  0.44162418124850966  0.45297420212991890
  0.46443981980743543  0.47582624530392631  0.48714611655872081  0.49805751413249871
  0.50863493450641184  0.51885008809212863  0.52867120826858083  0.53814739487254970
  0.54767321582281769  0.55744758037043673  0.56722643688314389  0.57655373312733815
  0.58549432980402927  0.59448357724508294  0.60350990168718821  0.61210463775816137
  0.62055251502211284  0.62834450420157151  0.63575815251770773  0.64297775451058647
  0.64983585007150046  0.65655656754478886  0.66344195412656470  0.67008024829592328
  0.67660597772352460  0.68295695785085120  0.68915013060889829  0.69514085107485346
  0.70102618574011200  0.70695935453118386  0.71255896094342563  0.71784062443032326
  0.72317225261010198  0.72839526928844045  0.73370103755985339  0.73909869828178965
  0.74457827643966601  0.75009608309671216  0.75537738382807440  0.76039248743277532
  0.76521958372169452  0.76980432602813031  0.77419526495323543  0.77845090003277706
  0.78288465986581424  0.78728972637247641  0.79155166069096439  0.79590642872689421
  0.79996465711851972  0.80387046340542256  0.80786962329375955  0.81209197007459000
  0.81653064683636589  0.82107850984098607  0.82550423910614190  0.82959278494071265
  0.83344934194487552  0.83728902715408227  0.84117071908831331  0.84515786775909940
  0.84921702820437495  0.85314171132073946  0.85703870961051143  0.86098179479326009
  0.86493993594626661  0.86887569148913368  0.87260228717110777  0.87700809641012456
  0.88218376636684004  0.88762682812036819  0.89248776148429387  0.89757439134109673
  0.90229181310049478  0.90686829646451039  0.91165243357313430  0.91839628338987889
  0.92553046595401878  0.93127938869578508  0.93368209492182119  1.00000000000000000
   1.4305705834621732E-016  -1.0000000000000000     
 F F F F F F F F F F F F F F F F T F T F T F T F F F F F F F F F T F T F T F T F F F F F F F F F T F T F T F T F T F T F T F T F F F F F F F F F F F F F F F F F T F T F T F T F F F F F F F F F T F T F T F T F F F F F F F F F T F T F T F T F T F T F T F T F
  <DiscreteSampler_grid>
  grouped_processes
  1 # 1 for a reference and 2 for a running grid.
  10 # Attribute 'min_bin_probing_points' of the grid.
  1 # Attribute 'grid_mode' of the grid. 1=='default',2=='initialization'
  0.0000000000000000 # Attribute 'small_contrib_threshold' of the grid.
  0.5000000000000000 # Attribute 'damping_power' of the grid.
 # binID   n_entries weight   weight_sqr   abs_weight
    13   10   7.575786944038290E-007   1.586980532523255E-012   7.575786944038290E-007
    14   10   7.575786944038940E-007   1.586980532523495E-012   7.575786944038940E-007
    25   10   5.083604332434316E-007   4.364521281452544E-013   5.083604332434316E-007
    26   10   5.083604332434308E-007   4.364521281452589E-013   5.083604332434308E-007
  </DiscreteSampler_grid>
