  0.00000000005651555  0.00000000013212448  0.00000000019145661  0.00000000025872954
  0.00000000033847925  0.00000000038719664  0.00000000042945673  0.00000000047402054
  0.00000000052769492  0.00000000058402825  0.00000000063198606  0.00000000067819256
  0.00000000071740131  0.00000000075096935  0.00000000079381921  0.00000000086426934
  0.00000000092714725  0.00000000101444496  0.00000000112293389  0.00000000123955539
  0.00000000135681929  0.00000000147295975  0.00000000158920306  0.00000000170557165
  0.00000000181632198  0.00000000192353792  0.00000000202803927  0.00000000212744695
  0.00000000222287596  0.00000000232536865  0.00000000244090148  0.00000000256555875
  0.00000000269310262  0.00000000282045479  0.00000000293192294  0.00000000305935063
  0.00000000319573968  0.00000000334267086  0.00000000348978305  0.00000000363792794
  0.00000000378062606  0.00000000392260512  0.00000000406906780  0.00000000422441352
  0.00000000438745984  0.00000000455053479  0.00000000471753141  0.00000000488852236
  0.00000000506050418  0.00000000521834793  0.00000000538579065  0.00000000556146970
  0.00000000573861526  0.00000000591857475  0.00000000611437546  0.00000000631102370
  0.00000000648564161  0.00000000662725382  0.00000000676037249  0.00000000689452956
  0.00000000703351359  0.00000000718237595  0.00000000733848027  0.00000000750121373
  0.00000000768085624  0.00000000789371277  0.00000000811539899  0.00000000833495270
  0.00000000856326225  0.00000000880906645  0.00000000909093061  0.00000000940322636
  0.00000000972664442  0.00000001000492861  0.00000001024589317  0.00000001048833118
  0.00000001073322647  0.00000001098038826  0.00000001123385231  0.00000001153499806
  0.00000001192548828  0.00000001235464177  0.00000001281827402  0.00000001329005970
  0.00000001369981418  0.00000001406871490  0.00000001444663212  0.00000001484911261
  0.00000001534920806  0.00000001627348002  0.00000001722064294  0.00000001815708497
  0.00000001914936398  0.00000002056318666  0.00000002103327657  1.00000000000000000
  0.01019355948311548  0.01363868831886091  0.01843159247988191  0.02574477712028178
  0.03491668830953473  0.04322471129513297  0.05238759367772500  0.06224794416649398
  0.07524360766756515  0.08807037404200606  0.09995437662502650  0.11117383337768635
  0.12263995556277087  0.13471360637456770  0.14648747144066213  0.15761774436349815
  0.16943270525034040  0.18297527661313662  0.19241131449240412  0.20169536902068311
  0.21102836100797417  0.22224305953437168  0.23378920260627295  0.24385961661107983
  0.25294832868732758  0.26141054739401454  0.27092160556608075  0.28266502665522436
  0.29449502086533180  0.30707956259057767  0.32253116384295755  0.34158702044989464
  0.35693348646784623  0.37047461655977681  0.38338764738097270  0.39590192130966839
  0.40742419667155017  0.41803041440080602  0.42833199552577433  0.43742919911259182
  0.44688166774468835  0.45709250499559717  0.46762989250686771  0.47876633015759967
  0.49250471785027333  0.50396818317525605  0.51256917741685881  0.52153976151366377
  0.52956628622232005  0.53677464217528514  0.54327286606101399  0.55057575837383554
  0.55859259940595229  0.56499370775228364  0.57049444379910719  0.57656656938564099
  0.58317348279422854  0.59202310566545491  0.60188524909083241  0.61092007459283104
  0.61836602549327169  0.62478239904528132  0.63295701950850625  0.64184019664780223
  0.65106367693352674  0.66075591252769994  0.67269641347781750  0.68535290084857992
  0.69705902129322306  0.70885549164407013  0.72309990597481888  0.73738830178881698
  0.75374951682659397  0.76879775676594930  0.77980184394380736  0.78961402208138198
  0.79881713372667684  0.80975345667884624  0.82106733984941049  0.83232532308006890
  0.84020200198791917  0.84798686947965696  0.85585002749555006  0.86431665821506665
  0.87242767933492882  0.88080250772259161  0.88945150072958479  0.90029700423784875
  0.91390600457595650  0.92783638568505600  0.94058019764622791  0.95285251197540888
  0.96488577993983760  0.97647137993662247  0.98813145893540788  1.00000000000000000
 -0.00000013433604289  0.00006395829198344  0.00041849320305200  0.00122643594335802
  0.00292235100746906  0.00488215203676520  0.00760031297451492  0.00967474437774992
  0.01181810350425481  0.01513964367871931  0.01964059818981870  0.02488138921370843
  0.03008299205870905  0.03644058006787298  0.04357429180855125  0.05079004957652707
  0.05691707768272202  0.06233134202067408  0.06763327686557985  0.07369499706649499
  0.08070623366161517  0.08829349888284166  0.09657195498031831  0.10529150606580753
  0.11470910907766661  0.12477652726817444  0.13442317685506591  0.14455093849550943
  0.15550600511248661  0.16757119174559448  0.17964751343711072  0.19048970215115207
  0.20097636901355656  0.21107315831957729  0.22071222856601747  0.23153886168189919
  0.24223685708438203  0.25210585854538420  0.26132080653943934  0.27077886476274410
  0.27986122530539637  0.28927690053721922  0.29829684047969424  0.30843487712437434
  0.32096072020606492  0.33338993769862968  0.34569465160758395  0.35828486682134209
  0.37109884465529930  0.38355994477706185  0.39688129907334452  0.40871344969834517
  0.41879218260549689  0.42815770158985211  0.43776496185742703  0.44697741195450191
  0.45509776790630740  0.46412577451259596  0.47500301889730867  0.48512136791052807
  0.49454066765703314  0.50361848942571585  0.51238749561989794  0.52078561222480491
  0.53020977520913737  0.54057286193458898  0.55241304141417102  0.56515570286238315
  0.57847187943724021  0.59277024550962543  0.60822135828384105  0.62355078852636558
  0.63572682483879139  0.64651279309329512  0.65631755476817955  0.66703680080915562
  0.67828086076903515  0.69165255912447487  0.70668162461234818  0.72299364279826861
  0.74055052942171973  0.75828449924152341  0.77485817584545247  0.78955742412755048
  0.80407972376153547  0.82086804431775240  0.83924014109956824  0.85820040262944675
  0.87685375353711481  0.89474399495652635  0.91173065986251545  0.92744155176921095
  0.94297296378237361  0.96028164013674810  0.97950944557587716  1.00000000000000000
 -0.00290469310752649  0.01186980429177711  0.02453524519076314  0.03614254288831660
  0.04662905983922445  0.05479013266046345  0.06309064775507808  0.07159796125387426
  0.08093638721023505  0.09096685649694096  0.09993902924997804  0.10922379381094938
  0.11867275142563152  0.12877273366024788  0.13961066878432124  0.15117204828802128
  0.16456529213538124  0.17773627966571418  0.18880496563459659  0.19862487006720642
  0.20896867993518431  0.21737805718518477  0.22516649941259134  0.23267340725315017
  0.24101222003046807  0.25289459767408745  0.26654475614650208  0.28136258071801851
  0.29674230968409204  0.30866068733634872  0.31918629531007608  0.32925819182647392
  0.33938055862666999  0.35115572429730946  0.36675275805105628  0.38274476563618909
  0.40241437315960410  0.41928911260479923  0.42772516046648373  0.43416212441183444
  0.44039927769381465  0.44750920632877961  0.45596438130755090  0.46463552725151908
  0.47254162861920546  0.48303030266825492  0.49808407377521885  0.51429424210601316
  0.53023625317272960  0.54438671815162254  0.55618473541181446  0.56675233583777596
  0.57722123419833926  0.58768670402600820  0.59739895284134970  0.60637505690989335
  0.61507604705078045  0.62384790532992695  0.63109885319789605  0.63869554828049047
  0.64734548519660440  0.65666795000536970  0.66439990601964793  0.67203635049815547
  0.67976669094973230  0.68781993359642357  0.69625181380384316  0.70558461732258992
  0.71587624713259967  0.72707923541790065  0.73846981772967524  0.74723999926966911
  0.75592567561091462  0.76566818341382004  0.77513253922543845  0.78309678268166694
  0.79390160011323940  0.80939007759385562  0.82311255943234318  0.83244895356733806
  0.84227708220472408  0.85307814721235542  0.86426141986556848  0.87643986053613110
  0.89050098535409927  0.90424074813698962  0.91733918034433182  0.93048984628029696
  0.94540542700746355  0.95874930251319745  0.96811280274395972  0.97549768655141944
  0.98214046614535266  0.98801241225240422  0.99409691730708960  1.00000000000000000
 -0.00140263793092950  0.00604410091354900  0.01369111304916071  0.02064573951139507
  0.02735862531416509  0.03510030071745551  0.04428737504778846  0.05517481376686331
  0.06448314957981315  0.07104929129264233  0.07679427159315892  0.08265425342373718
  0.08875432572197474  0.09522882963128362  0.10349386994619350  0.11182586288555564
  0.11852726298519374  0.12552210886642398  0.13471023086660183  0.14418368081521482
  0.15297841828130035  0.16240085347711999  0.17278967172650442  0.18381755622827350
  0.19543486599576296  0.20790226922184249  0.22193141798039687  0.23526115481682525
  0.24780314995673577  0.25920875636405444  0.27084700757730079  0.28275409493505099
  0.29504153313655646  0.30763107281521007  0.31935830935835952  0.32961150533883932
  0.34066264889571379  0.35220107977119913  0.36583439484215280  0.38049678988379565
  0.39477499901799534  0.40773955919896548  0.42368259952879539  0.44090464682967462
  0.45594736646027023  0.46788359893933612  0.47896114688276398  0.48958884259398139
  0.50000570685273216  0.51088182667246407  0.52329503519180431  0.53720068404652488
  0.55044879625192389  0.56286816980334864  0.57850432126199591  0.59650790966017408
  0.61134804912050356  0.62310095676030086  0.63194082148202246  0.64010348983853904
  0.64798179578619153  0.65730025860803887  0.66833466251241314  0.67899652437723723
  0.68910173489942717  0.69996601771793154  0.71352119831909089  0.72298345528632391
  0.73373318084112948  0.74573796846206331  0.75806047120685793  0.76805011002070467
  0.77638000915788286  0.78476246320730936  0.79417133009602447  0.80266989832747382
  0.81003650248355696  0.81690248471103111  0.82436631843519448  0.83210344929260838
  0.84150641776892599  0.85081670046394664  0.85932687521279805  0.86872877383322678
  0.87917897682086676  0.88742512300274734  0.89442656940409770  0.90298059478674086
  0.91226597332814330  0.92344611822964995  0.93569013139590640  0.94868691899348911
  0.96207623577748147  0.97482578647844242  0.98758919640493414  1.00000000000000000
 -0.00233662330728783  0.00743187273456684  0.01691965720316741  0.02853798331561715
  0.03938354139229525  0.04760132501027542  0.05516289716716016  0.06317728010769713
  0.07543866899597025  0.09005355542342861  0.10274725381697840  0.11402976764828990
  0.12509039565564289  0.13561108037594119  0.14716292188727187  0.15988913578079691
  0.17046287591864312  0.17988601261488185  0.18879763528186488  0.19733314743369657
  0.20588647551772749  0.21498838324712463  0.22285672203826809  0.23206007325128253
  0.24490015745312232  0.25670851151477991  0.26607144108933373  0.27362093033001006
  0.28058983848816627  0.28736086104541236  0.29925203646535808  0.31014875867434810
  0.31994604217902006  0.32975343974928378  0.34063417268291862  0.35209583944078476
  0.36275700369052649  0.37353734563281432  0.38513429741926636  0.39715344751778048
  0.40900977161712315  0.41904387303856355  0.42804810324768122  0.43861522663455588
  0.45009708379483704  0.46310076044236592  0.47463140271342219  0.48863822144064190
  0.50306160475234929  0.51744082975211314  0.53092087874420990  0.54324327594892097
  0.55167393251742403  0.56080070211823518  0.56912419173862960  0.57818847666937534
  0.58822241171057488  0.59785790263875593  0.60826468963717506  0.62152002250128235
  0.63816889765820806  0.65234013063025142  0.66488640629727247  0.67382731969394716
  0.68449026116639911  0.69339762572548425  0.70151493119924524  0.71043618775456940
  0.72043429697568351  0.73031770503821691  0.73922511220987230  0.74715698715303636
  0.75204242749206285  0.75740351283523788  0.76258087400281294  0.76968724008767564
  0.77887021382683441  0.78682109957939117  0.79606894946215678  0.80960116859505105
  0.82462934535590637  0.83734179916419227  0.84807715394799965  0.85826038410823213
  0.86838359876958626  0.87829979153464710  0.88900109849082554  0.89939816586079657
  0.90873330514312478  0.91743102028315515  0.92604638702935949  0.93716866877748572
  0.95173034353297503  0.96618433727510733  0.98042786763692891  1.00000000000000000
 -0.00022840836443145  0.00947108074105774  0.01428254672874841  0.01685988941035998
  0.02009874714910753  0.02312956941842855  0.02641533217791071  0.03032554873317709
  0.03515385814301987  0.04048979437370116  0.04675989694655596  0.05113026741113615
  0.05417602344803392  0.05679795851258118  0.05933503251130832  0.06201721775104779
  0.06512181829996962  0.06879025526119921  0.07320613012247601  0.07835183028032690
  0.08400243102186579  0.09027376290113873  0.09523939077804303  0.09943372943525094
  0.10287405428343946  0.10721916039157597  0.11241437770374370  0.11715770478563660
  0.12164024709394909  0.12592745767911914  0.13033669622354771  0.13503030248118003
  0.13995988557374717  0.14551415485044944  0.15108595787364038  0.15606883372900737
  0.16060073237312156  0.16480267340040794  0.16926168361357513  0.17366204978274655
  0.17815580659980837  0.18248284928711428  0.18638143614172797  0.19105444222023013
  0.19635822730022515  0.20303830410666004  0.20922727390738444  0.21626381823136090
  0.22339625994641565  0.23118897246060044  0.24003202523201361  0.24809685903439840
  0.25470247035324539  0.26186484899710932  0.26989030508344047  0.27859282041754724
  0.28804779797713559  0.29631832129871877  0.30443922162175341  0.31277742319109758
  0.32211293875401142  0.33254705915657373  0.34306540170667676  0.35326109145952478
  0.36324930583663712  0.37405108005097965  0.38421849542348158  0.39372002926532496
  0.40318240832446567  0.41246297968228984  0.42278068646865014  0.43140646934825116
  0.43794488465273046  0.44538968570498844  0.45250433617137692  0.46019939555112538
  0.46861992060386204  0.47765738701951793  0.48753663424146471  0.49757429288466720
  0.50740624179838911  0.51791317740898024  0.52866896132608943  0.54278404520479040
  0.56452432968670607  0.58999579550170989  0.61216396002313811  0.63392450886470952
  0.65504661483578852  0.67847356345324683  0.70426871027585181  0.73846827958026895
  0.77806180253928681  0.82247034930389429  0.88323877556805375  1.00000000000000000
 -0.00451745896726942  0.01446915789338419  0.02779345704305970  0.04005712723046798
  0.05130510803425786  0.06073826011393089  0.07005924662928531  0.07901845731912296
  0.08958624919072797  0.10202201939966879  0.11415471219923433  0.12624754329572932
  0.13703905520761697  0.14708656266310577  0.15666987060895787  0.16807316652855797
  0.18155645400457104  0.19625885566451287  0.21077053864429651  0.22420604586646081
  0.23748028169350638  0.24910347470378821  0.25666186632371635  0.26381048479723807
  0.27357938944296534  0.28334325976341929  0.29336875187672062  0.30304717825281996
  0.31038731732904984  0.31825618238061149  0.32790291507905933  0.33749191176756510
  0.34696231216561896  0.35635760878351430  0.36777081342367451  0.37881194891370218
  0.38626290447284278  0.39293659508670392  0.39915262101680499  0.40572211068126718
  0.41253459793780689  0.41988134339005589  0.42779020363419601  0.43641931062288508
  0.44530980057379760  0.45379406336237449  0.46491367061651395  0.47608780654458460
  0.48633335603181305  0.49517921081164773  0.50549002524727926  0.51758416861392331
  0.53058284447734949  0.54322877488107624  0.55498545439612978  0.56673389898977899
  0.57792967291657549  0.58758614141498555  0.59598789618262460  0.60538476805985708
  0.61588679705662230  0.62681309750833847  0.63729737699975963  0.64718834636700395
  0.65680983900829426  0.66763274197654376  0.67822508396907655  0.68823753871055338
  0.69743442433786074  0.70658114813099060  0.71835522576399646  0.73213138194722338
  0.74429310149662997  0.75640955502809315  0.76878713468801085  0.78009710682983047
  0.79148637873174743  0.80313760107114407  0.81545648013575478  0.82745256577847415
  0.83888216078846445  0.84907744810872554  0.86049245469799163  0.87156698604267069
  0.88044856792552317  0.88929201999677865  0.89905346549476628  0.90958509306575430
  0.92002043812777157  0.92881523786355535  0.93697454771911381  0.94618994028159920
  0.95664430257385802  0.96696292197024036  0.97905320225275183  1.00000000000000000
  0.64439436437440933  0.68187297532261815  0.70546412903882783  0.72528409271892913
  0.74200074177824793  0.75511499296219886  0.77042188245233123  0.78516217075527039
  0.79960770319558339  0.81163476068755680  0.82119400604772697  0.83131562385115720
  0.84237272306104261  0.85205857869681967  0.86013488035231900  0.86805687082803284
  0.87588578481429469  0.88279284932950608  0.88903753785388318  0.89448341852707347
  0.89872851942249543  0.90240629447886489  0.90611694976060408  0.90962953322610973
  0.91305251882318839  0.91676773573855219  0.91974188152480663  0.92239201150268602
  0.92478937523126414  0.92722274392596238  0.92976999118396864  0.93229973983237602
  0.93454931707718747  0.93668239357410032  0.93855606110541190  0.94030646942979268
  0.94212383328348026  0.94396948326409236  0.94562397737831438  0.94715942856854840
  0.94873361468194384  0.95032706031615111  0.95173977716528080  0.95289073276846459
  0.95389392925936067  0.95492936784099558  0.95597932260265395  0.95699750839524489
  0.95793100210239712  0.95877423891727209  0.95952387855072063  0.96022385074558469
  0.96090533851131998  0.96159850046417494  0.96231951261987392  0.96306130707759763
  0.96372870061887805  0.96437373288485817  0.96501268667685169  0.96561270515693520
  0.96619823106855374  0.96677082372984513  0.96723384178981264  0.96769292126554984
  0.96814968452356909  0.96857401764182038  0.96898680987292840  0.96938578358706351
  0.96983965780729675  0.97037843339303320  0.98107547976365928  0.98175894143422149
  0.98207956539577368  0.98237643228299132  0.98265624200924651  0.98292451907421707
  0.98322168298963375  0.98353304164664668  0.98384587790923805  0.98416379343019944
  0.98448646028581088  0.98493863710264995  0.98542333189748421  0.98592451573218065
  0.98652867250216913  0.98719672189128560  0.98790245984665981  0.98866758297193280
  0.98952926810595898  0.99047133574785173  0.99142067692824509  0.99252765518788189
  0.99381343493442609  0.99524574887170025  0.99716900126750840  1.00000000000000000
  0.09443553620384020  0.14891449639892007  0.18007096880237217  0.19934903859134120
  0.21408243073790387  0.22754230983021956  0.23702066482378525  0.24601358166667417
  0.25444908180579867  0.26244696496315012  0.26932656373122649  0.27553805472006659
  0.28079817601824741  0.28528820327167514  0.28990707962228957  0.29468903799432500
  0.29924072525211920  0.30424028477610987  0.30974127320479661  0.31574135359264283
  0.32229608341960891  0.32905444119634530  0.33745116580887702  0.34662710495594745
  0.35472875746395882  0.36158698920924565  0.36816729368565115  0.37472291429780358
  0.37997252948221366  0.38570554220845277  0.39267407079540162  0.39974744683778179
  0.40665869638285346  0.41411281549906992  0.42250124664793209  0.43087439626359020
  0.43767142918959828  0.44311783343402622  0.44794385114121105  0.45252853696005724
  0.45704241995606348  0.46156943563456515  0.46597076509334667  0.47022759855344776
  0.47454196764012058  0.47910421855686114  0.48372851416084056  0.48844364173702187
  0.49329109127440535  0.49756550481397971  0.50325666239343658  0.50914943424190129
  0.51482697349095385  0.52147198812692463  0.52847108254340291  0.53535765381188816
  0.54194010549479987  0.54821893041517633  0.55423576989710821  0.56021819676607010
  0.56651092056938457  0.57299093445475235  0.57912141474349510  0.58472281406852156
  0.58946897080013316  0.59418233764899997  0.59924706873030464  0.60454310924261023
  0.61049633471854547  0.61714076208493118  0.62409130817857550  0.63121867896534667
  0.63868272906373347  0.64520109687180027  0.65189391796820051  0.65879001240946322
  0.66612805958629173  0.67459667445125582  0.68327532707436023  0.69359761131001352
  0.70548005512849377  0.71671833816928288  0.72603411469872792  0.73149153944413470
  0.73520866473582980  0.73984215539027121  0.74453017044855396  0.74944093028205949
  0.75575391780793266  0.76377176854873563  0.77300985294918600  0.78091001655209191
  0.78704430809280146  0.79485052721559424  0.81509094076602873  1.00000000000000000
   5.6370969493022321E-025  -1.0000000000000000     
 T F T F T F T F F F F F F F F F T F T F T F T F T F F F F F F F T F T F T F T F T F T F T F T F T F T F T F T F T F T F T F T F T F T F T F T F F F F F F F F F T F T F T F T F T F F F F F F F T F T F T F T F T F T F T F T F T F T F T F T F T F T F T F T F
  <DiscreteSampler_grid>
  grouped_processes
  1 # 1 for a reference and 2 for a running grid.
  10 # Attribute 'min_bin_probing_points' of the grid.
  1 # Attribute 'grid_mode' of the grid. 1=='default',2=='initialization'
  0.0000000000000000 # Attribute 'small_contrib_threshold' of the grid.
  0.5000000000000000 # Attribute 'damping_power' of the grid.
 # binID   n_entries weight   weight_sqr   abs_weight
    13   10   4.123535537690018E-016   1.659886516498744E-030   4.123535537690018E-016
    14   10   4.123535537689970E-016   1.659886516498705E-030   4.123535537689970E-016
    25   10   5.662184233007451E-016   3.154539043362285E-030   5.662184233007451E-016
    26   10   5.662184233003809E-016   3.154539043358192E-030   5.662184233003809E-016
  </DiscreteSampler_grid>
