  0.00000000023930665  0.00000000037383767  0.00000000043391307  0.00000000049324911
  0.00000000056610353  0.00000000064418677  0.00000000071246126  0.00000000077859292
  0.00000000084673862  0.00000000091527807  0.00000000100035061  0.00000000109764803
  0.00000000119267937  0.00000000129799407  0.00000000140014551  0.00000000150300276
  0.00000000161901190  0.00000000175721953  0.00000000190300472  0.00000000202889646
  0.00000000213840050  0.00000000224918991  0.00000000237984755  0.00000000249890416
  0.00000000259385302  0.00000000267349652  0.00000000274566222  0.00000000281954484
  0.00000000290101517  0.00000000300936070  0.00000000314445004  0.00000000327563434
  0.00000000340364764  0.00000000353176798  0.00000000365884169  0.00000000378089776
  0.00000000389628111  0.00000000401575191  0.00000000413419456  0.00000000425742218
  0.00000000438881553  0.00000000453726033  0.00000000469287422  0.00000000485652661
  0.00000000503535684  0.00000000522650745  0.00000000541882935  0.00000000559308482
  0.00000000576167850  0.00000000593325946  0.00000000610292913  0.00000000624822141
  0.00000000639763685  0.00000000654293361  0.00000000668790550  0.00000000683972370
  0.00000000704357807  0.00000000721507372  0.00000000739969042  0.00000000758855383
  0.00000000777811510  0.00000000798823950  0.00000000819597500  0.00000000839786467
  0.00000000859276254  0.00000000881418480  0.00000000902423934  0.00000000924022897
  0.00000000947092574  0.00000000970139681  0.00000000992296635  0.00000001015485345
  0.00000001038042077  0.00000001060722695  0.00000001085478671  0.00000001116339073
  0.00000001152574003  0.00000001186502880  0.00000001216849812  0.00000001246952844
  0.00000001278954558  0.00000001313351473  0.00000001348085761  0.00000001382598826
  0.00000001419341422  0.00000001457901761  0.00000001506712672  0.00000001554180747
  0.00000001617355432  0.00000001696431616  0.00000001787278295  0.00000001892010505
  0.00000002010948210  0.00000002215592355  0.00000002369738054  1.00000000000000000
  0.00840181814708568  0.01917091493612659  0.03080029912018646  0.04074036906348091
  0.04942290400347777  0.05798630173148454  0.06900080094178075  0.07774107174718284
  0.08656374918620033  0.09527666136002978  0.10437373920043858  0.11565386235450811
  0.12740991280858388  0.13815603037919366  0.15008939721414102  0.16184567434658231
  0.17574247146814900  0.19168359413014582  0.20840097598327004  0.22412027819801808
  0.23611517969649939  0.24494047958665810  0.25322925917212430  0.26122675861171823
  0.26918068743582924  0.27675464380561743  0.28396337929952792  0.29136917676742180
  0.30090407383627621  0.31127575284228176  0.32088127563484820  0.33018691008373430
  0.34107342192549583  0.35211505651255470  0.36138737616457145  0.36971900698193660
  0.37865370761162015  0.38752758067926096  0.39566965279195560  0.40244300566931834
  0.40943302853604591  0.41791120085733585  0.42730090759198164  0.43569579390278290
  0.44295606937751369  0.44904624772944102  0.45613603578307349  0.46535893781761345
  0.47773276054603098  0.48925403490154207  0.49634834464107536  0.50343537774068248
  0.51121967595822604  0.51982099408082172  0.52863466057738184  0.53622734632912794
  0.54581481282609912  0.55617546675989227  0.56525361072854008  0.57352318883694420
  0.58354899143778782  0.59498624419440671  0.60707971879579015  0.61770624471236490
  0.62928982791687493  0.64212505682501353  0.65480666770982821  0.66844147840077017
  0.68546816797120647  0.70297566524971788  0.71910729764949111  0.73090721161759720
  0.73699821746536986  0.74429345549235193  0.75231235292487908  0.76168808067524474
  0.77332903104718642  0.78325049124165924  0.79206856938735593  0.80329269885001431
  0.81914683032950963  0.83529210922023456  0.85053657272816829  0.86260116645396701
  0.87373925124273888  0.88468512908062613  0.89716319502219877  0.91299509293559211
  0.92830270485157917  0.94166066925342329  0.95305781309970539  0.96314095482614470
  0.97226081506671769  0.98194001452426205  0.99125686300576143  1.00000000000000000
 -0.00000018181216338  0.00006977859702362  0.00053437089511769  0.00154620275114332
  0.00374549750429527  0.00661868155304427  0.00973416729009118  0.01291532366640238
  0.01622834858936298  0.02057967563173599  0.02576365905922158  0.03176590159465496
  0.03766523900967565  0.04429956194916491  0.05044457201979099  0.05587424457390039
  0.06113703275539383  0.06663159205430433  0.07223436609629760  0.07760021108797363
  0.08265815234979820  0.08862184508613714  0.09575637416093553  0.10302901480648385
  0.10953120488824358  0.11618244232552853  0.12340182562254176  0.13225873438451557
  0.14313652290426473  0.15451578463313087  0.16526023468722215  0.17482628476440934
  0.18357060869581110  0.19206922674602006  0.20140559848181985  0.21158149556111125
  0.22116298874989118  0.23041275560676525  0.24013914823236610  0.25120553635434356
  0.26266846014294715  0.27265386508865957  0.28220760893043784  0.29095474206438093
  0.30470498914872751  0.31947365609667228  0.33375547443698356  0.34705786017472462
  0.36004310828918362  0.37373621240868976  0.38782134959593617  0.40189074028328320
  0.41563869262274439  0.42888401479905341  0.44014116851435137  0.45104482072333746
  0.46219332082527975  0.47376660061440146  0.48495623839498403  0.49557127936488554
  0.50615159329910364  0.51787508186234277  0.53354263945500291  0.54934706938615618
  0.56447796209951417  0.57956765891491280  0.59362273682814104  0.60672259093241310
  0.62008062834875288  0.63327495030616388  0.64584055771501425  0.65854710774061531
  0.67303145169178336  0.68796379348013592  0.70358415770148774  0.71809461841318878
  0.73271631938085802  0.74784236030460705  0.76005342769346296  0.77297507631804441
  0.78672049702585767  0.80056730875562443  0.81457072777549377  0.82850466234105291
  0.84189604405584029  0.85595438380713995  0.86986019388632074  0.88354621668148170
  0.89703125592836352  0.91007394614302239  0.92379336431333114  0.93875880793238531
  0.95443876769440206  0.96998381328813443  0.98516590610593469  1.00000000000000000
 -0.00175765121492912  0.00822246872815531  0.01559528622018950  0.02375841968900131
  0.03448397966564840  0.04610018005579681  0.05672256712446099  0.06652664934991617
  0.07581458626524749  0.08308028673011082  0.09009838364518062  0.09799504247895768
  0.10708926582534010  0.11599652440263830  0.12525763901226836  0.13499735292803766
  0.14552621368538846  0.15634978937647848  0.16771540360699327  0.17917592352023043
  0.19040086369914316  0.20035965908749961  0.20948598719073028  0.21828147663523706
  0.22566457694045089  0.23217541894740673  0.23828880315227788  0.24465204531027390
  0.25390195841437802  0.26733303567331906  0.28138842252173912  0.29569522481948363
  0.31163004715877307  0.32911307284486585  0.34388625385493182  0.35737057345571405
  0.37002865679669161  0.38084505245803002  0.39238611759124081  0.40277897772458948
  0.41560131977507742  0.42727595476591906  0.43816619679144819  0.44752471636313573
  0.45663053823667471  0.46619154624055475  0.47663029819574748  0.48822358771837859
  0.49953871220695767  0.51030799908307745  0.52002002178059747  0.52855882170372037
  0.53792573640194941  0.54736258525474313  0.55677014342509890  0.56396064462284612
  0.56956354931393971  0.57518667043884664  0.58107142734028094  0.58699769859942408
  0.60279498925535135  0.61603674511034245  0.62745728098496290  0.63826691027975446
  0.64915159924463095  0.66067243036946410  0.67152071149333281  0.68258575535563382
  0.69193117329593501  0.70152912926308753  0.71125022251360048  0.72329005430569882
  0.73607057708332491  0.74979078806966215  0.76158329811521763  0.77348106309353382
  0.78548603412166629  0.79570528425894460  0.80601982906461078  0.81632524345519830
  0.82582897814804423  0.83443510746456884  0.84251121876571411  0.85001168395951310
  0.85762516678299172  0.86750619315181754  0.87831446596925644  0.88892010620560791
  0.90128787732898730  0.91453556164797145  0.92670721196197281  0.93812211928438161
  0.95123742102399411  0.96473142005709289  0.97922208352381523  1.00000000000000000
 -0.00203692691824650  0.01076444295413654  0.02134567893582079  0.03373511541204000
  0.04459256506759419  0.05611022321975679  0.06544087944539349  0.07461457685601858
  0.08388812536229036  0.09363524574315475  0.10315572033531265  0.11366063003731681
  0.12637772608770823  0.14003878532756425  0.15559537105127974  0.17045789972297612
  0.18302753031954683  0.19439412585956561  0.20459363513982673  0.21296256880010983
  0.21950540884849934  0.22486391101808659  0.22997758271919400  0.23549119746199371
  0.24328993639902716  0.25248673612080963  0.26090083534095648  0.26866580627197650
  0.27675356058654038  0.28617397658515570  0.29681218475118304  0.30824599088477611
  0.32130281127693266  0.33326615376602170  0.34411965349884860  0.35419545617029213
  0.36426780176882040  0.37384150853081882  0.38560492403808500  0.39741787497677339
  0.41021334366431111  0.42440593481384936  0.43766687530274229  0.44881841179599558
  0.46041889281754872  0.47274408029732867  0.48464692479806326  0.49585548715841321
  0.50650038931685248  0.51573319937310658  0.52900649548657852  0.54555351682312569
  0.56109222281868631  0.57435534170671976  0.58476575905669759  0.59352905666336320
  0.60224065433429141  0.61189714113512284  0.62220795623569414  0.63084122181444169
  0.63950046479687317  0.64926661326600577  0.66922426545071656  0.68369773887363938
  0.69425684086127670  0.70240084849594475  0.71072858919781456  0.71921201019206660
  0.72749997815472545  0.73658389756385145  0.74491643982933387  0.75351888177785664
  0.76315909948923377  0.77244580429763177  0.78292439678776893  0.79133810503640134
  0.80524323332039727  0.81734737534224122  0.82829251073412136  0.83789187887987004
  0.84619134624223691  0.85669348933127831  0.86804496425652544  0.87890704113486695
  0.88899325209961555  0.89961569796587038  0.91298888415016044  0.92535980856913502
  0.93758030737747011  0.94776119747345455  0.95592554328568902  0.96375629593278400
  0.97166591708875261  0.97981789927271956  0.99008557918132389  1.00000000000000000
 -0.00205236014903663  0.01013574870696268  0.01938161800414269  0.02835467468695160
  0.03684824110533379  0.04519712029144408  0.05157405477098657  0.05844322685542517
  0.06716117424443914  0.07771136331683827  0.08719778581490845  0.09644613640477004
  0.10581846547222788  0.11843535271614417  0.13221730189683398  0.14725454636866578
  0.16545641650945342  0.17518905830501816  0.18414151290939523  0.19257067861996027
  0.20149356361602527  0.21050805755781846  0.22132739263842430  0.23488399950107966
  0.24740918138611240  0.25760729305809216  0.26631756513562299  0.27436983058620446
  0.28144482571559987  0.28874331447624307  0.29713879990251807  0.30756289704961709
  0.31891724789273124  0.33097546121893767  0.34099916889353721  0.34965052091631310
  0.35865194521986338  0.36709765987388232  0.37492546760893408  0.38387064534994142
  0.39368951551523035  0.40770865665415357  0.42308564372948165  0.43672127904527225
  0.44800544411713389  0.45861850529146442  0.46972357665535208  0.48086609326722296
  0.49305283900664604  0.50531236165955984  0.51768185352140939  0.53003379779676441
  0.54149603131143897  0.55193230780501645  0.56299222399597271  0.57387190481880657
  0.58184874627882088  0.58994114425508382  0.59856984613696074  0.60893911003720558
  0.61999660827257530  0.63016215566258726  0.63934993469645152  0.64866069244041835
  0.65725554943715869  0.66528864139740651  0.67500671092965869  0.68759855483803467
  0.70068830669493987  0.71167443780870820  0.72024027293341597  0.72953503024630173
  0.73963760491435016  0.74870978121092147  0.75910389389797228  0.76840506945760423
  0.78508670566801719  0.79827308870254277  0.80886357529036934  0.81821052443650799
  0.82553282162276997  0.83375409885175789  0.84238995710719911  0.85063223042344183
  0.86541222171906318  0.88157942661973454  0.89659046249729613  0.91038198081373400
  0.92445135689902636  0.93926900877895481  0.95054353757977939  0.96074207784939880
  0.97104122032244411  0.98090408802507700  0.99049759056447262  1.00000000000000000
 -0.01280102465948194  0.09977817575052908  0.15622732635785408  0.19584594823172410
  0.22920961062607298  0.24935114373242481  0.26631390492299656  0.28283895152809296
  0.30200726026840308  0.31783330762053935  0.32897896126186882  0.34141132374155825
  0.35579395070616349  0.37009333540048156  0.38359476743935711  0.39948908639107295
  0.41744857110189088  0.43776332043053212  0.45704562378962210  0.47188164024308321
  0.48240002682744937  0.49090436312063890  0.49881798655864740  0.50697116351786264
  0.51705051055046136  0.52779757926829018  0.53799446140222240  0.54634358231048097
  0.55356750472444549  0.56190354741646509  0.57171808351088838  0.58446462788417042
  0.59731973661133897  0.60806019328926109  0.61792798693913376  0.62834663156607440
  0.63960545815159819  0.65043965310547613  0.66027690500956560  0.67043689518963712
  0.68114844285956377  0.69078667726698562  0.70050506616880470  0.70975310490046417
  0.71855427359101864  0.72737312571407142  0.73623503036592419  0.74427477634885020
  0.75174352942303546  0.75874528480182013  0.76550549979541127  0.77256764035186298
  0.77978562252104955  0.78697436473448479  0.79465353548131024  0.80288500072175251
  0.81093103399509681  0.81864699302443256  0.82597703791292509  0.83322910021971641
  0.84028807636963732  0.84680992225248408  0.85348662372444084  0.86026400219726051
  0.86673365444081030  0.87305905956830199  0.87897544814200446  0.88463240426265455
  0.89039647158083168  0.89656115095144751  0.90287141949852279  0.90913911436101669
  0.91525603537749656  0.92016636333715496  0.92404700942047246  0.92812295813943946
  0.93213950754334041  0.93602782979082721  0.93931423274420967  0.94247344739969963
  0.94565210811046374  0.94887855624518480  0.95196937997223485  0.95512842216636906
  0.95809217282420522  0.96095670450066450  0.96409703908814948  0.96794654043048090
  0.97237963206476485  0.97674241379614291  0.98066868068601776  0.98352614659705706
  0.98607324091484438  0.98917780451008952  0.99387710214602809  1.00000000000000000
 -0.00316591177788124  0.01138115003101706  0.02493625323866314  0.03931634004994519
  0.05473727509958777  0.06976281577736128  0.08289344745334301  0.09459512933039865
  0.10568752136268310  0.11491437640318365  0.12542344645372142  0.13649153215243320
  0.14996448949533009  0.16082946260562303  0.17117236174039310  0.18013543113686481
  0.18862614641864558  0.19827442713430907  0.21063085919381097  0.22255801986325574
  0.23226719062643081  0.23984922777926729  0.24774105012369388  0.25717346744745428
  0.26797739078360938  0.28212022367087419  0.29425856638046466  0.30517801249746762
  0.31611304802200291  0.32776146919747656  0.33861617785693565  0.34875792583269460
  0.35867017738487234  0.36769043281493596  0.37629790304998584  0.38354278983323187
  0.39094958112381584  0.39937175843980360  0.40809216765146422  0.41668265047316655
  0.42554373763607251  0.43506743971394785  0.44617207325005476  0.45892201169661551
  0.47128568855153996  0.48134039602198736  0.48940246977499408  0.49744027793503648
  0.50573394746075584  0.51352536438438656  0.52188802976788473  0.52963418462620626
  0.53778089427135400  0.54598704178833957  0.55525443963717058  0.56438213139778626
  0.57396652135996740  0.58432012443635239  0.59500855559835308  0.60598129103415899
  0.61462234324550513  0.62153665145975967  0.62906421061144091  0.63827597577990358
  0.64845474646592172  0.65651407918933835  0.66256531208759484  0.67157596865389135
  0.68431834859756391  0.69844078567241830  0.71261496606709041  0.72549090883966105
  0.73937035194376122  0.75264985754589064  0.76905794411251016  0.78257577448154825
  0.79472100132371337  0.80618413495237462  0.81634353608287835  0.82535686076333692
  0.83458460959482605  0.84407470828365494  0.85381696456292933  0.86544472434175113
  0.87952583313953181  0.89383995148273465  0.90461770429164845  0.91496157048697779
  0.92371491775344017  0.93232757089182561  0.94223411423212733  0.94979297764921777
  0.95867717212724202  0.96996051322712062  0.98358132071113547  1.00000000000000000
  0.64567254080495451  0.66728591961194172  0.68461454082770479  0.70966099897661483
  0.73713657054284298  0.75864751416373521  0.77735283162563529  0.79597914083386767
  0.81007428641060386  0.82143628444035166  0.83108140174561884  0.84042151955934408
  0.84870862929956570  0.85732032009535386  0.86436887759831105  0.87007175726361174
  0.87553447643338755  0.88112331659650489  0.88742897188116499  0.89383571291034780
  0.90065191902912156  0.90699875667741259  0.91236877143844042  0.91665161654286598
  0.92005308363586269  0.92314326655168621  0.92592457373946402  0.92830921278119982
  0.93054204400590557  0.93289781301258934  0.93555651761608227  0.93812719458864446
  0.94029642253631807  0.94234376896254080  0.94425159962251348  0.94583670301868505
  0.94741761349066855  0.94891212573037631  0.95039079146932215  0.95180992949485244
  0.95310600425473702  0.95431821630784985  0.95550505399812835  0.95674885220493411
  0.95784912563328939  0.95882445330583377  0.95966035425625862  0.96046599118373144
  0.96125685555179996  0.96199848235445462  0.96268952876682945  0.96330636480778065
  0.96390121610561197  0.96448180401157924  0.96503577251317818  0.96556421301908935
  0.96608075593252651  0.96660713655323760  0.96707763586801743  0.96752655717623037
  0.96795848481260405  0.96834953736084939  0.96869653561306568  0.96902548553175794
  0.96935278998448737  0.96967027412412687  0.97002713847454991  0.97043734431346351
  0.98182570471250041  0.98223485264901134  0.98255686170450929  0.98285222013573015
  0.98312785926081248  0.98342067553818169  0.98371863434506157  0.98402732628938372
  0.98436149966179565  0.98470003880274004  0.98504754315533916  0.98540255500315577
  0.98575995350143319  0.98614388050371904  0.98656229444886268  0.98705816381922451
  0.98761921455301593  0.98824495724151640  0.98892539117447420  0.98968709194084181
  0.99054160048089623  0.99135216664656267  0.99222977057919992  0.99314269000285682
  0.99427245769379324  0.99573045066239141  0.99762168853576338  1.00000000000000000
  0.11338645227887890  0.21858553001594999  0.24217930886876288  0.25215839872456769
  0.26078484141991948  0.26932277260972931  0.27753126574046660  0.28544791935054470
  0.29357421961224744  0.30123806289858907  0.30784741651733299  0.31839231344944807
  0.32942761617989552  0.34111749524244378  0.35082328543693853  0.35860132296423425
  0.36668221985509419  0.37429317494806785  0.38136320078096408  0.38888153392867730
  0.39665291598029195  0.40343337920044092  0.40956949443614410  0.41541840340811431
  0.42129385779799094  0.42742402029616849  0.43315840760739205  0.43855920014869193
  0.44324851825038025  0.44730657239435151  0.45140815155752501  0.45568654214657234
  0.45960765599664904  0.46417201769393618  0.46802519524881764  0.47151065713312118
  0.47486244978121539  0.47828192339767056  0.48257557717708238  0.48740772221232870
  0.49225102848369595  0.49706826792710013  0.50188880091543819  0.50635356354821337
  0.51010154794274087  0.51376833747571882  0.51720921740640002  0.52113721690884240
  0.52670162473275628  0.53269657247276470  0.53910614296328918  0.54544527192311698
  0.55207425446733027  0.55888283410512918  0.56568705122000640  0.57244490394917757
  0.57928116196136614  0.58596376820013951  0.59158499299184208  0.59757793552780147
  0.60369172135738747  0.61022207171521603  0.61724667139904366  0.62414500266545381
  0.63057806809409434  0.63651344150059186  0.64259434990880460  0.64941886884250288
  0.65628247878511092  0.66333924532449029  0.67068061239235788  0.67858600568438909
  0.68755905650725679  0.69734246333806282  0.70747881469177232  0.71693390231294341
  0.72631395698716528  0.73488312530209243  0.74201714573861210  0.75082809428436625
  0.76009634348804711  0.76812606592341837  0.77604283219674952  0.78404207699543060
  0.79323507681641570  0.80599187685068185  0.81535076211764601  0.82059700250873036
  0.82440589259438801  0.82932381394523258  0.83624235015822834  0.84468122063201145
  0.85418802546846206  0.86531794402444306  0.87617401422550834  1.00000000000000000
   3.7766944157978241E-024  -1.0000000000000000     
 T F F F F F F F F F F F F F F F T F T F T F T F T F T F T F T F T F T F T F T F F F F F F F F F T F T F T F T F T F T F T F T F T F F F F F F F F F F F F F F F T F T F T F T F T F T F T F T F T F T F T F T F F F F F F F F F T F T F T F T F T F T F T F T F
  <DiscreteSampler_grid>
  grouped_processes
  1 # 1 for a reference and 2 for a running grid.
  10 # Attribute 'min_bin_probing_points' of the grid.
  1 # Attribute 'grid_mode' of the grid. 1=='default',2=='initialization'
  0.0000000000000000 # Attribute 'small_contrib_threshold' of the grid.
  0.5000000000000000 # Attribute 'damping_power' of the grid.
 # binID   n_entries weight   weight_sqr   abs_weight
    13   10   2.694710923352921E-016   3.213428598161676E-031   2.694710923352921E-016
    14   10   2.694710923352775E-016   3.213428598161256E-031   2.694710923352775E-016
    16   10   1.795784815532621E-015   2.719174913000002E-029   1.795784815532621E-015
    17   10   1.795784815532744E-015   2.719174913000413E-029   1.795784815532744E-015
  </DiscreteSampler_grid>
