  0.00000000022616122  0.00000000065281376  0.00000000098214998  0.00000000125769005
  0.00000000149039409  0.00000000169319249  0.00000000189813345  0.00000000210203952
  0.00000000228512094  0.00000000244352262  0.00000000259778469  0.00000000278733700
  0.00000000298151002  0.00000000314536436  0.00000000329630424  0.00000000342698435
  0.00000000355097929  0.00000000369760261  0.00000000387685442  0.00000000401950759
  0.00000000415666924  0.00000000431268074  0.00000000443805251  0.00000000455196501
  0.00000000468210017  0.00000000482150448  0.00000000494267064  0.00000000508727741
  0.00000000523304399  0.00000000540159632  0.00000000555512898  0.00000000569797697
  0.00000000584866489  0.00000000600740900  0.00000000617110981  0.00000000631362641
  0.00000000644717009  0.00000000658487621  0.00000000672980153  0.00000000687996699
  0.00000000703470320  0.00000000719352454  0.00000000736122218  0.00000000754798421
  0.00000000774434530  0.00000000794991696  0.00000000817089726  0.00000000834647145
  0.00000000852044254  0.00000000869785087  0.00000000890045905  0.00000000911964243
  0.00000000930450603  0.00000000946650246  0.00000000964039911  0.00000000983424860
  0.00000001005729061  0.00000001032606406  0.00000001054577656  0.00000001077267356
  0.00000001091283270  0.00000001099916819  0.00000001110056672  0.00000001119654769
  0.00000001129357448  0.00000001139145007  0.00000001150097637  0.00000001160635067
  0.00000001171149686  0.00000001181389093  0.00000001195517902  0.00000001209399326
  0.00000001222703107  0.00000001238979198  0.00000001255977791  0.00000001273696316
  0.00000001302730381  0.00000001335390542  0.00000001369357652  0.00000001401311311
  0.00000001430564166  0.00000001459752381  0.00000001488551405  0.00000001520398702
  0.00000001556142001  0.00000001597887688  0.00000001646700074  0.00000001710474826
  0.00000001773862447  0.00000001840800449  0.00000001914946406  0.00000001991567961
  0.00000002089448782  0.00000002274415196  0.00000002367630409  1.00000000000000000
  0.00914140005575539  0.01804813226309467  0.02874005448917009  0.03970955230484608
  0.04733585998671022  0.05578102883128860  0.06521853304407416  0.07370595530850992
  0.08043944845357272  0.08622360633791894  0.09219666569812539  0.09987611258597776
  0.11937445499877336  0.13139162920336178  0.13986411823731187  0.14878317573601116
  0.15778047619454325  0.16514356371631145  0.17265357826488900  0.18132204651429804
  0.19467188798386442  0.20801937023478875  0.21910640783276128  0.23002583846680963
  0.24187329225980495  0.25477573026015149  0.26895048417541495  0.28433674236543832
  0.29812217858303525  0.30251361893951767  0.30727722669218455  0.31240616825237522
  0.31591165679694649  0.31940321211547495  0.32284071664680147  0.32649132158789940
  0.33190031903076267  0.33769991225048313  0.34304574162507556  0.35401397662194567
  0.36822991994950222  0.38342151729118745  0.39543949933777572  0.40183421452057938
  0.40713505637604086  0.41284967873637241  0.42050165126322386  0.42783096232191192
  0.43490634302238645  0.44157234838782045  0.44833509282563028  0.45810996962404166
  0.47232146728430530  0.48994448267071850  0.50718856060716688  0.52111957261148434
  0.53690211056081105  0.55051986890325444  0.56189405179305607  0.57188626666520592
  0.58190541487619563  0.59208214573507079  0.60243748771317640  0.61283599098217656
  0.62189581549367157  0.63053972554980064  0.63968436190135869  0.64885702192932515
  0.65871663504953826  0.66776514929363584  0.67623523497578519  0.68432037841352567
  0.69343385869653951  0.70338750257183724  0.71239439969187923  0.72016804712273530
  0.72731619617463117  0.73809761701760335  0.75206421006581237  0.76671430654023920
  0.78125493812711955  0.79572222725525477  0.81106028049130008  0.82688636125614190
  0.84320295723175076  0.85823737712932258  0.87292849954665308  0.88412936192556957
  0.89441135672374428  0.90529297299099765  0.91813849839376660  0.93374723542625704
  0.95054938215204576  0.96705970215629722  0.98348931961129082  1.00000000000000000
 -0.00000016109767006  0.00009166273126768  0.00064427585996530  0.00226363990225003
  0.00382941157556700  0.00576507136322013  0.00866700564242902  0.01285816682984839
  0.01717838122485097  0.02135015927852945  0.02752391534449742  0.03702668426569189
  0.04607339340199235  0.05240648532805554  0.05828842422369200  0.06434083468491809
  0.07050600431174754  0.07743807314846853  0.08411813628158395  0.09218550490744178
  0.09911807835773197  0.10770245108871075  0.11651382742772066  0.12580298837283271
  0.13566933418752802  0.14635405168039065  0.15817463152380340  0.16764185448283053
  0.17475645174089666  0.18188706341554650  0.18861634283895151  0.19723529053714417
  0.20716374201104867  0.21683775926791105  0.22542844210479163  0.23194594650857964
  0.23815544661248714  0.24448636399125986  0.25108356377062657  0.25843023765001322
  0.26748543834349958  0.27623110740249013  0.28481460048595714  0.29338435328400564
  0.30451387881741998  0.31647860833558017  0.33159899179296964  0.34780369590034066
  0.36453458752153900  0.38043968375249704  0.39607073922019731  0.41271176830226330
  0.42916840820929236  0.44331699109490558  0.45696580852958268  0.46854166232631145
  0.48040451340092510  0.49215250746996986  0.50400628767721212  0.51723077359527936
  0.53041568274599338  0.54310633383811457  0.55430175367562473  0.56600723796786157
  0.57822116247395994  0.59113030874688499  0.60492831973917927  0.61913734339205762
  0.63371134947068419  0.64861622736895019  0.66494779148223737  0.68216988010440427
  0.70097373654691553  0.72223284431956625  0.74325005137912392  0.76237156571376397
  0.77848372024393264  0.79270788028424333  0.80373313795670664  0.81133248705891170
  0.82063371015234909  0.82939118724944649  0.83790751007882835  0.84643533665606197
  0.85471656942884600  0.86270597310794050  0.87072501264872482  0.87890148019839154
  0.89033682394727220  0.90432759352713321  0.91918678472211668  0.93468812512359944
  0.95031692214113728  0.96891516032418701  0.98452288099600438  1.00000000000000000
 -0.00506981007232901  0.01448053953058510  0.03149557443875384  0.04658877153038472
  0.06024323553651503  0.07129999681891408  0.08208466546893235  0.09473293681371564
  0.10551660510561418  0.11445742659893274  0.12616915904539275  0.13945349133404006
  0.15094120570319766  0.15881280443923274  0.16561628752080715  0.17220154157356854
  0.18011607162765961  0.18743128942690437  0.19329715337122305  0.19924151926620373
  0.20715269804185610  0.21574205597498172  0.22414855557768823  0.22742483082515064
  0.23025078824153355  0.23543595638535705  0.24142469150851120  0.24757707714315272
  0.25213670995471055  0.25901938466248509  0.26938248991924363  0.28139727414753024
  0.29283988795945193  0.30212075814853850  0.31074252095588761  0.32044467366940005
  0.33335102049039023  0.34815204862863436  0.36243937097138901  0.37786509042555316
  0.39583924397234649  0.41428661545356088  0.42679281971279887  0.43653329729018070
  0.44690649383243475  0.45752220113555780  0.46935829007279117  0.48237617447363584
  0.49560392475862891  0.50805476797944282  0.51945138530409307  0.53171097600872352
  0.54480204944447896  0.56116336114809973  0.57395383082002782  0.58537493928532702
  0.59551266246520673  0.60355740666753277  0.61241420266855440  0.62201661609072634
  0.63082557979694798  0.63989111629820128  0.65100202289937947  0.66253111556488453
  0.67573338163341368  0.68782087138388848  0.69793312903885629  0.70769256385872115
  0.71706142893606828  0.72561432976252349  0.73265501419473822  0.73826687227397880
  0.74445425888712458  0.75161159310421111  0.76130008549690942  0.76990808311357994
  0.77673103591802528  0.78307500385206463  0.79040852691359786  0.80649794684603460
  0.82383439704302575  0.83646030166494234  0.84772058977381681  0.85903391125643269
  0.86984753157784900  0.88004790762050955  0.89071294619642050  0.90177794074285489
  0.91596601708978542  0.92747748583214218  0.93714718657546991  0.94560667883858684
  0.95469879828513382  0.96698024055590992  0.98282446062975914  1.00000000000000000
 -0.00540470957297897  0.01468167198622326  0.02975757263209277  0.04067814873560351
  0.05065315118757845  0.06020364760713003  0.07057685345185544  0.08050041024290974
  0.08846945180210285  0.09639291121483543  0.10551000088893114  0.11425061336763766
  0.12327684126498707  0.13197805771554247  0.13808210070929208  0.14120889812655299
  0.14516617349470518  0.14939602435082971  0.15472032686713422  0.16116927588258742
  0.17453529848605687  0.19095614614218770  0.20672316267020982  0.22062985754884165
  0.23763909744563286  0.25848277962832089  0.27851027573598763  0.29338135531793635
  0.30757405290053130  0.32256491291515937  0.33915986128556697  0.35746442141158030
  0.37101011016149338  0.38357510892576008  0.39491674570558039  0.40566349835219512
  0.41903794441865516  0.43330941825954744  0.44635427755315632  0.45895432750321147
  0.46919209152558899  0.48121287423079595  0.49280290068153937  0.50347275192331198
  0.51325826093484594  0.52620846467598514  0.54183419685831846  0.54987963258473438
  0.55590219083507630  0.56219435332663570  0.56940176015977673  0.57683138741232465
  0.58447705751270906  0.59184350211898495  0.59863723121989032  0.60686771172989629
  0.61675201436339122  0.62783522475587883  0.63955023504167019  0.65066625317930338
  0.66356587872841677  0.67711582759014199  0.68920522479050450  0.69878072541806802
  0.70870175506678879  0.71900504101435614  0.72784995932415453  0.73609751265442191
  0.74526215117165751  0.75545801040268357  0.76554200516646387  0.77516938159643034
  0.78540865561618900  0.79745407480605002  0.80949330150431598  0.81918357711151579
  0.82670547607319178  0.83368917699457912  0.83992008036397003  0.84646884442605708
  0.85357199662754624  0.86065873073163512  0.86713541127820648  0.87504204478529046
  0.88361550829025870  0.89282884131773121  0.90110793900789354  0.90957140384704993
  0.91917939334724919  0.93006330094189538  0.94125850327657179  0.95065690940085812
  0.95957456425359811  0.97010967860041852  0.98317874602326161  1.00000000000000000
 -0.00375332643472807  0.01401422712384081  0.03204883172642873  0.04963268923455794
  0.06066486575983098  0.06585068506486809  0.07097054162625170  0.07639877274774182
  0.08159248761447792  0.08645960138198894  0.09012621204714501  0.09414109784111158
  0.10301208333506741  0.11363175855946300  0.12555700965799890  0.13615013774112655
  0.14262253561134822  0.14867572375794127  0.15490270713541712  0.16412106295495643
  0.17262008281464111  0.18024298826489851  0.18624516831603646  0.19397253580627630
  0.20184115466007138  0.21160777010326398  0.22152457230137970  0.23243989188865924
  0.24274378325844695  0.25096485726377138  0.25741124582845926  0.26321921461315845
  0.26972117671326684  0.27714144683208708  0.28573980522458076  0.29216271404740063
  0.29743548901437666  0.30317364195275004  0.31134301244592022  0.32132297138777094
  0.33241620223955382  0.34357847908922934  0.35136374947813215  0.35904338293641663
  0.36682774382102834  0.37741214401076989  0.39152088615176506  0.40545810222783896
  0.41841141804738946  0.43031071640806151  0.44426444439404356  0.46021400265112311
  0.47586304017247838  0.49133833103510605  0.50751418933684922  0.52344942548696194
  0.53659004742216965  0.54514386799097925  0.55135830941629438  0.55900908494463553
  0.56811646233668600  0.58044233560533320  0.59158502469592311  0.60082184166103347
  0.61301821291845682  0.62729836785996285  0.64251559460292995  0.65781705163189319
  0.67604465697608196  0.69452637071523615  0.70895043117249490  0.71932845395690759
  0.72933739974263057  0.73933602370956408  0.74920176487042422  0.75807237783361769
  0.76617383562279073  0.77804474621270203  0.79462418107090937  0.80832936152125978
  0.82123001360154435  0.83360834333296829  0.84901632701648400  0.86206006575697836
  0.87440802629198267  0.88570937476373646  0.89949672403522707  0.91496704448061106
  0.92950591658640347  0.94399752563200201  0.95753851178754557  0.96817922111866572
  0.97703187036579209  0.98523291841041938  0.99295133872309516  1.00000000000000000
  0.01479542620386604  0.09487413062331132  0.13868235091808323  0.17394473020183060
  0.20006749907585514  0.22612537062074364  0.24643238947692464  0.26660313931317819
  0.28731761049799232  0.30874054919692318  0.32693344738976693  0.33938176354780292
  0.35025160964526203  0.36301920331341364  0.37472752757802846  0.38676991546351885
  0.40095182231794796  0.42012511571854100  0.43936756249250264  0.45944802342394675
  0.47801037352488335  0.49049119697856641  0.50242653385683866  0.51417037361223339
  0.52548967686673087  0.53600590123920233  0.54530372473629074  0.55241223394544337
  0.55902758780990724  0.56640277785463666  0.57507593189749284  0.58426524788031153
  0.59171379297852256  0.59965523913157692  0.60696531277445853  0.61410332921395849
  0.61885544007874771  0.62282715102353903  0.62656261485138387  0.63078151002228722
  0.63661543177370805  0.64352992567148382  0.65203871598931551  0.65988305325483820
  0.66672160563146199  0.67372427619821496  0.68164928742595587  0.69104568390872601
  0.70057880991445565  0.70722004913949277  0.71570089807346848  0.72547302704441541
  0.73559513307750912  0.74606653808551071  0.75657893418663891  0.76401652291814470
  0.77120807379307321  0.77749853619889453  0.78322879814581325  0.78955075863231261
  0.79513049895129695  0.80091278574669922  0.80654191339765402  0.81161072665697609
  0.81741261242273999  0.82361507673105627  0.83012342460729793  0.83749475372271476
  0.84642683013638931  0.85536154756487870  0.86560690363097759  0.87691490616969459
  0.88713400349522042  0.89496085132989867  0.90180546929888183  0.90809867693371449
  0.91382864601657365  0.91945035887585935  0.92495327060026333  0.93091696977736504
  0.93585971067830587  0.93978861759755816  0.94237087227142469  0.94370506274681509
  0.94504928225900786  0.94651508185520539  0.94781596133706036  0.94918661407212690
  0.95059785450163270  0.95512000456391855  0.96146345541218636  0.96744912526066895
  0.97301906769627200  0.97741681488961496  0.98625396698007850  1.00000000000000000
 -0.00244916559037581  0.00787471983852708  0.01749994559802728  0.02442614814677426
  0.03227232599195571  0.04055551562649448  0.04944216183491867  0.06016414967994641
  0.06981272967188440  0.07859352966787410  0.08693280201738102  0.09417180743985853
  0.09906819531112307  0.10334292639177452  0.10744044809956926  0.11214532668351389
  0.11859697717118439  0.12740525733558772  0.13769940949392012  0.14840407919961443
  0.16060049740798515  0.17434541735846965  0.19048493863235882  0.20522590854362249
  0.21547025865048125  0.22267211173309218  0.22898481493895168  0.23603635325363653
  0.24439112652760839  0.25295721626666123  0.26050247552582317  0.26746876246792589
  0.27814422103571168  0.29456322196761731  0.31163039886147753  0.32723028643609686
  0.33773790987889185  0.34517268931391626  0.35299980233835337  0.36131412837918248
  0.36936299314628163  0.37684992132856099  0.38445422494727233  0.39208898241476542
  0.40087353222842326  0.41130333780151401  0.42150919022654609  0.43357835973660841
  0.44771490765845490  0.46313058671661339  0.47975516880801056  0.49000230183789556
  0.50296005359602036  0.51563074742607207  0.52694324154088512  0.53855280703374253
  0.55085104554782482  0.56523206122153247  0.57781129037307521  0.58979094731850623
  0.60143235322657529  0.61647828763789536  0.63351178159934007  0.65241809409614326
  0.67144162444269062  0.68874649960973400  0.70615877237422697  0.72225738990134414
  0.73620727912169093  0.74384386178879647  0.75048995757688475  0.75675083165111379
  0.76233590169085508  0.76807984585910727  0.77402773909025346  0.77891027707768523
  0.78440301142999214  0.79482948763010186  0.80701601978795756  0.81797269540504602
  0.82810699813586008  0.83892634199511840  0.85147511889938654  0.86604038181536247
  0.87905479387530105  0.89090561158262527  0.90201939911724394  0.91324209410154300
  0.92286446799213662  0.93476994071768871  0.94781303101062442  0.96170821081126934
  0.97424460466137053  0.98363928963971692  0.99197231031632560  1.00000000000000000
  0.64606974177551701  0.67847747833427730  0.70759863735330941  0.73027032899625532
  0.75161928151949520  0.76822713219237637  0.78312786726767525  0.79860020607960569
  0.81112833151793151  0.82481906200102773  0.84087901286103695  0.85470265121754740
  0.86614887043718147  0.87589342251069158  0.88108126858905611  0.88678380172419691
  0.89360052414853930  0.90001489304184401  0.90510407672642113  0.90977796838595626
  0.91426832794605140  0.91849903011291634  0.92194880416716962  0.92519923690679340
  0.92880283497458349  0.93289302891132986  0.93672859637801154  0.93902135665870989
  0.94079520668110050  0.94218669673273536  0.94351631162169769  0.94472946161226945
  0.94597547997521358  0.94724756123793075  0.94856224199865247  0.95007594054664346
  0.95147799736485905  0.95259945446021221  0.95373926451437752  0.95469231813183797
  0.95551307774073446  0.95642093947137130  0.95731491726870188  0.95826285722745808
  0.95923558597247383  0.96011043900193516  0.96090965282207241  0.96167195332231592
  0.96244676873108104  0.96323434167186694  0.96401733830233605  0.96483888490648373
  0.96559552069334320  0.96613942055295388  0.96663638392012929  0.96707184466459217
  0.96742876600197725  0.96773019864238263  0.96800095229360716  0.96828588139140781
  0.96862203966968063  0.96892056341481780  0.96916979787960766  0.96941257843224216
  0.96965957450318407  0.96990503639451786  0.97019005218226828  0.97054946498096750
  0.98131988356668931  0.98204208679048755  0.98243769791591318  0.98278626457278939
  0.98306521214179388  0.98332861350958589  0.98360088007286417  0.98386291103619639
  0.98411433218608302  0.98436938295455800  0.98462840047248179  0.98491336971308030
  0.98523084005590433  0.98560770063789482  0.98605711229396631  0.98665918073729897
  0.98730053316749156  0.98797205652647890  0.98866528998634284  0.98935835067874478
  0.99007062591357686  0.99082606279512953  0.99170355992739379  0.99281954320562094
  0.99409988099267610  0.99555865248375186  0.99741061776518292  1.00000000000000000
  0.03625318717936388  0.22584335056040059  0.24819736905438322  0.26603762205566234
  0.28279646980190493  0.29422874169237739  0.30293634091557375  0.31259043109283702
  0.31959818100326154  0.32541166030403884  0.33163978244373621  0.33762263015315469
  0.34397186528088575  0.34919213174533864  0.35428217634474718  0.35970303942207815
  0.36507188467756835  0.37112226775486540  0.37601050868899533  0.38128851320205154
  0.38720990205001271  0.39317284644046741  0.39941310561734317  0.40696274384852804
  0.41431761415012341  0.42160039850806674  0.42885223311818987  0.43624587115270785
  0.44376154081326369  0.45364098448790025  0.46305241274574965  0.47213594414773652
  0.48128361160192751  0.48989160457864339  0.49830997004084771  0.50577842945588247
  0.51257212652628403  0.51925903710744525  0.52594640839246209  0.53266928455628415
  0.53960903522527015  0.54744879021783055  0.55560455162590361  0.56374590755200582
  0.57185388502393697  0.58071433962844987  0.58801384720136074  0.59396983311701423
  0.59790992459360182  0.60130557364775017  0.60498533637321916  0.60886946894799876
  0.61288473747321814  0.61658379665611673  0.62021996936960533  0.62595158929690886
  0.63305133629466370  0.63775395314480132  0.64207046348863361  0.64648217079489056
  0.65282622246835587  0.66020494081964953  0.66735759817772133  0.67315323949861405
  0.67823737819355412  0.68324941193258304  0.68927823504933317  0.69489993386939186
  0.69977219545642821  0.70462917375353173  0.71131698601103732  0.71637476812208156
  0.72059466997905319  0.72501918229304751  0.73220596161586682  0.73844530383690299
  0.74292408596463921  0.74749470007431673  0.75151861658635677  0.75695345581756246
  0.76130834871574027  0.76547237201983109  0.76965248821005217  0.77400811217370302
  0.77958111923633988  0.78474460170831561  0.79009214254332083  0.79715761151076936
  0.80248794136400581  0.80676395069884754  0.81211605946298981  0.82455193751179534
  0.84662692236877968  0.86927506912447317  0.91453113791047147  1.00000000000000000
   1.5906411188053165E-035  -1.0000000000000000     
 T F T F T F T F F F F F F F F F T F T F T F T F T F T F T F T F T F T F T F T F T F T F T F T F T F T F T F T F T F T F T F T F T F T F T F T F F F F F F F F F T F T F T F T F T F T F T F T F T F T F T F T F T F T F T F T F T F T F T F T F T F T F T F T F
  <DiscreteSampler_grid>
  grouped_processes
  1 # 1 for a reference and 2 for a running grid.
  10 # Attribute 'min_bin_probing_points' of the grid.
  1 # Attribute 'grid_mode' of the grid. 1=='default',2=='initialization'
  0.0000000000000000 # Attribute 'small_contrib_threshold' of the grid.
  0.5000000000000000 # Attribute 'damping_power' of the grid.
 # binID   n_entries weight   weight_sqr   abs_weight
    13   10   9.665518972959674E-028   8.711568894644533E-054   9.665518972959674E-028
    14   10   9.665518972959704E-028   8.711568894644586E-054   9.665518972959704E-028
    16   10   1.413877955825130E-028   1.696370973301376E-055   1.413877955825130E-028
    17   10   1.413877955825140E-028   1.696370973301404E-055   1.413877955825140E-028
  </DiscreteSampler_grid>
