  0.00000000022996950  0.00000000041223057  0.00000000055309430  0.00000000068507947
  0.00000000081021172  0.00000000091722987  0.00000000102742380  0.00000000114729652
  0.00000000125842733  0.00000000135053498  0.00000000144808085  0.00000000155411639
  0.00000000166590977  0.00000000177692261  0.00000000189018784  0.00000000201639631
  0.00000000213972735  0.00000000225229299  0.00000000233823574  0.00000000241041550
  0.00000000249456356  0.00000000259480301  0.00000000270550140  0.00000000282858989
  0.00000000295210415  0.00000000308460956  0.00000000321737557  0.00000000333871541
  0.00000000345224109  0.00000000357189049  0.00000000369440453  0.00000000382367722
  0.00000000395301069  0.00000000408643241  0.00000000421757047  0.00000000433508219
  0.00000000445088898  0.00000000459412522  0.00000000473861010  0.00000000489606963
  0.00000000505090110  0.00000000520338185  0.00000000536227409  0.00000000553523070
  0.00000000572075865  0.00000000590547562  0.00000000607498069  0.00000000623405928
  0.00000000639905197  0.00000000657324805  0.00000000675415893  0.00000000694482268
  0.00000000714148076  0.00000000735209339  0.00000000758348815  0.00000000780879401
  0.00000000803365463  0.00000000826194520  0.00000000848474022  0.00000000869301301
  0.00000000888206588  0.00000000906256214  0.00000000925008924  0.00000000944306017
  0.00000000964395371  0.00000000985223287  0.00000001005257470  0.00000001023515062
  0.00000001043138112  0.00000001062797867  0.00000001084317065  0.00000001106449900
  0.00000001131581695  0.00000001159507596  0.00000001186938577  0.00000001216346080
  0.00000001244701781  0.00000001269040083  0.00000001291998737  0.00000001317083604
  0.00000001342819059  0.00000001367565419  0.00000001391088230  0.00000001417261435
  0.00000001455282589  0.00000001495387355  0.00000001537168281  0.00000001582606043
  0.00000001634889070  0.00000001697290651  0.00000001771490854  0.00000001856797625
  0.00000001969280179  0.00000002161772571  0.00000002387891873  1.00000000000000000
  0.00907849583155251  0.01792289138918311  0.02788183016219355  0.03854076958502251
  0.04833216316450870  0.05875455097043173  0.06880756879770197  0.07897396236606609
  0.09167748329509409  0.10490134745678828  0.11854186417592964  0.13220843563500093
  0.14613134154188195  0.16074450301353560  0.17565976003374692  0.18857745175009896
  0.19736743251577732  0.20498081166934970  0.21340723121071700  0.22303719926503818
  0.23330731661487847  0.24264493038839660  0.25273807071671517  0.26431320473933545
  0.27646920533823932  0.28773789292222635  0.29751192608403754  0.30597897801214369
  0.31355353626039334  0.32126470835873799  0.32947521558460352  0.33804414616881395
  0.34683915475201416  0.35607653302401554  0.36817112151099651  0.38045721406179361
  0.39190212202455749  0.40313712239709110  0.41410686398812641  0.42653249981700553
  0.43912892453073366  0.45149727350870089  0.46400981471077479  0.47677294270990817
  0.48992905903277256  0.50389090531882175  0.51736735984868121  0.52794546905053019
  0.53648627832399898  0.54468979899423753  0.55366934405290846  0.56296282265268727
  0.57224471698640722  0.58163171774526601  0.59171426813686034  0.60405527141582349
  0.61524659675665272  0.62605077359593886  0.63678559293995107  0.64786326675498007
  0.65808722311950862  0.66812249869837304  0.68041196634924861  0.69408446836919879
  0.70771674763491277  0.72115760640341076  0.73320188922971652  0.74362005302107681
  0.75434070052301272  0.76356827437144048  0.77273260218898920  0.78081431758716846
  0.78924895916188997  0.80015776711456565  0.81243676773355744  0.82454735032067117
  0.83707932979746846  0.84889252981458641  0.85731981679286962  0.86374668656704812
  0.87082767300686559  0.87795155874394881  0.88510944020483906  0.89278205351972173
  0.90101203345838454  0.90841683372316606  0.91579558413224615  0.92675123042737206
  0.94055373422306288  0.95220418700878606  0.96129467310881478  0.96950770216368354
  0.97780964961053751  0.98579062258956285  0.99015486044729284  1.00000000000000000
 -0.00001588613528427  0.00081693388214876  0.00359799010621318  0.00795319985589723
  0.01395564778049060  0.02101645324509179  0.02795289103226210  0.03470935515702146
  0.04098319711104428  0.04703588104446495  0.05289526657430540  0.05952665207461925
  0.06759723073215473  0.07576310996267320  0.08375682854811294  0.09262038777175828
  0.10199638133279464  0.11162120804339642  0.12126649295296735  0.13006121016038194
  0.13917996504624616  0.14793877007135892  0.15548697556423569  0.16431008079291629
  0.17535549559707184  0.18664479106043227  0.19783522927465441  0.21067719523697673
  0.22388237189581622  0.23703291968698414  0.25029815371329417  0.26409068870463043
  0.27881630217148390  0.29303130000030542  0.30804507441818163  0.32353688752116788
  0.33979227908465282  0.35864359941829854  0.36749338145023530  0.37632693235020709
  0.38602666005368208  0.39591940604784664  0.40590548506006113  0.41654748019718246
  0.42790389655219008  0.43716845107330904  0.44486669761496800  0.45307491018049179
  0.46134515338898091  0.46930916968279407  0.47822599064365107  0.48997054898788012
  0.50113788246333968  0.51202744331379180  0.52304925038335692  0.53450404713904820
  0.54612566302407728  0.55771909814467302  0.56953569991340913  0.58012095757315041
  0.59000420766666029  0.59973787994402050  0.60874777303177063  0.61815132866523792
  0.62793172082093551  0.63827530097846497  0.64866060130951897  0.65791571395976245
  0.66809498056603123  0.68051189147200941  0.69347331509149512  0.70772402046144089
  0.72481184710371238  0.74141615009734807  0.75737767635841935  0.77294294779025896
  0.78836248724188263  0.80368657396231058  0.81808124718890474  0.83113784902399035
  0.84355907371564676  0.85574988713260047  0.86799790757045858  0.88053163380099897
  0.89312883357906536  0.90605423641696592  0.91651887135496735  0.92727560785430563
  0.93749096357391060  0.94676629114987676  0.95603069955239961  0.96536220202113843
  0.97415488579614595  0.98270841035285483  0.99076842536177900  1.00000000000000000
 -0.00300399871296278  0.00867289364829270  0.02126825814088744  0.03363302391578156
  0.04527583359561246  0.05660364723171377  0.06803167838552028  0.07911207506479473
  0.08964105259616219  0.10111544249199718  0.11358300157259621  0.12504234512628459
  0.13518737756832760  0.14479795596995648  0.15217278838856593  0.16132568177974457
  0.17002199728598541  0.17706024601830120  0.18415986835625320  0.19141985983928753
  0.19811068516245200  0.20571380187009169  0.21380207702728327  0.22114153089771904
  0.22863887732840843  0.23765554691827717  0.24675451984930055  0.25773406980729935
  0.27124557286449535  0.28470547691167059  0.29802592190366911  0.31095290740695647
  0.32389379192315360  0.33719651178855731  0.35017136339393462  0.36324791976039128
  0.37619745900572454  0.38935638114371152  0.40500299393816253  0.41971021418780946
  0.43183158665681642  0.44197522841088177  0.45157562445852945  0.46136590953776585
  0.47139842573424684  0.48078956386085264  0.48968167402868951  0.49883809839585797
  0.50722183864408110  0.51526956635656740  0.52155799197492592  0.52756534022919932
  0.53461664025179167  0.54289553359316589  0.55129884771988857  0.56052772433877174
  0.57145605164130087  0.58250016484773204  0.59203962940618826  0.60106051836901686
  0.61092590046103523  0.62067080764362559  0.63181403650378609  0.64419407433536746
  0.65581161962825218  0.66718925211341751  0.67971834332616576  0.69350569525967976
  0.70746317065772191  0.71973667314453860  0.72765967113231844  0.73658296134170209
  0.74530604833964809  0.75418423374840582  0.76312037233512819  0.77190413315678630
  0.78353552983555486  0.79476931187971167  0.80746099343165278  0.81798880798575324
  0.82653302137076379  0.83481324281362901  0.84300829921690479  0.85148705574539230
  0.86053027224020229  0.87021422363332146  0.88065301964829279  0.89280794859886403
  0.90449664491846926  0.91652030914187166  0.92861769608914679  0.94224341729487504
  0.95815452505518928  0.97309009692950155  0.98709663682753657  1.00000000000000000
 -0.00285702174730862  0.01038758623199694  0.02074714965055063  0.03016809008004523
  0.04054902453632581  0.05108109339080112  0.06173997503423467  0.07254968549826926
  0.08199587697591262  0.09027614876341748  0.09984942516045707  0.10939319364395850
  0.11947547197576336  0.13220940312716867  0.14803780035026462  0.16414607794974093
  0.17913969700570628  0.19217943205846341  0.20312814038460297  0.21330337487612092
  0.22348391335156578  0.23371945908952346  0.24419415539700509  0.25377760717019676
  0.26199030365927711  0.26975722409284830  0.27744521133188971  0.28492599194166784
  0.29254468329922484  0.30009408219762795  0.30862028370019323  0.31977479616339038
  0.33288548456782663  0.34447354931431129  0.35440600239589520  0.36372167545882061
  0.37429663477873865  0.38604083789382748  0.39566480298878343  0.40434976831621083
  0.41288766225574902  0.42090694049269245  0.42742963951689655  0.43506720577753899
  0.44400870358798306  0.45272958370075828  0.46242452721738392  0.47237629778205154
  0.48203859716069813  0.49188141566006893  0.50364921424456688  0.51767614447391730
  0.53198883287435561  0.54636789702663324  0.55990537956357189  0.57234916411684622
  0.58432167255304623  0.59614830347566394  0.60736793767662944  0.61729600784596772
  0.62712218344695358  0.63770543009945257  0.64806491837485036  0.65733842536916320
  0.66604794466791817  0.67520960311464540  0.68442631690951494  0.69436908934731656
  0.70368147520507673  0.71383336898443472  0.72547499095239776  0.73803916755048637
  0.75174364800447213  0.76556031110309331  0.77652924936528411  0.78481195844808482
  0.79332259851889342  0.80121760003465814  0.80954765181947275  0.81804941503894213
  0.82656386742700816  0.83570978330011803  0.84759000614504376  0.86050868051678819
  0.87284660987499474  0.88395910684173518  0.89410044565260716  0.90356218105400643
  0.91314959344230873  0.92416646564883487  0.93649540841104073  0.94862166732578512
  0.96135932293639881  0.97488930595138934  0.98779754529791464  1.00000000000000000
 -0.00132161098866538  0.00684515604674426  0.01469667712975409  0.02249014974966166
  0.03048692009569018  0.03870219972275710  0.04756542784741589  0.05584052108103689
  0.06374639580067935  0.07435386244704201  0.08456926657262812  0.09318634297191145
  0.10164850903387777  0.11153281501343804  0.12183559097664005  0.13142139555685531
  0.14093510157943512  0.15011400433997024  0.16110100627072824  0.17190540547640540
  0.18206771095240007  0.19168028245937146  0.20105875979035653  0.21058618256140635
  0.22048305581178423  0.23198556382473648  0.24485903780391019  0.25881782374327861
  0.27428245307788846  0.29008897810474293  0.30531073944225279  0.31997128417201315
  0.33342773876862597  0.34569863936269951  0.35760733444120885  0.36845890430977923
  0.37662837351028200  0.38287128245984559  0.39098476014344236  0.39819694324635641
  0.40433046298389091  0.41110213754531377  0.41770679862798765  0.42370093792280639
  0.43039476521939596  0.43753826527384115  0.44826483714395338  0.45962353845266540
  0.47135829134852475  0.48081473074926390  0.48937579821571930  0.49731883766124607
  0.50706350810037115  0.51991289981290323  0.53066508900814968  0.54202086234917313
  0.55396558662036077  0.56644117374732406  0.58028325156845484  0.59495849519763599
  0.60958028621814619  0.62294683973527742  0.63352698202038993  0.64249825914979630
  0.65202560908379203  0.66246762857032615  0.67380762786341941  0.68444462680494011
  0.69607982554652947  0.71010514448897044  0.72278376065140215  0.73416403011474751
  0.74470545565710988  0.75515349110563945  0.76536681282236863  0.77708364069038594
  0.78920495384620026  0.80035861388979979  0.81129321673839716  0.82258782359759697
  0.83477227085493355  0.84807148143350597  0.86201039527944157  0.87616790046493698
  0.89141227717492078  0.90105079774866315  0.91030020383887356  0.91942947237785311
  0.92670188167456891  0.93318510582338998  0.94006347055621287  0.94731265032453893
  0.95585201042951706  0.96766973754651897  0.98296546974590293  1.00000000000000000
 -0.00761000571697472  0.14178101589903069  0.19770354602286014  0.22862237773301641
  0.25368796465917515  0.28068045668904396  0.31019099543203527  0.34305964214334433
  0.37010606106079486  0.39193323658155182  0.41175383670779647  0.43012676824452550
  0.44651344741015142  0.46121395325462000  0.47459875089951309  0.48889537714606296
  0.50152697185636297  0.51359618089301340  0.52560355173874374  0.53927480361127944
  0.55521222992189134  0.57083514819967007  0.58305203392424820  0.59284067363288062
  0.60147158701933501  0.60926210165741901  0.61716261618080759  0.62557068568997010
  0.63365153496683568  0.64136325325314003  0.64914907955985102  0.65663437448462925
  0.66366156805085330  0.67036810346556774  0.67753062669896558  0.68462009730643758
  0.69177090883074233  0.69886216324324268  0.70608939019112904  0.71352014918069839
  0.72207944494020815  0.73145799898727826  0.74141467494663771  0.75172540894634710
  0.75886177601651661  0.76525534387175720  0.77218630931953414  0.77961139098534193
  0.78657622003477345  0.79256031004084404  0.79834886262529448  0.80417434598937720
  0.80997016923563303  0.81596015451085013  0.82248102995112138  0.82953274366000262
  0.83642861911609845  0.84269365664685136  0.84872959273540816  0.85404373273269119
  0.85963739673545514  0.86530037983458907  0.87091044274032747  0.87597871670518157
  0.88064455125303276  0.88498485266608751  0.89045160555210279  0.89521988361777083
  0.89818398200565086  0.90124037959141290  0.90468066653466062  0.90813288921623869
  0.91128995905052834  0.91434314604001954  0.91741374735907144  0.92083635090153770
  0.92447079301524371  0.92809073632307482  0.93146746052959639  0.93486082907769141
  0.93851604609303751  0.94190234476792123  0.94477972301342872  0.94759837630183819
  0.95041046006647756  0.95309173459766472  0.95571187081667630  0.95839928157207521
  0.96127099151532192  0.96433624041201815  0.96739857916639738  0.96995530603041946
  0.97804493615612009  0.98979604190728354  0.99521642598170312  1.00000000000000000
 -0.00183735205883886  0.00699433559512285  0.01800646688300187  0.02754545831650470
  0.04085681227444565  0.05261688534960194  0.06298017426404941  0.07343799299309889
  0.08362552580931501  0.09114691175934761  0.10049871848498677  0.11169059542839577
  0.12376054216366483  0.13538814342131283  0.14578890438323688  0.15863880813496170
  0.17166916790476064  0.18384488308369473  0.19624466995113260  0.20846702166310188
  0.22148158018749692  0.23594598653198301  0.25132439630363262  0.26697841474583106
  0.28242557054641010  0.29773032840580604  0.31287478028695620  0.32732763321340674
  0.34048697897037949  0.35321155576598967  0.36614275043830402  0.37861114563160408
  0.39070906300801495  0.40341944170681671  0.41497047227102163  0.42369662800955737
  0.43205766664310813  0.44040742446173337  0.44891746874420074  0.45751402460065355
  0.46740290510194354  0.47946098230735290  0.48999814464313196  0.49818203891758295
  0.50538214535944881  0.51283216191780778  0.52053851221416458  0.52865675018080915
  0.53653864216274705  0.54494222644508550  0.55542276235557297  0.56903468455550410
  0.58538979400435043  0.59998488473816680  0.61304583828125425  0.62582955248114069
  0.63862786722536968  0.65139618352372930  0.66441551268066401  0.67797707454468736
  0.69059697489254190  0.70046658415751228  0.71169328644095575  0.72127710793003952
  0.72979835937609605  0.73679109301063583  0.74454128133193331  0.75267165715663487
  0.76136718630276812  0.76936632433846608  0.77604075395467320  0.78256562932091922
  0.78938178311537399  0.79950031241422614  0.81152371632495079  0.82299828187851642
  0.83365581475335249  0.84462272422816420  0.85807936723151512  0.87178101332769020
  0.88099141801997694  0.88784344489534883  0.89619580820250955  0.90368737046196068
  0.91118764736300251  0.91859901031094648  0.92603291449991709  0.93229188402945895
  0.93907648141334499  0.94825490664872458  0.95873297608428321  0.96797808615059366
  0.97596185439749628  0.98333781503140505  0.99137835283071540  1.00000000000000000
  0.64266405721830711  0.69444727677675011  0.73498085207570707  0.77012697173863720
  0.79921431669133403  0.81942825645369521  0.83466752139023959  0.84876986186848891
  0.86277286662723263  0.87560656328938202  0.88620529381320123  0.89509695541034273
  0.90313604254483404  0.91090338929745329  0.91716263674397103  0.92175362556091078
  0.92607701028074552  0.93061335393306976  0.93449490180695538  0.93774794628186831
  0.94017288165944923  0.94236768207597199  0.94436130716868782  0.94613636448248950
  0.94786784493132203  0.94952924580025189  0.95109795871446845  0.95248367420727220
  0.95380761445797912  0.95502676094179173  0.95611098359036606  0.95724062637596985
  0.95826368870344003  0.95920341467094417  0.96004610265847690  0.96080246091833499
  0.96152060538667838  0.96221731780802622  0.96287237152820493  0.96346617705765192
  0.96401877301585626  0.96453890729272374  0.96503951560829992  0.96553099214315619
  0.96601555486822532  0.96646168371815944  0.96682721234999791  0.96715447582374925
  0.96747457725739761  0.96778485703222028  0.96808677249429909  0.96839706385655211
  0.96870529698412156  0.96901299552059117  0.96928631438797930  0.96958979780464805
  0.96995017079937418  0.97041858287002014  0.98195942620589327  0.98222403911350165
  0.98243298430413473  0.98258669271958787  0.98272830654868404  0.98287893530717063
  0.98303980625770881  0.98321811061038822  0.98341318500012553  0.98362785696076904
  0.98386764201832588  0.98410806938995288  0.98434369123356469  0.98459605895776436
  0.98487770112321016  0.98518885785078802  0.98551838819016180  0.98579078147262966
  0.98603102592464442  0.98627864182207503  0.98655175268427564  0.98684003889699345
  0.98713090845223816  0.98742102809923205  0.98771365428031699  0.98803900772229325
  0.98846325392414636  0.98899172811843961  0.98958169781372962  0.99021087790464934
  0.99094396296192810  0.99177450119126487  0.99265676954189386  0.99363713287700073
  0.99477272703367070  0.99610226177367978  0.99779251981459982  1.00000000000000000
  0.05276850311448106  0.22062357455066953  0.25827593163618218  0.28953439495956251
  0.31167561903205121  0.33094527495197767  0.34852596543381570  0.36559989690340827
  0.38133877796511884  0.39480343024464554  0.40669680295050076  0.41816272955289530
  0.42933326002354655  0.43884569217838459  0.44784661045726565  0.45705868778381892
  0.46643559260323020  0.47545657654144835  0.48569583448814135  0.49908662454104247
  0.50939420831168725  0.52145668977079251  0.53315228016125837  0.54384372326005048
  0.55416699794288315  0.56492295905821366  0.57632988109475758  0.58714114648676852
  0.59677507192553070  0.60452096782299547  0.61099802583033647  0.61728925273473922
  0.62393147468895493  0.62994690072545467  0.63574581968036559  0.64126989276619062
  0.64701468869046574  0.65304149692175195  0.65881512794683206  0.66401107248960034
  0.66923798546674806  0.67485617884250748  0.68037988246101389  0.68598581723736818
  0.69174670585001552  0.69733808050709811  0.70310645984436926  0.70888883568538175
  0.71476509614231121  0.72058301009949077  0.72561978124781013  0.72980922494476008
  0.73308984133772670  0.73693135848393510  0.74122577892507113  0.74531188722083397
  0.74900100309749196  0.75227192808201993  0.75535326026033467  0.75828819752324617
  0.76126794799385411  0.76446981702633454  0.76730952677292785  0.77023022334508073
  0.77343617550343480  0.77676129894365165  0.78016755831613294  0.78360602540939950
  0.78686903311781453  0.79026288462689909  0.79386438645493318  0.79774222264746797
  0.80131233596372919  0.80388299500038363  0.80668702179037333  0.80942531830317055
  0.81213901872489502  0.81503577562691631  0.81976578678246015  0.82511107158769981
  0.83055246630743451  0.83620005808815867  0.84187161985594738  0.84771918630780552
  0.85381686125611300  0.86056687947433930  0.86856520574392504  0.87596025262686905
  0.88158362390270784  0.89252943921830963  0.90593636140514500  0.92065794810007950
  0.93477052971886609  0.93893042986512887  0.94309033001139164  1.00000000000000000
   1.3238829745946510E-022  -1.0000000000000000     
 F F F F F F F F F F F F F F F F T F T F T F T F F F F F F F F F T F T F T F T F F F F F F F F F T F T F T F T F T F T F T F T F F F F F F F F F F F F F F F F F T F T F T F T F F F F F F F F F T F T F T F T F F F F F F F F F T F T F T F T F T F T F T F T F
  <DiscreteSampler_grid>
  grouped_processes
  1 # 1 for a reference and 2 for a running grid.
  10 # Attribute 'min_bin_probing_points' of the grid.
  1 # Attribute 'grid_mode' of the grid. 1=='default',2=='initialization'
  0.0000000000000000 # Attribute 'small_contrib_threshold' of the grid.
  0.5000000000000000 # Attribute 'damping_power' of the grid.
 # binID   n_entries weight   weight_sqr   abs_weight
    13   10   1.742951941185253E-015   2.689696901326321E-029   1.742951941185253E-015
    14   10   1.742951941185259E-015   2.689696901326341E-029   1.742951941185259E-015
    16   10   9.280923447053019E-016   5.955297674229937E-030   9.280923447053019E-016
    17   10   9.280923447052982E-016   5.955297674229891E-030   9.280923447052982E-016
  </DiscreteSampler_grid>
