  0.00000000017548253  0.00000000081630758  0.00000000124113394  0.00000000159031543
  0.00000000188659027  0.00000000214763353  0.00000000238895631  0.00000000262435924
  0.00000000288325569  0.00000000317428172  0.00000000339785580  0.00000000359125055
  0.00000000377888289  0.00000000396736807  0.00000000415375870  0.00000000435396439
  0.00000000455752717  0.00000000476245375  0.00000000496154773  0.00000000514643379
  0.00000000532043386  0.00000000549131613  0.00000000566408493  0.00000000581872234
  0.00000000594610994  0.00000000608425916  0.00000000621297714  0.00000000633553345
  0.00000000645433620  0.00000000657391764  0.00000000670408527  0.00000000684115101
  0.00000000697867543  0.00000000711634566  0.00000000724310782  0.00000000737681061
  0.00000000752844162  0.00000000769966671  0.00000000786573696  0.00000000801535943
  0.00000000815106186  0.00000000827897567  0.00000000841459631  0.00000000855876914
  0.00000000870997694  0.00000000885891570  0.00000000900450480  0.00000000913872651
  0.00000000927152502  0.00000000940082477  0.00000000953734300  0.00000000969100945
  0.00000000985794413  0.00000001001577743  0.00000001016198964  0.00000001030845664
  0.00000001045243457  0.00000001059968624  0.00000001074554371  0.00000001089047699
  0.00000001105024526  0.00000001121771036  0.00000001139759434  0.00000001157325768
  0.00000001175274198  0.00000001191913110  0.00000001207684606  0.00000001223079957
  0.00000001238379400  0.00000001254655953  0.00000001272755531  0.00000001292222167
  0.00000001312075730  0.00000001330855435  0.00000001349740282  0.00000001369751369
  0.00000001392267757  0.00000001417043354  0.00000001442425312  0.00000001468022109
  0.00000001494453222  0.00000001521824733  0.00000001547693636  0.00000001573989813
  0.00000001605422219  0.00000001646749533  0.00000001695072389  0.00000001742355911
  0.00000001792205014  0.00000001845033760  0.00000001901273780  0.00000001969626343
  0.00000002061650356  0.00000002220607151  0.00000002383800016  1.00000000000000000
  0.01000518416669861  0.01481309803955891  0.01980256623373062  0.02560364475448158
  0.03035080440834242  0.03576642269147069  0.04341842516370408  0.05454075715720644
  0.06658591066429338  0.07666176946929913  0.08709506686856100  0.09695569377216338
  0.10671644902588204  0.11550722639025812  0.12462116602056057  0.13342828262974005
  0.14284875364119809  0.15283404297819100  0.16171350313522065  0.17146384743168161
  0.18396113305246725  0.19894618241890885  0.21237507686303567  0.22606894045028009
  0.23815080869205033  0.25067743474622639  0.26348437046448347  0.27660990455261986
  0.28984457861981860  0.30304064885610332  0.31625225802313978  0.32850871092207817
  0.33859905006684499  0.34710224826304903  0.35568445820772088  0.36471168953848576
  0.37481822139215903  0.38575998830575425  0.39737125777311649  0.41150840692475998
  0.42356249506597554  0.43467426883932320  0.44337544090395142  0.45216920941470201
  0.46139383845431736  0.47086002500330904  0.48181483507868977  0.49465948932800674
  0.50837903672822515  0.52133519385949567  0.53388513402053284  0.54596996989318791
  0.55724204968570712  0.56830521806677448  0.57935688279385800  0.59081481467278574
  0.60236680738677428  0.61414370039593424  0.62621410591138449  0.63834912928766818
  0.65057588493147145  0.66234083612114913  0.67450026417535680  0.68740146378800226
  0.70066090533577075  0.71468910444561629  0.72866567356418721  0.74234397182565692
  0.75527414317798336  0.76707390661858299  0.77804508113591253  0.78862851112691867
  0.79933976492353864  0.81020864348339716  0.82092227877323143  0.83142660267346280
  0.84142731581120833  0.85111425806703900  0.86083641765569430  0.87087235092864890
  0.88087405669698882  0.88912193113859017  0.89692526253613225  0.90389177621426553
  0.91203511162602435  0.92199824915655615  0.93209569015572802  0.94248592078737947
  0.95183737349242392  0.95941796963866310  0.96612978399558402  0.97353794780807179
  0.98103450236976375  0.98661511182540351  0.98974088225200685  1.00000000000000000
 -0.00001414056931673  0.00079839489234975  0.00370825253377471  0.00693143371034851
  0.01125676504139455  0.01634846290458590  0.02264784444211796  0.02879702964082180
  0.03568261898101847  0.04317686677267717  0.05016440544043892  0.05706240712235468
  0.06488075815115821  0.07387058900586202  0.08254011186161053  0.09180975816662182
  0.10160207938558996  0.11241655537141530  0.12382349342578679  0.13527042196889702
  0.14695022803325125  0.15858983776896726  0.17026016860018245  0.18257977036672704
  0.19656894855528231  0.21015198364100979  0.22325674332027509  0.23619582329188599
  0.24941508304107757  0.26324893724909693  0.27738870098200930  0.29041561083181960
  0.30210170293363287  0.31371575249070915  0.32449222289535995  0.33499066749387801
  0.34523448108498800  0.35595324617762408  0.36649906889016864  0.37509392562198313
  0.38359859832026305  0.39198471035571264  0.40026836467167526  0.40885984036525519
  0.41706260479817409  0.42450904208083023  0.43197965016076983  0.44061320119679753
  0.44988598178773820  0.45973230873184201  0.47072004190917638  0.48186024423806179
  0.49299847248601364  0.50402929158385223  0.51451598068597626  0.52406983038630794
  0.53280244582831016  0.54186124400902946  0.55250713310050670  0.56318865762855186
  0.57342299497204308  0.58336361579371776  0.59347873994459444  0.60437332214750206
  0.61555109410570941  0.62634024627065321  0.63693317085784096  0.64653874097870978
  0.65601885890355016  0.66558003762429641  0.67500498746678994  0.68509650222584983
  0.69425580609930881  0.70462048828453827  0.71549394254058551  0.72729830021481712
  0.73897760856251582  0.75023964364629758  0.76207608054856690  0.77432708269732076
  0.78635901735327507  0.79793181586472806  0.80860580226996470  0.82047627769498488
  0.83428382959821368  0.84865230723100549  0.86249045103900146  0.87639554539311393
  0.89033368000234936  0.90456939774129519  0.91981094908260630  0.93538315604064937
  0.95132422934082328  0.96746530937856667  0.98371311988428378  1.00000000000000000
 -0.00330595598383031  0.01225303442875288  0.02532547437386909  0.03777875272951065
  0.04918090095063432  0.06004002491574323  0.07135624736776096  0.08210203897466596
  0.09041832800463495  0.09779235351274559  0.10580302424985605  0.11444844788966682
  0.12308428098925067  0.13172212962328925  0.14010610472255186  0.14838774237864275
  0.15680168311391710  0.16559427230306789  0.17579758823753111  0.18640808089209451
  0.19680064548368084  0.20793055436847777  0.22013703447237729  0.23238778392326842
  0.24459790719069244  0.25736172540885982  0.26932230749217656  0.28236861945903824
  0.29457265886977052  0.30688990048589032  0.31950665209383183  0.33139555995231335
  0.34570709676021655  0.35934723094576010  0.37130007018466216  0.38217920535998551
  0.39241498686198478  0.40117721791729172  0.40869359076110917  0.41565500657184551
  0.42324881085996802  0.43237340943214692  0.44180923054776849  0.44995276490910241
  0.45844183568357555  0.46858664704461489  0.47991204870636012  0.49112982934679250
  0.50223786654542246  0.51431365765870984  0.52699536006281844  0.53997892366618627
  0.55136171505732079  0.56208673873524095  0.57252272050867814  0.58260898441848608
  0.59247587173475535  0.60248808728029513  0.61310100889765606  0.62366326523872317
  0.63245914682666626  0.64039994163317671  0.64879934154735075  0.65735890974700251
  0.66547876218244340  0.67371802733900998  0.68199564309089789  0.69041427597685145
  0.70361345207616177  0.71708785947494458  0.72844326065701914  0.73928564522839446
  0.75027436618385723  0.76112502183119146  0.77003680260893137  0.77665465829473135
  0.78435836380658308  0.79251385098577165  0.80025848312632308  0.80829412652415933
  0.81675986410709989  0.82474339204406188  0.83346807320413652  0.84531679412445426
  0.85835090951907156  0.87062036250474928  0.88330646698506832  0.89542371054023806
  0.90912544152162766  0.92258950809632678  0.93527161264141934  0.94749485302660552
  0.95967283537423886  0.97228299570103160  0.98567330276424814  1.00000000000000000
 -0.00258370242497565  0.00929493052161819  0.01960268236431398  0.02963931498957713
  0.04058373362512302  0.05148649765362248  0.06257305201579408  0.07328816441962481
  0.08384017144975744  0.09514816312736381  0.10768011001251605  0.12139679440703560
  0.13628274865545298  0.15185926770474878  0.16710201894722423  0.18091071286264554
  0.19349504671739462  0.20566394543534586  0.21779774438281271  0.22964752930117385
  0.24125536169817946  0.25341192116185746  0.26442541885981158  0.27799722540122807
  0.29087266062044081  0.30300602392632903  0.31586523633121216  0.32866392424393776
  0.34072420839706619  0.35238616744383755  0.36405148485558275  0.37690954297525214
  0.39132841668019847  0.40681118818381340  0.42344294761262841  0.43637065515768747
  0.44656978170411921  0.45604606080409588  0.46561654833297372  0.47589410051491471
  0.48581417849049219  0.49596763811596284  0.50667072770627386  0.51736870793692602
  0.52806149260709212  0.53782270462635406  0.54699065032003691  0.55643614914647810
  0.56594486398186361  0.57484295608941260  0.58291878379574424  0.58960665834865122
  0.59609227528216358  0.60126737352717041  0.60672063846725000  0.61425957880243243
  0.62181835628308846  0.62914611266022236  0.63693265468207649  0.64486361677478143
  0.65349355620964855  0.66283900689227937  0.67298749272992986  0.68328658665207731
  0.69288677111305974  0.70514935927841060  0.71686215227260452  0.72743843342789716
  0.73690868633246831  0.74642484010591426  0.75424770683529196  0.76174326000347781
  0.77021923902121603  0.77824309576324502  0.78586294871409679  0.79274639611538467
  0.79977218355949931  0.80775715899773504  0.81669110091898545  0.82572528890247154
  0.83473426315538102  0.84414826107137630  0.85377938001197018  0.86205549942782866
  0.87092647599783224  0.87966638151469612  0.88798531722759555  0.89716019945671710
  0.90858891541755604  0.92211579042193759  0.93596444015831382  0.95077839407480502
  0.96632694735132729  0.97937560955492653  0.99044810197447175  1.00000000000000000
 -0.00392025675373203  0.01274004211502929  0.02619049157755117  0.03785814236746109
  0.04958521573495227  0.06150289564530196  0.07306761553024604  0.08481085025959378
  0.09748246478779389  0.10915663938106505  0.11950119085140479  0.12870737887373893
  0.13710604947033808  0.14586844525155310  0.15499981858128056  0.16599054224041174
  0.17888212700699235  0.19173758255619322  0.20382501107504564  0.21585731549382201
  0.22768198298953396  0.23736877648664859  0.24486997087278470  0.25181557061487631
  0.25696391694547227  0.26374004656101374  0.27109866372162716  0.27912830720210158
  0.28746642306740955  0.29634634006067806  0.30389994782946939  0.31108092507162521
  0.32070894463478888  0.33282926978538019  0.34243830228181305  0.35242297399582545
  0.36362560297654217  0.37546744626540407  0.38725364136439999  0.39932183053059056
  0.41257112076431390  0.42280049739089060  0.43092035116679261  0.43987504405720834
  0.44872663521400857  0.45732337973948056  0.46617364304719550  0.47572851895770585
  0.48729765333110664  0.49857992599267531  0.51119358434673312  0.52077212418348906
  0.52779404675998776  0.53526522133215493  0.54263272183372391  0.54957144481006637
  0.55614101146460315  0.56265481858326727  0.56942917261116166  0.57582377987072308
  0.58285848800409101  0.59374526948438955  0.60650173194267032  0.61990515651258615
  0.63311454910447784  0.64526371009857730  0.65618611456656040  0.66646604785784236
  0.67614704031080286  0.68556201274102913  0.69535830878896276  0.70554553318948920
  0.71591425480955162  0.72724802667761945  0.73903712911255259  0.74978293875572799
  0.75967640344567255  0.76903235265735070  0.77859257725562070  0.78867519689409249
  0.79908525896634408  0.81022391539906680  0.82212826901895741  0.83443819029569499
  0.84744921141028540  0.86060600857597724  0.87529770918411709  0.89066790458007028
  0.90568388888877271  0.91980947542098768  0.93337106491027821  0.94698896800695231
  0.96031656631946749  0.97383728456931185  0.98702232134866696  1.00000000000000000
 -0.00730149968231158  0.14187496761610946  0.21799707836322113  0.26416975867467785
  0.29969862311155726  0.33047681120252842  0.35700868845849626  0.37973222132623402
  0.40249813135103246  0.42453738551432124  0.44598897507059848  0.46289108191871081
  0.47891691725979280  0.49565696337445025  0.51523018874422255  0.53296581379252017
  0.54727592083796106  0.55795077445618246  0.56922950430939734  0.58061156908520895
  0.59077830784588803  0.60036510928719133  0.61024884070187324  0.61998105935128855
  0.62981368478125799  0.63871036085939026  0.64751790926359742  0.65905103766875095
  0.67048879216765678  0.67978692522955708  0.68910589866684924  0.69778242937746060
  0.70610586773355322  0.71436892993067325  0.72199328266843132  0.72939896831309403
  0.73682926816867933  0.74452171808770029  0.75223926961726717  0.75980337453371849
  0.76747986524745349  0.77524091313646548  0.78262875000404597  0.78957996915318474
  0.79572091416618751  0.80142222369486749  0.80737001727374036  0.81325819303876257
  0.81834795542966121  0.82391779877556615  0.83025174386982359  0.83632689712835306
  0.84218612864664988  0.84795382590248891  0.85367183420375004  0.85922009977995284
  0.86513142142434185  0.87095418342753039  0.87602429650156100  0.88006663242807093
  0.88377975463325287  0.88761139413036905  0.89142932704074440  0.89540065797493540
  0.89990469098901549  0.90441881981525796  0.90839965183135030  0.91217399086827378
  0.91571791997971685  0.91850310627009024  0.92107691546840587  0.92396459302309186
  0.92754341560903408  0.93007989820124037  0.93229465269576894  0.93460021852677400
  0.93745633563766639  0.94100147945531265  0.94442336908931313  0.94749720861517739
  0.95039249045173690  0.95322671855696350  0.95606561871515661  0.95843845977721132
  0.96080809618924656  0.96305296666262341  0.96520500992306191  0.96746207256225958
  0.96983994358814651  0.97239406068447687  0.97493379969882343  0.97769525326127293
  0.98081897604920487  0.98529971457892285  0.99163063342497737  1.00000000000000000
 -0.00245136987510804  0.00895947106814385  0.02018852769456070  0.03112337722346185
  0.04227751892287054  0.05084591006182619  0.05951704603466487  0.06767023227202490
  0.07512419426591388  0.08266595369967497  0.09065831127170881  0.09996637154939796
  0.10968194861746833  0.11936880990210566  0.12955188544842150  0.14102633887366103
  0.15378176374564062  0.16896648313184759  0.18095208258432929  0.19332621460833052
  0.20450178444482361  0.21327642820764009  0.22191570349251155  0.23107448939513739
  0.24042255678266344  0.25029063201866969  0.26114353300695520  0.27217960135298763
  0.28392251912655447  0.29706141081189208  0.31056639988322066  0.32314753334150936
  0.33544451676110099  0.34806756354051666  0.35970515688993682  0.37076463806857524
  0.38164864670926407  0.39331415992084917  0.40494691925115361  0.41849701433931946
  0.43270262565632617  0.44712619094877115  0.45850361276263440  0.46530779399245098
  0.47207452981346210  0.47892397458205899  0.48598984581252264  0.49277958003363120
  0.49950420142290997  0.50591033902573801  0.51213939562919575  0.51774088158118514
  0.52618222580887752  0.53880451279870212  0.55346363675432708  0.56917342357796996
  0.58374737609344673  0.59488890122494809  0.60492452907145522  0.61564882619231487
  0.62641607996774229  0.63695895292581028  0.64785100904133996  0.65881917586528249
  0.66941513329478119  0.68054404864443085  0.69142902649865279  0.70270364506881267
  0.71655448885741246  0.72904488777285859  0.73796612685448004  0.74611412329974702
  0.75508771777959605  0.76496904002713206  0.77488945331776438  0.78436297989147574
  0.79350306148224314  0.80364830179406421  0.81378101460935248  0.82387906309487735
  0.83341691578863253  0.84256438226974284  0.85097726572657661  0.85991047961306866
  0.87019531620718860  0.88059981077819816  0.89189757513926393  0.90392440609155789
  0.91556941292041161  0.92706353568739419  0.93969376424895501  0.95232117491635349
  0.96500534337609090  0.97706138644415841  0.98880157403400493  1.00000000000000000
  0.64006273634855182  0.69036845528522794  0.72540928305222907  0.75628927822313197
  0.78065735984642726  0.80215308203403035  0.81971775185183993  0.83522072812710180
  0.84616542166474062  0.85750837410245462  0.86885121835425805  0.87883926432627646
  0.88718720413966967  0.89402548706284002  0.90061867285907138  0.90737882660919156
  0.91355839828054952  0.91846700475239818  0.92243959943892273  0.92608960219435810
  0.92977555775390841  0.93364772957127473  0.93706365643105471  0.93933527705476605
  0.94127012287846423  0.94329522335672544  0.94518243990622453  0.94687911911988831
  0.94846900634822406  0.94993057925168323  0.95131881994019507  0.95273736025222722
  0.95413466366012234  0.95535861418147616  0.95640400226358557  0.95735533051730015
  0.95823629735059301  0.95905415162526131  0.95984613542461039  0.96062674810032112
  0.96137120008362831  0.96206881655956755  0.96273873717681091  0.96334629327421284
  0.96392118779610370  0.96446952212481318  0.96497294569522241  0.96543833612928209
  0.96589352801852024  0.96634562883736241  0.96679727839702667  0.96722263102713690
  0.96763719621646882  0.96803558728091732  0.96841254618533346  0.96876538790500011
  0.96908748113243270  0.96938998484954353  0.96969834322558923  0.97001437294484405
  0.97040622206767635  0.97090810307412678  0.98173797406380803  0.98213939763789337
  0.98240250983903421  0.98262920774311491  0.98283838668751333  0.98304257374574200
  0.98326284331400327  0.98349239119908249  0.98373186359772835  0.98398292060141246
  0.98424782151869128  0.98454770493800281  0.98486451068951986  0.98519715710166667
  0.98554752062773687  0.98591879705104291  0.98630241627150073  0.98665078505426629
  0.98700635931856029  0.98738860942345785  0.98782431780202007  0.98830350050053606
  0.98880126688302561  0.98930159802415552  0.98986315773465072  0.99049374124504563
  0.99115427658083632  0.99185811068103424  0.99263748280897868  0.99353789045215557
  0.99457848951202010  0.99585086896461017  0.99752378258024876  1.00000000000000000
  0.00361824577760041  0.15884031258034093  0.24729935078407367  0.28507346456004951
  0.31750353479557875  0.34059196629308286  0.36062494787509702  0.37809487432728611
  0.39512388016126021  0.41011797493606234  0.42418975701354455  0.43762693250932172
  0.45022918772998044  0.46234741074418012  0.47429348674006355  0.48665358622341193
  0.49853401632360750  0.50867951569762682  0.51804440429978627  0.52571211246768224
  0.53224112264058554  0.53909341387962739  0.54577294468684967  0.55231553573339731
  0.55880867735102757  0.56472266039699270  0.57025510447333050  0.57622839489226096
  0.58298879711863760  0.59166825893401354  0.60110197555184575  0.61007686013926166
  0.61864720219553637  0.62717192022329060  0.63556733155654055  0.64305041720312284
  0.65000573490671743  0.65681600032475351  0.66312326448215053  0.66886782487769336
  0.67442493118064994  0.68011132195792512  0.68560942886467435  0.69076298767283872
  0.69561145564362703  0.70020109490036231  0.70470847956401050  0.70928199112100598
  0.71398619044935119  0.71884338452733532  0.72365456253048810  0.72840604298702361
  0.73248769682127035  0.73619870253434339  0.73953223337537499  0.74254885646336588
  0.74533985967846450  0.74791199128766439  0.75043704122630994  0.75325021480046939
  0.75576540057379404  0.75817341665723470  0.76066945483406934  0.76369806711358246
  0.76649865268958717  0.76898796584285756  0.77131801700669933  0.77389674776197481
  0.77662741534387525  0.77902167535496669  0.78131900647391683  0.78359076265386751
  0.78628427720082028  0.78913902306582873  0.79153417122358616  0.79502845390937926
  0.79879735603282265  0.80289549568775687  0.80731958061874121  0.81202296854674683
  0.81692127589940411  0.82175734058081662  0.82652814393459695  0.83132455300065189
  0.83636339018230477  0.84202921762342631  0.84863383184085572  0.85551131004965530
  0.86243609053225301  0.86890537459128026  0.87666056746385013  0.88627918043818599
  0.89721206267455400  0.90816981809218955  0.92093440465622423  1.00000000000000000
   1.5038940181471806E-036  -1.0000000000000000     
 F F F F F F F F F F F F F F F F T F T F T F T F F F F F F F F F T F T F T F T F T F T F T F T F T F T F T F T F T F T F T F T F F F F F F F F F F F F F F F F F T F T F T F T F F F F F F F F F T F T F T F T F T F T F T F T F T F T F T F T F T F T F T F T F
  <DiscreteSampler_grid>
  grouped_processes
  1 # 1 for a reference and 2 for a running grid.
  10 # Attribute 'min_bin_probing_points' of the grid.
  1 # Attribute 'grid_mode' of the grid. 1=='default',2=='initialization'
  0.0000000000000000 # Attribute 'small_contrib_threshold' of the grid.
  0.5000000000000000 # Attribute 'damping_power' of the grid.
 # binID   n_entries weight   weight_sqr   abs_weight
    13   10   5.737361091252307E-028   1.441123970109586E-054   5.737361091252307E-028
    14   10   5.737361091252262E-028   1.441123970109563E-054   5.737361091252262E-028
    16   10   2.850040818611904E-028   3.733840335977798E-055   2.850040818611904E-028
    17   10   2.850040818611880E-028   3.733840335977719E-055   2.850040818611880E-028
  </DiscreteSampler_grid>
