  0.00000000024149286  0.00000000037979425  0.00000000047339561  0.00000000056383473
  0.00000000063897780  0.00000000071868552  0.00000000080021125  0.00000000088318634
  0.00000000096801747  0.00000000105333127  0.00000000113401647  0.00000000120995151
  0.00000000130253501  0.00000000140673770  0.00000000151724728  0.00000000163839840
  0.00000000177238912  0.00000000190644203  0.00000000203333567  0.00000000215335090
  0.00000000227161606  0.00000000239307859  0.00000000251600474  0.00000000263774013
  0.00000000275902703  0.00000000288047847  0.00000000299701390  0.00000000311354306
  0.00000000322582847  0.00000000334292499  0.00000000345248662  0.00000000356837077
  0.00000000369015670  0.00000000380799025  0.00000000393188564  0.00000000405519895
  0.00000000419000912  0.00000000431793034  0.00000000444931413  0.00000000458241298
  0.00000000472115723  0.00000000486323004  0.00000000502066342  0.00000000516526909
  0.00000000531090115  0.00000000545388903  0.00000000559697733  0.00000000574867858
  0.00000000591535366  0.00000000606426681  0.00000000622959339  0.00000000638990464
  0.00000000655511418  0.00000000672561464  0.00000000688825961  0.00000000704655083
  0.00000000719282633  0.00000000735268848  0.00000000752903503  0.00000000772251768
  0.00000000794081328  0.00000000818599627  0.00000000841466437  0.00000000864081326
  0.00000000886943310  0.00000000909822132  0.00000000932952767  0.00000000956316818
  0.00000000979668531  0.00000001003661039  0.00000001025987525  0.00000001048164156
  0.00000001071930258  0.00000001096749086  0.00000001122910422  0.00000001148793293
  0.00000001175074730  0.00000001201428471  0.00000001231381286  0.00000001265414086
  0.00000001300524664  0.00000001335892568  0.00000001371523410  0.00000001407806854
  0.00000001444237871  0.00000001480049030  0.00000001519287815  0.00000001560802311
  0.00000001610573513  0.00000001675967701  0.00000001749541573  0.00000001837010500
  0.00000001948291801  0.00000002149030305  0.00000002397196795  1.00000000000000000
  0.00943896006107835  0.01790036578449573  0.02894566829614321  0.03894214304166600
  0.04765188589949382  0.05731130819141583  0.06676615684234183  0.07608171967691274
  0.08560104237550716  0.09478620112008321  0.10518394006837815  0.11531267049965736
  0.12540256217144849  0.13561142957624350  0.14673656535527405  0.15878344366860173
  0.17244055265253030  0.18670679005524848  0.19978349003023044  0.21087402823048795
  0.22102772097798273  0.23093507704580440  0.24078305825316304  0.25022543408603726
  0.25988658512314355  0.27045325351852051  0.28212737889004569  0.29354613558245801
  0.30412659294182642  0.31462436855614950  0.32567893713333845  0.33662177943852689
  0.34700145122642828  0.35767082763347452  0.36930733090422141  0.38116097419866318
  0.39332161082213890  0.40555564361720287  0.41779225190935265  0.42881505861647340
  0.43918242105411509  0.44896897471244551  0.45965599879346997  0.46936679354240768
  0.48011442773211371  0.49121176316448251  0.50300152296419554  0.51396326673073633
  0.52581357580162069  0.53787856643365162  0.54845311249926676  0.55795363201662707
  0.56736310300936843  0.57687794318698982  0.58679756627226054  0.59563689906168482
  0.60490069918843270  0.61684233094316065  0.62839511706679241  0.63814284703541901
  0.64760475824304942  0.65750675423387495  0.66749004158518410  0.67633179709255853
  0.68528206011576442  0.69518446930915812  0.70515455031685104  0.71548748655801597
  0.72672958476489957  0.73887953187757172  0.75130673399078618  0.76344359383772120
  0.77507292561576024  0.78553191792570431  0.79526341497641762  0.80495719129860976
  0.81490660019614847  0.82465905839395526  0.83401923391940735  0.84346930299871670
  0.85358937008113012  0.86443389407568927  0.87634073541912150  0.88923778640223317
  0.90119309385259960  0.91070284009960256  0.91938072839246210  0.92780826610264944
  0.93623357812509533  0.94459185237747190  0.95245824583664562  0.96074187182031934
  0.97251438487246089  0.98214252716789252  0.99128089215834203  1.00000000000000000
 -0.00001238970500874  0.00063746239077278  0.00276742040539472  0.00613118556419929
  0.01011384005115055  0.01363763614835404  0.01810566882058037  0.02443323419719708
  0.03140752345108400  0.03835358086033238  0.04569305678015446  0.05225262640872805
  0.05818069549145487  0.06450766997501783  0.07089392691643015  0.07747167444704751
  0.08431578269017923  0.09237345684656389  0.10172905276259950  0.11204259544764542
  0.12321870813910045  0.13436980612001206  0.14438228003010664  0.15313499636164102
  0.16192152539824373  0.17082431056875427  0.17931434325915788  0.18864297959296991
  0.19816368401354065  0.20740010136379516  0.21606728809802001  0.22501586211945554
  0.23311645558160163  0.24257681964608033  0.25334782725903793  0.26449246521352998
  0.27343297307983222  0.28265257672784438  0.29161746741822586  0.29988263369123042
  0.30779912133404508  0.31614925779025510  0.32541107299746092  0.33418297991093743
  0.34354187891918342  0.35356554299627102  0.36312245152682537  0.37261133107042349
  0.38219956038405806  0.39159142707595601  0.40090633279797688  0.41047028864100915
  0.42054694014454158  0.43102251130597696  0.44103730815467085  0.45157852230093481
  0.46216084313166106  0.47268164386342498  0.48391811739039187  0.49586241500043365
  0.50814215495066761  0.52033521402975136  0.53168331437483651  0.54550927595399901
  0.56119308319064698  0.57742361556673982  0.59392720767106888  0.60806687967745809
  0.62236990151645688  0.63629103264278841  0.64955792703414572  0.66237677017651875
  0.67517645127934478  0.68826525165737185  0.70121987020541432  0.71403986231827676
  0.72693821106302536  0.74041738542938451  0.75433485592047200  0.76820685463888227
  0.78146804257601810  0.79627674514344959  0.81125332671670292  0.82619176495547886
  0.84099260036270052  0.85550830053490279  0.87056894913156024  0.88561558534010720
  0.90063563438172622  0.91551777424735181  0.92977189908116287  0.94470880229271770
  0.95900575708595004  0.97286046996915987  0.98658655830679898  1.00000000000000000
 -0.00336933701083585  0.01341116735039089  0.02629382362756355  0.03685832316261543
  0.04714086952405695  0.05729679978967232  0.06676743449985192  0.07630797384358454
  0.08666035966087680  0.09845878096258050  0.11057929622542904  0.12211929473655939
  0.13276293977874043  0.14316415301846924  0.15421222277361979  0.16478860544257495
  0.17566353057217832  0.18505810226429734  0.19473062018807344  0.20478689429231112
  0.21357666486031679  0.22269828401548991  0.23313835283215845  0.24309771345937520
  0.25208696585354440  0.25942226617835223  0.26772587771045941  0.27689006190498650
  0.28739363997765160  0.29781713472441262  0.30855060998071210  0.32072563567791446
  0.33463897147397559  0.34694872961806955  0.35735448118814744  0.36685532654331199
  0.37575463265192238  0.38607128631776638  0.39748791710194448  0.41001082336219286
  0.42344298825876703  0.43663614601596135  0.44845222178358862  0.45955491465881632
  0.47007165272568496  0.48037011349715969  0.49024462592313556  0.49983675815782719
  0.50971352568302553  0.51984075123776907  0.53140010355486356  0.54307212512211578
  0.55565061260202142  0.56449820088975833  0.57304176575846510  0.58118288789397188
  0.59095009732151615  0.60145039266848987  0.61242349175858846  0.62347468355214763
  0.63560189777912202  0.64627933788494107  0.65571506763422716  0.66432397651938324
  0.67262874659869487  0.68147590867022179  0.68996273704414690  0.69871944196225289
  0.70788768274799097  0.71827241490596616  0.72846558035427311  0.73814786972921620
  0.74773285799334155  0.76115635017600902  0.77541549865051529  0.78884591348140887
  0.80110450766485986  0.81285974848095677  0.82501663518168811  0.83664015845376438
  0.84685502420323044  0.85616517330868125  0.86521400831671735  0.87391049392113673
  0.88252334160158685  0.89199682592543039  0.90342234281314160  0.91643252728695535
  0.92992990812363907  0.94290326195692364  0.95461589716578210  0.96343443711697863
  0.97150376117854809  0.98055676003813486  0.99030336276457309  1.00000000000000000
 -0.00415717232876315  0.01436839841423275  0.02795970924571700  0.03895948960612642
  0.04862308645343802  0.05794800930696938  0.06825739484049693  0.07861484398000507
  0.08933530924765498  0.10071218349834034  0.11058750992272326  0.11831680174094990
  0.12553533100147024  0.13462098451987653  0.14441607814559188  0.15255909622355115
  0.15993814250353772  0.16812557085285870  0.17814666336900437  0.18925837051056296
  0.20086122362049807  0.21269622228420454  0.22139588981693853  0.23018176384398054
  0.23918253309490012  0.24985633820771525  0.26313344502872971  0.27758608076906177
  0.29122001688579358  0.30284857834532120  0.31399125663186256  0.32514266222372462
  0.33612278026222636  0.34809489025180429  0.36001857071262705  0.37113149562468922
  0.38131488049243822  0.39078471820089872  0.39997519116129926  0.41029399313853254
  0.41958789614982728  0.42883563803546765  0.44017659450502300  0.45301065687111541
  0.46532924287073646  0.47555130104453730  0.48450325214895384  0.49304529383322637
  0.50248356402092464  0.51308430180007514  0.52216324876287123  0.53230558230189584
  0.54190245609549914  0.55163078129306631  0.56198369885867938  0.57234223554235220
  0.58209237588101470  0.59210550264493333  0.60250543036689430  0.61256039289283315
  0.62228217085300586  0.63235827880092965  0.64281784920617557  0.65387594913298042
  0.66465011614569258  0.67441867791164822  0.68399410376309200  0.69302960541790315
  0.70353904797864819  0.71305236158416230  0.72188850067324095  0.73095802972548651
  0.74033867235182560  0.74970912727047589  0.75978596121836561  0.77102536449585690
  0.78128866287305565  0.79139140625883020  0.80294618452034283  0.81625278899514742
  0.82875523306562182  0.83962207098027186  0.85045989560066770  0.86160920422334264
  0.87320204378064803  0.88491415963018316  0.89613928482396743  0.90645709370947380
  0.91636646076941286  0.92656419732217354  0.93656614401777971  0.94689635492925162
  0.95836192018534216  0.97134743450801930  0.98555699891738868  1.00000000000000000
 -0.00164734490819121  0.00806877096940276  0.01828780398886706  0.02852313313411512
  0.04025857439826085  0.05254348588247024  0.06445239645536596  0.07628689998189042
  0.08729251142732854  0.09886570724287826  0.10841073816478482  0.11785085317568665
  0.12727571060266046  0.13844764320657921  0.15060215547056754  0.16362372266571806
  0.17439321373947353  0.18666727303765582  0.19837713722432743  0.21017510313308593
  0.22192853330602960  0.23325670780806512  0.24494001435640131  0.25609353738036394
  0.26725596263827761  0.27856437980046456  0.29109429718476310  0.30339738318594073
  0.31539630895990639  0.32601980573709854  0.33514117507140084  0.34404610242698896
  0.35383748877187648  0.36489361386042901  0.37630394946292617  0.38805116276703072
  0.40039291459701593  0.41318130988279134  0.42572164339194496  0.43780273363406119
  0.44952518946679915  0.46093419207838887  0.47183448956343044  0.48168073708388687
  0.49202464672154889  0.50169543881892964  0.51100440814150394  0.52051930945981750
  0.52934176184653803  0.53753946944972686  0.54669505175479038  0.55605212841782847
  0.56528589609444202  0.57465632973035663  0.58398505373634080  0.59306310777158155
  0.60205801141244708  0.61078145792719374  0.61982002861832708  0.62930755845432917
  0.64007160921440731  0.65133871356139617  0.66309136531214274  0.67398775183676995
  0.68475740422614251  0.69544597977011058  0.70534579871737058  0.71545761601622215
  0.72531924813783522  0.73805582501540656  0.75132815543708598  0.76092367535749506
  0.76979683919131747  0.77739675403039088  0.78533465460052587  0.79438290923943466
  0.80402368635172572  0.81287700738871205  0.82251567661209402  0.83340806714436921
  0.84522792307539063  0.85735580424314317  0.86921553440510169  0.87999495696876728
  0.88971924198303187  0.89929160238302186  0.90946701014712061  0.91902161959684503
  0.92961591189154114  0.94078197002107922  0.95209650126363921  0.96198913387777796
  0.97108646504194440  0.98016603660471169  0.98986477684129903  1.00000000000000000
  0.00466960533850909  0.01092711660476396  0.01622486719042080  0.02125858616499457
  0.02672567569292563  0.03210503475164090  0.03765278236446096  0.04330764815953059
  0.04852213299114354  0.05398440802729298  0.05956469294500608  0.06487105089121852
  0.06955615888644595  0.07399263829478073  0.07850110261178911  0.08310021508675551
  0.08764988007119218  0.09253582710371706  0.09773587940524106  0.10285280975048114
  0.10805871392210370  0.11320300440372671  0.11829022114557883  0.12335404664082845
  0.12876888021588170  0.13466753770746059  0.14068336226267980  0.14641606781308372
  0.15170607885876985  0.15691088347831178  0.16277648690953408  0.16790922783931428
  0.17311627276913935  0.17845733356043061  0.18386762478257979  0.18994202448504255
  0.19560842081882499  0.20085363503114101  0.20571059151450677  0.21068454060016897
  0.21628540958341866  0.22276497677455945  0.22977855162615393  0.23678141686163542
  0.24381082953343317  0.25061063310859649  0.25712293283850091  0.26382422224703123
  0.27059066748080984  0.27751389172890595  0.28518437586275580  0.29257103664623130
  0.29968638372693285  0.30717100449763046  0.31397266726401019  0.32056109728323495
  0.32724220902315909  0.33443190890271185  0.34256688851812278  0.35150532599119394
  0.36029606701962469  0.36846012374701076  0.37625025563169540  0.38405327026555786
  0.39218272005750904  0.40080376976572368  0.41002073444983855  0.41961834019124084
  0.42967949041544262  0.44018401106518046  0.45097045101936345  0.46250007625993700
  0.47455939050142676  0.48696023636277141  0.49911462809185136  0.51077363755233129
  0.52311506915697781  0.53683454021322252  0.55066715742920647  0.56384092437035627
  0.57618649898037866  0.58907270007613255  0.60332985414275531  0.61703022980374955
  0.62875023693069698  0.64531451926653061  0.65610035285282620  0.67326260677493632
  0.69117896712346105  0.71054638696706784  0.73359526277664722  0.75903789196793714
  0.79467137037637525  0.83815115012007113  0.88562808176818253  1.00000000000000000
 -0.00407679637847224  0.01283049042600722  0.02704522132669194  0.03957993499453445
  0.05106660962342322  0.06203196217685941  0.07292911518306819  0.08261800874650080
  0.09083636755031274  0.09903809881499166  0.10819858871526998  0.11786014772427722
  0.12938826195139200  0.14152252130027143  0.15432937838513788  0.16793889749903648
  0.18010517372456059  0.18982367533150016  0.19968493579691562  0.20918603526908028
  0.21752236330579122  0.22664265567346276  0.23760308015326040  0.24907561657683150
  0.25928744208648175  0.26865381888063428  0.28128497856521573  0.29349127955271498
  0.30328099737715963  0.31278472561936566  0.32274218271576477  0.33252140110498918
  0.34260931691369984  0.35338654744931941  0.36527191899667327  0.37759698542354603
  0.39001430862996039  0.40200176680400851  0.41315867865212791  0.42431600778872913
  0.43577924635984333  0.44680506223555100  0.45769433708513990  0.46833117138829766
  0.47973323071817703  0.49120565222944729  0.50332570528304499  0.51593836045958341
  0.52777166126738173  0.53925802759999275  0.54932195961231223  0.55839934657705903
  0.56764219492075130  0.57731398028064762  0.58699707132314183  0.59627616419565410
  0.60596759528443600  0.61682540319250767  0.63091569165409656  0.64503010542185735
  0.65945416972351678  0.67393927521654495  0.68769655365720228  0.70024540450498163
  0.71178276263661944  0.72256547953074257  0.73267224639559303  0.74241361544310047
  0.75138168105746173  0.76027236890901084  0.77038071442997191  0.78021198183255402
  0.78860660652016534  0.79599945031095509  0.80372422557361012  0.81194288890141575
  0.82053815823420051  0.82945169331300972  0.83945398929707227  0.84811124317847408
  0.85534388823106866  0.86175424170220694  0.86894452785101550  0.87695178744503000
  0.88701691657222170  0.89724187547205236  0.90684161361255655  0.91589552421312037
  0.92545852163673925  0.93582279613962505  0.94585321480153783  0.95758569087208134
  0.96927873615154903  0.97968111428924309  0.98940252941646711  1.00000000000000000
  0.64352661363937214  0.68887303249650300  0.72127160380193922  0.74544211701816310
  0.76587675028235347  0.78506285816900345  0.80496406091631134  0.82243160838676865
  0.83690259731380845  0.84985191939280846  0.86121004696330528  0.87218270878547688
  0.88183017203958836  0.88969395568085619  0.89642793042460722  0.90222595944412753
  0.90816638707754271  0.91379978518223948  0.91839467451386836  0.92202090473090426
  0.92542310661109328  0.92869156470631087  0.93166044597746644  0.93430394955351503
  0.93674992672832380  0.93903353148603996  0.94127247719869733  0.94327399567740722
  0.94512892890514377  0.94682807312316308  0.94843651363392356  0.94992631317472043
  0.95125194468453245  0.95256537221332638  0.95387624509227176  0.95514189918619419
  0.95631598715526012  0.95739680918786074  0.95838007475539289  0.95921609737690394
  0.95995480539573230  0.96062585566856395  0.96126894407729169  0.96189910885962515
  0.96249830143130677  0.96305585675128158  0.96360192656679489  0.96415049259037244
  0.96469149042753444  0.96522511569661140  0.96577556748753712  0.96626196611215986
  0.96672118653830319  0.96715077571093033  0.96755523491952800  0.96794868053091465
  0.96832379409589775  0.96868597856577565  0.96903296634104907  0.96935749785412850
  0.96968032412463079  0.97003400498324510  0.97047653637965214  0.97132978314876739
  0.98216985634468512  0.98237093162182632  0.98254578693466177  0.98270083102197880
  0.98286409683688236  0.98303773610610590  0.98322240824106188  0.98341136690491504
  0.98360513033281338  0.98380542930182269  0.98401823331134042  0.98425109169343172
  0.98452664446972893  0.98483243477058324  0.98514557968274552  0.98548591679520203
  0.98587934944587552  0.98629865415771056  0.98672984863195767  0.98717892227201687
  0.98763897075214002  0.98811440807896622  0.98869152530800464  0.98929791597112682
  0.98996298206703437  0.99075562084657309  0.99172243933812598  0.99283808790939909
  0.99409478053842204  0.99556102389503343  0.99745328724901450  1.00000000000000000
  0.07340010811442418  0.14830974184819523  0.16612076934301184  0.17686133885345418
  0.19096684268157965  0.20165788150061625  0.20908953728430671  0.21577346531382147
  0.22304597891394162  0.23032242627278698  0.24022785510229364  0.25172419632787568
  0.26329157111493229  0.27401786903894038  0.28268413852934837  0.29038830694979473
  0.29783959291595830  0.30561238620112974  0.31519158245694329  0.32609113037780918
  0.33674399665249072  0.34816683901421236  0.35946709528278686  0.36953187618162314
  0.37885496427627635  0.38755414992751358  0.39576540770117674  0.40375037475381842
  0.41109029561710214  0.41788858512803428  0.42429465330003879  0.43130677915546112
  0.43858460156762236  0.44606893420787574  0.45344798586502744  0.46049074639471771
  0.46766554962307993  0.47458845867018562  0.48137981576640648  0.48784608736343710
  0.49416170955273736  0.50000708246211878  0.50530580623328458  0.51034992935867485
  0.51530407334383654  0.52013185437733900  0.52493859467138460  0.52982251394516089
  0.53475675961690117  0.53969545233063621  0.54490169930553867  0.55069234330507244
  0.55677537098557728  0.56292796614912088  0.56901017419345101  0.57509611901066815
  0.58114159446564562  0.58715603636142533  0.59328806597431527  0.59955546875199928
  0.60592493563420002  0.61238478434364241  0.61900617882677067  0.62580627024475310
  0.63213658632953551  0.63816438072383508  0.64392410579871473  0.64939321172212860
  0.65445678868317081  0.65942115986543537  0.66464557219461085  0.67032874565394429
  0.67657869212388688  0.68318849152346661  0.68962146682106107  0.69579658979711068
  0.70207679337288831  0.70894086914092946  0.71597419824059905  0.72269266978808588
  0.72964002940208550  0.73723047448493839  0.74538194489286813  0.75292241693234951
  0.75760415733199948  0.76306250485812621  0.76821345213139314  0.77321877875769540
  0.77915869408945959  0.78555016106798781  0.79232983206354890  0.79990966077926084
  0.81282306488569211  0.83758102202539408  0.86985082363747590  1.00000000000000000
   4.0467150376114479E-023  -1.0000000000000000     
 T F F F F F F F F F F F F F F F T F T F T F T F F F F F F F F F T F T F T F T F T F T F T F T F T F T F T F T F T F T F T F T F T F F F F F F F F F F F F F F F T F T F T F T F F F F F F F F F T F T F T F T F T F T F T F T F T F T F T F T F T F T F T F T F
  <DiscreteSampler_grid>
  grouped_processes
  1 # 1 for a reference and 2 for a running grid.
  10 # Attribute 'min_bin_probing_points' of the grid.
  1 # Attribute 'grid_mode' of the grid. 1=='default',2=='initialization'
  0.0000000000000000 # Attribute 'small_contrib_threshold' of the grid.
  0.5000000000000000 # Attribute 'damping_power' of the grid.
 # binID   n_entries weight   weight_sqr   abs_weight
    13   10   1.523019653895290E-015   7.074549584265442E-030   1.523019653895290E-015
    14   10   1.523019653895287E-015   7.074549584265416E-030   1.523019653895287E-015
    16   10   8.565690553153569E-016   2.179624474750270E-030   8.565690553153569E-016
    17   10   8.565690553153683E-016   2.179624474750358E-030   8.565690553153683E-016
  </DiscreteSampler_grid>
