  0.00000000021703520  0.00000000064602766  0.00000000094499262  0.00000000121174351
  0.00000000144255991  0.00000000165515447  0.00000000186677868  0.00000000206694646
  0.00000000225774463  0.00000000244301921  0.00000000261963609  0.00000000280145448
  0.00000000298413843  0.00000000316269623  0.00000000333855414  0.00000000351248905
  0.00000000368524751  0.00000000385161710  0.00000000401279879  0.00000000417215968
  0.00000000433326024  0.00000000449970881  0.00000000467001715  0.00000000483712154
  0.00000000499787944  0.00000000515560072  0.00000000531261684  0.00000000546839017
  0.00000000562476164  0.00000000578359201  0.00000000594703900  0.00000000611771454
  0.00000000628493281  0.00000000644541310  0.00000000660041943  0.00000000675779926
  0.00000000691596925  0.00000000707757475  0.00000000723418635  0.00000000738821789
  0.00000000754566815  0.00000000770601876  0.00000000786616891  0.00000000802606283
  0.00000000818481841  0.00000000834004349  0.00000000849674951  0.00000000865483310
  0.00000000881155774  0.00000000896931818  0.00000000912580473  0.00000000928261175
  0.00000000943782230  0.00000000959800191  0.00000000976824426  0.00000000994852524
  0.00000001013465442  0.00000001032156557  0.00000001050454064  0.00000001069002164
  0.00000001087857722  0.00000001105981263  0.00000001123983280  0.00000001142133810
  0.00000001160983007  0.00000001180983501  0.00000001201402842  0.00000001221509547
  0.00000001242574715  0.00000001264623116  0.00000001288105204  0.00000001311229718
  0.00000001334350945  0.00000001357374377  0.00000001380206102  0.00000001403478426
  0.00000001426672609  0.00000001450680713  0.00000001475606097  0.00000001501475792
  0.00000001527816561  0.00000001554804805  0.00000001584101596  0.00000001617263602
  0.00000001655033241  0.00000001697514801  0.00000001739170862  0.00000001782580092
  0.00000001828018895  0.00000001877563014  0.00000001934383714  0.00000002000628245
  0.00000002091466082  0.00000002247748753  0.00000002365583923  1.00000000000000000
  0.00968308448709800  0.01573665886086590  0.02546833854689202  0.03704559664714953
  0.04869134370784023  0.06005182215480362  0.07083777494196655  0.08146886474886893
  0.09184072028303428  0.10188596622019462  0.11120360979159073  0.12027241207892625
  0.12951205649425993  0.13871888260403067  0.14807336751347200  0.15753165907098213
  0.16688976721506427  0.17638098932218735  0.18587834335977502  0.19542810782608180
  0.20494793749117973  0.21464653278842427  0.22446015809656433  0.23476043305436631
  0.24534621302509754  0.25595258899400170  0.26617616526048898  0.27615974763500606
  0.28572896456902613  0.29559882574003155  0.30558481135557408  0.31602900509584775
  0.32640341937976053  0.33674386536520295  0.34680138517897691  0.35716520052518985
  0.36733234240716173  0.37780918909388639  0.38868210926173741  0.40042225474499793
  0.41241804183668079  0.42414225665757277  0.43573128026452035  0.44734703379502366
  0.45844428862240777  0.46873711357912140  0.47861645586960944  0.48891225524968163
  0.49933241916746934  0.50923867967257208  0.51863492924816157  0.52832858429533081
  0.53860578491170452  0.54931205068606237  0.55974489208613498  0.57012949083119202
  0.58103064259809656  0.59217168548870991  0.60383315351706124  0.61548487313144196
  0.62718766541848470  0.63903784696594079  0.65047374360011845  0.66176095946495617
  0.67303982966565612  0.68440776969736994  0.69604352052291329  0.70823800547855287
  0.71992272236927146  0.73130983070987943  0.74273266889504841  0.75382499938816527
  0.76507796513087456  0.77670296399180672  0.78813758023517277  0.79898492213328531
  0.80872131836749916  0.81798421453186310  0.82729951422018377  0.83727666500654840
  0.84776580897859599  0.85782343180221299  0.86769461788912872  0.87788898203476584
  0.88891955637209863  0.90000467733901257  0.91065021421855330  0.92129873882020219
  0.93172947046652332  0.94197449366328911  0.95186005470694879  0.96214879296591316
  0.97229042482553241  0.98222634918212415  0.99114780779630751  1.00000000000000000
 -0.00329759437440593  0.01145691166832724  0.02303300408667509  0.03357689924466906
  0.04424038819181585  0.05492429502740410  0.06463033525584783  0.07356529070694276
  0.08302521586932410  0.09265423865388087  0.10230178247339723  0.11189470805881628
  0.12144266539817905  0.13137772509982279  0.14161578526913610  0.15196793824340030
  0.16251674954818485  0.17368782384824741  0.18473468099079646  0.19536402947303730
  0.20544606393683990  0.21565795901419804  0.22655488080542546  0.23793955488676516
  0.25003050575302138  0.26262085091544651  0.27451945241821063  0.28535769003409445
  0.29607326308964560  0.30672320968750288  0.31800684099181886  0.32934165743107158
  0.34060283324022073  0.35180318933883487  0.36314790967211863  0.37449871574289767
  0.38616267349893191  0.39726566271026337  0.40818080076668173  0.41898208473194021
  0.43015825856565670  0.44173853388304035  0.45284579277426662  0.46336088841074174
  0.47425072911702626  0.48565334341041289  0.49810135917759751  0.50917930323848537
  0.51964358602301997  0.52976309810999711  0.53993508793973510  0.55006656365453244
  0.56033513064614415  0.57086820048615239  0.58134874060520736  0.59169771454033637
  0.60224607877399738  0.61352404491447499  0.62513588040903167  0.63589961410575713
  0.64624000738956489  0.65660972896794745  0.66696967897734005  0.67713001831367625
  0.68676822682300387  0.69701342117263954  0.70708798497276404  0.71713405287728582
  0.72675354366810807  0.73708854634065490  0.74753499194288675  0.75825371134358277
  0.76936223143238835  0.78047427190977270  0.79137777641421458  0.80211721553044313
  0.81261068663777636  0.82262065429802100  0.83224346949951300  0.84218757401481203
  0.85208258326450459  0.86228617565041188  0.87187448026004633  0.88216204111773622
  0.89284686146492431  0.90358457469556064  0.91353458527909770  0.92329438284218979
  0.93285978740931119  0.94253215141569835  0.95195313596653552  0.96191552787644763
  0.97195453599343618  0.98233348906089868  0.99126925397917509  1.00000000000000000
 -0.00196994250783074  0.00887351560746597  0.01781507330004555  0.02759463492030155
  0.03819983322948935  0.04981171148643082  0.06169426552631736  0.07390625116643204
  0.08572814793313523  0.09649068166868435  0.10658435973620783  0.11629414545245109
  0.12708760742558403  0.13891405607118953  0.15028066213691171  0.16119778198720991
  0.17149751206868721  0.18203528916783224  0.19190028205149534  0.20188847162820217
  0.21177959950835767  0.22171605858647875  0.23227016850486554  0.24390219070804306
  0.25412442218336312  0.26398423874211496  0.27384444320753992  0.28451991359386047
  0.29492714576925078  0.30477994142109538  0.31456918514422505  0.32511887106063725
  0.33591074515426927  0.34614114881949837  0.35589546433862707  0.36619771283077224
  0.37632908576888813  0.38615528024907847  0.39577561597920713  0.40592942141307187
  0.41616321268383211  0.42692223952681319  0.43792241240028901  0.44967450754324934
  0.46196827081984548  0.47484519836785949  0.48750807246876343  0.49967172610988003
  0.51072075407234940  0.52132485759111358  0.53181034938872573  0.54261494403063104
  0.55328391279384892  0.56400328872307548  0.57432776952193354  0.58507785631124942
  0.59535007023749009  0.60567031949953842  0.61591588176865197  0.62659784811285457
  0.63705006417580545  0.64693208987269268  0.65698147543892060  0.66727357066363868
  0.67799785324855311  0.68869536720670432  0.69913655036052458  0.70956229349446232
  0.71975642179327026  0.72967755318652705  0.73905221439588953  0.74840127571816217
  0.75818107700074766  0.76836567681119405  0.77900092259201636  0.78997472058642504
  0.80131357106465495  0.81231240996530918  0.82283369343263457  0.83286075323621445
  0.84282074849824029  0.85232587148243111  0.86221287176987405  0.87250689374626478
  0.88345638410291238  0.89465645899698176  0.90592753303317464  0.91675513264293162
  0.92705480610867919  0.93722362475794296  0.94720370355447259  0.95726689631985207
  0.96763803324444353  0.97854055162176623  0.98939751539705900  1.00000000000000000
 -0.00246000354832030  0.00868717089640657  0.01931006134857311  0.02995077379974687
  0.04152691163147255  0.05317693227339169  0.06412239669150173  0.07433431627326161
  0.08451677751759756  0.09522797077237699  0.10604953351483748  0.11653830331033263
  0.12680173519349314  0.13699373839819351  0.14725064622543069  0.15733907893677188
  0.16705409794630924  0.17683631319011908  0.18685623441636115  0.19716450553393849
  0.20789173585273046  0.21892775933456957  0.22993485425232943  0.24082270290134128
  0.25137733120139721  0.26193284616183954  0.27226665458572030  0.28253591571155323
  0.29313623645390013  0.30344005677263641  0.31402646890373193  0.32359970109558234
  0.33323854455535046  0.34263948376132514  0.35228282275115996  0.36221132620644086
  0.37190596546429755  0.38169708402509017  0.39195095405196112  0.40287427334282166
  0.41414723445409812  0.42537474894961269  0.43633145951565577  0.44750146845848632
  0.45845544018473494  0.46934150319634532  0.48028883276460754  0.49131619662197479
  0.50248027882896262  0.51394938239192212  0.52533163336228084  0.53628055463177193
  0.54640902484734688  0.55627941053324559  0.56673725566534761  0.57744997391199848
  0.58748227042052747  0.59702900647432056  0.60728986369406068  0.61847387869120385
  0.62989961764214919  0.64081446835938771  0.65083211069399360  0.66059842587954432
  0.67041633900710262  0.68067483093738657  0.69137166794495220  0.70174065124998675
  0.71181065440003988  0.72243802580778493  0.73302655672166628  0.74451143889526916
  0.75560368627876173  0.76580603363507638  0.77551966404959094  0.78518836903010236
  0.79560147985668228  0.80706057553777355  0.81835660695122259  0.82920197446978428
  0.83994573925429616  0.84985764203562641  0.85995915273862134  0.87020674589390656
  0.88109566199912226  0.89217627853225168  0.90323123535258487  0.91419611802012135
  0.92430079010601107  0.93424072598572583  0.94461430713463224  0.95571420035201315
  0.96655294490598986  0.97744916979295049  0.98862618693477544  1.00000000000000000
 -0.00254975688406394  0.01054014452412350  0.02137080252261719  0.03201389543223380
  0.04262089900929316  0.05363369015472664  0.06466836681129635  0.07503698989470446
  0.08558793437374274  0.09632473734833791  0.10753962458676845  0.11894145577711950
  0.13011976094957470  0.14136281060568484  0.15227423517004243  0.16328643507372545
  0.17490900875909460  0.18675223121763579  0.19824223103598931  0.20916950598420564
  0.21957202524234803  0.22960957934075524  0.23919292588333896  0.24840098813528846
  0.25752882241237807  0.26685548165573536  0.27680647950021875  0.28719503518481615
  0.29712774737351644  0.30663220390065121  0.31616767130779189  0.32660333599650715
  0.33738071452227086  0.34810750948903985  0.35864924901137529  0.36921374418474207
  0.38003980984907987  0.39120900057624841  0.40214382324558579  0.41253207334940856
  0.42259569934476465  0.43274020479839992  0.44297420746025135  0.45324942913933924
  0.46346041748526329  0.47385933130740460  0.48377692336020461  0.49392670905627822
  0.50414074506354634  0.51495708550666164  0.52604524211654347  0.53726691622691025
  0.54728179139812372  0.55705858964365440  0.56735002730649464  0.57757599705831575
  0.58774312137572760  0.59716062493123334  0.60737221239176498  0.61952042845728694
  0.63208975296760095  0.64441822713667163  0.65698090988512503  0.66880350976845115
  0.67934303967005227  0.68950280674356124  0.69923406353841810  0.70890817388766947
  0.71809450067724778  0.72738869258875516  0.73707327684425683  0.74681405977554249
  0.75631360388640878  0.76567760764346893  0.77517059065391303  0.78528475552801302
  0.79579064649354880  0.80736215507049758  0.81862687142285118  0.82972796612145439
  0.84061363031512182  0.85131308953929752  0.86109653761765426  0.87082533592450606
  0.88117994114176956  0.89150492692972605  0.90139421871083081  0.91074385385375811
  0.92058093480876224  0.93051966567434696  0.94115579946788996  0.95217033004127083
  0.96407465404535386  0.97614216258303932  0.98815523764952562  1.00000000000000000
  0.01492585329000164  0.01852436857113156  0.02187827586278078  0.02840139934945894
  0.03437189994898564  0.04055094833405189  0.04661991205301268  0.05265033602088793
  0.05887990997802804  0.06484620832925302  0.07050286623680402  0.07605909522714245
  0.08148186979549227  0.08685924858002755  0.09230041983705614  0.09767974577397139
  0.10295590015289444  0.10821902067120619  0.11350832110297016  0.11881373544424752
  0.12432425350835731  0.13000739605644074  0.13571787635572719  0.14147489528061868
  0.14726251543089042  0.15307829939459580  0.15877946651790961  0.16436722993134117
  0.17005015251896347  0.17584198689159269  0.18162053057064287  0.18737531183619902
  0.19312563025789800  0.19906434482191732  0.20545103331170764  0.21217731600793305
  0.21898168076072108  0.22572632930946721  0.23188079396014860  0.23778518012261340
  0.24363391082750699  0.24967652674170310  0.25604301564297510  0.26264674322652204
  0.26906821300735428  0.27589882767206908  0.28317244549893589  0.29029185507805355
  0.29721427112377741  0.30417767936557150  0.31094093568073067  0.31779455221712077
  0.32463902827682806  0.33186994971221456  0.33927304089241900  0.34644285834288718
  0.35360322990223636  0.36110607927165639  0.36909343482416013  0.37741281447932351
  0.38617433810303836  0.39515982013455142  0.40414042295578323  0.41304467990986804
  0.42182527878347109  0.43090627818293931  0.44067738048198302  0.45087309561476641
  0.46053978980340904  0.46977058469367594  0.47908160597093874  0.48849894688849771
  0.49790810796895207  0.50765911414064269  0.51797274320267006  0.52872762129215567
  0.53981838431135687  0.55160648594855732  0.56398191064802117  0.57645900073076273
  0.58905797717309827  0.60190534790200390  0.61470997988165998  0.62815313095000780
  0.64269974335836588  0.65797576310002792  0.67428676260127585  0.69184437836549484
  0.71233119914706433  0.73450917440792352  0.75874970522182372  0.78477626129848621
  0.81400572048149722  0.84932469700048507  0.90147657247172752  1.00000000000000000
 -0.00332902338326579  0.01329180222650887  0.02628792263984698  0.03831165903460380
  0.04957083425421731  0.06063548576308122  0.07178395353637025  0.08316644685539222
  0.09453814504168848  0.10536442525593528  0.11543853271810937  0.12509050967803023
  0.13445237135409818  0.14370953553781465  0.15272474831419680  0.16198480705872612
  0.17152622643497986  0.18120467910808435  0.19122630060203277  0.20133757202612382
  0.21172715392210537  0.22183791965240235  0.23156358518865588  0.24122153428514939
  0.25124486195689505  0.26158206085513697  0.27219702563025494  0.28254774104831437
  0.29271730523732115  0.30301952105552388  0.31341407771579416  0.32371611483181106
  0.33475459619022174  0.34639591216274485  0.35845170843251006  0.37034822359109548
  0.38115172902432848  0.39187847345135685  0.40212731389747369  0.41244368371022744
  0.42209028606222687  0.43176791512891460  0.44157373720665638  0.45199952841420116
  0.46239632512796852  0.47345453532148724  0.48434685222248652  0.49477551097568306
  0.50452897196159618  0.51421078335577786  0.52431198978383042  0.53470083098025734
  0.54505674721562569  0.55540831751564079  0.56579504413405912  0.57622540765228258
  0.58698637685426924  0.59797104739723705  0.60915147216055976  0.61979493987855161
  0.63059193911071365  0.64155835370337466  0.65239143427500357  0.66338914952828032
  0.67481632318651541  0.68618086006414769  0.69666927386660982  0.70669549991476077
  0.71636980597068711  0.72607402815072619  0.73602422507702647  0.74602569998632795
  0.75609935802788986  0.76635496523842539  0.77702885625112605  0.78790688018820787
  0.79873246556869670  0.80947801797094832  0.82028359758899227  0.83181876002717081
  0.84232163583865960  0.85270852977158607  0.86233378580638542  0.87189754493756788
  0.88138426614331700  0.89054951071414445  0.90007584449721023  0.91019425406431709
  0.92079783035259322  0.93185224328950356  0.94380579150667654  0.95499684783120353
  0.96719722631944494  0.97826073915212663  0.98948837419855096  1.00000000000000000
  0.02443959397784563  0.03084757884777316  0.04033289532180882  0.05058684865855480
  0.06047594544259249  0.06994870074375577  0.07922479348644768  0.08866591617575673
  0.09832404086389702  0.10830287060117295  0.11823738616402674  0.12736039294111640
  0.13614292525657176  0.14512348416621496  0.15475133178563466  0.16469622594012337
  0.17450520201003766  0.18427014581412052  0.19445273711413208  0.20512330754329033
  0.21535671892647076  0.22520450976777043  0.23514610793664378  0.24539657973846379
  0.25546621421316279  0.26530593993507662  0.27521657399474520  0.28527682172226193
  0.29549690582427551  0.30532949207429921  0.31516563309126755  0.32558420138790833
  0.33615959557178360  0.34635783657107960  0.35588758367290330  0.36528671425451970
  0.37498953350539999  0.38459701530019935  0.39449475104422538  0.40433774695912089
  0.41411975192798411  0.42395455375081303  0.43378802170221531  0.44363651345989508
  0.45323146992384244  0.46267579140527088  0.47256370021586297  0.48317424073774951
  0.49423102675958536  0.50492585614039787  0.51516791173783394  0.52556481598572380
  0.53629443712570968  0.54690525412496038  0.55740388919243078  0.56767184744544386
  0.57776676164014851  0.58752651844572668  0.59752096134551702  0.60801218453027350
  0.61870654677424974  0.62917020533632317  0.63923637467634176  0.64892908495608737
  0.65804864539078345  0.66739827525522932  0.67719829533439446  0.68734275638556652
  0.69777368033433096  0.70814140347119714  0.71842366671764157  0.72814062585776806
  0.73770052177405865  0.74785910498269959  0.75816127225262531  0.76850626658611687
  0.77862302344731005  0.78898584073457267  0.79950957846965121  0.81054203538995817
  0.82127250031962917  0.83210001475233275  0.84248676518005716  0.85261489342750452
  0.86304495405827475  0.87395672180899175  0.88619134397536536  0.89815781107933290
  0.90973272450214882  0.92026485637191713  0.93094414392948810  0.94197730335328844
  0.95405530047744835  0.96504932437091995  0.97108357331349549  1.00000000000000000
  0.08554738478321194  0.12473372636497396  0.14587196160029423  0.16355172270939922
  0.17911188958578714  0.19370283554081530  0.20799954610035276  0.22214955879243903
  0.23535725011756442  0.24794890343102158  0.25983889443654506  0.27091588622695911
  0.28100573968937792  0.29089770371695883  0.30122908725436487  0.31166877015880712
  0.32200168052345657  0.33213693773165737  0.34133137129931412  0.35000560699199634
  0.35814320319228787  0.36562903871393354  0.37310674326371523  0.38059002953255477
  0.38856302213898841  0.39625934630927451  0.40416725789946684  0.41163799943830526
  0.41893999288678885  0.42630679220659395  0.43337549836255018  0.44020636323698698
  0.44692285043281943  0.45360285481335966  0.46012942005691604  0.46613167112835630
  0.47214316717590210  0.47819312535368536  0.48422460391132083  0.49004617975420228
  0.49564650667539106  0.50121560983289859  0.50681364207407120  0.51263557569723595
  0.51840546015711808  0.52407077613764541  0.52989081695403617  0.53581075038411530
  0.54182425097405573  0.54763531892600747  0.55323163912065565  0.55886491881671174
  0.56448315425669660  0.56999922570204087  0.57568493686064814  0.58135053485067645
  0.58693919352661073  0.59228650384442227  0.59738542557519492  0.60237184543220190
  0.60739090891557490  0.61253515354251931  0.61772645239054014  0.62307879695144441
  0.62817421971950338  0.63302724376336661  0.63781606633373222  0.64267755477370525
  0.64766259724036235  0.65283618723155723  0.65805314232998890  0.66328800860014836
  0.66836266731660421  0.67327183126959766  0.67809123169226360  0.68281628534719629
  0.68755924215170516  0.69263249747979205  0.69768572105080529  0.70282630614944530
  0.70783676398994533  0.71292719975705610  0.71822535866637760  0.72379250939234396
  0.73024243399875999  0.73776863458178477  0.74590089615786925  0.75438093755495805
  0.76385268467659284  0.77302800105022285  0.78302262646407939  0.79378776446100685
  0.80683856087639838  0.82881549905304375  0.92001110874222070  1.00000000000000000
   2.5758522966578222E-031  -1.0000000000000000     
 F F F F F F F F F F F F F F F F T F T F T F T F F F F F F F F F T F T F T F T F T F F F T F T F T F T F T F T F T F T F T F T F F F F F F F F F F F F F F F F F T F T F T F T F F F F F F F F F T F T F T F T F T F F F T F T F T F T F T F T F T F T F T F T F
  <DiscreteSampler_grid>
  grouped_processes
  1 # 1 for a reference and 2 for a running grid.
  10 # Attribute 'min_bin_probing_points' of the grid.
  1 # Attribute 'grid_mode' of the grid. 1=='default',2=='initialization'
  0.0000000000000000 # Attribute 'small_contrib_threshold' of the grid.
  0.5000000000000000 # Attribute 'damping_power' of the grid.
 # binID   n_entries weight   weight_sqr   abs_weight
    13   10   4.880600667520067E-022   5.531026888536394E-043   4.880600667520067E-022
    14   10   4.880600667518484E-022   5.531026888535581E-043   4.880600667518484E-022
    16   10   8.861363461179651E-022   3.661874302396785E-042   8.861363461179651E-022
    17   10   8.861363461170663E-022   3.661874302395346E-042   8.861363461170663E-022
  </DiscreteSampler_grid>
