  0.00000000005312419  0.00000000015846739  0.00000000025917491  0.00000000034471215
  0.00000000043192467  0.00000000051206031  0.00000000058015589  0.00000000066316853
  0.00000000076192584  0.00000000086178107  0.00000000095837084  0.00000000106336538
  0.00000000118374932  0.00000000130530903  0.00000000142594683  0.00000000154584348
  0.00000000166406664  0.00000000177564610  0.00000000187554021  0.00000000197197919
  0.00000000206055604  0.00000000214761292  0.00000000223820891  0.00000000234951763
  0.00000000246338257  0.00000000257769439  0.00000000269010397  0.00000000280421945
  0.00000000292247682  0.00000000305245645  0.00000000318203475  0.00000000329488794
  0.00000000340828489  0.00000000353649836  0.00000000368046497  0.00000000382720107
  0.00000000396168039  0.00000000416710945  0.00000000437943418  0.00000000455858311
  0.00000000471359341  0.00000000486259059  0.00000000500330072  0.00000000512724379
  0.00000000524898000  0.00000000536727121  0.00000000548282159  0.00000000560770683
  0.00000000576069505  0.00000000594953354  0.00000000614083718  0.00000000631730549
  0.00000000648690200  0.00000000666055090  0.00000000684164705  0.00000000703898759
  0.00000000723667666  0.00000000743709754  0.00000000759845815  0.00000000776040704
  0.00000000791016388  0.00000000805867664  0.00000000821813148  0.00000000838882377
  0.00000000856731630  0.00000000873785315  0.00000000891555827  0.00000000913214200
  0.00000000937338054  0.00000000960833367  0.00000000984818293  0.00000001009294360
  0.00000001030733134  0.00000001050938230  0.00000001071233043  0.00000001091602480
  0.00000001115823518  0.00000001141074919  0.00000001167270361  0.00000001194775520
  0.00000001224343949  0.00000001254764716  0.00000001285302164  0.00000001322288728
  0.00000001360459860  0.00000001398148568  0.00000001438777378  0.00000001484741300
  0.00000001535038492  0.00000001597576349  0.00000001669712395  0.00000001754691237
  0.00000001866055996  0.00000002023514513  0.00000002133205631  1.00000000000000000
  0.00994785565923841  0.01553771493994313  0.02313060430171120  0.03341228592206400
  0.04658557870548025  0.06108960173272816  0.07535138975303776  0.08624598676943113
  0.09577173750431631  0.10515299358248185  0.11519163009109781  0.12786840825736112
  0.14226980782640539  0.15660916777472791  0.17069110525344294  0.18399906271330069
  0.19712143439805829  0.21031183993337535  0.22327533459283910  0.23520408934430792
  0.24605134437392787  0.25702498928729245  0.26808168848927788  0.28060814964288633
  0.29470526586270757  0.30847749800805957  0.32078234642643005  0.33157856763687793
  0.34212735530149985  0.35320908286174801  0.36532762849424943  0.37783548989201127
  0.38991434880845538  0.40223976000680500  0.41450460883633355  0.42355284110936109
  0.43058767538559878  0.43873155725598234  0.44619229719635795  0.45260509426637185
  0.45918149484102200  0.46570275365902480  0.47248147333992963  0.47996468312934459
  0.48841052952074226  0.49715025422069481  0.50608265466358793  0.51537125833934416
  0.52461254037815108  0.53381165724872626  0.54210265597374441  0.55220705786937963
  0.56276058079458269  0.57408478790818052  0.58700576382385572  0.60048458644950575
  0.61148504081053634  0.62236068675189760  0.63255535210347891  0.64363421573191171
  0.65465103689218362  0.66460498525926637  0.67469794879533629  0.68493652154532725
  0.69481720496475130  0.70440856923901340  0.71312613307211947  0.72220902533778775
  0.73268353079598370  0.74336763410758855  0.75384520088994178  0.76464227110712157
  0.77340504342772298  0.78083694099842194  0.78864890496152151  0.79738541708381283
  0.80608986706341768  0.81362237257316727  0.82044423418388901  0.82782753493164218
  0.83661168254518214  0.84635467935071984  0.85556647419790066  0.86481755867728161
  0.87391295958275517  0.88537346336775957  0.89833254021918341  0.91011647401922113
  0.92087899195987055  0.93128382861362469  0.94176283102089897  0.95267909045529253
  0.96143232854726812  0.97264445143318656  0.98606628004063168  1.00000000000000000
 -0.00001645596668088  0.00073226977314407  0.00309584064577287  0.00649435262956504
  0.01092925863990435  0.01552485637111836  0.02099233544110875  0.02758514391820316
  0.03421554053697144  0.04088392734469767  0.04810016794483440  0.05540331931786126
  0.06251975227823268  0.07020568165001767  0.07833464004046599  0.08654343445008655
  0.09522505562936671  0.10398526191544596  0.11238790663379518  0.12046528359600335
  0.12812800140810229  0.13538891264537975  0.14304569643137749  0.15100017243995895
  0.15953270725729735  0.16858014162434534  0.17779850934380440  0.18686796189524135
  0.19670174341805741  0.20881725197353987  0.22204507098618795  0.23486962826704652
  0.24731191569761601  0.25942000559900219  0.27141876605516485  0.28350792310969403
  0.29555943581900540  0.30796685700500326  0.31994979898550124  0.33244136740938157
  0.34510814655114530  0.35765597490575640  0.36938531255316132  0.37986494292159850
  0.39020371137437027  0.40118371903530831  0.41279544920666528  0.42414838233203644
  0.43474340866779076  0.44548206804532275  0.46009300601451092  0.47266230535791848
  0.48532696412840914  0.49843749032570017  0.51114941637344291  0.52299224862370719
  0.53324158627243168  0.54314315687659875  0.55280596606491517  0.56172821873018597
  0.57135206463239230  0.58161500730726723  0.59282852421998700  0.60504542961665198
  0.61701087163722546  0.62847481100808467  0.64007180142884845  0.65156532733313721
  0.66396372108240020  0.67602574183013031  0.68893602479239735  0.70093710366536333
  0.71322670223698814  0.72546587574320587  0.73785975434636386  0.75075618527526555
  0.76387526720071885  0.77663265854609487  0.78856682452118487  0.79981886110319089
  0.81160782256003450  0.82391602687689025  0.83586240307683901  0.84741833387515708
  0.85913607377587942  0.87183234258605746  0.88582075632153234  0.90039173936467420
  0.91387153287880007  0.92459564909589309  0.93561054406159827  0.94656645301900666
  0.95776796161806454  0.97010874923231638  0.98393698072401004  1.00000000000000000
 -0.00382096431764041  0.01200752871336215  0.02556422699425719  0.03879821350809941
  0.05145870915314483  0.06317664716716674  0.07453183711880644  0.08640321605632495
  0.09706934016335010  0.10838783645743905  0.11970389760679379  0.12936357530259859
  0.13844581978108914  0.14689987869589813  0.15586699245899838  0.16395174811601429
  0.17265045234588550  0.18241427239747982  0.19274200604404190  0.20470333411461186
  0.21768075266718137  0.23028713168699450  0.24136644614287578  0.25108138416108611
  0.26072306810210288  0.27128439109031971  0.28317415883542735  0.29503722646367453
  0.30502543584986319  0.31376847240314620  0.32374795969134695  0.33440806534972878
  0.34452599458642741  0.35487805203763290  0.36517202723825420  0.37578243730082411
  0.38600137266955759  0.39587147800970540  0.40511621442379125  0.41397998562408622
  0.42298956734995308  0.43350469357212273  0.44626758200632605  0.45840589959026073
  0.47226431917377676  0.48571139887817127  0.49818382860719512  0.51147561246264706
  0.52573246612428115  0.53997599807683572  0.55419388000128322  0.56765334632382336
  0.58109969958808416  0.59546130879447179  0.60890682688306075  0.62119881010004874
  0.63167012710418569  0.64066960920582450  0.64935703743927742  0.65799275621721942
  0.66696325819688196  0.67628538405547844  0.68545973378540159  0.69232077989894747
  0.69824899075025582  0.70472876104573623  0.71193978807216818  0.71878138166106975
  0.72512923429940324  0.73132378093051509  0.73784166029545661  0.74499747915743408
  0.75197315301078660  0.76117404674877198  0.77026996439042206  0.78124099773431210
  0.79381737110094430  0.80540107540519468  0.81634354631421224  0.82556442059346336
  0.83548100932671132  0.84636749267138800  0.85766267743489510  0.86955652822383123
  0.87973974117538167  0.88902619734265853  0.89837917971177150  0.90843383033278891
  0.91995758069376377  0.93053865207821862  0.94134051589814283  0.95295393574740161
  0.96398470230854094  0.97525035698486606  0.98715991153408433  1.00000000000000000
 -0.00411942371627039  0.01039634277780397  0.02326482177228639  0.03583455665355310
  0.04944826517315051  0.06115630242462164  0.07226717367406979  0.08338985654684468
  0.09421176209952918  0.10459650796342240  0.11368618778865452  0.12252042301579358
  0.13155912882055185  0.14022364318228447  0.14922557961853627  0.15788513757635503
  0.16643013227794085  0.17498942865591191  0.18366146760228969  0.19409858718510836
  0.20591007724257523  0.21700701058495031  0.22716037748384979  0.23696462457347345
  0.24665089115287536  0.25706329643220510  0.26858202574420953  0.27987920118106691
  0.28925031484459590  0.29775062865998847  0.30681534261784821  0.31698963517208967
  0.32904200415835477  0.34376223443848902  0.35746569264909506  0.37013427646314223
  0.38002466864468920  0.38746989994130593  0.39562011248139400  0.40449493368447315
  0.41426445430674935  0.42345523448373001  0.42972086368359730  0.43619840565855567
  0.44545591178665833  0.45585695710476576  0.46589498930205714  0.47687359236905974
  0.48852761922548527  0.49990797351630928  0.50942134591263721  0.51820247750118442
  0.52657918597359632  0.53426148433929777  0.54147388894633308  0.55001913357987342
  0.55747371028775150  0.56774125359081273  0.58062406246717113  0.59440558207910221
  0.60844713700646902  0.62271379712496233  0.63604917537486894  0.64652290349340413
  0.65457119202997860  0.66126983136396023  0.66883693140259382  0.67708282822192711
  0.68642947287652356  0.69506480229838929  0.70196682096123264  0.71207973061817753
  0.72585222774896818  0.74012103304790910  0.75347604649454458  0.76586327155243372
  0.77646344485909558  0.78637293566090516  0.79619539173461562  0.80622196109083266
  0.81668351637984182  0.82666708871317185  0.83659184968647049  0.84614770221147229
  0.85672595110484073  0.86826976892204266  0.87962452909546884  0.89074738779246554
  0.90268746246430986  0.91760227553491158  0.93153908954598219  0.94493572796110070
  0.95825073181850862  0.97198461843126061  0.98625129386453236  1.00000000000000000
 -0.00380005271044589  0.01333215480033482  0.02843454593083844  0.04341325028097109
  0.05629751726030982  0.06730152848555412  0.07726255041134950  0.08681064035450370
  0.09728823325418648  0.10779944080446979  0.11781813583066519  0.12949656686633193
  0.14217697690146541  0.15603974371871385  0.16854321957211568  0.18008189239779093
  0.19245775487470754  0.20544320094713067  0.21755246277211554  0.22801793264220935
  0.23777177980117228  0.24731951784556649  0.25680263494534161  0.26643097178636915
  0.27657870936608370  0.28830512942679160  0.30256573273340442  0.31755662867076401
  0.33152947625744900  0.34439047311765281  0.35673974796716129  0.36813815396855804
  0.37888620223612363  0.38923014291259544  0.39930395967703219  0.40709764079764815
  0.41431899634202168  0.42158510143398942  0.42958192498130693  0.43732598506689513
  0.44466796286512505  0.45153036761870069  0.45773814112892497  0.46918508794397751
  0.47934424212895388  0.48786850895684186  0.49549985928958046  0.50323919070598011
  0.51188833843873061  0.52073454503487371  0.52863536712292136  0.53569132873640390
  0.54246662458907036  0.55225208292409333  0.56361202562732238  0.57550988053339136
  0.58800127515497336  0.60014851910680345  0.61150985176427775  0.62299669961862969
  0.63446723402416427  0.64578548546370529  0.65762750075039544  0.66950724842111331
  0.68084966010722114  0.69264182485024717  0.70402773537589258  0.71307540468174779
  0.72243956776437890  0.73292494711697176  0.74553060979033081  0.75921627670161151
  0.77148741898799467  0.78299724823202999  0.79428939737368665  0.80580136425350701
  0.81802983372907834  0.83074220942760402  0.84305318980357069  0.85301954118794465
  0.86058740579203230  0.86795333730038637  0.87549756042528104  0.88329739688051945
  0.89117373316401027  0.89939692474771782  0.90773107227854444  0.91592955543239662
  0.92309626968875380  0.93012222238788800  0.93810150316213692  0.94916538626350744
  0.96116790050228407  0.97343609146132815  0.98701024396737991  1.00000000000000000
  0.00743959187607147  0.01775118449297103  0.02484343561447295  0.03054402972157663
  0.03621826982567337  0.04225294944555934  0.04807552706159247  0.05328561649262484
  0.05940028195106639  0.06559763254228079  0.07181335166284208  0.07802069705297457
  0.08411558628170307  0.09024672047230638  0.09646110341669914  0.10166532540088823
  0.10562743535861721  0.10931336421407123  0.11316476365874038  0.11739207131627487
  0.12156881179003537  0.12565227633393625  0.13016305413490245  0.13446296410877348
  0.13896196025758994  0.14304583810332075  0.14704386242177317  0.15118451984847192
  0.15535075110388369  0.15947400270274664  0.16291661532448715  0.16707024149478808
  0.17230707149054178  0.17754750579242801  0.18287710908412858  0.18821393379268947
  0.19302395367100539  0.19771081626851697  0.20294561300618649  0.20936517232474572
  0.21690971029312414  0.22511783154612022  0.23317645856577915  0.24108796032236962
  0.24877300691636406  0.25535959798008384  0.26071636290725525  0.26609814209312987
  0.27145958672372589  0.27745598324695964  0.28430941677105265  0.29170876953963781
  0.29763095884344287  0.30375947681879018  0.30975220053795949  0.31591011926032309
  0.32255145891577330  0.32947710609368241  0.33639414635785886  0.34312102594798255
  0.35021540360857906  0.35826681767668006  0.36719593347730772  0.37593526934369620
  0.38391559065340192  0.39196673935379150  0.40094545105031959  0.41095591501111040
  0.42058903529594965  0.43041592901600312  0.44080857359866904  0.45167419270383985
  0.46164446115518076  0.47093051548222603  0.48055172362513182  0.49098303039463842
  0.50182222095344253  0.51363572770038313  0.52682798113927498  0.54376538667901686
  0.55991992848282934  0.57404201775285935  0.58674327189518616  0.60024886544147837
  0.61471449403832834  0.63288891055433638  0.65114622782134013  0.66992116959080061
  0.69287796835883131  0.72137655724834748  0.75054474547128724  0.77437349877675021
  0.79758119121358173  0.83678870127788629  0.90218752529559432  1.00000000000000000
 -0.00200607182688152  0.00821651616263069  0.01908298774410103  0.02832992850814529
  0.03658883664578815  0.04583012641499782  0.05638785856692614  0.06716255719324317
  0.07784198448127660  0.08831475927311778  0.10022933035299399  0.11187114943433746
  0.12322957445420010  0.13525777969473016  0.14783789839284392  0.16095076912304329
  0.17465339276837930  0.18810923470941779  0.20183958757498996  0.21466468675961051
  0.22950175206457454  0.24168368655505110  0.25403588041874708  0.26594132171683593
  0.27718423803969816  0.28922876426907629  0.30305845128658637  0.31642776571366754
  0.33010644077700374  0.34504784859066012  0.35919539759443614  0.37187114002513988
  0.38328681638316425  0.39381903642466326  0.40424692224649916  0.41445845348047639
  0.42385451491170278  0.43273080260808588  0.44190481481967930  0.45129292590547571
  0.46168733239460047  0.47189224573029637  0.48208549827166347  0.49369814822425706
  0.50580810371791329  0.51659738314858350  0.52952525209696233  0.54320362072307993
  0.55597095424810428  0.56589390156169006  0.57653551035040596  0.58729932791150885
  0.59833704194881421  0.60963453278852198  0.62013466549717855  0.62955579535235640
  0.63919683836898389  0.64861302773997176  0.66001672805698142  0.67105934489187669
  0.68397907221101439  0.69528454989152622  0.70527708506400821  0.71389753257840083
  0.72266224658814648  0.73171032767436395  0.74273167637246540  0.75375173673409623
  0.76449989908496874  0.77661062160949523  0.78976062107092249  0.79877259201451956
  0.80662694435787419  0.81504942181868589  0.82357172625169084  0.83211675285435371
  0.84042168468330103  0.84943616488052409  0.86063440139728609  0.87111865737317395
  0.87870101452748939  0.88469785336157070  0.89164708102555634  0.89992903888657216
  0.90778393264998902  0.91586451692194293  0.92315238517212639  0.92993827699952591
  0.93696955334214271  0.94511547590896439  0.95434799902763900  0.96257971076001547
  0.97070794263137161  0.98004794977874510  0.99048314986625907  1.00000000000000000
  0.64749682184651691  0.67677310698301585  0.70651836326742934  0.73671465636367173
  0.76619332538195484  0.79182663911502271  0.81182441586776621  0.83093946716756018
  0.84637171537004352  0.85924096443672660  0.86969579527330987  0.88009164903736636
  0.89008802916585239  0.89971975142409388  0.90814399906745802  0.91533854897694777
  0.92067472532634831  0.92486489005546890  0.92893135778345237  0.93297391479387226
  0.93690313364147537  0.93952419000984277  0.94165733079197167  0.94346065049366268
  0.94519775187765098  0.94691370873455216  0.94855787327634167  0.95013294374666002
  0.95173848776551584  0.95310832107329913  0.95420208326568212  0.95520640443959559
  0.95618816110905791  0.95715155469142577  0.95807974822599684  0.95882892132841790
  0.95948201554813706  0.96006553387334570  0.96066970884020408  0.96129534043582587
  0.96188945361187017  0.96243932454833170  0.96299044179332061  0.96352722854091222
  0.96404776380596680  0.96454776783238549  0.96503083833075964  0.96548680066581838
  0.96590615607670638  0.96630394837171962  0.96668563765191318  0.96706231305797430
  0.96742749529349592  0.96777771859656103  0.96812802233164164  0.96848471543029169
  0.96881522041023882  0.96910812317960648  0.96936927997690125  0.96963454354751522
  0.96995029985773085  0.97080806320048618  0.98197220131977225  0.98221948084334498
  0.98240013275299665  0.98255149193642377  0.98269584971060930  0.98283452717328790
  0.98298978973785234  0.98316048181459281  0.98334518142621430  0.98354297559133685
  0.98375575455052999  0.98396121919235457  0.98417740494796047  0.98441446145841816
  0.98465330248166572  0.98488245172500799  0.98517913283577063  0.98549468433641285
  0.98583787805689793  0.98623986752589410  0.98667186205418922  0.98715162768636888
  0.98770665160413107  0.98831295224691651  0.98895874512473136  0.98962929799642307
  0.99033587745668838  0.99112147390314320  0.99201724711700789  0.99306891632288929
  0.99429377758170512  0.99573475563534375  0.99752184342722694  1.00000000000000000
  0.08964586146207995  0.13990686533009516  0.15386923481263476  0.16568833212326120
  0.17444704746784909  0.18382089268794211  0.19194442508440673  0.19947012195517522
  0.20433084955394534  0.21367359910655034  0.22997351725092785  0.24392580757308552
  0.25684150939528977  0.26865259404996789  0.27929699435420585  0.28985202229751850
  0.30086575875954752  0.31212246573485747  0.32291023343235625  0.33351206300299174
  0.34405202460483358  0.35448713724829051  0.36523796915426937  0.37740976043981561
  0.38833980342494517  0.39816694849415024  0.40740207834359343  0.41539587790213783
  0.42272516716013481  0.42917651400374424  0.43494357041503939  0.44099949566946928
  0.44599875345505929  0.45073567963364147  0.45591067853279355  0.46100459580608416
  0.46666316955149867  0.47307683900328040  0.47970236585919113  0.48705027591914712
  0.49467390052200266  0.50213810464630748  0.50841162693176112  0.51463167272193155
  0.52073306743187164  0.52664848327292424  0.53272657432195625  0.53911291183795829
  0.54509235457543126  0.55087704981534080  0.55661457769858480  0.56233395605278069
  0.56813791337800257  0.57391347577724916  0.57949519667141791  0.58492104487074281
  0.59014141228911710  0.59497666999954457  0.60000386091081226  0.60543801929610719
  0.61081753715476694  0.61606772137679466  0.62129453802452539  0.62670241737712462
  0.63248513567192755  0.63871674493715880  0.64490916270798182  0.65061390116910922
  0.65590773262270530  0.66070844260824468  0.66513600242552162  0.66950558135034977
  0.67300765590511957  0.67750209282447937  0.68157276496412500  0.68536082570466350
  0.68946997513421160  0.69362495254457524  0.69777743056697572  0.70254640918524880
  0.70788179903104531  0.71338911703154173  0.71900687247601436  0.72379261791054439
  0.72887408394075359  0.73432043107242662  0.74144825176451290  0.74873494091746562
  0.75604181483623634  0.76296889091887476  0.77415218889791504  0.78981596525899400
  0.80941247883491851  0.83659002237338065  0.96934593594728091  1.00000000000000000
   3.1447560998771164E-030  -1.0000000000000000     
 T F F F T F T F F F F F F F F F T F T F T F T F F F F F F F F F T F T F T F T F T F T F T F T F T F T F T F T F T F T F T F T F T F F F T F T F F F F F F F F F T F T F T F T F F F F F F F F F T F T F T F T F T F T F T F T F T F T F T F T F T F T F T F T F
  <DiscreteSampler_grid>
  grouped_processes
  1 # 1 for a reference and 2 for a running grid.
  10 # Attribute 'min_bin_probing_points' of the grid.
  1 # Attribute 'grid_mode' of the grid. 1=='default',2=='initialization'
  0.0000000000000000 # Attribute 'small_contrib_threshold' of the grid.
  0.5000000000000000 # Attribute 'damping_power' of the grid.
 # binID   n_entries weight   weight_sqr   abs_weight
    13   10   6.825660080784685E-023   1.011790167720898E-044   6.825660080784685E-023
    14   10   6.825660080784667E-023   1.011790167720892E-044   6.825660080784667E-023
    25   10   2.544333690795034E-022   2.252190122531861E-043   2.544333690795034E-022
    26   10   2.544333690795095E-022   2.252190122531931E-043   2.544333690795095E-022
  </DiscreteSampler_grid>
