  0.00000000005610984  0.00000000013654668  0.00000000019801537  0.00000000025785656
  0.00000000032177392  0.00000000038991606  0.00000000046081047  0.00000000053506477
  0.00000000061326502  0.00000000069484535  0.00000000077214615  0.00000000085296441
  0.00000000093564084  0.00000000102266135  0.00000000111698008  0.00000000121433765
  0.00000000131135104  0.00000000141353570  0.00000000151691015  0.00000000161842594
  0.00000000171905800  0.00000000182858367  0.00000000194153486  0.00000000205472675
  0.00000000216691530  0.00000000228214792  0.00000000240113085  0.00000000252352489
  0.00000000264467629  0.00000000276650976  0.00000000288562172  0.00000000301227852
  0.00000000314515359  0.00000000328159993  0.00000000341399533  0.00000000354585731
  0.00000000367494453  0.00000000380592712  0.00000000393860090  0.00000000408282764
  0.00000000422811430  0.00000000437347661  0.00000000451954963  0.00000000466615741
  0.00000000481303523  0.00000000495783431  0.00000000510524634  0.00000000525889093
  0.00000000542708535  0.00000000559497170  0.00000000576995349  0.00000000594420089
  0.00000000611258674  0.00000000628569875  0.00000000645696789  0.00000000662652394
  0.00000000680489848  0.00000000699385564  0.00000000719616873  0.00000000739995827
  0.00000000760124807  0.00000000780548617  0.00000000801563165  0.00000000822840212
  0.00000000843699733  0.00000000863711701  0.00000000883352896  0.00000000905274674
  0.00000000928113148  0.00000000951343492  0.00000000975534443  0.00000001000528591
  0.00000001025978717  0.00000001051912804  0.00000001078146209  0.00000001104276626
  0.00000001130745229  0.00000001156783982  0.00000001187310104  0.00000001222257254
  0.00000001258414128  0.00000001294959008  0.00000001331808906  0.00000001369516867
  0.00000001408738468  0.00000001453160328  0.00000001497127076  0.00000001546760203
  0.00000001604486898  0.00000001667767999  0.00000001736340670  0.00000001816175576
  0.00000001912776509  0.00000002044662257  0.00000002123331079  1.00000000000000000
  0.00941851249558682  0.01719598937572479  0.02696827102131470  0.03886420548772873
  0.04984770629948676  0.06097761010172332  0.07147039864657105  0.08210013502710778
  0.09248397902050597  0.10275061661410582  0.11315477864784609  0.12355433175201040
  0.13400446161717544  0.14377091110939014  0.15370439735454205  0.16374550380936520
  0.17376446415129393  0.18362629290985735  0.19304283131144956  0.20240002847407421
  0.21248062533363710  0.22251199768646543  0.23221522309846718  0.24191268591723025
  0.25253632146204796  0.26445551976590637  0.27601123863550819  0.28586621833659526
  0.29601259577196770  0.30601732894331068  0.31650647162618295  0.32649641737044977
  0.33649109537624899  0.34638791552899212  0.35651767046491845  0.36665712809715878
  0.37656113423732201  0.38724714566056939  0.39764267081180560  0.40850268164182618
  0.41934637992863072  0.43014598378175223  0.44107287293445280  0.45243908942835548
  0.46345861432604102  0.47422674994154002  0.48485260595169455  0.49530938788358347
  0.50568068696098356  0.51597447128445528  0.52755864338337166  0.53928441977412134
  0.55079270710988981  0.56195700182859032  0.57316289503833251  0.58408544187718048
  0.59441206533611202  0.60456266725551844  0.61425388772921174  0.62396918653784450
  0.63345028451879493  0.64326945066853747  0.65328474674707027  0.66333824546574183
  0.67353799243932921  0.68431149513321254  0.69502333354191492  0.70539234047802601
  0.71522197182001634  0.72471697380382583  0.73404708772194460  0.74349179550668587
  0.75314937440336671  0.76366974676953570  0.77370989463920437  0.78395247658116918
  0.79407561735163879  0.80415159142065429  0.81410237663150842  0.82449147673940815
  0.83465904276383640  0.84462453044910490  0.85457018365448645  0.86555740317546703
  0.87673824430820446  0.88737448348129877  0.89775546166924702  0.90803175987624396
  0.91836276979319031  0.92824518748546925  0.93840829472958087  0.94886668529308660
  0.95933252663423108  0.96965093469053298  0.97976494679978210  1.00000000000000000
 -0.00258187671290517  0.01057369406314261  0.02275975632852129  0.03487899400572778
  0.04747247659969218  0.06021133059242854  0.07202718975237191  0.08305776255318043
  0.09367522260496933  0.10464373344760869  0.11556683516859743  0.12586346445139052
  0.13668495687400720  0.14733155023794675  0.15834911450933947  0.16900954322454032
  0.18004282339766819  0.19123172092157550  0.20263324293290774  0.21397549011487360
  0.22550637853114228  0.23656909072938989  0.24762370500059128  0.25844415587949027
  0.26938091378490864  0.27986161117180636  0.29059537012153702  0.30130088880405226
  0.31190825026159680  0.32233369713770493  0.33272254056116324  0.34354310711925307
  0.35452071923816303  0.36577024674034536  0.37714082036617846  0.38860025213812510
  0.39974245650055301  0.40977425335503703  0.41990958226136438  0.42930687110500815
  0.43894542430868899  0.44884726604040154  0.45907738643842050  0.46935186289700542
  0.47976113935123582  0.49035766720144675  0.50094633437322644  0.51133345146534626
  0.52162968969893519  0.53206716430114998  0.54270865894229903  0.55358557963470223
  0.56428853278267777  0.57437151479250403  0.58419240858985133  0.59404374809594263
  0.60408931195608961  0.61402122655127145  0.62378639402969183  0.63368380666897162
  0.64367592347853253  0.65376278825720702  0.66393867414850027  0.67372395369264648
  0.68354794889345105  0.69387813223649952  0.70448567418455033  0.71504051569565164
  0.72533368210227667  0.73544478138709024  0.74545099987826280  0.75501124197591463
  0.76443961733736465  0.77414226695534094  0.78413290556040416  0.79435113716604311
  0.80488700206711006  0.81572128410949118  0.82660434498127311  0.83705969520660772
  0.84713014384622320  0.85702480687889215  0.86678539128057175  0.87656875872946338
  0.88678961368091058  0.89716951988351368  0.90766945372137708  0.91794440506739472
  0.92855183628087146  0.93902025934727629  0.94874209516664865  0.95878247111657522
  0.96931636311427560  0.98026535894516420  0.99008517871295243  1.00000000000000000
 -0.00300574556737323  0.01047642273476019  0.02211300420761553  0.03359766698505973
  0.04473081277159922  0.05533265642551827  0.06579496248066360  0.07629921452947355
  0.08696824445892321  0.09766426389684750  0.10808577151886933  0.11838630161514843
  0.12889101659106666  0.13982730209155098  0.15073351103528643  0.16175070661450619
  0.17295471919935893  0.18454649418162397  0.19548489165382807  0.20586988454032243
  0.21590729231619499  0.22594303391099432  0.23595348293889215  0.24618621977191849
  0.25662579146988435  0.26740776955326462  0.27802673321740934  0.28829320840964007
  0.29770836282393059  0.30707269656755543  0.31659754028833820  0.32693556559140891
  0.33800353848012465  0.34952006177016115  0.36053151062153149  0.37177031226670804
  0.38307200382496254  0.39424300279702956  0.40448107062175664  0.41388606973804337
  0.42283400156616185  0.43152528036519594  0.44036941312911115  0.44968152803536560
  0.45951308681300340  0.47000259489801272  0.48058389578412752  0.49089396194128809
  0.50140003215570339  0.51167459929100045  0.52182979337748647  0.53219818341453529
  0.54282911581089333  0.55371202047515367  0.56443345334071093  0.57502807468827111
  0.58557546542833849  0.59605010365256195  0.60647073937200779  0.61681333928670801
  0.62711453973431552  0.63755899855319786  0.64838124881237458  0.65898951392865757
  0.66924167229981257  0.67902340974463660  0.68876995817167430  0.69844886516332294
  0.70849475065845902  0.71884741223202731  0.72936972927149069  0.74029960476733259
  0.75123983371235581  0.76159030684346762  0.77163273072692440  0.78175673298410775
  0.79203002249397081  0.80197634267203066  0.81187404461752100  0.82310997378436090
  0.83425782004161297  0.84529714742728768  0.85607541162736456  0.86793237226317510
  0.87980456258309725  0.89169905666354743  0.90319252860733368  0.91421466252815742
  0.92508074031600562  0.93561615536059595  0.94611843640607451  0.95652358968562923
  0.96754920093423669  0.97860959138360570  0.98929248330360375  1.00000000000000000
 -0.00221687613337771  0.00940671700623053  0.01930854034824696  0.02896865144006490
  0.03910614367654421  0.04911233921218095  0.05942011720803578  0.06961200008439183
  0.08013093141689134  0.08987344793908743  0.09953841048390349  0.10873726352109281
  0.11795236539184711  0.12726243986496594  0.13677583516566108  0.14637813806538835
  0.15663593037794657  0.16678661845327208  0.17715055173461342  0.18749954126032684
  0.19861495212262037  0.21022152912486866  0.22170870278032898  0.23215943377643247
  0.24183341695839605  0.25187771543777010  0.26206250863271546  0.27252152396714158
  0.28291186806219309  0.29392058547415900  0.30501735983468115  0.31584938555702741
  0.32663775608993462  0.33742786252461088  0.34830759301483172  0.35889389911991554
  0.36947917726624918  0.37988462349071811  0.39016335600197005  0.40056762342551971
  0.41161342435427867  0.42274272242426958  0.43352987981785512  0.44375974301404392
  0.45386874339621852  0.46404366216401222  0.47443427137632616  0.48499284239870244
  0.49591872708478385  0.50685566398630499  0.51802018012498297  0.52893781904065440
  0.53964340418943091  0.55027866735479947  0.56089225197805614  0.57154251503201770
  0.58228949264277385  0.59304484318901762  0.60361794458934903  0.61452231765679433
  0.62459919330022784  0.63570506465047272  0.64632207216497095  0.65806993795817459
  0.66928300159719512  0.67964887554335229  0.68957070827170608  0.69952711063950757
  0.70992753102460315  0.72081150914273717  0.73169444024955532  0.74253698193092632
  0.75278097050380888  0.76269893315160942  0.77295144337642607  0.78379208045093729
  0.79472930750453563  0.80533727668440469  0.81583342676241855  0.82689536112218021
  0.83730626715232759  0.84728410493912354  0.85787689530089528  0.86934602113467419
  0.88028264095975473  0.89066470161780675  0.90087688591457904  0.91116048426188678
  0.92138466577166611  0.93179883910225647  0.94276327485394995  0.95397132499751025
  0.96508002957509131  0.97660156104364704  0.98806810829554603  1.00000000000000000
 -0.00252781970012457  0.01001870326690260  0.02059544331582446  0.03142947469909994
  0.04182112757595943  0.05255681458271804  0.06354078845037604  0.07472378318125576
  0.08632790537274619  0.09815521176204399  0.10952718522109035  0.12007015255780371
  0.13050016412094292  0.14122780308819632  0.15219363688736426  0.16294035515576089
  0.17317273588036755  0.18324161095734021  0.19315480919145167  0.20299264618143176
  0.21315045137170519  0.22390700843515302  0.23546532243447424  0.24698292444189790
  0.25844083276843149  0.26942011389369236  0.27984302347940881  0.29019131921290897
  0.30114529020523229  0.31165235143520031  0.32163517916707851  0.33119872003234574
  0.34181651168618465  0.35305293321419851  0.36349732400020746  0.37335955619448435
  0.38433742367312440  0.39532086457391724  0.40582553223938850  0.41629791778917347
  0.42686540728291200  0.43745920527053872  0.44811013259161775  0.45849524050879631
  0.46850013097342413  0.47808300848759949  0.48875233081193742  0.49982538891424655
  0.51060916227632736  0.52103475867090954  0.53146178168397640  0.54183617773796033
  0.55174158082741576  0.56158814976188021  0.57137738368665292  0.58138269906361206
  0.59168639413503765  0.60239281419488455  0.61309882259739079  0.62347884379444030
  0.63417363900982548  0.64485486405347670  0.65555012864900797  0.66615080196492027
  0.67729430723318085  0.68850441624085434  0.69937263195683275  0.71050465546028718
  0.72117229239117087  0.73161958896577739  0.74123392953133760  0.75144201542223077
  0.76164228943900281  0.77180018794218708  0.78184978712733266  0.79167210988175218
  0.80187790495272016  0.81217932379401425  0.82270195793459433  0.83313141806545732
  0.84362359258257524  0.85354616883975276  0.86423035728694364  0.87452327264806595
  0.88528221744500279  0.89596838545082469  0.90655502801645793  0.91770397564599970
  0.92817202107766228  0.93851117512267712  0.94865367701223724  0.95868620405394656
  0.96862358098714707  0.97852353788024504  0.98901338179336817  1.00000000000000000
  0.00375326334802402  0.11222842196271438  0.16909227516560141  0.20983226725845389
  0.24358745698828710  0.27317996027287789  0.29829740100775476  0.31958004254470446
  0.33956637327830191  0.35852733308760742  0.37592767902917079  0.39264141337506753
  0.40848492837603295  0.42394944684431585  0.43899339466441156  0.45335601411350029
  0.46644764506576819  0.47858511184705271  0.49015662241504798  0.50145045796978660
  0.51217079979728131  0.52262714559380752  0.53340322656257966  0.54403883103756412
  0.55466353717302064  0.56507244140229540  0.57537312863366097  0.58542458802572694
  0.59499639641853475  0.60415408672604809  0.61269298821779716  0.62103568955152721
  0.62952429280563982  0.63827727338416196  0.64673006873076655  0.65472435826117881
  0.66237299548060868  0.66991959930247269  0.67757585804028253  0.68526210926752995
  0.69260986205654407  0.69986871414168328  0.70709522551676107  0.71449037969498486
  0.72198004361068924  0.72956294211122985  0.73683780013261935  0.74380328385502636
  0.75035443592965956  0.75681887187502439  0.76315806548974441  0.76956705170796225
  0.77579628407389845  0.78174548708038871  0.78762015890858206  0.79362230108562848
  0.79993898038585276  0.80639665312214748  0.81249115411146500  0.81836293591811005
  0.82402287451027478  0.82965956946817554  0.83539846381052296  0.84128278366073939
  0.84736077368478391  0.85342718971642495  0.85909470972549529  0.86447327534094631
  0.86976920515641321  0.87515156614783685  0.88034104774259991  0.88543338731146104
  0.89051649899689578  0.89552479485327974  0.90032326123712425  0.90498632226256726
  0.90973417322696914  0.91436879571309104  0.91888963987226524  0.92324772456086401
  0.92750452709365461  0.93178873100288695  0.93624437426175666  0.94073074176857507
  0.94517716501331039  0.94961519555251983  0.95400094904461619  0.95831347239273201
  0.96265195965791128  0.96709948026380699  0.97165596075370042  0.97615518977941806
  0.98052475884054002  0.98418536905823550  0.98635443014897106  1.00000000000000000
 -0.00249635034497236  0.00926994295470244  0.01996824149193768  0.03043754074280781
  0.04138682686334119  0.05251116100967984  0.06342837346234288  0.07384554812840868
  0.08391220584534877  0.09423734551537241  0.10405886907687584  0.11416023096820518
  0.12396533611578692  0.13371130079105964  0.14339419842795592  0.15334526300470069
  0.16386860808221163  0.17491203878504941  0.18567277076247643  0.19663421334929254
  0.20753903786007266  0.21869272438864371  0.23008657817377398  0.24089431817390122
  0.25155326261114891  0.26178574547955968  0.27228191499975335  0.28284146525905562
  0.29283568489670392  0.30243319358263498  0.31221757117615512  0.32255942178838426
  0.33302656056957575  0.34321974724402754  0.35306511867201207  0.36287406627444885
  0.37324514645834539  0.38404570309492031  0.39498235852340030  0.40510991367490817
  0.41497461465843621  0.42509580750905712  0.43530413428638098  0.44527415441590035
  0.45503183298065497  0.46496710381123019  0.47494057178570925  0.48499760230685379
  0.49527239454257732  0.50533495673627926  0.51555655392506217  0.52577622085646269
  0.53625987317884416  0.54674794623855771  0.55729443006013801  0.56821138729086118
  0.57911310347453926  0.59021176033849809  0.60136481901226202  0.61240287681699546
  0.62299342521100465  0.63328401024640990  0.64373385672397787  0.65442511260272873
  0.66522791437040218  0.67570318749793457  0.68620698051921003  0.69723938987304179
  0.70819101372600224  0.71904235777196268  0.72962023442294277  0.74000018046436089
  0.75040610714155553  0.76090784213026152  0.77181488497213147  0.78373440988222753
  0.79537802995379991  0.80710302810168943  0.81863347253846741  0.82977410595968937
  0.84101465304216649  0.85152658743717669  0.86179944881266657  0.87148852812920408
  0.88206326794537482  0.89318444856062740  0.90453594365921719  0.91540057194721403
  0.92658395754188128  0.93799860965909088  0.94956079163901685  0.96076988219795756
  0.97119493206908658  0.98114086659944255  0.99063229171921774  1.00000000000000000
  0.02423317578451633  0.03244011243552776  0.04196178554392386  0.05169549970334287
  0.06100792855584308  0.06976745113774209  0.07848750547151702  0.08768618390058540
  0.09736264528386367  0.10735177168868328  0.11712388618642441  0.12701275061682832
  0.13725791292190131  0.14742975882917567  0.15740810791111792  0.16728300862921053
  0.17719635033008382  0.18705360782682784  0.19718397244282074  0.20777256823646617
  0.21838024215689569  0.22890454862169091  0.23943264924470806  0.25030721522199173
  0.26135776259252386  0.27220177506453069  0.28288807300059782  0.29356598739938644
  0.30402923130204917  0.31408605572297810  0.32379509359544600  0.33361055261893569
  0.34356683825577644  0.35360014736485418  0.36362930791307640  0.37374493823622063
  0.38417420184448114  0.39466228320584090  0.40516449329115556  0.41569691596366842
  0.42618206325280250  0.43683851972900700  0.44779882832475010  0.45857470528580724
  0.46900767523297515  0.47903179052450440  0.48929272618895353  0.49997499479783691
  0.51142122268366808  0.52309770355489393  0.53433002932536511  0.54546396691055143
  0.55638130123653495  0.56738968897856767  0.57801560184221046  0.58821107232318770
  0.59755471432139895  0.60688658487930025  0.61602372956463791  0.62541707189346385
  0.63522782633778507  0.64553282168604154  0.65628232068910475  0.66649757146422106
  0.67635892292258304  0.68604153559101733  0.69585787545307309  0.70597228902078002
  0.71533378421444038  0.72462271496522457  0.73363577354446230  0.74279919225808999
  0.75201021759647702  0.76070987894940822  0.76930283059983362  0.77835773586925994
  0.78786735451529943  0.79767927135834293  0.80781124074762334  0.81822596360859789
  0.82858869594056639  0.83845837212365770  0.84823479070012253  0.85833043510194795
  0.86879928198341183  0.87936060471930411  0.89057314971016255  0.90200220995838554
  0.91271719446534993  0.92283142793280781  0.93267877058890480  0.94307303867302494
  0.95409550898568585  0.96416836081563551  0.97105865362224353  1.00000000000000000
  0.09491944228049662  0.22625061413912642  0.25751197300939710  0.28202945282652614
  0.30202195498040846  0.31951538999774565  0.33578806332132488  0.35076825601386319
  0.36387446547226954  0.37604083650485204  0.38799012583784737  0.39987897580908249
  0.41148879965152207  0.42278775170283978  0.43448794005668812  0.44575434306256578
  0.45685596814860785  0.46756757038469055  0.47849702813978978  0.48908808138643528
  0.49940861450221657  0.50924695550107468  0.51903194134132313  0.52855033892319980
  0.53767031854783010  0.54648745552034805  0.55523785287307870  0.56399079376617134
  0.57267884130566782  0.58134597615288486  0.58989749326148877  0.59847278449336239
  0.60696931774924623  0.61515474425893557  0.62310848288567033  0.63073033220251984
  0.63808324014340134  0.64518378850561153  0.65200402450024220  0.65882096988245464
  0.66559870747958094  0.67226732538435152  0.67859522227066615  0.68488839259353862
  0.69098301681731356  0.69706792132815987  0.70318519627314768  0.70924632445688351
  0.71532490125045467  0.72117775069332513  0.72697664974761445  0.73262244507263863
  0.73813436769911045  0.74341599451665441  0.74843517571627238  0.75325976556866958
  0.75794696619376989  0.76277992124050509  0.76760223209505551  0.77233688111826349
  0.77689899834176845  0.78147707188629212  0.78600162657151884  0.79045640925694372
  0.79476705915443224  0.79879947741966417  0.80285299261829501  0.80697792250094458
  0.81095466785669834  0.81482021282234152  0.81849509329483261  0.82214321383052091
  0.82594870766103567  0.82961473760451432  0.83327306982728988  0.83688438577830604
  0.84044867508614629  0.84398973428572199  0.84731301259070058  0.85068034640428547
  0.85399108387347000  0.85750796005097663  0.86099381678275666  0.86424512711500467
  0.86766018403466649  0.87120108607178237  0.87484698120233584  0.87840745790614150
  0.88197067645007221  0.88587046069403341  0.89051542678838469  0.89610112856921409
  0.90166218076515547  0.90717362338506458  0.91037791238298083  1.00000000000000000
   2.3009396151012143E-027  -1.0000000000000000     
 F F F F F F F F F F F F F F F F T F T F F F T F F F F F F F F F T F T F F F T F F F F F F F F F T F T F T F T F T F T F T F T F F F F F F F F F F F F F F F F F T F T F F F T F F F F F F F F F T F T F F F T F F F F F F F F F T F T F T F T F T F T F T F T F
  <DiscreteSampler_grid>
  grouped_processes
  1 # 1 for a reference and 2 for a running grid.
  10 # Attribute 'min_bin_probing_points' of the grid.
  1 # Attribute 'grid_mode' of the grid. 1=='default',2=='initialization'
  0.0000000000000000 # Attribute 'small_contrib_threshold' of the grid.
  0.5000000000000000 # Attribute 'damping_power' of the grid.
 # binID   n_entries weight   weight_sqr   abs_weight
    13   10   2.101473142464178E-017   1.748102354666194E-033   2.101473142464178E-017
    14   10   2.101473142464376E-017   1.748102354666579E-033   2.101473142464376E-017
    25   10   2.260622172428899E-017   3.940812743038482E-033   2.260622172428899E-017
    26   10   2.260622172428872E-017   3.940812743038407E-033   2.260622172428872E-017
  </DiscreteSampler_grid>
