  0.00000000024870824  0.00000000033728261  0.00000000042004443  0.00000000050289980
  0.00000000058604682  0.00000000067176497  0.00000000075753688  0.00000000084623820
  0.00000000093466359  0.00000000102420707  0.00000000111432854  0.00000000120862635
  0.00000000131612237  0.00000000142837366  0.00000000153325187  0.00000000163769255
  0.00000000174720657  0.00000000185659579  0.00000000196516818  0.00000000207410686
  0.00000000219617683  0.00000000231721133  0.00000000244679643  0.00000000257144342
  0.00000000269693901  0.00000000282423015  0.00000000295331673  0.00000000308902481
  0.00000000323124233  0.00000000337584903  0.00000000351927759  0.00000000366630178
  0.00000000380280472  0.00000000393739213  0.00000000407078946  0.00000000420666800
  0.00000000434010129  0.00000000447968919  0.00000000462290345  0.00000000476910602
  0.00000000491734120  0.00000000506995893  0.00000000522567486  0.00000000537726566
  0.00000000552555857  0.00000000567362662  0.00000000582760341  0.00000000599269987
  0.00000000616215677  0.00000000633547288  0.00000000651270135  0.00000000669519701
  0.00000000686977443  0.00000000703751049  0.00000000720577301  0.00000000737469688
  0.00000000755136369  0.00000000774771107  0.00000000794169064  0.00000000813526980
  0.00000000832467621  0.00000000851758205  0.00000000871768331  0.00000000892272735
  0.00000000912503722  0.00000000932544395  0.00000000953734280  0.00000000976903121
  0.00000001001598764  0.00000001026900901  0.00000001052187112  0.00000001076468935
  0.00000001100742678  0.00000001125207509  0.00000001150394061  0.00000001177829373
  0.00000001205264470  0.00000001234053025  0.00000001266273867  0.00000001300923686
  0.00000001336608490  0.00000001372953072  0.00000001410116537  0.00000001449083957
  0.00000001489194189  0.00000001531946987  0.00000001575168002  0.00000001621922305
  0.00000001683922548  0.00000001749535179  0.00000001823925972  0.00000001912278816
  0.00000002014159199  0.00000002223725056  0.00000002367844578  1.00000000000000000
  0.00958712498404722  0.01670358146140635  0.02665108771433928  0.03709144440087569
  0.04741120405736899  0.05821036385098451  0.06864945310748380  0.07908801396726062
  0.08961949529078134  0.10023827542718461  0.11105139799801737  0.12169769392334277
  0.13136656180911538  0.14038388509245620  0.14947881315554534  0.15924452825479504
  0.16941518186173585  0.17953921475074791  0.18966364401934546  0.19995365500157955
  0.21050564352911905  0.22136612420471730  0.23175443081408631  0.24172126264524979
  0.25233722176280887  0.26349623829176527  0.27418232863349218  0.28433156217933470
  0.29423564148210868  0.30429214508157260  0.31412514300879635  0.32357204848707138
  0.33312862428794698  0.34288400981083533  0.35307978563254028  0.36371598870769639
  0.37432879540510633  0.38511693672323716  0.39607331770280568  0.40791482155538611
  0.41931725365211314  0.42997967809076015  0.44062879331575017  0.45180882299182457
  0.46334892545130490  0.47465345071375098  0.48606221080161760  0.49746067722911730
  0.50847949252531999  0.51932543924739871  0.53014728362650199  0.54078145591914240
  0.55115478318028266  0.56135110924579668  0.57176077542071901  0.58239660996585263
  0.59280807020992465  0.60299928818760073  0.61296943187551189  0.62256214869251258
  0.63175754708322496  0.64104593775899565  0.65135531652436973  0.66296229449990507
  0.67423430408650220  0.68541667051430966  0.69671827688224253  0.70840448563250558
  0.71980677238512791  0.73100063365322276  0.74252880286487632  0.75372940308968683
  0.76472443111516808  0.77519235121303598  0.78532404150043655  0.79547492196262926
  0.80582472637415958  0.81616955728234664  0.82633394877843991  0.83676397507420119
  0.84767053341594534  0.85801722522286616  0.86807643501528697  0.87815160652106905
  0.88912105210237646  0.89982574129177784  0.91010090071021610  0.92023030583433940
  0.93053124667262954  0.94099569313969633  0.95139886097854309  0.96150957152380456
  0.97118573453839174  0.98124974918001784  0.99146773802356347  1.00000000000000000
 -0.00226745049575872  0.00908401982451507  0.01860075223488303  0.02866325638901327
  0.03834668086178607  0.04801840244101915  0.05728026999582246  0.06699655615214728
  0.07707463484805610  0.08765766951311385  0.09895029744066131  0.10979258547090012
  0.12016318373046389  0.13114336215058944  0.14267064670647972  0.15466768113272786
  0.16615491379651684  0.17741591145700697  0.18797922916822413  0.19802723599936747
  0.20838478740855099  0.21927662187869745  0.23029515085565760  0.24061678191310379
  0.25116902705351296  0.26160595864509378  0.27244571721899086  0.28257010210126271
  0.29349702527283705  0.30479676922178917  0.31695575925141162  0.32889406223256679
  0.34176689722329062  0.35337055861825634  0.36434839432956789  0.37484817552479227
  0.38571835804052379  0.39690149644926220  0.40796135933313904  0.41920006704268192
  0.43016604072417397  0.44071924781969435  0.45079346171273710  0.46096196211286716
  0.47154233891601782  0.48225913054752700  0.49269063875853980  0.50271993891671052
  0.51237855106360475  0.52167085020845050  0.53095326954278921  0.54047566998517715
  0.55062609564151399  0.56091252370679057  0.57152208072799460  0.58251474039038775
  0.59414598771241300  0.60523052446348569  0.61511882308232835  0.62493685864882198
  0.63494853364827519  0.64477951349182494  0.65453489778795337  0.66472007291390589
  0.67537346477097804  0.68594883706474641  0.69617942805513067  0.70662038049559417
  0.71732340017365182  0.72827455269180519  0.73945400177992149  0.75042109876623497
  0.76145263661863027  0.77198301824167415  0.78192138360694008  0.79170979981195622
  0.80152096796759464  0.81148774388466738  0.82169435861267204  0.83142403757140204
  0.84187300596106585  0.85190358812159606  0.86238077972010607  0.87247836418461366
  0.88268122161570728  0.89273555005565197  0.90278167177689284  0.91266787945733152
  0.92305663838261420  0.93406614498917306  0.94505560729307148  0.95635784059082973
  0.96750916744359539  0.97850358681086003  0.98881005693154511  1.00000000000000000
 -0.00280568971835932  0.00944010266412292  0.01999856750858257  0.02979533608213587
  0.04013439326328938  0.05091646629269847  0.06161803283470885  0.07188824525369998
  0.08188419594240813  0.09248246390626551  0.10333592590138237  0.11427972389324349
  0.12516210949220888  0.13622750094209066  0.14689403584330579  0.15759439600768718
  0.16803192761831259  0.17845186777831634  0.18887481955297997  0.19924368322656555
  0.20951050695989981  0.21976288592246096  0.23038237280757784  0.24152665159815898
  0.25271030375472281  0.26401249095342377  0.27493778352001152  0.28685916799065830
  0.29750896248140901  0.30804927257167453  0.31881061801924970  0.32956951681381558
  0.33971884202586938  0.34944897897242699  0.35943205644603227  0.36944563997747332
  0.37946143735103199  0.38937122605288244  0.39988121428677387  0.41026198584591389
  0.42114947878886327  0.43258433033803850  0.44402550201048330  0.45517337723368939
  0.46590439417228319  0.47640150298669748  0.48675443710250671  0.49687239813387662
  0.50742295086773037  0.51886284465447419  0.53059798052462537  0.54210832022423427
  0.55214199950043152  0.56187261801386590  0.57094180291093621  0.58031643789886145
  0.59052582369139572  0.60104761688736286  0.61199594029135951  0.62236530262427670
  0.63370738721820641  0.64443311441544771  0.65514712462318592  0.66568338456188370
  0.67628169470130717  0.68700280320174290  0.69730400873150977  0.70752824378069423
  0.71794920546851093  0.72830227619996069  0.73859993907378740  0.74831369934984293
  0.75849795446822266  0.76878700874259243  0.77907526204822208  0.78965585398037552
  0.80043276273315556  0.81109973671999958  0.82119547908853230  0.83107313841050889
  0.84129140375637290  0.85197821886604974  0.86317729755381412  0.87509928690444072
  0.88737973585013052  0.89883214411976131  0.90919564882516279  0.91968306190388860
  0.92963284724124073  0.93925787612899658  0.94850758546191138  0.95812703156263146
  0.96861404067913093  0.97918109067768166  0.98948171238826621  1.00000000000000000
 -0.00200581686448959  0.00864036622299450  0.01747778949728590  0.02657847277314999
  0.03636283099811567  0.04652723118933601  0.05715125394628118  0.06736206109493920
  0.07734324374630636  0.08745548041729130  0.09786027260878644  0.10889958433861684
  0.12063797973274126  0.13294390393173355  0.14511593767304090  0.15678381283113621
  0.16792046658991475  0.17877632385000816  0.19001470410293203  0.20092256971362205
  0.21215491971594069  0.22322703301502417  0.23407061985458616  0.24460410155874068
  0.25529783478182422  0.26595492649571451  0.27602920204627857  0.28567505005359001
  0.29560580445437062  0.30584988957136633  0.31599720143779247  0.32591203246760481
  0.33572911631732610  0.34609182324087512  0.35641061176040684  0.36683143856043804
  0.37661005341890708  0.38575829220378199  0.39461894596739405  0.40387229160103932
  0.41381487090348451  0.42425880218884382  0.43465820262517446  0.44526851408131646
  0.45598476182495501  0.46752036216101622  0.47948722594489979  0.49088114591618370
  0.50167714961449017  0.51207793082664932  0.52264807308269035  0.53306633054328567
  0.54311453050086855  0.55280015636807023  0.56261071806551055  0.57332702370411115
  0.58403826133487480  0.59375707455309334  0.60300400393656650  0.61257744765722555
  0.62271970961073819  0.63318315348449528  0.64403111391831924  0.65531998130076041
  0.66704612608327696  0.67809548724394342  0.68900039381320022  0.69983252462954526
  0.71092022184200221  0.72148711401885035  0.73264507990630545  0.74386374621518769
  0.75548676319064301  0.76596083132517256  0.77607275745722104  0.78612308487303439
  0.79652283186641248  0.80752535783900325  0.81842472381900067  0.82911373396971888
  0.83978216275196849  0.84995243564107914  0.86015283354398131  0.87044161804222320
  0.88138515252478400  0.89216963911084868  0.90332671394970054  0.91424010479877260
  0.92519520239441499  0.93619188518010310  0.94719586806283196  0.95817288300865966
  0.96902480668783741  0.97942790386836498  0.98972378795547511  1.00000000000000000
 -0.00241038727667742  0.01050934404529239  0.02129534164328038  0.03053576894051052
  0.04015143083963427  0.04966937655320868  0.05963427504956960  0.06936739916489704
  0.07889535867096273  0.08928404729579634  0.10029287104678722  0.11101290638192922
  0.12192649626992502  0.13221428090147730  0.14292778770746520  0.15424673492237520
  0.16542431033102886  0.17669187494247865  0.18793725537314798  0.19984475104920479
  0.21121661928894980  0.22257137229642016  0.23314300279865721  0.24397802243258473
  0.25468049669669834  0.26583917620174913  0.27684292049932036  0.28750619334288313
  0.29785496129923289  0.30794975928060481  0.31799384307654471  0.32804008328385786
  0.33795335027563417  0.34760365177986208  0.35729090573379552  0.36719705581420176
  0.37741964638389197  0.38799798145607339  0.39906732774680198  0.41077497106355992
  0.42265987206478101  0.43414101758135426  0.44516296323552879  0.45545779230613564
  0.46563961119937880  0.47601690096996868  0.48661366211332818  0.49745936161691290
  0.50790874865262170  0.51818267009176255  0.52794015652269888  0.53825202393502158
  0.54891834366125558  0.55906215564469308  0.56876491809580121  0.57845788532048958
  0.58855437360236984  0.59907932328705027  0.60937356603404580  0.61961150138955134
  0.62905253476081602  0.63865727429708519  0.64841340526029290  0.65854508206315299
  0.66841551773049024  0.67783143659419398  0.68766657441782708  0.69765854666408977
  0.70785227754245694  0.71755237393484339  0.72745268965077869  0.73812430409344032
  0.74878873266012191  0.75989017066745967  0.77109393790672998  0.78256835627585875
  0.79428646722144447  0.80529612170395803  0.81674478376695780  0.82711963659727916
  0.83750985772488284  0.84727720677885354  0.85700775882780600  0.86693890197308121
  0.87723915382008244  0.88882567178009442  0.90003347384025367  0.91113097802583076
  0.92245377604810475  0.93351966133991882  0.94489219222865306  0.95546498835206906
  0.96720405103515128  0.97835956718577155  0.98952239200555292  1.00000000000000000
  0.01528185041825420  0.01847817205551434  0.02171514251342683  0.02723844436855448
  0.03236843145637236  0.03743859702899585  0.04229109514356579  0.04695893496919821
  0.05145633419581405  0.05602687637774782  0.06076187110302825  0.06560616772265748
  0.07046658542388155  0.07519155837494358  0.07978635038084383  0.08434052487400316
  0.08916667418958908  0.09410328178107918  0.09908784505242138  0.10414304531894433
  0.10934688767674910  0.11466815048581368  0.12009840185962442  0.12556736329451099
  0.13084112677013229  0.13605236156038550  0.14128238898313117  0.14650712123343534
  0.15203882427057439  0.15768444662897380  0.16339005044540039  0.16929459517892290
  0.17525602096918366  0.18117406854031234  0.18705648637376071  0.19287220665347649
  0.19855196111199394  0.20413551281283987  0.20972287656054989  0.21534075882297946
  0.22133238747683531  0.22734042557784404  0.23366649106399245  0.24005077025820415
  0.24659593808893374  0.25316993247713609  0.25997176932500154  0.26671939680627643
  0.27376246987823499  0.28073195746542079  0.28759549198616241  0.29443131777813142
  0.30130348345257840  0.30845109529802123  0.31582872243520699  0.32330556774852481
  0.33089519232662074  0.33853562413231014  0.34610172490829844  0.35369618507750217
  0.36156664216648482  0.36951320272319388  0.37776104619814677  0.38654484201122896
  0.39552829338266937  0.40430896701927660  0.41290183021690130  0.42164949632461890
  0.43050336988369037  0.43982975300103111  0.44950671263947634  0.45977171618193197
  0.47046733399415763  0.48151411336951938  0.49296429089629690  0.50437430973837316
  0.51566222132233874  0.52694163989211384  0.53869614752273520  0.55135027704229878
  0.56464359037887502  0.57841395873959578  0.59323046014248948  0.60860370611424541
  0.62412716075706032  0.64031666757254835  0.65735415956080812  0.67523922729317853
  0.69518027664656246  0.71820748929852973  0.74424381079467761  0.77214675485272055
  0.80281303308800755  0.84036739531188065  0.89406280945182881  1.00000000000000000
 -0.00232266851014677  0.00876155746861257  0.01764768599110974  0.02646517197292712
  0.03501981950143667  0.04379255311850859  0.05309883660671289  0.06215576554919568
  0.07149382899874610  0.08110906675775477  0.09185083736667302  0.10243439816507295
  0.11276466784375228  0.12339461717968397  0.13447549336672049  0.14578714180771774
  0.15645187168314054  0.16658253951252697  0.17663320127641555  0.18663646293790137
  0.19657868714249840  0.20675908150106959  0.21758140934385539  0.22903141393383583
  0.24017791176081429  0.25078335181587313  0.26100045669342253  0.27107664177581886
  0.28103979732299011  0.29095043197546905  0.30074880458693154  0.31054002368225819
  0.32061654582037880  0.33139167501239847  0.34263525281142515  0.35391834936527239
  0.36527984924725682  0.37671806585237727  0.38845684222748506  0.40033241170405248
  0.41269162419037875  0.42449200684996019  0.43603862524836051  0.44756187830102750
  0.45888181246029408  0.47002936178458271  0.48105352047985495  0.49244303295857994
  0.50351339934230677  0.51446672840076402  0.52537878972293306  0.53649300425845803
  0.54792682230499257  0.55890319689696899  0.56944541671067772  0.57969466421255367
  0.59010842877537384  0.60102043856641540  0.61190312934497015  0.62278019028763809
  0.63361129354368106  0.64404944447515844  0.65421115068915747  0.66442231543392927
  0.67460043616550525  0.68492426358061220  0.69481740867294639  0.70415400955581264
  0.71312996164268050  0.72243598808373455  0.73189019238373032  0.74210338921790675
  0.75238918488496620  0.76356391981957172  0.77502827036838318  0.78615768180176016
  0.79680706888350650  0.80741059236558543  0.81780861271481287  0.82890177963284983
  0.84044206014795064  0.85215879380501058  0.86271825155769044  0.87355253363945384
  0.88433062065459800  0.89480500002676611  0.90478381813186770  0.91452770891527302
  0.92493828548996382  0.93520152170486848  0.94565956428421571  0.95614496216453471
  0.96745139845204187  0.97881419511462953  0.98952953800984789  1.00000000000000000
  0.02422295301428696  0.03201707695491152  0.04013396288617969  0.04932982838460841
  0.05899297364239518  0.06821215438370530  0.07777434681028560  0.08750159384045331
  0.09762557890232876  0.10770973220142008  0.11737159506092816  0.12716853252254934
  0.13756242241316227  0.14826689996435283  0.15884615800107857  0.16898461399392037
  0.17895011654211920  0.18878588613747876  0.19944123616339493  0.21028448830844099
  0.22179069135371135  0.23272712628397688  0.24271051306950633  0.25220088977822608
  0.26176530877380494  0.27147306798265147  0.28112529841872180  0.29067976231984949
  0.30072058476392355  0.31057024113813209  0.32022146749208402  0.32953311244022004
  0.33930514610057638  0.34897129989328696  0.35869271473070757  0.36824881893462430
  0.37791993844860444  0.38780005596976097  0.39762352093469261  0.40772925080393957
  0.41803939823995490  0.42854931160853210  0.43889036951680649  0.44891745373783742
  0.45944221601767193  0.47026343610278881  0.48074610046908955  0.49090470329070246
  0.50114712859630228  0.51171933291252136  0.52237689451045011  0.53298234669826661
  0.54349115114781199  0.55344517192338294  0.56278397143654224  0.57199196926585039
  0.58198308045060776  0.59261407732209026  0.60297467644418445  0.61279266934462584
  0.62262037981332929  0.63316823716487070  0.64418314153224554  0.65487009562460508
  0.66539687059608610  0.67610272224690471  0.68652370949485941  0.69615112068724394
  0.70544801193500462  0.71519235040351570  0.72545430394943866  0.73573779246007420
  0.74592392309885536  0.75610862263254697  0.76613776333366002  0.77628519737528812
  0.78659850334090997  0.79729020587147392  0.80797085723669060  0.81828163599282266
  0.82817304740798803  0.83831836158994744  0.84824365112488864  0.85824890712110402
  0.86780786464241388  0.87772229356123621  0.88808931285886639  0.89849235749300282
  0.90911234614741121  0.92000893939448614  0.93103560066308078  0.94235754908056424
  0.95423576724990511  0.96512505432890650  0.97118074327436077  1.00000000000000000
  0.07909255907165484  0.10275051812990822  0.12419022097810661  0.14360313592157184
  0.15765187501279979  0.16918892089213550  0.18036113135943974  0.19070604813158309
  0.20042331924120529  0.20897625822539526  0.21694615193482875  0.22457262246369225
  0.23209317768371843  0.23891178738256411  0.24528861510073746  0.25153202400660463
  0.25770928419892691  0.26414215248195888  0.27070799189136369  0.27733276839109278
  0.28394295494831118  0.29022129002684971  0.29617135117693072  0.30201901940222842
  0.30782308567172462  0.31381221695345346  0.31957443603936636  0.32529268579517723
  0.33106909445474070  0.33678652794987063  0.34254934819084060  0.34822915769522950
  0.35400658974846544  0.35959126219269327  0.36522706126148113  0.37090627901834927
  0.37676316047274144  0.38277093036299764  0.38865375814186287  0.39431878091908790
  0.39979580085752736  0.40517342430720082  0.41058393265485371  0.41606892541337470
  0.42156709968034944  0.42694585486170816  0.43236533843104014  0.43765830787372145
  0.44302496808953340  0.44834707009372882  0.45369288351500930  0.45892082481515867
  0.46420091628230481  0.46960685433294708  0.47505313982045599  0.48046572862982201
  0.48563203605170091  0.49074065902823533  0.49593672244193027  0.50111724463294982
  0.50633805787483721  0.51144091907153777  0.51656769434228234  0.52172465742736085
  0.52689223340773939  0.53196839434982501  0.53706273517172098  0.54240323120436440
  0.54797566267125675  0.55362747877281560  0.55913687971865544  0.56450802347155515
  0.56998696735901122  0.57549182414651268  0.58110593664860200  0.58694254562362458
  0.59304052169951349  0.59936075703131753  0.60602034016709871  0.61310896852882091
  0.62016678792723812  0.62737703262715505  0.63474150762218151  0.64244301273428828
  0.65039332780179471  0.65909911424960210  0.66796731195166203  0.67771849023863628
  0.68811199948872315  0.69838644178713827  0.70929166134469634  0.72123527840575741
  0.73519713866551772  0.75152398492033168  0.77405932146166501  1.00000000000000000
   7.6621544521207909E-023  -1.0000000000000000     
 F F F F F F F F F F F F F F F F T F T F T F T F F F F F F F F F T F F F T F T F F F F F F F F F T F T F T F T F T F T F T F T F F F F F F F F F F F F F F F F F T F T F T F T F F F F F F F F F T F F F T F T F F F F F F F F F T F T F T F T F T F T F T F T F
  <DiscreteSampler_grid>
  grouped_processes
  1 # 1 for a reference and 2 for a running grid.
  10 # Attribute 'min_bin_probing_points' of the grid.
  1 # Attribute 'grid_mode' of the grid. 1=='default',2=='initialization'
  0.0000000000000000 # Attribute 'small_contrib_threshold' of the grid.
  0.5000000000000000 # Attribute 'damping_power' of the grid.
 # binID   n_entries weight   weight_sqr   abs_weight
    13   10   1.495595418880088E-012   1.401292265342152E-023   1.495595418880088E-012
    14   10   1.495595418878168E-012   1.401292265337649E-023   1.495595418878168E-012
    16   10   4.983407165389366E-013   6.823398303437972E-025   4.983407165389366E-013
    17   10   4.983407165380856E-013   6.823398303413998E-025   4.983407165380856E-013
  </DiscreteSampler_grid>
