  0.00000000005312419  0.00000000015846740  0.00000000025917491  0.00000000034471215
  0.00000000043192466  0.00000000051206030  0.00000000058015589  0.00000000066316852
  0.00000000076192583  0.00000000086178106  0.00000000095837083  0.00000000106336537
  0.00000000118374931  0.00000000130530902  0.00000000142594682  0.00000000154584348
  0.00000000166406663  0.00000000177564609  0.00000000187554020  0.00000000197197918
  0.00000000206055603  0.00000000214761292  0.00000000223820890  0.00000000234951762
  0.00000000246338256  0.00000000257769438  0.00000000269010396  0.00000000280421945
  0.00000000292247681  0.00000000305245644  0.00000000318203474  0.00000000329488794
  0.00000000340828489  0.00000000353649836  0.00000000368046497  0.00000000382720107
  0.00000000396168039  0.00000000416710944  0.00000000437943416  0.00000000455858309
  0.00000000471359340  0.00000000486259059  0.00000000500330072  0.00000000512724379
  0.00000000524898001  0.00000000536727121  0.00000000548282160  0.00000000560770684
  0.00000000576069507  0.00000000594953357  0.00000000614083720  0.00000000631730551
  0.00000000648690201  0.00000000666055090  0.00000000684164705  0.00000000703898758
  0.00000000723667665  0.00000000743709753  0.00000000759845813  0.00000000776040703
  0.00000000791016387  0.00000000805867663  0.00000000821813146  0.00000000838882376
  0.00000000856731628  0.00000000873785312  0.00000000891555825  0.00000000913214197
  0.00000000937338050  0.00000000960833364  0.00000000984818289  0.00000001009294357
  0.00000001030733131  0.00000001050938228  0.00000001071233041  0.00000001091602480
  0.00000001115823517  0.00000001141074919  0.00000001167270361  0.00000001194775519
  0.00000001224343949  0.00000001254764715  0.00000001285302164  0.00000001322288726
  0.00000001360459856  0.00000001398148562  0.00000001438777372  0.00000001484741295
  0.00000001535038481  0.00000001597576341  0.00000001669712390  0.00000001754691232
  0.00000001866055991  0.00000002023514510  0.00000002133205632  1.00000000000000000
  0.00994785565667393  0.01553771496267827  0.02313060431703667  0.03341228585388289
  0.04658557856172745  0.06108960161757879  0.07535138977758692  0.08624598714384142
  0.09577173816347542  0.10515299447217394  0.11519163123043044  0.12786840968479013
  0.14226980908257739  0.15660916875323300  0.17069110568948795  0.18399906307353872
  0.19712143488346090  0.21031184047233309  0.22327533494861151  0.23520408945226540
  0.24605134489247815  0.25702498997074313  0.26808168936750865  0.28060815114147736
  0.29470526752707626  0.30847749928482932  0.32078234749120499  0.33157856896258175
  0.34212735684638401  0.35320908450141653  0.36532763062147522  0.37783549224799906
  0.38991435110612854  0.40223976216858059  0.41450461023302676  0.42355284223304501
  0.43058767695386485  0.43873155885462373  0.44619229848064351  0.45260509535792787
  0.45918149598895014  0.46570275487078194  0.47248147462606366  0.47996468450583285
  0.48841053106223498  0.49715025585211142  0.50608265642688466  0.51537126017519563
  0.52461254211661223  0.53381165891109761  0.54210265816089787  0.55220706069276071
  0.56276058391108930  0.57408479198619522  0.58700576832980833  0.60048458973413132
  0.61148504391246150  0.62236068966357982  0.63255535471874247  0.64363421915997843
  0.65465104042824340  0.66460498874820395  0.67469795214378259  0.68493652443041453
  0.69481720741003983  0.70440857145268765  0.71312613490862187  0.72220902749592686
  0.73268353321543866  0.74336763661111183  0.75384520330135307  0.76464227342128288
  0.77340504549212774  0.78083694298131001  0.78864890684461464  0.79738541860655587
  0.80608986820165762  0.81362237328294884  0.82044423460843841  0.82782753500424178
  0.83661168237428318  0.84635467952317123  0.85556647441778677  0.86481755856682629
  0.87391295909321831  0.88537346266415373  0.89833253963160242  0.91011647360437076
  0.92087899166016740  0.93128382827829270  0.94176283063495603  0.95267908993672834
  0.96143232824880565  0.97264445113584097  0.98606627989269435  1.00000000000000000
 -0.00001645596600123  0.00073226975420535  0.00309584060315031  0.00649435265081951
  0.01092925873824740  0.01552485648328999  0.02099233555192423  0.02758514399284934
  0.03421554054212642  0.04088392736450226  0.04810016801204912  0.05540331932192476
  0.06251975211845030  0.07020568128636329  0.07833463968629953  0.08654343413385325
  0.09522505527798428  0.10398526134962116  0.11238790609084830  0.12046528326512103
  0.12812800127689428  0.13538891262244010  0.14304569635449704  0.15100017223574699
  0.15953270689905649  0.16858014126217916  0.17779850902958466  0.18686796184451965
  0.19670174359133896  0.20881725214167543  0.22204507093032883  0.23486962768951994
  0.24731191466339886  0.25942000420769001  0.27141876435833118  0.28350792114518120
  0.29555943374645738  0.30796685448876221  0.31994979601359552  0.33244136431773041
  0.34510814359620695  0.35765597247885011  0.36938531096170646  0.37986494187771586
  0.39020371060853271  0.40118371849113338  0.41279544869888835  0.42414838214293593
  0.43474340872687256  0.44548206847476490  0.46009300564246214  0.47266230542558008
  0.48532696374727685  0.49843748997396975  0.51114941609705578  0.52299224860321925
  0.53324158644440234  0.54314315688819770  0.55280596600716847  0.56172821846707677
  0.57135206410589834  0.58161500679745737  0.59282852364172334  0.60504542912598958
  0.61701087132869170  0.62847481058886623  0.64007180102333394  0.65156532667720046
  0.66396372019096561  0.67602574084276523  0.68893602360457828  0.70093710251175612
  0.71322670115808451  0.72546587507476279  0.73785975412088189  0.75075618538902034
  0.76387526738147815  0.77663265857152286  0.78856682429415004  0.79981886058126439
  0.81160782163887435  0.82391602546235820  0.83586240114133048  0.84741833141117440
  0.85913607087257027  0.87183233941291549  0.88582075321933873  0.90039173654832083
  0.91387153032953428  0.92459564727765664  0.93561054256551435  0.94656645196941025
  0.95776796101314110  0.97010874891810162  0.98393698059288348  1.00000000000000000
 -0.00382096428658815  0.01200752859343577  0.02556422692311656  0.03879821363212200
  0.05145870946268608  0.06317664761843739  0.07453183774031688  0.08640321669490846
  0.09706934014576321  0.10838783616085503  0.11970389718237530  0.12936357482128003
  0.13844581944261092  0.14689987856589426  0.15586699243182503  0.16395174818211966
  0.17265045228264506  0.18241427185724296  0.19274200508180306  0.20470333270241967
  0.21768075104170104  0.23028713020116179  0.24136644492102940  0.25108138320709245
  0.26072306736404127  0.27128439032696700  0.28317415803081475  0.29503722576788194
  0.30502543533607435  0.31376847181880257  0.32374795915627141  0.33440806500568349
  0.34452599431726605  0.35487805178907461  0.36517202698838175  0.37578243717183318
  0.38600137258847383  0.39587147816022961  0.40511621477311255  0.41397998608305969
  0.42298956780243024  0.43350469395092450  0.44626758214835849  0.45840589978864543
  0.47226431915608591  0.48571139864847490  0.49818382883776069  0.51147561309150369
  0.52573246696355491  0.53997599897386916  0.55419388066428033  0.56765334685451851
  0.58109970004080536  0.59546130983953383  0.60890682812650221  0.62119881141160493
  0.63167012815439028  0.64066961011660528  0.64935703830123526  0.65799275706037275
  0.66696325913403665  0.67628538498900093  0.68545973472671329  0.69232078051136314
  0.69824899135569451  0.70472876167418796  0.71193978848699457  0.71878138203480046
  0.72512923467330026  0.73132378137108067  0.73784166071027235  0.74499747956752516
  0.75197315357980321  0.76117404736891614  0.77026996479981169  0.78124099800636704
  0.79381737177043898  0.80540107607207545  0.81634354694996181  0.82556442153070453
  0.83548101053453316  0.84636749440405945  0.85766267906008709  0.86955652954079088
  0.87973974236691010  0.88902619852903553  0.89837918102378655  0.90843383182396709
  0.91995758175399256  0.93053865308277217  0.94134051683137909  0.95295393647940241
  0.96398470288472426  0.97525035746735600  0.98715991190466412  1.00000000000000000
 -0.00411942369723806  0.01039634260897026  0.02326482145966179  0.03583455612166999
  0.04944826453499568  0.06115630195035271  0.07226717330615752  0.08338985639503617
  0.09421176227110675  0.10459650824772326  0.11368618815935576  0.12252042322231038
  0.13155912907508127  0.14022364342151752  0.14922557993255095  0.15788513786836245
  0.16643013242265015  0.17498942870436532  0.18366146748802506  0.19409858712347788
  0.20591007683512133  0.21700701048131005  0.22716037759316118  0.23696462457458406
  0.24665089104694252  0.25706329629009972  0.26858202556129668  0.27987920084192275
  0.28925031434740944  0.29775062815097991  0.30681534213205913  0.31698963508126637
  0.32904200354369251  0.34376223397194017  0.35746569202269318  0.37013427571473834
  0.38002466849040933  0.38746989946277399  0.39562011187862134  0.40449493321801960
  0.41426445381676741  0.42345523437283111  0.42972086304109330  0.43619840511663582
  0.44545591043815946  0.45585695622723710  0.46589498884627495  0.47687359247741240
  0.48852761961724223  0.49990797409361271  0.50942134620330681  0.51820247784120377
  0.52657918639423540  0.53426148464090062  0.54147388954524667  0.55001913376345457
  0.55747371049927807  0.56774125439305578  0.58062406357803964  0.59440558341946514
  0.60844713836016684  0.62271379836057361  0.63604917717292397  0.64652290484733166
  0.65457119306932932  0.66126983203056533  0.66883693191910365  0.67708282840164402
  0.68642947293595657  0.69506480246077507  0.70196682107457786  0.71207973040624073
  0.72585222704371122  0.74012103231778248  0.75347604607343588  0.76586327126890807
  0.77646344488548658  0.78637293573661005  0.79619539195137101  0.80622196154597436
  0.81668351694702168  0.82666708941687617  0.83659185014050463  0.84614770274273376
  0.85672595160928233  0.86826976929600030  0.87962452919512912  0.89074738739822645
  0.90268746177709280  0.91760227468865474  0.93153908889289705  0.94493572733755449
  0.95825073130427074  0.97198461815187798  0.98625129372510256  1.00000000000000000
 -0.00380005263087081  0.01333215423838060  0.02843454514706318  0.04341324947258308
  0.05629751673886389  0.06730152828898858  0.07726255049890118  0.08681064055166464
  0.09728823370082144  0.10779944129098104  0.11781813616388274  0.12949656687833194
  0.14217697633775486  0.15603974244875982  0.16854321856579935  0.18008189110561942
  0.19245775318794253  0.20544319899591093  0.21755246059556868  0.22801793057085942
  0.23777177732740679  0.24731951535670388  0.25680263281049698  0.26643096967521651
  0.27657870692231362  0.28830512716886159  0.30256573046648466  0.31755662643910637
  0.33152947417540063  0.34439047171619747  0.35673974693617500  0.36813815299671693
  0.37888620115040605  0.38923014193638178  0.39930395844886646  0.40709763992828635
  0.41431899547141005  0.42158510039405966  0.42958192389293465  0.43732598386025884
  0.44466796144918908  0.45153036652893919  0.45773813982785749  0.46918508576531293
  0.47934424037247686  0.48786850741376853  0.49549985753545378  0.50323918866798489
  0.51188833611704254  0.52073454296641952  0.52863536535450850  0.53569132694642574
  0.54246662270408741  0.55225208040315454  0.56361202264846533  0.57550987724290958
  0.58800127162219151  0.60014851557147220  0.61150984836020983  0.62299669584563355
  0.63446723046412989  0.64578548239137012  0.65762749813639343  0.66950724637868209
  0.68084965833704703  0.69264182320939538  0.70402773394534568  0.71307540319606211
  0.72243956681906896  0.73292494678068243  0.74553060941064153  0.75921627731677999
  0.77148741901019646  0.78299724832451079  0.79428939750224004  0.80580136434426564
  0.81802983411781471  0.83074220973191881  0.84305318997248357  0.85301954162609428
  0.86058740658976085  0.86795333835309851  0.87549756152833202  0.88329739798515650
  0.89117373420105395  0.89939692563289186  0.90773107305030720  0.91592955583470848
  0.92309627015716544  0.93012222291572022  0.93810150396780800  0.94916538693608121
  0.96116790106624983  0.97343609183854862  0.98701024415103455  1.00000000000000000
  0.00743959189395264  0.01775118417752029  0.02484343521075746  0.03054402921614418
  0.03621826913192992  0.04225294871192106  0.04807552635136606  0.05328561578309627
  0.05940028101592904  0.06559763150312578  0.07181335051124742  0.07802069584035391
  0.08411558506570561  0.09024671921677645  0.09646110233302788  0.10166532485137848
  0.10562743481811435  0.10931336369143720  0.11316476311224585  0.11739207073152792
  0.12156881131394683  0.12565227584341698  0.13016305382125454  0.13446296376483316
  0.13896195988201529  0.14304583785628097  0.14704386206952166  0.15118451965494079
  0.15535075089900688  0.15947400254599009  0.16291661531697887  0.16707024121553743
  0.17230707153210204  0.17754750616920334  0.18287710955204023  0.18821393432524827
  0.19302395438648773  0.19771081691415274  0.20294561350819718  0.20936517278444491
  0.21690971120819752  0.22511783255008908  0.23317645976274884  0.24108796143994493
  0.24877300777202113  0.25535959885157078  0.26071636399064868  0.26609814316020330
  0.27145958783500873  0.27745598425662482  0.28430941785396679  0.29170877052927990
  0.29763095921641325  0.30375947716913665  0.30975220106680429  0.31591011988931006
  0.32255145980621336  0.32947710708917244  0.33639414730493328  0.34312102677545475
  0.35021540447056954  0.35826681897896806  0.36719593510931625  0.37593527105335212
  0.38391559259664743  0.39196674163743261  0.40094545359877104  0.41095591741399079
  0.42058903775697326  0.43041593152200974  0.44080857624051539  0.45167419526501829
  0.46164446353588651  0.47093051785074541  0.48055172637243543  0.49098303334147309
  0.50182222392920051  0.51363573033831078  0.52682798472647530  0.54376539095595700
  0.55991993234346060  0.57404202066386589  0.58674327502636092  0.60024886863185034
  0.61471449755491137  0.63288891518965662  0.65114623181766818  0.66992117286390607
  0.69287797100445325  0.72137655946560753  0.75054474656648806  0.77437349860444316
  0.79758119017839357  0.83678870094358893  0.90218752624215781  1.00000000000000000
 -0.00200607186638312  0.00821651607368117  0.01908298763020277  0.02832992812765509
  0.03658883623847340  0.04583012582833555  0.05638785806634262  0.06716255632162230
  0.07784198343490775  0.08831475777955571  0.10022932882267552  0.11187114794839974
  0.12322957291648784  0.13525777801519345  0.14783789658668942  0.16095076732279268
  0.17465339115191275  0.18810923316043709  0.20183958593206980  0.21466468482660395
  0.22950174997355635  0.24168368461273856  0.25403587819418666  0.26594131911914287
  0.27718423485235566  0.28922876081549476  0.30305844792345282  0.31642776263194305
  0.33010643739443207  0.34504784557023488  0.35919539448464588  0.37187113684730538
  0.38328681331128672  0.39381903322673939  0.40424691881550273  0.41445845013506666
  0.42385451227305743  0.43273080059329566  0.44190481275780075  0.45129292385984998
  0.46168732992131689  0.47189224344431729  0.48208549625472658  0.49369814560095510
  0.50580810144628408  0.51659738021097612  0.52952524920683297  0.54320361773832526
  0.55597095187334111  0.56589389960813674  0.57653550823577382  0.58729932586239886
  0.59833703996530374  0.60963453085480401  0.62013466373199688  0.62955579350619040
  0.63919683619522483  0.64861302513862129  0.66001672569923997  0.67105934243798260
  0.68397907067269015  0.69528454874875334  0.70527708426732305  0.71389753190117755
  0.72266224616424668  0.73171032759697674  0.74273167592372136  0.75375173602666168
  0.76449989820455477  0.77661062089689581  0.78976061954085364  0.79877259194878714
  0.80662694436959925  0.81504942175201101  0.82357172602527651  0.83211675249095318
  0.84042168421496033  0.84943616441250147  0.86063440078552689  0.87111865694466495
  0.87870101438035986  0.88469785332540141  0.89164708116833569  0.89992903906206878
  0.90778393294186766  0.91586451733012031  0.92315238568111380  0.92993827758800374
  0.93696955404710247  0.94511547677790764  0.95434799957803451  0.96257971123908326
  0.97070794308539443  0.98004795030424519  0.99048315010634269  1.00000000000000000
  0.64749682186885749  0.67677310693179715  0.70651836335934870  0.73671465641397926
  0.76619332542962670  0.79182663914790719  0.81182441593154064  0.83093946727148249
  0.84637171555339252  0.85924096471273370  0.86969579544961773  0.88009164915623883
  0.89008802916636176  0.89971975137998794  0.90814399897170295  0.91533854884399590
  0.92067472521186966  0.92486488993064142  0.92893135766789470  0.93297391470584101
  0.93690313358869404  0.93952418994654474  0.94165733071141466  0.94346065039343752
  0.94519775178120813  0.94691370864490720  0.94855787320114515  0.95013294367200873
  0.95173848767155078  0.95310832097184106  0.95420208316640631  0.95520640434294213
  0.95618816103118554  0.95715155463122170  0.95807974817325914  0.95882892128050135
  0.95948201549713796  0.96006553382312243  0.96066970878134339  0.96129534037061004
  0.96188945354414712  0.96243932447402170  0.96299044170596770  0.96352722846514227
  0.96404776375037360  0.96454776778851947  0.96503083828470582  0.96548680061908354
  0.96590615603269803  0.96630394832188560  0.96668563759785697  0.96706231300511014
  0.96742749523991123  0.96777771854567574  0.96812802228298034  0.96848471539282577
  0.96881522036886814  0.96910812312592165  0.96936927993240973  0.96963454351028644
  0.96995029982719927  0.97080806332953495  0.98197220139123265  0.98221948084914545
  0.98240013276082350  0.98255149191745805  0.98269584967491808  0.98283452713711550
  0.98298978970457718  0.98316048178206483  0.98334518139471350  0.98354297556529324
  0.98375575452028319  0.98396121915268064  0.98417740492132066  0.98441446143219369
  0.98465330244779325  0.98488245168791300  0.98517913282615377  0.98549468432969667
  0.98583787808194268  0.98623986755701021  0.98667186205803603  0.98715162770490761
  0.98770665165057936  0.98831295230441307  0.98895874519598892  0.98962929805975663
  0.99033587753102148  0.99112147398930439  0.99201724722486739  0.99306891643347328
  0.99429377759115500  0.99573475553814572  0.99752184319080084  1.00000000000000000
  0.08964586179408847  0.13990686484626474  0.15386923454667539  0.16568833129121191
  0.17444704659002699  0.18382089180539993  0.19194442442714330  0.19947012153118890
  0.20433084902810236  0.21367359731606014  0.22997351612390993  0.24392580672662872
  0.25684150876111989  0.26865259345593206  0.27929699373726102  0.28985202141808114
  0.30086575749684918  0.31212246414856343  0.32291023177441136  0.33351206135513528
  0.34405202309679822  0.35448713589397784  0.36523796788125923  0.37740975929052606
  0.38833980247956956  0.39816694754271476  0.40740207742306672  0.41539587719081655
  0.42272516663086623  0.42917651364863268  0.43494357020548818  0.44099949555037521
  0.44599875341680811  0.45073567963042249  0.45591067858411016  0.46100459596103588
  0.46666316986661893  0.47307683949563201  0.47970236664058391  0.48705027701895576
  0.49467390189981408  0.50213810640700129  0.50841162893042802  0.51463167495065165
  0.52073306980703049  0.52664848570698397  0.53272657672933521  0.53911291389506255
  0.54509235653157928  0.55087705176518720  0.55661457968956674  0.56233395812907561
  0.56813791553891524  0.57391347799809800  0.57949519894618307  0.58492104719422244
  0.59014141469158288  0.59497667251680464  0.60000386360442137  0.60543802229539767
  0.61081754016876133  0.61606772443842406  0.62129454125706063  0.62670242076902760
  0.63248513912777671  0.63871674864405814  0.64490916666227271  0.65061390509111905
  0.65590773638726663  0.66070844636580328  0.66513600624287916  0.66950558474825794
  0.67300765946314423  0.67750209658697536  0.68157276822923774  0.68536082903946383
  0.68946997877744454  0.69362495614561070  0.69777743465231667  0.70254641373710280
  0.70788180392961697  0.71338912226157747  0.71900687756706994  0.72379262264244015
  0.72887408898230344  0.73432043673168845  0.74144825812351678  0.74873494707214128
  0.75604182087872340  0.76296889656592837  0.77415219771089361  0.78981597652575675
  0.80941248987599490  0.83659003080770999  0.96934593484344200  1.00000000000000000
   1.9654725950141639E-019  -1.0000000000000000     
 T F F F T F T F F F F F F F F F T F T F T F T F F F F F F F F F T F T F T F T F T F T F T F T F T F T F T F T F T F T F T F T F T F F F T F T F F F F F F F F F T F T F T F T F F F F F F F F F T F T F T F T F T F T F T F T F T F T F T F T F T F T F T F T F
  <DiscreteSampler_grid>
  grouped_processes
  1 # 1 for a reference and 2 for a running grid.
  10 # Attribute 'min_bin_probing_points' of the grid.
  1 # Attribute 'grid_mode' of the grid. 1=='default',2=='initialization'
  0.0000000000000000 # Attribute 'small_contrib_threshold' of the grid.
  0.5000000000000000 # Attribute 'damping_power' of the grid.
 # binID   n_entries weight   weight_sqr   abs_weight
    13   10   4.266037550490426E-012   3.952305342659755E-023   4.266037550490426E-012
    14   10   4.266037550490417E-012   3.952305342659735E-023   4.266037550490417E-012
    25   10   1.590208556746897E-011   8.797617666140091E-022   1.590208556746897E-011
    26   10   1.590208556746934E-011   8.797617666140351E-022   1.590208556746934E-011
  </DiscreteSampler_grid>
