  0.00000000024994563  0.00000000033517527  0.00000000040396593  0.00000000045961004
  0.00000000052110645  0.00000000060135806  0.00000000069702220  0.00000000078802268
  0.00000000088155932  0.00000000097110134  0.00000000106530045  0.00000000116261647
  0.00000000125542220  0.00000000133560062  0.00000000141002116  0.00000000148261052
  0.00000000156560272  0.00000000166859818  0.00000000177333617  0.00000000186480404
  0.00000000194679156  0.00000000203043200  0.00000000211910943  0.00000000221770520
  0.00000000232459312  0.00000000246420413  0.00000000262572235  0.00000000275947375
  0.00000000287905761  0.00000000298701368  0.00000000308966369  0.00000000318747115
  0.00000000328588262  0.00000000337659409  0.00000000346645958  0.00000000356105885
  0.00000000365905136  0.00000000376536334  0.00000000387546801  0.00000000397740668
  0.00000000407818311  0.00000000418168478  0.00000000431006765  0.00000000441848803
  0.00000000451932387  0.00000000462104898  0.00000000473200871  0.00000000484764476
  0.00000000496907653  0.00000000508293073  0.00000000519799473  0.00000000532336279
  0.00000000545475230  0.00000000558013951  0.00000000569378138  0.00000000588771252
  0.00000000610021743  0.00000000630819052  0.00000000652734638  0.00000000674003507
  0.00000000696518163  0.00000000720227822  0.00000000743789088  0.00000000770193999
  0.00000000796433311  0.00000000821579224  0.00000000844071307  0.00000000867611288
  0.00000000890890043  0.00000000913470735  0.00000000935347732  0.00000000956722885
  0.00000000979425676  0.00000001005529760  0.00000001033351472  0.00000001062036191
  0.00000001092262792  0.00000001125134339  0.00000001163675130  0.00000001207399007
  0.00000001257218197  0.00000001304646880  0.00000001348625896  0.00000001390134269
  0.00000001430981040  0.00000001474498146  0.00000001522025462  0.00000001575041550
  0.00000001635436094  0.00000001708226253  0.00000001790057790  0.00000001900515466
  0.00000002016328407  0.00000002231683199  0.00000002367928087  1.00000000000000000
  0.00866419639626094  0.01784190799410710  0.02839323603878278  0.04006580035330603
  0.05087079608325948  0.06214555051361022  0.07483060554238580  0.08662574363848234
  0.09482711792346170  0.10132410021548216  0.10754353996182930  0.11354467702448325
  0.12139624297605778  0.13007789917556736  0.13806731692965182  0.14655935080746993
  0.15715145150559742  0.16890967706102655  0.17862908673525171  0.18859695665449819
  0.19973655250743916  0.21152758057818316  0.22325492349864076  0.23447854356829859
  0.24609911908216728  0.25781883284759560  0.26910303925857937  0.28121196773613882
  0.29461722983304151  0.30975842430135453  0.32449506189807642  0.33847716794730104
  0.35270964327508469  0.36673037926454238  0.38079689848551895  0.39516348736043544
  0.41105724629912171  0.42711565041493510  0.44248875733770332  0.45722048914077645
  0.47156941284137921  0.48278702954852698  0.49307494287860110  0.50065527002101928
  0.50817644712785004  0.51465346517998400  0.52219086654896574  0.52872012377405542
  0.53625292456320461  0.54238504382672892  0.54777224650648726  0.55326619522016063
  0.55862682440175537  0.56363400959629162  0.56858794530494516  0.57247378771125035
  0.57665863588770239  0.58134463980671613  0.58571767922264129  0.59002565042188315
  0.59496916691130686  0.60007514028340647  0.60617862867777117  0.61475811820142900
  0.62509104636273882  0.63752485355554700  0.65178442699260986  0.66558367646434113
  0.67842818571999730  0.69189331213147143  0.70666053823017716  0.72033503662678955
  0.73236312030962969  0.74487461769282304  0.75662257022331425  0.77067680449008302
  0.78286604764297785  0.79377208780897890  0.80411004797386088  0.81499055741376591
  0.82792626164392735  0.84230691378833977  0.85453253337576152  0.86513198280714532
  0.87699149893861517  0.88962347183903234  0.90226207423070881  0.91409410442847328
  0.92453854655612111  0.93464608974382835  0.94336294590465331  0.95174015317551786
  0.96060284060268064  0.97107545207850965  0.98331853502412880  1.00000000000000000
 -0.00000018717697185  0.00009464458556824  0.00076928685092586  0.00205846660738684
  0.00358298657098795  0.00563447261870227  0.00893966293675843  0.01235546252559440
  0.01541154219764501  0.01919868921536214  0.02405851353819336  0.02996567770789919
  0.03655173525661042  0.04308501655803638  0.04946601902991576  0.05545097545616702
  0.06174181563099353  0.06837365925619551  0.07656077341566507  0.08475852622709627
  0.09264704587413994  0.10059712508963990  0.10892066823065365  0.11808464329255115
  0.12819247743557863  0.13818778752412475  0.14829309035300137  0.15728964034387247
  0.16819440525914076  0.17996528016408772  0.19191120845999959  0.20401720871902604
  0.21611147624502669  0.22825423792935678  0.23983456292009611  0.25120511293959807
  0.26380732220161257  0.27758713058749257  0.29094137072780690  0.30210517325366448
  0.31281220098045054  0.32424030974878976  0.33704524950130893  0.35086503227900823
  0.36573852155864878  0.38198249297511860  0.39976392422796292  0.42031607739605903
  0.43564091921307707  0.44811607093775485  0.45849759252040934  0.46694801729868646
  0.47559453937947432  0.48580347457163853  0.49611649116446288  0.50549878052494579
  0.51538804805372174  0.52481089746298126  0.53425733181835222  0.54317775598763485
  0.55317827070332526  0.56357396988917685  0.57385029411467237  0.58514339219139444
  0.59601227798830458  0.60677479111981181  0.61716793957815341  0.62774483645571932
  0.63827840926584845  0.64824922397914375  0.65853759295213810  0.66963117581962484
  0.68134841366628318  0.69320710110262673  0.70494493961518168  0.71714660729377044
  0.72880400074228902  0.73977857195250996  0.75011906433521303  0.76042386080923841
  0.77020901737875846  0.78002436937815800  0.79007342755924170  0.80057337778554649
  0.81169561035343674  0.82322997921536278  0.84266078574205849  0.86219056249671855
  0.87996932401854644  0.89826348877129525  0.91694755577388776  0.93560766838887066
  0.95323407889135925  0.96957233975901869  0.98493157510614016  1.00000000000000000
 -0.00293136046566964  0.01134234082677153  0.02173418651205434  0.03136982876283143
  0.04123279972038500  0.05134984058475799  0.06177128993075127  0.07217675206795852
  0.08284413902427756  0.09441184666046024  0.10673564882615028  0.11929759927915999
  0.13223082699670427  0.14596401033572276  0.16045905996964813  0.17350421929188761
  0.18509720833133680  0.19662321164736921  0.20833458610409605  0.22004882151820795
  0.22939111954377997  0.23935338827023889  0.24948592826096264  0.26100777950697007
  0.27389356853592561  0.28740815740133152  0.30209287336372148  0.31683053101843278
  0.33109806720527002  0.34463433416179118  0.35590197517604116  0.36622441083474627
  0.37633905264924705  0.38508518328927477  0.39300598194417197  0.40239654536178232
  0.40959955929410746  0.41712156907845127  0.42522429225632924  0.43637924760849761
  0.44732274565085206  0.45713480902770759  0.46711539861658019  0.47753914739091147
  0.48817180353714790  0.49967487926464715  0.51320127124265624  0.52742090023672894
  0.54125746654693019  0.55413586123444714  0.56645068314053104  0.57864890218340526
  0.59143772490332047  0.60444680890578795  0.61718453997885725  0.62934455909489584
  0.64149973537451377  0.65344070382950881  0.66791557485399999  0.67932879607400265
  0.69098849111778327  0.70438685028664338  0.71738752405425221  0.73185804410005784
  0.74852998171189256  0.76523244126792167  0.77739236423603042  0.78970007427317490
  0.79544694968003160  0.80072182617051224  0.80575793405583651  0.81081511439805709
  0.81580174662953397  0.82114531288971704  0.82667220868469160  0.83114880643263500
  0.83529505838495832  0.84031785566825989  0.84590101490241287  0.85087319658578286
  0.85781273216296616  0.87123765384923701  0.88443349224098722  0.89566656162678226
  0.90483952877060603  0.91280282265748791  0.92025248827744688  0.92730376515136659
  0.93413708035433041  0.94150941719864534  0.94978787840890444  0.95876764185232866
  0.96836342484738458  0.97876449621406325  0.98912982739403743  1.00000000000000000
 -0.00262227840052665  0.00716420576143993  0.01716922691282670  0.02796383585571665
  0.04042601065205231  0.05105755433257065  0.06162120998155148  0.07246802749598827
  0.08195322405235093  0.09150803417533268  0.10280647305288640  0.11500036504290380
  0.12930683354057529  0.14472443098749282  0.15936193310191388  0.17237178019749924
  0.18452468985238335  0.19792418648191581  0.20952658777289837  0.22099126996203475
  0.23343699788258465  0.24665124043758102  0.25869011010360471  0.27085849186299399
  0.28407671113540545  0.29670904335529669  0.30851933805264531  0.32024468990727828
  0.33178457844236137  0.34321022626547038  0.35447942136945976  0.36575055252922201
  0.37764577215033912  0.38799799980814570  0.39887244423407997  0.41078912139808432
  0.42324201254434063  0.43490077303340580  0.44560152080408028  0.45577816654486336
  0.46814645878671340  0.48126682236110285  0.49322385161739135  0.50327534437719923
  0.51214513565328668  0.52183204095083979  0.53290144963692321  0.54472465984351237
  0.55620021166031497  0.56686094413660004  0.57621544294413352  0.58755267280153334
  0.60022472114058500  0.61161437563170007  0.62180895203312569  0.63208280543922468
  0.64150045428962210  0.65186312888004927  0.66380286498959218  0.67354449302272967
  0.68215026112529253  0.69136107317386597  0.70128096515078142  0.70997494053251198
  0.71853793592517079  0.72852583807908422  0.74153303882179111  0.75171656970572243
  0.75754404450202961  0.76384391023339171  0.76986730116547863  0.77618780100680485
  0.78365191462766770  0.78924042115084525  0.79361914569060032  0.79785144294442423
  0.80241834764032893  0.80700402822162143  0.81107866165363596  0.82390233880793351
  0.83925219771835258  0.85297904648262790  0.86675696491446919  0.87746438451541375
  0.88645547311110140  0.89489274457756440  0.90532062108325584  0.91419938940277146
  0.92272851298348579  0.93158785361455310  0.94163218095717338  0.95284437987523052
  0.96355640947105059  0.97440494281318635  0.98662057431962047  1.00000000000000000
 -0.00142739173972820  0.00627168199177059  0.01375710255737415  0.02115124318477525
  0.02855364330968067  0.03690951669105549  0.04695862932414148  0.05994133804400738
  0.07502673168531059  0.08734597338669349  0.09874272265757446  0.10855332880240096
  0.11756755920762148  0.12658299873157033  0.13695737437568420  0.14883714931246439
  0.16155189117366078  0.17309441934869163  0.18433280219025452  0.19589909149673354
  0.20643010006667487  0.21592734264954896  0.22512758277844683  0.23503681712915703
  0.24693805660601867  0.26004165768989446  0.27166423743483986  0.28238210892329763
  0.29365104703307010  0.30344282389030280  0.31348534246889503  0.32271127406199407
  0.33191297412385690  0.34244580043045542  0.35309492957417332  0.36285117689782886
  0.37261520609477555  0.38293705826060342  0.39489371052680489  0.40848675762611864
  0.42169339666731304  0.43395803204072808  0.44615869095688027  0.45838587119062518
  0.47172449127534366  0.48546032788427224  0.49921348838378221  0.51348363327949553
  0.52842248681369053  0.54293686216377490  0.55626310250721156  0.56764037122916133
  0.57541739237649336  0.58455441941052744  0.59322315724388075  0.60299638430585178
  0.61309226129324290  0.62261093991393079  0.62869354655833676  0.63329582098798609
  0.63830750213697374  0.64329493600146304  0.64812966373094438  0.65329790553151024
  0.65853381801788546  0.66365517197258894  0.66875647217118050  0.67313393005422217
  0.67763250543261200  0.68215341754052250  0.68740125524522844  0.69580593241472066
  0.70552184011844787  0.71497177981738147  0.72534840502429854  0.73762047629532979
  0.75094909346759631  0.76549629007463960  0.78050734257696297  0.79274640709154187
  0.80375958347652610  0.81393824514411584  0.82495189378986722  0.83565254623557073
  0.84552324507059629  0.85615588320785441  0.86919913079096256  0.88585058372242564
  0.90306190482489235  0.91976730679650731  0.93531241456714875  0.95110418331254798
  0.96422726140615689  0.97663593812431793  0.98863128326131067  1.00000000000000000
  0.00959232105962928  0.01335618787525174  0.01755164782941399  0.02118932517962977
  0.02515405099823466  0.02892254013342887  0.03159983364764096  0.03487546176492103
  0.03813372551617687  0.04153226519311529  0.04506989527532487  0.04844372245338898
  0.05191136108233091  0.05665115714651853  0.06073285998401010  0.06378965980662651
  0.06616346470023336  0.06844333463876398  0.07132347558282535  0.07500155679269949
  0.07904816859558676  0.08243375848379178  0.08538091756655668  0.08839373625729835
  0.09175356327979610  0.09479173871900506  0.09735031036722240  0.09987032510205125
  0.10237949696550172  0.10481168010292913  0.10742497565881011  0.11036875129599352
  0.11362455451511193  0.11718753296817916  0.12074333154243021  0.12405628558726373
  0.12828134966874044  0.13407500089321098  0.13944739228850955  0.14474464865328263
  0.15025952993457645  0.15607315210914274  0.16248169269434021  0.17065589401159134
  0.18003973547498903  0.18909775714580365  0.19669587208546097  0.20331511843305558
  0.21018396887636462  0.21719623385865217  0.22469865833986646  0.23218975022977878
  0.23905859999871909  0.24563610043657144  0.25278384542030091  0.26169318094695992
  0.27083534257804842  0.28026152600215914  0.29051146241444670  0.30169242408724567
  0.31290395733608284  0.32420344243797350  0.33430967896150299  0.34455546410017673
  0.35487825807578305  0.36542163025003704  0.37858964299359432  0.39123005795481602
  0.40310637604935023  0.41373246128830865  0.42239905758679142  0.43089170774895680
  0.43924889850952903  0.44894912530698627  0.46048345266784008  0.47377084945973624
  0.48680116552669256  0.49844718686226419  0.50983302733723901  0.52206431253866414
  0.53381445975835595  0.54482215277444335  0.55583069621935099  0.56805858237569873
  0.58403544224530690  0.60437394586359194  0.62583696322926452  0.64662202801608126
  0.66783656488264820  0.69268661771758022  0.72070494081162595  0.75826095978245367
  0.80181566852631636  0.84812144481483187  0.90413395524685070  1.00000000000000000
 -0.00149226536596892  0.00549900143589129  0.01271734376577699  0.02043686611768075
  0.03033043433972535  0.04252116308885668  0.05640602992413870  0.07221976488268601
  0.08706607230544265  0.09942010181677546  0.11173615351932531  0.12535681697533094
  0.13981362118624055  0.15408582566999665  0.16687113563018488  0.17839745922105593
  0.19079997584328268  0.20446059600524413  0.21986152224121289  0.23309128802957119
  0.24400107444960614  0.25423455481819029  0.26473134611061394  0.27629669708179505
  0.28881176417437543  0.30112550597317206  0.31290684893002807  0.32506825581734944
  0.33995866367697469  0.35619266592050736  0.36905375108589800  0.38093773096360201
  0.39249079192697256  0.40337976261717118  0.41431775832678175  0.42671989621867146
  0.43649192895839284  0.44127839620119969  0.44517540192921190  0.44986935308056125
  0.45517127524439455  0.46120032022947244  0.46683342881110951  0.47142330312224451
  0.47746537987497545  0.48254391529461066  0.48704088009086743  0.49233045276625642
  0.49729865149255420  0.50437911156714232  0.51657379062281927  0.52720749594300664
  0.53512104882689771  0.54281707685958980  0.54952354894587874  0.55680091937489495
  0.56595717659069666  0.58028153316723274  0.59200808203430821  0.60323040758524527
  0.61319902279420879  0.62341555020723338  0.63413142946368939  0.64590840713909214
  0.65665148485609748  0.66667738093687445  0.67600558802182842  0.68594837093622962
  0.69518421908545369  0.70418170596083762  0.71366459853594977  0.72301240403502653
  0.73505948380997699  0.74652683740299897  0.76105205317278968  0.77521814472152339
  0.79090547992377702  0.80728678207400939  0.82257194974460079  0.83742554484277210
  0.85284294236935621  0.86679085745401052  0.88143186760363057  0.89591098185157125
  0.90877255213959984  0.91921825926765433  0.92844016414721298  0.93764015485259711
  0.94827676734994393  0.96060236143184918  0.96957736610164214  0.97790626773490574
  0.98452556758011622  0.98999536597173998  0.99527746412130746  1.00000000000000000
  0.64680497932047876  0.67069907603388734  0.69538011124895405  0.71732972985970467
  0.73953808990320746  0.75861266624699630  0.77586796085007936  0.79226063267604530
  0.80543997886311014  0.81785732133691391  0.82927111379650409  0.83947247657446733
  0.84838069599508781  0.85550121216370734  0.86361485647569691  0.87177106474907173
  0.87823519875184763  0.88427310653703506  0.89155802959303154  0.89792984224098260
  0.90359785769095846  0.90894583522350902  0.91384150634236005  0.91822196623822916
  0.92215874197736725  0.92572222152541728  0.92899570416934119  0.93211756123019274
  0.93494055205940763  0.93746989042502271  0.93969736231516932  0.94171794379382279
  0.94374571034314747  0.94551344627970302  0.94739707204505452  0.94922656782089421
  0.95078845463570472  0.95236752080353837  0.95377565601501424  0.95498447671585884
  0.95616223461652849  0.95740984354554404  0.95845458319917098  0.95915974257983216
  0.95988145841914263  0.96063791407760446  0.96136831885017970  0.96206393413525138
  0.96270901978815127  0.96333123435035306  0.96394800419086701  0.96456091007277034
  0.96516828628808060  0.96571147759385423  0.96622320093440772  0.96670867864723387
  0.96716924101873569  0.96759876807103440  0.96801420665101678  0.96841498324091935
  0.96882116031421839  0.96922822501014494  0.96963482606104345  0.97008946455459510
  0.97060020306721373  0.97144050768087176  0.98175076278632778  0.98213269382516732
  0.98244758384172004  0.98271966020372425  0.98297648127924964  0.98322914037185682
  0.98348719059605849  0.98376533005252942  0.98406671825865533  0.98440029701116905
  0.98475016863116349  0.98511186859181510  0.98547936938083258  0.98588611813480886
  0.98630583355009260  0.98677771975378803  0.98728683380249582  0.98776887552814130
  0.98820852771234469  0.98867198474694362  0.98914630443286533  0.98968526435411486
  0.99033948868892674  0.99127901026914145  0.99229915394199175  0.99340150308452058
  0.99458887570291388  0.99593315099968527  0.99763213278375484  1.00000000000000000
  0.13473124241511705  0.15471129202373618  0.17353110306933495  0.18865909852028007
  0.19709079233191765  0.20354870613679926  0.20917205180970050  0.21439073051431259
  0.21973151453240916  0.22591409706010643  0.23140172467273953  0.23586782226714470
  0.24043275378060139  0.24596969091421833  0.25331781177669327  0.26162903637300550
  0.26930009960709145  0.27632244927602673  0.28325637230817907  0.29005429371543512
  0.29675163745971828  0.30378376890874365  0.31138726842152381  0.31883821381025446
  0.32561308443914361  0.33235758328581810  0.33965105270220802  0.34713714960533515
  0.35470651594223634  0.36214252173417610  0.36901301551285415  0.37674899483356866
  0.38405936604413399  0.39077364475923060  0.39693636676941041  0.40264469666885994
  0.40806800301185014  0.41416805511319132  0.41944704018365619  0.42444434365047284
  0.42948447336016432  0.43472845078442868  0.44032014489860000  0.44615942854000118
  0.45312410358312932  0.45958215343534015  0.46599191165600945  0.47268971256037601
  0.47969620934948665  0.48690803739895272  0.49436228701812879  0.50127610901580411
  0.50746767133084891  0.51350426946761107  0.51915105062732247  0.52459275087033130
  0.53010138208710267  0.53574579483088236  0.54167774609457542  0.54771235446829680
  0.55352100120904979  0.55886033921019906  0.56336860523112686  0.56712687301103670
  0.57128202296550978  0.57500699214578133  0.57832645742917266  0.58151112238850267
  0.58532620772101607  0.59000733709119801  0.59488544703372581  0.59917934118355809
  0.60328910365246691  0.60727725754583994  0.61133834006849141  0.61548117783780731
  0.61940209287869441  0.62299399175592707  0.62817382195620430  0.63503777086575097
  0.64298084160907931  0.65198775270474996  0.66079785908700961  0.67218556209534075
  0.68634240452943052  0.69486085144290544  0.70307547905142609  0.71048527790493543
  0.71888840027888545  0.72849234557038123  0.73851182886857936  0.74763374005278527
  0.76172012798823352  0.78078223390630563  0.96068062881615790  1.00000000000000000
   7.5516708567418826E-027  -1.0000000000000000     
 F F F F F F F F F F F F F F F F T F T F T F T F T F F F T F F F T F T F T F T F F F F F F F F F T F T F T F T F T F T F T F T F F F F F F F F F F F F F F F F F T F T F T F T F T F F F T F F F T F T F T F T F F F F F F F F F T F T F T F T F T F T F T F T F
  <DiscreteSampler_grid>
  grouped_processes
  1 # 1 for a reference and 2 for a running grid.
  10 # Attribute 'min_bin_probing_points' of the grid.
  1 # Attribute 'grid_mode' of the grid. 1=='default',2=='initialization'
  0.0000000000000000 # Attribute 'small_contrib_threshold' of the grid.
  0.5000000000000000 # Attribute 'damping_power' of the grid.
 # binID   n_entries weight   weight_sqr   abs_weight
    13   10   8.454905601777727E-020   2.074856143676913E-038   8.454905601777727E-020
    14   10   8.454905601777700E-020   2.074856143676899E-038   8.454905601777700E-020
    16   10   4.814393578354400E-020   7.633382279935302E-039   4.814393578354400E-020
    17   10   4.814393578358790E-020   7.633382279943146E-039   4.814393578358790E-020
  </DiscreteSampler_grid>
