  0.00000000021922473  0.00000000063107221  0.00000000090869529  0.00000000116232322
  0.00000000140547238  0.00000000163279556  0.00000000185058783  0.00000000204926131
  0.00000000223578742  0.00000000241862824  0.00000000259943457  0.00000000278878675
  0.00000000297001044  0.00000000314818123  0.00000000332315938  0.00000000349835839
  0.00000000367105182  0.00000000383718325  0.00000000400260731  0.00000000416926010
  0.00000000433342678  0.00000000449714876  0.00000000465745958  0.00000000481839367
  0.00000000497830487  0.00000000513604323  0.00000000529359081  0.00000000545007636
  0.00000000560291676  0.00000000576023027  0.00000000592460184  0.00000000608858351
  0.00000000625133388  0.00000000641547520  0.00000000658023045  0.00000000674569081
  0.00000000690916899  0.00000000706438474  0.00000000721787652  0.00000000737146789
  0.00000000753646456  0.00000000770164843  0.00000000786583177  0.00000000802670465
  0.00000000818441335  0.00000000834175128  0.00000000850058778  0.00000000866213613
  0.00000000882398653  0.00000000897946221  0.00000000912885423  0.00000000928114088
  0.00000000943650620  0.00000000959406012  0.00000000977387111  0.00000000995883242
  0.00000001013933379  0.00000001031329473  0.00000001048262524  0.00000001064970964
  0.00000001082020151  0.00000001099993949  0.00000001118460975  0.00000001137170365
  0.00000001156182556  0.00000001175253755  0.00000001194120530  0.00000001212987951
  0.00000001231895813  0.00000001253300720  0.00000001276335528  0.00000001299708155
  0.00000001323971283  0.00000001348578600  0.00000001374375516  0.00000001399752655
  0.00000001425188972  0.00000001450784393  0.00000001476427932  0.00000001502108984
  0.00000001527966948  0.00000001554372914  0.00000001580641649  0.00000001616141623
  0.00000001653863807  0.00000001694417456  0.00000001735844885  0.00000001779544972
  0.00000001826148289  0.00000001877513986  0.00000001935841808  0.00000002002418937
  0.00000002090264916  0.00000002258220125  0.00000002362050772  1.00000000000000000
  0.00925789371154012  0.01607587242701479  0.02612716416772271  0.03761398849178922
  0.04894492344922680  0.06000040565500363  0.07132901648402558  0.08249568701043018
  0.09459601294218484  0.10625382211024127  0.11788217454452923  0.12896616701138044
  0.13971024326151152  0.15023792337588021  0.16060433972785915  0.17142106095362677
  0.18276592070695866  0.19440054963815406  0.20666576290578847  0.21823535723635873
  0.22967540332008157  0.24124215038666977  0.25271020462559030  0.26376724903873866
  0.27446879365696547  0.28452009688852359  0.29486515423428800  0.30558193999959299
  0.31568038457063391  0.32540810135642556  0.33518446135527297  0.34590500592468421
  0.35669149328241201  0.36608974487663065  0.37580183326786942  0.38508240111942921
  0.39460578112382555  0.40380222219524142  0.41302324673721214  0.42207144611061537
  0.43137925871447613  0.44072663287862374  0.45044666089569907  0.46017354365077695
  0.47033714217909928  0.48081614722483351  0.49140701149991339  0.50160224792787800
  0.51177771900566205  0.52206933153188440  0.53263347158717089  0.54279881853418654
  0.55200087498758998  0.56129761575033077  0.57048550315883395  0.57999904285343162
  0.58967742212494012  0.59973597855354177  0.60988646336782348  0.62056487761778389
  0.63105444956335000  0.64175013441657924  0.65267740315837319  0.66371105818046117
  0.67419564837616286  0.68383014987332247  0.69374084314383533  0.70375834273083582
  0.71376969902397802  0.72335307117063341  0.73327377808499006  0.74350105806028921
  0.75401852354124266  0.76448279642710160  0.77516909373458809  0.78635490822223708
  0.79726125176088836  0.80783949269952104  0.81842573209178870  0.82855412216236979
  0.83817196521633974  0.84709597013578164  0.85578664198151111  0.86505594817122866
  0.87503495847808521  0.88591390015370597  0.89684713503124103  0.90784922825655368
  0.91838160223580567  0.92911056418672699  0.93961594733360532  0.94994070795733088
  0.96002337950953354  0.96997582296387341  0.98062905777769138  1.00000000000000000
 -0.00246167285200334  0.01018036475535927  0.02145846295717575  0.03280854428465076
  0.04454794103258927  0.05584292338074924  0.06650612692927038  0.07678764701334077
  0.08769105265596339  0.09921197067981034  0.11063500531908738  0.12163503328169899
  0.13253872837218100  0.14358477372042011  0.15483772021940542  0.16555323315993412
  0.17577476696213190  0.18626149590214205  0.19775341271692914  0.20925773061955358
  0.22034003514905823  0.23084560564290377  0.24092457666469097  0.25119304827959699
  0.26167169599850026  0.27259576872900276  0.28322019817668115  0.29426338144135122
  0.30588436172289973  0.31793872681383389  0.32933989060815450  0.33986955533194407
  0.35001152810549824  0.36057528306537007  0.37182639719551880  0.38309805694084803
  0.39378999574077939  0.40414756252733303  0.41427263465569170  0.42454628509722314
  0.43479943608716015  0.44467573528060539  0.45409648868023356  0.46407980812076344
  0.47439061442378000  0.48565240419092115  0.49691496895391368  0.50821071900428638
  0.51923136512379287  0.53027994770649167  0.54098807472872601  0.55102354110864760
  0.56088384485060094  0.57125682557859803  0.58180186653636434  0.59268340434740285
  0.60358585003279697  0.61505250678371814  0.62673100348742539  0.63859278731410019
  0.64991566664138722  0.66060912580623055  0.67110378036932195  0.68134435036093688
  0.69102206794589216  0.70028016527671111  0.70962487469764701  0.71946467820581683
  0.72930043419315271  0.73876844039054412  0.74804047516333261  0.75817965415434507
  0.76813174402292739  0.77767893537631572  0.78716120049802407  0.79764519265953060
  0.80858910367143488  0.81915712243174277  0.82924996253644168  0.83913277501866990
  0.84887351629736718  0.85847084790375738  0.86781262773979928  0.87725286463998309
  0.88730237209712881  0.89772762715641097  0.90775705991209910  0.91698726521992258
  0.92608281612603183  0.93534502371535799  0.94510525017660907  0.95488906155464315
  0.96504899951299794  0.97591237117829199  0.98781683043185065  1.00000000000000000
 -0.00238777341884729  0.01019141129427443  0.02137055170360909  0.03225661139108242
  0.04291282793257570  0.05336648958798567  0.06341717610321503  0.07356103841581860
  0.08383784022654900  0.09447761965582323  0.10477235224014270  0.11481817500037936
  0.12561933711827325  0.13691462126816831  0.14756063795888502  0.15712318680596404
  0.16687758965516536  0.17725627825348156  0.18771683251652765  0.19780541002058763
  0.20764822217901194  0.21770370458471333  0.22826791945813529  0.23904879629512912
  0.24973031427722081  0.26042670923298888  0.27146382922101703  0.28274994207409043
  0.29322240021723023  0.30329817583972324  0.31351325357827492  0.32408028572170156
  0.33477858125247295  0.34534435296346216  0.35622938556146028  0.36716321693997506
  0.37834602453577670  0.38998021092327684  0.40121163522976588  0.41238515748008114
  0.42339421096549135  0.43407618069314202  0.44495382884559831  0.45573239360038231
  0.46641003443808099  0.47701829200748408  0.48782188946958149  0.49896775368393104
  0.50987079591717854  0.52032193654223902  0.53036602753854556  0.54048442412872044
  0.55109278762377600  0.56176082212895340  0.57181458765695192  0.58146718437520239
  0.59139044275832597  0.60175721464345044  0.61248657703804710  0.62310054674881954
  0.63371058805389968  0.64409015150305782  0.65404744501210332  0.66376534483066196
  0.67349077082982012  0.68347613283185804  0.69386540498944982  0.70430155756270874
  0.71495117827617083  0.72604452733190594  0.73650381149076927  0.74619125430144650
  0.75565732827575127  0.76578804220794017  0.77641305342885680  0.78710153003755545
  0.79748191488861786  0.80745212263649857  0.81718542343141221  0.82670400122704590
  0.83654329864160593  0.84617589639659607  0.85555860171088782  0.86489760680117800
  0.87471410902230617  0.88554038936029833  0.89721315449360572  0.90923468656278372
  0.92130033052150562  0.93346405605933402  0.94482840024647441  0.95618515846547458
  0.96731428186417623  0.97887327833220239  0.98949028993649646  1.00000000000000000
 -0.00241910116840800  0.00984675121735064  0.02009165140156785  0.03083601001311765
  0.04183140864303974  0.05449490222367547  0.06705323963924460  0.07949761764916900
  0.09109711163877141  0.10228979923571691  0.11344541794963368  0.12418781578631463
  0.13418259425247292  0.14388527357546987  0.15366082555356522  0.16355648159390446
  0.17343679055184139  0.18356335446172481  0.19430332883757628  0.20532823035474371
  0.21611212796263363  0.22646586648925757  0.23825086272767421  0.25009267750878128
  0.26145582044649945  0.27268837467361973  0.28366001308729688  0.29419334306407341
  0.30468079188656799  0.31571158601403171  0.32723966169769153  0.33870087571534863
  0.34990715481759926  0.36073246959587785  0.37105121395656659  0.38093511715940309
  0.39067204914163423  0.40110986096050427  0.41206544575506060  0.42312093515290139
  0.43374188449499212  0.44407752484238239  0.45441704147671114  0.46456871564533581
  0.47411769447556579  0.48341816802762755  0.49229560263556221  0.50137331875992630
  0.51102373227121101  0.52128617289927992  0.53156039843728753  0.54202129984700365
  0.55221384796592288  0.56247689260049649  0.57288120410481203  0.58380952553985133
  0.59521762519233101  0.60691494429241200  0.61873336330817819  0.63061734954394411
  0.64241954224593922  0.65378436574590792  0.66484069743438989  0.67588209638329522
  0.68697018412409239  0.69799458640964740  0.70877396420166527  0.71923166739320454
  0.72966306737847342  0.74002191384229754  0.75031870207894968  0.76030974432088561
  0.77009903566140425  0.78001379385615088  0.78976071740059828  0.79912949988298343
  0.80832111911199223  0.81776262140357359  0.82731109244944023  0.83684321903144931
  0.84624664969265817  0.85601099407449099  0.86631736163537310  0.87638690499711658
  0.88679256448115618  0.89737327863300720  0.90843114021466465  0.91914750345060603
  0.92967493565295622  0.93988681584140676  0.95045055183314153  0.96107109557148274
  0.97146016672629043  0.98111039212072892  0.99052028244929358  1.00000000000000000
 -0.00217588611026797  0.00796960868707563  0.01735463224589420  0.02677935755789077
  0.03677883153516406  0.04712414680704416  0.05789162810366525  0.06852633320778129
  0.07909855515228853  0.08931371720651467  0.09968928384750718  0.11046245656263494
  0.12173577015844117  0.13265590186929693  0.14324788911398051  0.15379086691978158
  0.16411269736310991  0.17465088052034489  0.18522710453394198  0.19570765499212106
  0.20630104644062050  0.21700717830428684  0.22794103759589515  0.23824420175074479
  0.24825964663085018  0.25909591759346273  0.27036188370324160  0.28187007956007959
  0.29465403762267989  0.30802097954252039  0.32103783082308812  0.33342740253225522
  0.34541771854270109  0.35748839847431463  0.36941946647267954  0.38037304348492584
  0.39060852819555597  0.40058141895933175  0.41084916333954802  0.42089132623356373
  0.43061939808130567  0.44041192879120400  0.45060872914350508  0.46063886646727481
  0.47034101570628878  0.48014333219318256  0.49019152656024539  0.50027888383799823
  0.51041217747621115  0.52025548577626368  0.53120593201217481  0.54193427003227701
  0.55256744090134657  0.56312054845510140  0.57317235674158762  0.58314736171634007
  0.59265644556201147  0.60215046343831480  0.61147471588230251  0.62108381051556327
  0.63099416029949340  0.64143464322690513  0.65239574295924718  0.66385536261673672
  0.67525472099823736  0.68596517853088046  0.69588812010252366  0.70561284727162499
  0.71499777554983523  0.72542118202584061  0.73604277882821423  0.74642085204593600
  0.75617987599870862  0.76587116596446769  0.77581905629373171  0.78607041244297271
  0.79643891368847686  0.80714855754744508  0.81834838538090782  0.82974065493958793
  0.84080666814312033  0.85196611959704405  0.86329657925062198  0.87426186031873654
  0.88439797544029219  0.89400878239549919  0.90353311943141124  0.91364670017295169
  0.92457393344980743  0.93619245887806868  0.94759300828615556  0.95832371508222247
  0.96891398118975514  0.97925360605483169  0.98968254189183491  1.00000000000000000
  0.00416624333762908  0.10675970920912785  0.16147869076845117  0.20092973655232410
  0.23202749977728881  0.25651306805081781  0.27947557835659986  0.30052431743087843
  0.31945547485961961  0.33665842108151245  0.35289831991253667  0.36935660537685761
  0.38475924633515773  0.39916298395644190  0.41343506126231017  0.42698758581631835
  0.43976689972173511  0.45223300424629492  0.46509265688746598  0.47719654566240943
  0.48863976709695939  0.49972569414605839  0.51039399781338091  0.52068579738140131
  0.53047539459744331  0.53989456116020640  0.54890809925561845  0.55770091727465032
  0.56672432865132427  0.57579438381144465  0.58468900160647275  0.59352931388844943
  0.60230163575422013  0.61087045171465870  0.61943299222283010  0.62806415922696590
  0.63662938717664153  0.64514481589123418  0.65308788986018718  0.66072068292782216
  0.66822028026900948  0.67533707512063257  0.68233565533479268  0.68930685975639039
  0.69619289621423341  0.70295603077230451  0.70957669756062380  0.71597991904500513
  0.72231692250488400  0.72874852088581865  0.73531493719553509  0.74203398026630030
  0.74865609085966978  0.75521868754988897  0.76167522034850943  0.76809884862690792
  0.77456937301087392  0.78120416251790492  0.78807042833039609  0.79494199523243658
  0.80162219048226957  0.80797595700736746  0.81405197353777914  0.82001871162131934
  0.82587960184241382  0.83182881526156316  0.83720440731316170  0.84258707453483184
  0.84801680177828009  0.85353878077090828  0.85912025177306373  0.86473257163855044
  0.87042376572301794  0.87607772320157495  0.88143998544494673  0.88666003016121575
  0.89168823874515923  0.89670905219862995  0.90169664367917224  0.90680096537155475
  0.91196070181307320  0.91733190321266633  0.92291891731404430  0.92857653376823490
  0.93413898413255936  0.93949414933728992  0.94492530533692187  0.95036756990304383
  0.95585702095113390  0.96133784900878316  0.96680766440258503  0.97247223530639038
  0.97807468425678212  0.98273458121020774  0.98459976292680140  1.00000000000000000
 -0.00221559264083021  0.01028852531261488  0.02169420800738767  0.03289742646140482
  0.04345332225484548  0.05392924457438437  0.06422895663427125  0.07454107670942828
  0.08489118575399687  0.09535229503283156  0.10602215387377156  0.11678984949549993
  0.12701345828288141  0.13827568163484527  0.14908872856532523  0.15956630157500501
  0.16983000337969106  0.17999701462767245  0.19036714346919778  0.20076902355005574
  0.21149784462161741  0.22179691171166355  0.23155218976862546  0.24077254362031072
  0.25023513266862507  0.26008920357213638  0.26979974510688376  0.27961407175938913
  0.28945155164954950  0.29975662310724105  0.31008142665361743  0.32143485703017921
  0.33317342871948791  0.34555755888105633  0.35764001020922320  0.36947955597881443
  0.38097961399392793  0.39252580321705355  0.40331236713230856  0.41344196415763818
  0.42320179013035197  0.43264894489519501  0.44219135231229972  0.45259760129147769
  0.46315205902619416  0.47394436636193366  0.48409827454518306  0.49409163246270049
  0.50449146516042886  0.51464651173160447  0.52464322658357787  0.53504386098561318
  0.54559248545498062  0.55691694646475831  0.56726296171908808  0.57713478364641246
  0.58664518598680926  0.59587687557973312  0.60477738039921070  0.61442850479664879
  0.62487749591713360  0.63553413183836571  0.64617486227228038  0.65686695222910829
  0.66781027856833142  0.67867377813633878  0.68933186113015266  0.69986254955666605
  0.71017540814115909  0.72049556294246675  0.73083386649671822  0.74079186310045364
  0.75081954729178502  0.76141726809665689  0.77208029686761903  0.78291636010634591
  0.79414949311806948  0.80544024646624335  0.81641354584307047  0.82700692442152690
  0.83748676070933636  0.84806087471653702  0.85867688133576270  0.86945581907806957
  0.88009382046060614  0.89047174961464159  0.90110072203251179  0.91190068841611238
  0.92258831610790515  0.93314909748604413  0.94375570110497708  0.95494164332620224
  0.96613917225181023  0.97774843419642943  0.98874458985019809  1.00000000000000000
  0.02465589983778492  0.03182114091959799  0.04057083304440810  0.04913986045153883
  0.05798066507224409  0.06756079198263407  0.07744278872030511  0.08750386883138200
  0.09820816415453348  0.10905715060307097  0.12002344937556030  0.13055832676059667
  0.14132562415880279  0.15234781488968713  0.16363955429149998  0.17461352861887910
  0.18521953162065344  0.19516742323558181  0.20484243361159205  0.21479495195343876
  0.22506103459855267  0.23506318586377420  0.24492507276142628  0.25496071154714650
  0.26524609896053147  0.27528238359533758  0.28504133735272946  0.29472491373871962
  0.30464080892097284  0.31452628351119211  0.32431684925108567  0.33413400653433217
  0.34403919793410276  0.35400385084243891  0.36394004661978335  0.37408433464733587
  0.38454690979842082  0.39541704876006528  0.40677864764172955  0.41801194183559082
  0.42872715928016497  0.43913677851877120  0.44933292637058853  0.45967629381156655
  0.46993495351284531  0.48012008320963684  0.49023517578057790  0.50034450151045706
  0.51062224221992569  0.52081640288300834  0.53072974434606834  0.54057549438880448
  0.55013788313729794  0.55958171718618721  0.56899426621441684  0.57864362618221554
  0.58812353745249812  0.59751559817538480  0.60681812921620026  0.61636207582377966
  0.62623127313112892  0.63620332140716973  0.64620018416653080  0.65643710445524828
  0.66704728099100685  0.67800298576669882  0.68845411306081317  0.69890316085620219
  0.70917880437868264  0.71935551241649698  0.72944591057671881  0.73962225623550859
  0.75005461525695749  0.76094356589937595  0.77122123246760199  0.78154779029088139
  0.79176864429706306  0.80244650664114237  0.81278650513387374  0.82300407038537715
  0.83318702304778902  0.84369322044662409  0.85419063983808552  0.86501015852859309
  0.87591466182643563  0.88651878763891945  0.89661495050266848  0.90582054780543553
  0.91483355964338398  0.92408071162893413  0.93373259711362699  0.94367653209508406
  0.95415394406171339  0.96460251190748469  0.97110185963634055  1.00000000000000000
  0.05049046530944501  0.19435022514057160  0.22431833379702426  0.24208770173514746
  0.25660608880763913  0.26916827650218311  0.28098737694708359  0.29136967894828469
  0.30088606339313501  0.30963374723910980  0.31783823986620291  0.32562305437193695
  0.33286265027729084  0.33939603156496145  0.34557647674481623  0.35198495222290244
  0.35807811754892027  0.36381926599008507  0.36935060436759620  0.37468848645228864
  0.38000662877476160  0.38543432407224121  0.39092521646838330  0.39639832430388183
  0.40177311616097933  0.40687666032599390  0.41190260900710612  0.41698453427477783
  0.42219815133765293  0.42752537249485378  0.43299401774206597  0.43855238612054948
  0.44419223524163426  0.44995008349985327  0.45564585958417270  0.46126506848318360
  0.46670505068858392  0.47214287683069234  0.47755164533849542  0.48263451709827754
  0.48769320684976392  0.49277914352423857  0.49803549960567384  0.50348747445912567
  0.50897319177676703  0.51439799236133521  0.51977935420189003  0.52522006860106329
  0.53084796248312349  0.53659531947609873  0.54235895161441117  0.54809060038466773
  0.55369836042819698  0.55938810947127604  0.56516973647609492  0.57106085009808649
  0.57701165716839276  0.58317588085264960  0.58958329465013526  0.59598770662144884
  0.60230080102576145  0.60860850856781168  0.61480370788422678  0.62095592927500121
  0.62728289842265439  0.63386583667535323  0.64072050531065439  0.64769804785821450
  0.65472845107294730  0.66185536221972985  0.66916085918401991  0.67676973016887598
  0.68443995517689138  0.69192259506536435  0.69947062299385032  0.70734359672084735
  0.71500153482443352  0.72295601771247164  0.73128046253514722  0.73955843566890511
  0.74787098356876580  0.75665917786215031  0.76557874058297948  0.77418490498715520
  0.78315767673963765  0.79224680331691977  0.80147783473417622  0.81105195022736398
  0.82165978536186213  0.83306200552202614  0.84521336367335187  0.86015241085209448
  0.87842266250757628  0.89932718152264701  0.93376308001544228  1.00000000000000000
   1.2401585102769514E-028  -1.0000000000000000     
 F F F F F F T F F F F F F F F F T F T F T F T F T F T F T F T F T F T F T F T F F F F F F F F F T F T F T F T F T F T F T F T F T F F F F F T F F F F F F F F F T F T F T F T F T F T F T F T F T F T F T F T F F F F F F F F F T F T F T F T F T F T F T F T F
  <DiscreteSampler_grid>
  grouped_processes
  1 # 1 for a reference and 2 for a running grid.
  10 # Attribute 'min_bin_probing_points' of the grid.
  1 # Attribute 'grid_mode' of the grid. 1=='default',2=='initialization'
  0.0000000000000000 # Attribute 'small_contrib_threshold' of the grid.
  0.5000000000000000 # Attribute 'damping_power' of the grid.
 # binID   n_entries weight   weight_sqr   abs_weight
    13   10   1.212553485059583E-018   6.492305664809680E-036   1.212553485059583E-018
    14   10   1.212553485059516E-018   6.492305664808862E-036   1.212553485059516E-018
    16   10   1.026089571497551E-018   3.599664369601617E-036   1.026089571497551E-018
    17   10   1.026089571497616E-018   3.599664369601604E-036   1.026089571497616E-018
  </DiscreteSampler_grid>
