  0.00000000005630065  0.00000000013329713  0.00000000019207907  0.00000000025072896
  0.00000000031580343  0.00000000038283199  0.00000000045257772  0.00000000052533823
  0.00000000059917681  0.00000000068465861  0.00000000076849013  0.00000000085606002
  0.00000000094556006  0.00000000103832533  0.00000000113395520  0.00000000122776671
  0.00000000132464389  0.00000000142940993  0.00000000153542567  0.00000000164048445
  0.00000000174510015  0.00000000185584675  0.00000000197055316  0.00000000208876344
  0.00000000220770610  0.00000000232781574  0.00000000245294183  0.00000000257556566
  0.00000000269719269  0.00000000281961323  0.00000000294346739  0.00000000307436009
  0.00000000321345431  0.00000000334890754  0.00000000348819596  0.00000000362472948
  0.00000000376110242  0.00000000389699183  0.00000000403624681  0.00000000418418037
  0.00000000432898346  0.00000000447298305  0.00000000461431693  0.00000000475742640
  0.00000000490134474  0.00000000504596854  0.00000000519528628  0.00000000535378211
  0.00000000551692317  0.00000000568011960  0.00000000584182281  0.00000000600390203
  0.00000000617376060  0.00000000634639672  0.00000000651998754  0.00000000669330677
  0.00000000688623467  0.00000000709052052  0.00000000729218698  0.00000000749267474
  0.00000000769559492  0.00000000790202208  0.00000000811556308  0.00000000833149229
  0.00000000854784905  0.00000000876195837  0.00000000897401267  0.00000000919976660
  0.00000000943672604  0.00000000967274705  0.00000000991232245  0.00000001015573650
  0.00000001040050548  0.00000001065675025  0.00000001092868654  0.00000001120219500
  0.00000001147463618  0.00000001176709340  0.00000001209070506  0.00000001243051607
  0.00000001277745663  0.00000001313173550  0.00000001349125527  0.00000001386290455
  0.00000001424745109  0.00000001465089322  0.00000001509451335  0.00000001560036383
  0.00000001618416934  0.00000001683926206  0.00000001753406690  0.00000001832944274
  0.00000001931822312  0.00000002058298767  0.00000002119810105  1.00000000000000000
  0.00963769530098885  0.01598000858886146  0.02490729221215553  0.03452951890122075
  0.04415707112906277  0.05390970449007464  0.06391906015133814  0.07415894203902965
  0.08428695531816369  0.09426596747198693  0.10423630280505868  0.11411413428583231
  0.12401227208076433  0.13416339912327641  0.14465254031214897  0.15500451046289648
  0.16506537665027704  0.17512930176555552  0.18544760492510898  0.19578716308906030
  0.20619899168166497  0.21692772370129038  0.22803872332564329  0.23923748288545232
  0.25017403600028226  0.26082838001544462  0.27129181458719698  0.28172671554050205
  0.29209572812218221  0.30244222327222792  0.31303423776880751  0.32390410315579399
  0.33470588263184836  0.34531964313914765  0.35593792115810391  0.36663189911015298
  0.37760018807540102  0.38871210909750986  0.39941599540019695  0.40904308201094702
  0.41863505512718524  0.42805347369794922  0.43833180780959841  0.44845354624866357
  0.45843708385177923  0.46900292575398733  0.48000273758855949  0.49147447833074664
  0.50228315870395179  0.51287947170815573  0.52371053553143421  0.53476982064255363
  0.54538750698488891  0.55592213187331241  0.56686497085664567  0.57768816763827691
  0.58840785672190121  0.59859268017312572  0.60917294145386347  0.61989934568444838
  0.63099815287491123  0.64198802872281013  0.65325141361901173  0.66455730285812775
  0.67552752635744662  0.68616075707046476  0.69645238255188657  0.70667727949060599
  0.71721714394611491  0.72794865980420431  0.73856421917225923  0.74882176171116621
  0.75903569079378352  0.76934860652020498  0.78011841153035788  0.79110459091918972
  0.80176643420123439  0.81174828133085486  0.82151352460198290  0.83143046927288133
  0.84209577804731262  0.85284222316648439  0.86376672180486191  0.87371164314556138
  0.88387906999346999  0.89417124897438527  0.90475872476193286  0.91493028712971836
  0.92489050177626930  0.93537292526891092  0.94623544592719544  0.95753334047665983
  0.96882409774340483  0.97983423856978602  0.99010718483468996  1.00000000000000000
 -0.00230064508247368  0.00802593929251254  0.01735572592967151  0.02617748049673595
  0.03527962730183212  0.04440078579371739  0.05396234516871568  0.06354265243254391
  0.07331153281757759  0.08353964573193724  0.09400752064097836  0.10430789836512801
  0.11463299698685731  0.12518646980504575  0.13595705368184216  0.14690998032250269
  0.15795537617444483  0.16876844136790645  0.17909108247370528  0.18916504413554164
  0.19909681862724729  0.20892688524066497  0.21887089594049633  0.22917834265962495
  0.23991645751903398  0.25062413483575313  0.26094074085644370  0.27082986018458466
  0.28040659231196513  0.29011092341626282  0.29995556036379173  0.31000085578126163
  0.32017532054590497  0.33034532023167823  0.34021749416465297  0.34997076170442698
  0.35959464683334669  0.36920116696039712  0.37919306666739550  0.38952456730270152
  0.40006135613705091  0.41012010363037055  0.41981556089643740  0.43014169885788389
  0.44051635665673122  0.45138200839407916  0.46195737221917149  0.47293892912730717
  0.48288959472429588  0.49247921712644244  0.50218734565804213  0.51239718825388880
  0.52276903547078979  0.53302508580314256  0.54347481402963371  0.55483710625186244
  0.56622813363443225  0.57736206679182578  0.58819999939196299  0.59908759737052886
  0.61000418836309034  0.62074514736869590  0.63189471637267614  0.64306950750562697
  0.65402494463151950  0.66501423185865871  0.67667014594995500  0.68869272031667272
  0.70016225414618105  0.71199276986834692  0.72326891456601072  0.73396692441384825
  0.74435074231581155  0.75561680401396036  0.76731955282979147  0.77858311580823869
  0.78936934293071537  0.79994597021423186  0.81007632808211705  0.82022833920149241
  0.83092090894637705  0.84235501920615252  0.85369849396845232  0.86446723300794648
  0.87484958685390768  0.88551237390699533  0.89632015991104286  0.90790771090307298
  0.91949064732765962  0.93143219926003562  0.94283397647589484  0.95418806270063028
  0.96565145123773344  0.97696089079652704  0.98838846642036482  1.00000000000000000
 -0.00208638351246453  0.00988572225935140  0.01992971285795602  0.02972909262266447
  0.03972222335910816  0.04958565827850734  0.05939033827142257  0.06926155736874906
  0.07956167730218346  0.08980135100656254  0.10008271182808169  0.10991895161062945
  0.11946331921171648  0.12843729560444006  0.13747582842107631  0.14673358798839861
  0.15659208822884316  0.16663511162654521  0.17714243096639284  0.18809224384516146
  0.19926318884945474  0.21020402435260663  0.22105866543453079  0.23198168369106173
  0.24272389068469946  0.25328942699837964  0.26390519591907013  0.27428864951612558
  0.28483952846432586  0.29534510192547642  0.30598733180849669  0.31658372579506028
  0.32658589981212904  0.33703212050497316  0.34724874566296943  0.35802025274718352
  0.36774944583858649  0.37708730285249009  0.38599197587071893  0.39537583441471724
  0.40546373582697204  0.41604403870724449  0.42676947930981185  0.43753850133428684
  0.44839419782246992  0.45926015015253474  0.47003177385705980  0.48068576867294022
  0.49143042951922350  0.50234332312594987  0.51347241687267264  0.52473535480683076
  0.53603584662872183  0.54708504564247296  0.55795199966216513  0.56881203562290727
  0.57988937428786924  0.59074928911696212  0.60114198188143964  0.61149982234287559
  0.62135305797346119  0.63159182028592775  0.64243990648304861  0.65370750465980232
  0.66500731744040231  0.67539674865587040  0.68611855350638928  0.69694380991942706
  0.70786270402378371  0.71877807592868159  0.72970860198642218  0.74088927509026226
  0.75194716273648077  0.76284569197453755  0.77364794285536864  0.78414078495657524
  0.79492896738017871  0.80593144044108422  0.81687326172457664  0.82725655166768164
  0.83760698563040015  0.84811795866216044  0.85878542306388528  0.86902991506652116
  0.87895244288459118  0.88883545685616550  0.89893443296173647  0.90943312667181841
  0.92057927956650509  0.93209079588129329  0.94402439556780116  0.95601842599060560
  0.96745781016931076  0.97861857364212668  0.98918058308519941  1.00000000000000000
 -0.00196830651579036  0.00959024722382505  0.01974514787966233  0.02992090392514598
  0.04013013674581079  0.04999559685539821  0.06004667196192831  0.07053941035474161
  0.08125804064316378  0.09199974712699911  0.10276495900827076  0.11383455272622688
  0.12545020890657541  0.13706519397369174  0.14853850213789238  0.15971877583797708
  0.17046954433465111  0.18048900542217652  0.19033187946089983  0.20044403485635573
  0.21081371270181115  0.22126746405171827  0.23176031122770482  0.24208618631596290
  0.25214285939228176  0.26203462403972416  0.27239539373020016  0.28331963817484745
  0.29424747117500460  0.30496771770026043  0.31628710756060813  0.32849675984553178
  0.34061625989080174  0.35165881805013127  0.36229733762446936  0.37282424915233403
  0.38341554548327089  0.39406425681705820  0.40484952051636847  0.41528896308421087
  0.42634936323942707  0.43755701547602488  0.44845609772894968  0.45896307299009159
  0.46892760275833573  0.47904370405153202  0.48879878749668393  0.49818157871601221
  0.50767738877112223  0.51713345904219921  0.52754222308981769  0.53709938303972171
  0.54677359993872865  0.55646825872835670  0.56624026249074155  0.57640493057216713
  0.58708143044304362  0.59839795389237305  0.60970307405076041  0.62038324454649763
  0.63093060517055466  0.64128153197304494  0.65206047402961476  0.66337184262544735
  0.67530213293961316  0.68707553307919844  0.69833800179196248  0.70916948151838932
  0.71934160274893211  0.72955590597454123  0.73898986317010196  0.74821944517962202
  0.75765346994256288  0.76746608309509678  0.77759502758604793  0.78831438600288939
  0.79917255195714876  0.81056832239134424  0.82153938195717968  0.83294303401727143
  0.84301795531767809  0.85311096993846036  0.86332829375426401  0.87411615694538614
  0.88429715866533021  0.89409738373638092  0.90401820450640735  0.91458739750570506
  0.92515578920415831  0.93617388270105684  0.94723177983107665  0.95773454832673444
  0.96770616763659378  0.97786780901982318  0.98874181864649424  1.00000000000000000
 -0.00216948819558818  0.00922558803845562  0.01969156050870998  0.03008877338457707
  0.04145840423137898  0.05279635652540340  0.06414339478553445  0.07470413237114329
  0.08546170836187424  0.09570110513682664  0.10562672954000439  0.11514321221951641
  0.12489504837102615  0.13537071363230493  0.14555927051911685  0.15625600176971488
  0.16685228611124470  0.17777597196618031  0.18874645822356731  0.19942709200030334
  0.21036205161561200  0.22120166169048686  0.23190637504309519  0.24267181954385747
  0.25284162678614092  0.26284549536273250  0.27273837163888953  0.28279633326331360
  0.29313113636868238  0.30333273818941475  0.31372119998680825  0.32412856134611157
  0.33472842446660966  0.34516567048213342  0.35533679355335290  0.36504014080323244
  0.37459017349667656  0.38407866249624611  0.39420817735403907  0.40419607228142673
  0.41418446902324835  0.42410032785702262  0.43420465425011723  0.44435557572201978
  0.45463803456015039  0.46532364048445157  0.47618893538539425  0.48661972027056050
  0.49667784875775700  0.50666014516623492  0.51639094223937920  0.52600682947663624
  0.53559631292020549  0.54597867753684071  0.55675970028297350  0.56751343032287438
  0.57842116518104592  0.58946313259727579  0.60024083476883860  0.61103084458276835
  0.62222859773736616  0.63364368605674670  0.64466679763099610  0.65501015675311247
  0.66509485346047992  0.67481215839381392  0.68447099375193265  0.69465318182700619
  0.70547903661506095  0.71680433708287550  0.72860743734797584  0.74072306109525454
  0.75246905089090788  0.76334448297613799  0.77387583339188826  0.78450418845535719
  0.79536774632598051  0.80635731128836197  0.81734683914650108  0.82878859784305048
  0.84007099481899694  0.85128422320715180  0.86221321474310253  0.87306279462698744
  0.88390523109693897  0.89435076279727810  0.90513387356430686  0.91581230272943714
  0.92720785302393383  0.93835057900559538  0.94922774911491825  0.95969510829795657
  0.96971829048536884  0.97983517632358941  0.98992107516235983  1.00000000000000000
  0.01247956634146077  0.01685093242547817  0.02035720652137953  0.02558507834500895
  0.03149144784148908  0.03753625611833386  0.04365598031969131  0.04975428655217199
  0.05595219776244929  0.06201467988997596  0.06781673114865752  0.07344475801145717
  0.07907069170910322  0.08487858070709856  0.09087302237812028  0.09692921888232649
  0.10297503428558935  0.10884192605150571  0.11462793082744645  0.12043818667220492
  0.12607247716364345  0.13157526862258687  0.13710996042615525  0.14272265552462701
  0.14835217028618483  0.15395953805146867  0.15959316788469249  0.16510896916579995
  0.17109253422134704  0.17712727276036175  0.18348764018894642  0.18994200295180527
  0.19648418159601497  0.20297224694157864  0.20934221236278186  0.21555160043438679
  0.22166687151992387  0.22773871387625974  0.23377597075696341  0.23984414123077841
  0.24613779747387432  0.25268136301529459  0.25929342066050992  0.26574027280392148
  0.27203439844770111  0.27848024322858866  0.28502831045414617  0.29173435793815572
  0.29849926275562005  0.30569759801800012  0.31303759717472407  0.32036740906773342
  0.32756424545719964  0.33469877469147608  0.34213031847675196  0.34977752639675230
  0.35764560258763994  0.36551564020868949  0.37309251725758852  0.38063118296605275
  0.38851990662489089  0.39681224668417175  0.40537282966881821  0.41393390229820826
  0.42251944954610154  0.43121874668825710  0.43990484860853796  0.44886879834660248
  0.45797679307530315  0.46757229096653408  0.47718926456595606  0.48727744577863652
  0.49758995131494055  0.50833446921884906  0.51962647683332175  0.53078540983796696
  0.54191412016504048  0.55311349947766753  0.56499034574272899  0.57746936765847667
  0.59026547505252080  0.60358903683928344  0.61780346184303958  0.63214693605739714
  0.64650824034142496  0.66158085495789543  0.67817590252992432  0.69591442161178130
  0.71470310480844357  0.73532775594078992  0.75796352872051298  0.78388760457116968
  0.81450344749657444  0.85107021178952624  0.90058603726421316  1.00000000000000000
 -0.00251417205055411  0.00973205697940156  0.02041284331282683  0.03138874430377411
  0.04294835665772229  0.05370269323547593  0.06388917433396486  0.07363612688078570
  0.08360072744306651  0.09404263128360275  0.10402734487475356  0.11395372855090266
  0.12398249804140959  0.13414842059161017  0.14505136084712100  0.15560409388463467
  0.16616602882312156  0.17653491152995129  0.18699525555858293  0.19754288823544192
  0.20837940279560957  0.21920921920163727  0.22941519155504658  0.23913886208292193
  0.24865786794150754  0.25836492050665705  0.26816289247938663  0.27820084876469930
  0.28868698715899044  0.29958765648449132  0.31045720619817974  0.32090506051537809
  0.33125641101336956  0.34192623801085698  0.35294539267140890  0.36392772898462161
  0.37444100062926899  0.38502425184890993  0.39564602201512855  0.40603724224263510
  0.41632948585602042  0.42672566046163951  0.43708885045574025  0.44731379087070483
  0.45751762258397338  0.46813755834303167  0.47894388518544689  0.48937601927105279
  0.49996152125534726  0.51101867895427766  0.52217489869916967  0.53295992245577961
  0.54285137813020223  0.55274631781984995  0.56280630555661515  0.57377115611704643
  0.58414459962416720  0.59555850251800724  0.60662643632466062  0.61792505750070159
  0.62854384392783613  0.63926835766617829  0.64962588913768360  0.65994612594297863
  0.67033561875160119  0.68082800952697986  0.69165296943951715  0.70250644029739751
  0.71283842905369066  0.72280575866146246  0.73258951655867410  0.74271829106116927
  0.75325255835841465  0.76412209310561641  0.77492810154651348  0.78574319593406172
  0.79627622174719515  0.80706413292117263  0.81770568330397486  0.82884041014064946
  0.84020523183336226  0.85155731087997533  0.86249708642604350  0.87345871851974832
  0.88455814147981215  0.89553290410733144  0.90568647635885380  0.91598557439398820
  0.92657564738138243  0.93738421173942887  0.94803355381499632  0.95891805690073972
  0.96970192667232658  0.97967543657381817  0.98965731268117185  1.00000000000000000
  0.02457294342660737  0.03131493629701069  0.04063298211385050  0.05037611254635134
  0.05976953683359337  0.06922141304402635  0.07866823736873164  0.08820113383734758
  0.09793427147076986  0.10792607723376726  0.11802274226856578  0.12804864974489985
  0.13817710574216180  0.14869339879377333  0.15952368931748709  0.16993196226273125
  0.17994049629942038  0.18981546157559209  0.19968328318819703  0.20972747616319587
  0.21963055873983009  0.22981248751552916  0.24027519164957550  0.25065578357071400
  0.26109205844976247  0.27164416762570132  0.28216372896178193  0.29182754150915680
  0.30127214254016699  0.31079274635386550  0.32116803256048748  0.33158761311454038
  0.34190288510431921  0.35208199963064857  0.36236395925292930  0.37258317015607423
  0.38278364547522203  0.39322885427742177  0.40377979546302073  0.41448053310881844
  0.42483179040145752  0.43508171386073863  0.44513981114488682  0.45510490895036482
  0.46523834216677667  0.47572137854379209  0.48678519291285016  0.49796081293929634
  0.50856685611125496  0.51854923332794634  0.52829547879291661  0.53811173936906065
  0.54799821193759368  0.55808295333712477  0.56777895749235774  0.57752829626736213
  0.58700000290913934  0.59680941458772618  0.60647700947074734  0.61582583870673546
  0.62507893573341278  0.63461307407668643  0.64479342012673824  0.65515161365587760
  0.66570958362193799  0.67628776767234555  0.68684739000577655  0.69704928613245332
  0.70721558083234226  0.71744378438915801  0.72782039639877238  0.73831167669466591
  0.74886188214055505  0.75929713202982241  0.76945637564064573  0.77930494247653370
  0.78939193777520755  0.79968740938781258  0.81012501535499248  0.82055934647143036
  0.83128311280455303  0.84219552010530085  0.85295915719315218  0.86342228052952075
  0.87391349523219242  0.88407493739111898  0.89422704217017457  0.90433557173712487
  0.91428360401268149  0.92439829318501043  0.93473736493329185  0.94520390613820215
  0.95586933827016296  0.96547213410529320  0.97102217715478578  1.00000000000000000
  0.06129402972698639  0.11575839824689697  0.13564009275582306  0.15106917051867225
  0.16580919605272698  0.17911890279660755  0.19189543000403153  0.20387976034483349
  0.21460908757158070  0.22429911583924192  0.23386487710202808  0.24320999725326251
  0.25231720928516560  0.26101241970458161  0.26968111536413131  0.27858238400793917
  0.28764759634404508  0.29629058901219496  0.30470851898985374  0.31274628126633175
  0.32050388185918366  0.32805073193420198  0.33561869095991703  0.34336174552671700
  0.35113334439805605  0.35865937500251188  0.36606070691126252  0.37308690370000375
  0.38021858727909352  0.38720777228859926  0.39412420893064803  0.40088320360192364
  0.40759938918191824  0.41438190634785321  0.42112453492736573  0.42796045169647451
  0.43472669173523609  0.44120858514130312  0.44736985772680093  0.45336653785397685
  0.45935040661716248  0.46544904825363848  0.47167479580664784  0.47797289203100463
  0.48430809754832405  0.49047892426356887  0.49653046150161845  0.50253745596127453
  0.50860638183842366  0.51477964273418753  0.52090080747226308  0.52692142039236955
  0.53283267310958093  0.53872677012729786  0.54466841107078690  0.55064090298325696
  0.55649697837696399  0.56208134687899935  0.56749454431300073  0.57291194586237770
  0.57848075930923637  0.58439115749951831  0.59043213446203291  0.59646598498345293
  0.60233286597119440  0.60795622105069225  0.61331904364511369  0.61859660620798407
  0.62388637001679503  0.62921756365534398  0.63468204614126766  0.64023718818736741
  0.64575065033434553  0.65162612830009436  0.65744295236697137  0.66330166356583709
  0.66926932254937310  0.67525744405876775  0.68124431949858411  0.68740346777147487
  0.69369009993334851  0.70013823019216281  0.70667821807803133  0.71325428180567840
  0.72005204120595934  0.72723319013776033  0.73487214159283698  0.74332760962367828
  0.75200267158941947  0.76217434628053604  0.77357082634738461  0.78668133386739869
  0.80294643225253981  0.82481283083837986  0.86155741960858356  1.00000000000000000
   1.0547995065212325E-023  -1.0000000000000000     
 F F F F F F F F F F F F F F F F T F T F T F T F F F F F F F F F T F T F T F T F F F F F F F F F T F T F T F T F T F T F T F T F F F F F F F F F F F F F F F F F T F T F T F T F F F F F F F F F T F T F T F T F F F F F F F F F T F T F T F T F T F T F T F T F
  <DiscreteSampler_grid>
  grouped_processes
  1 # 1 for a reference and 2 for a running grid.
  10 # Attribute 'min_bin_probing_points' of the grid.
  1 # Attribute 'grid_mode' of the grid. 1=='default',2=='initialization'
  0.0000000000000000 # Attribute 'small_contrib_threshold' of the grid.
  0.5000000000000000 # Attribute 'damping_power' of the grid.
 # binID   n_entries weight   weight_sqr   abs_weight
    13   10   4.339932608112035E-013   7.638943175614310E-025   4.339932608112035E-013
    14   10   4.339932608112052E-013   7.638943175614385E-025   4.339932608112052E-013
    25   10   2.681872284899515E-013   2.122447033366974E-025   2.681872284899515E-013
    26   10   2.681872284899629E-013   2.122447033367047E-025   2.681872284899629E-013
  </DiscreteSampler_grid>
