  0.00000000005658984  0.00000000013576988  0.00000000019890994  0.00000000026232419
  0.00000000033013992  0.00000000040240741  0.00000000047614162  0.00000000054979508
  0.00000000062592604  0.00000000070715648  0.00000000079047383  0.00000000088050587
  0.00000000097416735  0.00000000107277344  0.00000000117359910  0.00000000127199548
  0.00000000138025664  0.00000000149490253  0.00000000160201728  0.00000000170392643
  0.00000000181258262  0.00000000193371756  0.00000000205416600  0.00000000217541370
  0.00000000229583732  0.00000000242143924  0.00000000254543958  0.00000000266859594
  0.00000000279417842  0.00000000292403877  0.00000000305719117  0.00000000319548261
  0.00000000333484234  0.00000000347677936  0.00000000361917553  0.00000000376508004
  0.00000000390446204  0.00000000405275877  0.00000000419849313  0.00000000433969119
  0.00000000448360372  0.00000000462407758  0.00000000476756380  0.00000000491139301
  0.00000000505591516  0.00000000520975713  0.00000000536632440  0.00000000552433543
  0.00000000568093558  0.00000000583865418  0.00000000599633683  0.00000000615331285
  0.00000000631205118  0.00000000647380466  0.00000000663744325  0.00000000681027100
  0.00000000699566744  0.00000000718270678  0.00000000737106063  0.00000000755867808
  0.00000000775227448  0.00000000794967200  0.00000000814902947  0.00000000835288518
  0.00000000856101789  0.00000000876983051  0.00000000899892305  0.00000000923652879
  0.00000000947797153  0.00000000971263705  0.00000000994499886  0.00000001017787010
  0.00000001041454132  0.00000001066627687  0.00000001091831860  0.00000001117862655
  0.00000001143723732  0.00000001172656070  0.00000001203958536  0.00000001236627566
  0.00000001270269950  0.00000001304580413  0.00000001340318629  0.00000001378012947
  0.00000001417636910  0.00000001458165982  0.00000001499745163  0.00000001548661986
  0.00000001608413182  0.00000001674582922  0.00000001744176861  0.00000001821472793
  0.00000001912876494  0.00000002045957214  0.00000002125508774  1.00000000000000000
  0.00958391485093880  0.01544770727602343  0.02463823416566404  0.03570268731166891
  0.04587804447883963  0.05573125952320105  0.06587464877885557  0.07642204627347438
  0.08735192146759208  0.09839566275908213  0.11008169148099725  0.12178833257758755
  0.13234147147449951  0.14191475957371161  0.15140962808550779  0.16116660747117628
  0.17128817052610198  0.18159781495195279  0.19222672600885707  0.20305310336181934
  0.21366606910298777  0.22416023200873242  0.23434494205182452  0.24480500901107344
  0.25541383480943930  0.26643860328795443  0.27710897632632991  0.28728392133077135
  0.29743644722827411  0.30789841719489575  0.31868721943211248  0.32966316277079244
  0.34051208321165927  0.35121620091090255  0.36190643141259449  0.37260272175403975
  0.38295991140154739  0.39292390189336829  0.40276541213347800  0.41279761699986611
  0.42278067828701738  0.43251901383936520  0.44206503592869562  0.45206455729521267
  0.46262512595635508  0.47386789108229510  0.48469609791665402  0.49516183035752159
  0.50576202620461663  0.51605034141165673  0.52613068274889319  0.53602972008728345
  0.54679329870319737  0.55786565141173750  0.56852512482588968  0.57870701676758851
  0.58902951019377203  0.59963773915095864  0.61043620506209828  0.62127686548829508
  0.63248552257403923  0.64372359181881345  0.65418860127376843  0.66462566208280516
  0.67527303171129083  0.68546715978182604  0.69564206830503961  0.70576731049377628
  0.71654116388260336  0.72750090867292938  0.73835546365069160  0.74913799930155356
  0.75990806073865791  0.77045107648520539  0.78132539155545688  0.79209125465532781
  0.80278717694496382  0.81289248725545349  0.82264072379669806  0.83252810149313627
  0.84282399857744750  0.85297193384741943  0.86235168645655613  0.87158617000793437
  0.88154238713570887  0.89179158402129965  0.90217032427176136  0.91278804296114968
  0.92417614596301234  0.93557093156819171  0.94594049920501344  0.95641391224979966
  0.96654836510867581  0.97755564988161692  0.98845042299785002  1.00000000000000000
 -0.00209037843889734  0.00819865146380707  0.01722909899189624  0.02687342591986917
  0.03690058980583193  0.04743810224394853  0.05792444269449858  0.06859364566623669
  0.07926120741529880  0.08951703186657053  0.09958463407217062  0.10959439668894469
  0.11939899263557995  0.12940172115717935  0.13966364016346233  0.14994212785859576
  0.16016190764782706  0.17036376164215564  0.18074669307813282  0.19110763221065349
  0.20125921908726208  0.21174663708304350  0.22225755500721642  0.23222425366452029
  0.24228216853724138  0.25234691459063741  0.26256367605675629  0.27234544958688939
  0.28223815409222131  0.29242981547748265  0.30264746305986140  0.31297415978212428
  0.32305823666109168  0.33296044806478420  0.34298186916470341  0.35322837369599547
  0.36329130992673070  0.37337459981658400  0.38408130280084152  0.39533614382710031
  0.40615034418573337  0.41654449985010067  0.42693106621684906  0.43758081006526678
  0.44832483915899835  0.45929438366909714  0.46936831746178853  0.47941213648591446
  0.48943868310594885  0.49965183855442508  0.50961673568987231  0.51985309778947109
  0.53079417507031279  0.54197922159217760  0.55248233157130311  0.56284048384259022
  0.57318260396032283  0.58345881310081749  0.59354224033076508  0.60390703541816548
  0.61512196249258266  0.62657985899438262  0.63811839939171100  0.64919797542024171
  0.66040799377349757  0.67151727145961315  0.68258881603307042  0.69369028308386904
  0.70521178865112488  0.71704098585834730  0.72843766169582236  0.73923290061161995
  0.75012386599096648  0.76130773384093420  0.77283455990254701  0.78409473990809331
  0.79537862353513544  0.80639742509904766  0.81734460152057620  0.82793968461484169
  0.83882960525975059  0.84962069201441537  0.85976906988431046  0.86982075279142945
  0.88054132286176412  0.89235675961956185  0.90448674918130245  0.91588252573003104
  0.92630248317783237  0.93641284677320680  0.94640864120399726  0.95657845847637968
  0.96700530392655049  0.97756357619272471  0.98870877674022284  1.00000000000000000
 -0.00233587465442197  0.00863868671556997  0.01853375471910385  0.02865659754068852
  0.03848085062004045  0.04835054953655859  0.05840633125544790  0.06916874537717749
  0.07998809454742886  0.09163185456168255  0.10294379358611369  0.11308645881318444
  0.12333380037849209  0.13366129212633182  0.14433990419629419  0.15505524309168883
  0.16538066070010149  0.17658471747660420  0.18729035222142332  0.19822815998619722
  0.20871095211287144  0.21900264122339799  0.22947846007433048  0.24012499485068678
  0.25130676743083558  0.26235823971108224  0.27374184872723806  0.28518739645372881
  0.29613083380697347  0.30679098748991862  0.31757612887760989  0.32897616839884752
  0.34013224352898491  0.35088821065233783  0.36168929473859612  0.37236767278076843
  0.38268355871774717  0.39319210551131945  0.40410585158532725  0.41477392727535473
  0.42482247231201015  0.43476132236093756  0.44505817503653061  0.45541143032039549
  0.46547001448373343  0.47544433756973020  0.48585672604915386  0.49692056167619925
  0.50763727271171621  0.51832643248427079  0.52892928663403649  0.53994301805013767
  0.55000495588052978  0.55972237165956062  0.57007468096415514  0.58097776277453195
  0.59236803511715685  0.60339850922558969  0.61415328335635089  0.62492551826894649
  0.63530719714942840  0.64579072841494400  0.65562368541152583  0.66529709177519525
  0.67526813700272348  0.68537494177949454  0.69564832480579963  0.70592305630380936
  0.71685973016536242  0.72801580604141602  0.73833943152722792  0.74836965116967125
  0.75891674316351776  0.76997534513656485  0.78122387397143489  0.79215956146312239
  0.80328104192143757  0.81432404939403757  0.82498312670465324  0.83517682818588346
  0.84515940816599988  0.85518793562575557  0.86572500752679871  0.87638088847706486
  0.88654430651093641  0.89680472659117738  0.90623290852634264  0.91613674065340189
  0.92611278881040093  0.93636645991357115  0.94645410660863172  0.95680971077971355
  0.96746460373236198  0.97845612931874792  0.98909430766153461  1.00000000000000000
 -0.00248746698751144  0.00932669834542730  0.01941920116967245  0.02975501199048499
  0.04026025310708862  0.05104632048593990  0.06163379229443318  0.07188200606274721
  0.08193265252632644  0.09235032378579909  0.10272513368495219  0.11328504588622165
  0.12356584387852441  0.13471028188825740  0.14563120735355231  0.15670520706836294
  0.16754858772027598  0.17821869462984752  0.18839287847096922  0.19814554968570927
  0.20803959617112841  0.21812945343629889  0.22854264349710296  0.23876424830862356
  0.24874959914699843  0.25865510121704599  0.26884961513099026  0.27915869346103395
  0.28936558723427447  0.29947977538117565  0.30965939017849853  0.31971456618447586
  0.32994967395887953  0.34057370974369350  0.35210135059510106  0.36362107141492006
  0.37478672584435624  0.38596074992494805  0.39708944992054651  0.40814851887418319
  0.41922516793503845  0.43006507384646026  0.44078184196813786  0.45110053784557569
  0.46164581836820701  0.47266237088719265  0.48425624809162576  0.49608586520257447
  0.50751352565148944  0.51885741133990948  0.53045338910911732  0.54163980345355500
  0.55261191893567796  0.56363106212734670  0.57464366392220567  0.58530028603781847
  0.59518220666872390  0.60499412686359033  0.61465420738774013  0.62439879732652148
  0.63443763301551126  0.64449441266010343  0.65486828923304197  0.66539717466581227
  0.67606580423218954  0.68666082860397792  0.69730594245773014  0.70796148028527295
  0.71815636426978779  0.72801875402893779  0.73807106004185929  0.74829451669706937
  0.75875638500793641  0.76916459029714712  0.77993776925083980  0.79071811705534023
  0.80247460781268232  0.81378148034601072  0.82426658082445670  0.83474000361870593
  0.84486265237460356  0.85466365740615102  0.86416365537282569  0.87372274992440502
  0.88346724221132344  0.89309039307884064  0.90328551229695697  0.91388811864404262
  0.92463921571157925  0.93531372275730806  0.94610500606780568  0.95763228787097787
  0.96818844260471415  0.97890189335334876  0.98942911427152624  1.00000000000000000
 -0.00250232142829410  0.00961973894563861  0.01979495556150421  0.03101195953891816
  0.04173209330050641  0.05227574933625772  0.06259417751483559  0.07354833523249317
  0.08500933176001718  0.09593281938626466  0.10623183856478441  0.11564757653903876
  0.12533813281691916  0.13523002103553103  0.14507428789704579  0.15526426274127367
  0.16553868974004249  0.17645937826733249  0.18772033220062262  0.19897134717499881
  0.21011849606155344  0.22020230475443217  0.23001973858342178  0.23968261901974189
  0.24977093995628266  0.26027465042276932  0.27057161483805292  0.28120147809841262
  0.29190394340151876  0.30266089732364854  0.31342670856383043  0.32414636467682084
  0.33485753437043098  0.34573623495400202  0.35626596789324028  0.36682877311019485
  0.37755156597419576  0.38920350424664840  0.40094412370361593  0.41221087243118887
  0.42309485235284883  0.43394882655061789  0.44435152649926002  0.45415521691149802
  0.46357773926397738  0.47347689617190281  0.48374647009645944  0.49479521511748770
  0.50550708476712702  0.51640245316631705  0.52701689083427439  0.53788560622163384
  0.54950168178122805  0.56107384968522966  0.57234343248457142  0.58337362359808520
  0.59492796553192839  0.60627930215488268  0.61771626400256374  0.62882430224099906
  0.64016057250606040  0.65131612438593522  0.66235008139868068  0.67341118838966529
  0.68480296415482478  0.69618010805429553  0.70689347428669447  0.71692426153817845
  0.72665051451907015  0.73640504698903719  0.74641125062096925  0.75619118498812632
  0.76603463283221962  0.77570320208288213  0.78573261975904862  0.79542377436510581
  0.80528199709748860  0.81506337467000867  0.82532401431381452  0.83520913242750983
  0.84538537698629179  0.85531027045066421  0.86523001352669138  0.87538751750058241
  0.88595294847357553  0.89649649973487366  0.90634468545713243  0.91605039394308363
  0.92598841078687033  0.93634741582596503  0.94700848309410435  0.95803741595047365
  0.96906406685662139  0.97977124706384067  0.98992613063568724  1.00000000000000000
  0.01361703326145172  0.01665565557320853  0.02042343456923554  0.02502785464359392
  0.03036894398484645  0.03561379930412688  0.04071389182228942  0.04580307675539992
  0.05078083571991632  0.05565501618858805  0.06048455095598883  0.06586449930293800
  0.07145201865050881  0.07696857714395691  0.08241856366018907  0.08807833407845794
  0.09389857512740533  0.09965081453548440  0.10532161102846993  0.11085815759425593
  0.11650256104346507  0.12212361013291879  0.12762052129520993  0.13303588864924326
  0.13843030553963831  0.14393800837251902  0.14937102954323395  0.15464304388932282
  0.15998251968974836  0.16543726937439646  0.17114790040101649  0.17699733780576221
  0.18295148928955743  0.18907181425182659  0.19516411210451021  0.20124430338714486
  0.20736223543035237  0.21362486739467729  0.22006555977586653  0.22643673289756450
  0.23286472262311247  0.23919170804390177  0.24564672724762726  0.25239718509207959
  0.25946075295918930  0.26649338064750128  0.27360808905421452  0.28097626304005302
  0.28826924852644725  0.29561175901272563  0.30308201352706177  0.31054187061347144
  0.31794680870618347  0.32533021291328323  0.33313259397324957  0.34048367478168867
  0.34801226957323278  0.35532179544374937  0.36288365266872719  0.37067956354831327
  0.37886952409749003  0.38707067516290933  0.39566159028371134  0.40459271539486280
  0.41361318930497176  0.42249118318777285  0.43132727959246675  0.44021474714434561
  0.44932449893515986  0.45879652120960984  0.46853607093952310  0.47863611540244488
  0.48871067180181926  0.49878970866186473  0.50936644440452605  0.52005721730649046
  0.53140650977574677  0.54282713860281973  0.55450790303351660  0.56625129667679064
  0.57858816139921920  0.59161981110403872  0.60575241507487831  0.62031139680635616
  0.63523076788798694  0.65100582462788037  0.66842693952924359  0.68710272319588139
  0.70699965823782573  0.72734320764557170  0.75007118961925234  0.77663217510316707
  0.80953191220678988  0.84658188143448909  0.89521477791968351  1.00000000000000000
 -0.00237302723727021  0.01085160677159333  0.02191745776307941  0.03239314172717002
  0.04278426308951724  0.05321614656423358  0.06381949520289348  0.07366236208935600
  0.08370496912054955  0.09434419941706582  0.10535794870317242  0.11603129420470738
  0.12660226508487535  0.13710397737093588  0.14763841711040002  0.15779087872819625
  0.16799391378172160  0.17831029815336799  0.18867073489771743  0.19905151552793482
  0.20971998039385920  0.22038084731609775  0.23089524700303696  0.24103814353188363
  0.25119698431134563  0.26155062040819843  0.27225921981598167  0.28304376174510454
  0.29336855376641929  0.30324573617517731  0.31308305215532317  0.32328835332283917
  0.33368677065947683  0.34402643813774020  0.35444804998486629  0.36494397710865800
  0.37542468345136465  0.38583672739464731  0.39622575918294128  0.40655451020032646
  0.41673638762640947  0.42671071858967791  0.43702813808930929  0.44774462261502096
  0.45892866115983599  0.46989600064476017  0.48060481156788420  0.49088024741151220
  0.50119593865495105  0.51149265729836846  0.52204911957590105  0.53250445234753807
  0.54286521575496982  0.55305995711459199  0.56294026304728884  0.57269301427024810
  0.58253342884764736  0.59284633594747926  0.60345685355124190  0.61429584181254460
  0.62531089028353926  0.63650281653963336  0.64753971821733547  0.65853331768232293
  0.66966065717270951  0.68100121229564492  0.69203981086021849  0.70282628996049368
  0.71345295253863539  0.72348429726318120  0.73368007106729571  0.74407036291749473
  0.75482056996842239  0.76570501873544583  0.77624355572917902  0.78703363103683255
  0.79705147292638845  0.80739584001067954  0.81767437047567904  0.82771171024403023
  0.83753448322432533  0.84731539199455552  0.85716451393172499  0.86842063336791087
  0.87949074035353270  0.89036023784436047  0.90084970230389572  0.91171420794982616
  0.92285074301011383  0.93403803394003460  0.94500958623701303  0.95600484983456235
  0.96692704129538365  0.97787138683578601  0.98894086868068498  1.00000000000000000
  0.02443739123302914  0.03137314140583104  0.04021945529878179  0.04958232523885283
  0.05877398503684605  0.06835451971324828  0.07817334621733435  0.08833869208946435
  0.09859461414870328  0.10851745371907848  0.11797858512143837  0.12743126686498607
  0.13725397248828761  0.14725467330744632  0.15756129781967246  0.16798584720110021
  0.17847567185937849  0.18876271771529740  0.19861976160911432  0.20874081241597156
  0.21932735037430398  0.23017753164049007  0.24093727117569741  0.25124755071456922
  0.26145474333632535  0.27161098453148852  0.28182103406936365  0.29223177549533769
  0.30242296320218398  0.31242919519734164  0.32220921902602045  0.33186759301618657
  0.34135548150191330  0.35079612179644043  0.36050857594276897  0.37053780303955913
  0.38067829830059269  0.39083274844295279  0.40096174438368154  0.41135976899026855
  0.42187318997337814  0.43250394607404524  0.44322148734821931  0.45402516790995984
  0.46496024769724659  0.47617384345691588  0.48689112177914123  0.49730997116281861
  0.50678852673549180  0.51641543133288637  0.52630882930013201  0.53628312899511144
  0.54596356416223013  0.55563608793511166  0.56545879091129192  0.57578774405647504
  0.58609428977877831  0.59640217505652238  0.60662846630413891  0.61738574724766626
  0.62809764146406222  0.63872017948848991  0.64898070638361782  0.65880396609486780
  0.66813742457523329  0.67750042238630281  0.68717189224677999  0.69788576285415838
  0.70785971713484708  0.71827725189364400  0.72866156977197905  0.73874581444501353
  0.74869828330816424  0.75837365003478496  0.76837738750064610  0.77840905868337174
  0.78839425323469292  0.79843765397740429  0.80865135825379564  0.81897006068718359
  0.82952927132254617  0.84013740994657604  0.85115504355782534  0.86185284724171385
  0.87255819414303526  0.88301734667019394  0.89367659848454384  0.90424306407927546
  0.91478837716906236  0.92525666443879884  0.93573014753316219  0.94607081305418572
  0.95629473010810095  0.96537767819498821  0.97090257709323036  1.00000000000000000
  0.07917994821992819  0.11084164401840307  0.13398109882225176  0.15075258921628001
  0.16471174942951336  0.17825267091113811  0.19132634092128267  0.20368469646068277
  0.21548679258235612  0.22680062814430749  0.23737813122096438  0.24732641572263878
  0.25677319960798534  0.26612695061942271  0.27532528926668470  0.28416544951088735
  0.29281124634698352  0.30139653569985131  0.30980781470936830  0.31788400932635463
  0.32559367603816719  0.33325380443177105  0.34114671259872997  0.34923520625592219
  0.35695073866838944  0.36431378074910414  0.37144998231282567  0.37875641644862246
  0.38596141708785137  0.39314549792560916  0.40007037095719855  0.40698780772559967
  0.41394760752448151  0.42064330498807778  0.42728011925611081  0.43393701435704468
  0.44055700037212581  0.44703846932368702  0.45334773705233072  0.45965129626858375
  0.46608565210281955  0.47232509146935775  0.47840642569126707  0.48433152422662412
  0.49028334803274198  0.49623062689177921  0.50207005149728490  0.50770353389378287
  0.51324263182177543  0.51876301926464907  0.52424759982094105  0.52977232248804473
  0.53528926058951098  0.54075985487774103  0.54615152555136892  0.55164377436727852
  0.55698875821734761  0.56237541683580028  0.56777451957221059  0.57331882762365682
  0.57893664130974343  0.58454353789814117  0.59008108848727991  0.59559322451623131
  0.60114408098726480  0.60671471282452616  0.61228594178992413  0.61784217351670534
  0.62311995734646419  0.62875944056885769  0.63421874948380041  0.63979155825052436
  0.64544409826627114  0.65115261295719429  0.65707416747332203  0.66317304906717212
  0.66910730942672847  0.67491764540254906  0.68043550021854171  0.68604031812005828
  0.69184353439260171  0.69806468346330852  0.70446918151785876  0.71086883233946430
  0.71730016884645609  0.72387612271694746  0.73091820048619660  0.73888725961225432
  0.74710004411857356  0.75620476152791005  0.76581799245527704  0.77738165426998906
  0.79047919093651353  0.80596867336592026  0.82623582660309880  1.00000000000000000
   1.0481989953940979E-023  -1.0000000000000000     
 F F F F F F F F F F F F F F F F T F T F T F T F F F F F F F F F T F F F T F T F F F F F F F F F T F T F T F T F T F T F T F T F F F F F F F F F F F F F F F F F T F T F T F T F F F F F F F F F T F T F T F T F F F F F F F F F T F T F T F T F T F T F T F T F
  <DiscreteSampler_grid>
  grouped_processes
  1 # 1 for a reference and 2 for a running grid.
  10 # Attribute 'min_bin_probing_points' of the grid.
  1 # Attribute 'grid_mode' of the grid. 1=='default',2=='initialization'
  0.0000000000000000 # Attribute 'small_contrib_threshold' of the grid.
  0.5000000000000000 # Attribute 'damping_power' of the grid.
 # binID   n_entries weight   weight_sqr   abs_weight
    13   10   1.242486321392395E-013   9.622958517535109E-026   1.242486321392395E-013
    14   10   1.242486321392411E-013   9.622958517535431E-026   1.242486321392411E-013
    25   10   2.184857334594774E-013   2.182812082059419E-025   2.184857334594774E-013
    26   10   2.184857334594895E-013   2.182812082059671E-025   2.184857334594895E-013
  </DiscreteSampler_grid>
