  0.00000000005702810  0.00000000012930948  0.00000000018825422  0.00000000024576165
  0.00000000030966020  0.00000000038143774  0.00000000045885249  0.00000000053622807
  0.00000000061274740  0.00000000069764559  0.00000000078199428  0.00000000086898683
  0.00000000095744630  0.00000000105468766  0.00000000116040986  0.00000000126382574
  0.00000000136974401  0.00000000148373865  0.00000000159745913  0.00000000171139451
  0.00000000182756498  0.00000000194517457  0.00000000206166889  0.00000000217847455
  0.00000000230118735  0.00000000243005401  0.00000000255881202  0.00000000268732253
  0.00000000281376307  0.00000000294159526  0.00000000308021539  0.00000000322843159
  0.00000000338086159  0.00000000353006763  0.00000000367243643  0.00000000380824249
  0.00000000394810226  0.00000000409209374  0.00000000424359109  0.00000000440379185
  0.00000000456286452  0.00000000472007299  0.00000000487171919  0.00000000502962526
  0.00000000519305661  0.00000000536395228  0.00000000553822806  0.00000000571223563
  0.00000000588963178  0.00000000606480713  0.00000000622780765  0.00000000638841444
  0.00000000654773147  0.00000000670855769  0.00000000688023961  0.00000000706068678
  0.00000000724345762  0.00000000742676920  0.00000000761389777  0.00000000780683007
  0.00000000800437566  0.00000000820640570  0.00000000839835802  0.00000000859219691
  0.00000000877956844  0.00000000898952091  0.00000000921303715  0.00000000944250007
  0.00000000967954745  0.00000000992233137  0.00000001015859203  0.00000001039507147
  0.00000001062880739  0.00000001086808052  0.00000001111131768  0.00000001136033914
  0.00000001161788188  0.00000001191233146  0.00000001225877085  0.00000001259798508
  0.00000001293320988  0.00000001327091349  0.00000001361712328  0.00000001398463870
  0.00000001437056405  0.00000001478402973  0.00000001520884552  0.00000001570125908
  0.00000001627643842  0.00000001688870478  0.00000001754215570  0.00000001828709985
  0.00000001917395046  0.00000002051069816  0.00000002126961774  1.00000000000000000
  0.00935310898296315  0.01716432670682200  0.02712208880590294  0.03808407683275859
  0.04818361815200891  0.05801396383704634  0.06796594448971639  0.07830616151033844
  0.08849025202453957  0.09830046249448700  0.10819303596048081  0.11828673779840679
  0.12847348927179142  0.13865013526566800  0.14901820917885203  0.15914705678655089
  0.16931478666332686  0.17965857946783262  0.18984995305862118  0.19993570496502919
  0.21035078154124887  0.22177242842084657  0.23369649683126134  0.24524207291349323
  0.25602184728096311  0.26528741796724697  0.27505378358564558  0.28504088526508947
  0.29481497614090574  0.30438055182746038  0.31356413929366195  0.32451887365261001
  0.33466104580017780  0.34440835206517151  0.35412474781274406  0.36406108490994704
  0.37406199090573955  0.38390960625282466  0.39375590855694104  0.40348142033961348
  0.41320768555576659  0.42309985997259131  0.43303985230203645  0.44259995152380671
  0.45208442138789684  0.46167037781928538  0.47212022637429607  0.48341444538436512
  0.49532591788214719  0.50642487908090394  0.51724744821900237  0.52825526884844076
  0.53922216238515319  0.54959937958261740  0.55948261526210608  0.56923292114763635
  0.57907718560551480  0.58932091874238246  0.59977214375179055  0.61028816545539077
  0.62084775941686909  0.63155335556863912  0.64226638421255244  0.65286774241739221
  0.66355338419913090  0.67386286564921682  0.68390613201341943  0.69450610275042679
  0.70561414237842057  0.71649400935898622  0.72748281258629310  0.73919191336611278
  0.75128718888419421  0.76265412252407339  0.77418609696483431  0.78554763479648282
  0.79738319106518973  0.80843967971456632  0.81945501228042295  0.83032680366779910
  0.84135944560974052  0.85206018822296858  0.86273605453278013  0.87292512587161819
  0.88239280949122789  0.89182245682928907  0.90126252102326232  0.91063770603182348
  0.91940981312678594  0.92836471635007523  0.93754393187705687  0.94793932598204789
  0.95841457759079851  0.96873547897163814  0.97964158667930901  1.00000000000000000
 -0.00137106436953011  0.00963369036629799  0.01926598619500951  0.02899879912491767
  0.03895546590220161  0.04961132010169077  0.06026731207014049  0.07068773700878961
  0.08109055415228146  0.09136702234226296  0.10192768406364108  0.11202305706133421
  0.12163202891423634  0.13099868909877879  0.14029008615378649  0.14977026063942464
  0.15940664392857853  0.16920182583655269  0.17893216435777395  0.18834757605717059
  0.19766375543044215  0.20696249348021192  0.21636924150306411  0.22517946445966239
  0.23386468668539073  0.24283594044120427  0.25257519481120194  0.26374655650006401
  0.27498936419895814  0.28590386200412954  0.29612377952046004  0.30626591961909994
  0.31633552010074995  0.32660542571828377  0.33688256966299307  0.34740414649673090
  0.35758968479794223  0.36789647450603152  0.37835633837535543  0.38900613523564209
  0.39928638342520562  0.40908152570620038  0.41853077586615955  0.42831079143632544
  0.43834661641583583  0.44858637667850515  0.45907893186287219  0.46982082751985088
  0.48012669580561573  0.49016709710750150  0.49996058249722597  0.50994814568550650
  0.51962155563365486  0.52934771089458732  0.53929145169427828  0.55023951406881955
  0.56178482611235403  0.57274956588497417  0.58341003067208774  0.59386369201083278
  0.60421557380588731  0.61399866143907644  0.62380761276381425  0.63405277003227700
  0.64461808179387026  0.65543039031805705  0.66747852353612758  0.68009978552409855
  0.69253359171554107  0.70457668410128516  0.71634489217922404  0.72746354699300886
  0.73810286410848858  0.74862710675434008  0.75967645245776305  0.77064807649756872
  0.78137969066782753  0.79250234015672039  0.80469805917378534  0.81792422536072273
  0.83102156018886575  0.84312708061748487  0.85492140147638296  0.86663071333719777
  0.87744362170369572  0.88708019471384458  0.89691717514161706  0.90751129195641389
  0.91869808526162455  0.93027005971723187  0.94236988235389763  0.95486765645219651
  0.96643855017422953  0.97806358706444041  0.98908329111083026  1.00000000000000000
 -0.00236306439134419  0.00938160481788972  0.01893306318657842  0.02928244179659021
  0.03949511901909093  0.04940626678316180  0.05968654040156374  0.07051236593114200
  0.08114272038444681  0.09096446710975438  0.10047170207731244  0.11023824917911039
  0.12037911671239883  0.13083767315239808  0.14118985074649409  0.15107225162575955
  0.16082800924986052  0.17075025895280879  0.18069819512550070  0.19073530853189463
  0.20068988548577821  0.21065772707031183  0.22109307535335451  0.23202362596191756
  0.24321446588317466  0.25503906281498268  0.26758989902986796  0.28079768636344338
  0.29412122437986427  0.30652368381353851  0.31811624456742327  0.32892747746348283
  0.33995274385926150  0.35063646807882609  0.36125359974549048  0.37163798081762217
  0.38310287579675811  0.39503241615579265  0.40756065952103532  0.41933589712074892
  0.43086046064986316  0.44183528876004863  0.45239681456142766  0.46304372537501354
  0.47319168957445579  0.48338519290411952  0.49377836595856489  0.50431950727542152
  0.51554690511235890  0.52672404578100318  0.53817630076755507  0.54844395676833635
  0.55867166649314248  0.56928103318319356  0.58058373730190083  0.59064333608810371
  0.60041060264532176  0.61111174216303177  0.62139518795519832  0.63170654009512262
  0.64132807692943194  0.65112650728023047  0.66043469683666922  0.66990014354090732
  0.67943850480564383  0.68882880621557740  0.69861294449793865  0.70889061076415594
  0.72167373788975120  0.73408264735069517  0.74605049299076365  0.75680944466100264
  0.76755258252261505  0.77778429714832420  0.78840993426228845  0.79849437537316281
  0.80891483323331259  0.81953205164718990  0.82986757784089649  0.83995248852352644
  0.85019801626177971  0.86093854615591170  0.87166589214099843  0.88180310956795005
  0.89134975822064477  0.90069691904615534  0.91006539703331824  0.91979057900737093
  0.93005434225116312  0.93991797378913267  0.94962823476695435  0.95917551097555942
  0.96955996186319060  0.97992574839469915  0.98989515232972047  1.00000000000000000
 -0.00194840754101970  0.00862966569458262  0.01713486757014563  0.02674509164978329
  0.03657255747609300  0.04689178370773973  0.05802691380685395  0.06897189215422951
  0.07980710842866372  0.08970348812737769  0.09936942788211194  0.10935674652739211
  0.11920172958740199  0.12910913377797706  0.13916234268498498  0.14971719511854961
  0.16085292353847211  0.17237337226448846  0.18414762145899335  0.19619945476469342
  0.20782225674204691  0.21779697237611326  0.22744744218188717  0.23690859905205286
  0.24622441292715655  0.25555420851990457  0.26482506434664821  0.27455730983892834
  0.28529904723673305  0.29664106052576739  0.30801250209501840  0.31965884165696745
  0.33092468026357780  0.34180157974149483  0.35288608285189055  0.36433763117611617
  0.37609359631670342  0.38791565825715257  0.39921958859879153  0.41009380519749822
  0.42071016144307810  0.43103608236734386  0.44127729535859322  0.45168712330206673
  0.46201066832037063  0.47236146680390678  0.48228129839697975  0.49250696835003016
  0.50284518208350448  0.51365394643091966  0.52455638664980997  0.53568660635092502
  0.54742370499791160  0.55910640505146247  0.57013212950406567  0.58029547419946892
  0.59029342299165721  0.60039613539169134  0.61000452882754963  0.61986932511726134
  0.62986409149817335  0.63972650901206618  0.64901567918164638  0.65820900091437462
  0.66840447018747484  0.68023514533985119  0.69227089716321433  0.70285432256770430
  0.71326046808623422  0.72368809983543847  0.73377120696140674  0.74343238435014913
  0.75363887947390740  0.76508514757311585  0.77626742364358292  0.78677156092615574
  0.79764902955351613  0.80845657284939942  0.81955771576450553  0.83106988174766405
  0.84345664112589680  0.85596550306862085  0.86795114851531840  0.87950574120056779
  0.89033410413119196  0.90073595853254262  0.91038000032170274  0.91967804675956999
  0.92910479695371007  0.93910690852320544  0.94993548955824247  0.96029115911461960
  0.97025438345521930  0.97994440221380263  0.98975033146637359  1.00000000000000000
 -0.00217488133182181  0.00965631957560725  0.02010384781134020  0.03003549624399115
  0.04085938504251653  0.05176442903750561  0.06236724367031360  0.07289145976734697
  0.08417874381672855  0.09712574161594019  0.10955453509365511  0.12017938362943129
  0.12989154009143536  0.13939488001535305  0.14882877312994405  0.15811344910140113
  0.16737326666258653  0.17720040860110511  0.18738782448222760  0.19723685712297773
  0.20635053685499644  0.21594826624282798  0.22611218839889552  0.23632653577010920
  0.24642904183591233  0.25676159688227329  0.26742917734825900  0.27810251757146726
  0.28853247786674591  0.29870818645732666  0.30900007105969912  0.31969948870716619
  0.33047065696875849  0.34039966191267013  0.35013740978042701  0.36089188063627425
  0.37216848030230876  0.38300119601067606  0.39374733736331896  0.40478852714316305
  0.41578357118607590  0.42629492306443056  0.43709697718055374  0.44822854458534983
  0.45961819252926822  0.47063624408901333  0.48130497462529498  0.49172049568754578
  0.50262159466855794  0.51388434856469745  0.52500797121638165  0.53550411338254922
  0.54617553819724107  0.55676502841417630  0.56707833429113097  0.57696556283238121
  0.58714072097070014  0.59846415061265901  0.61010556114517023  0.62146981277470181
  0.63263999612198507  0.64290626153231933  0.65406112388725524  0.66538631908006629
  0.67717080257690898  0.68877873021567848  0.70026250006369917  0.71174553896596426
  0.72311286469811831  0.73441052476891266  0.74562401480504958  0.75608755163689678
  0.76594875906122462  0.77588020343673914  0.78584699909767963  0.79609391817806519
  0.80624054838819792  0.81679330674409978  0.82767925362679440  0.83757538514300545
  0.84725808287331072  0.85731180574830490  0.86730439335195042  0.87679428108412472
  0.88587780223823576  0.89467893388718223  0.90451954421670655  0.91464537648851307
  0.92547427158567941  0.93599538077215094  0.94704817230027083  0.95792786850506706
  0.96831048756215199  0.97862664144197486  0.98889351434887840  1.00000000000000000
  0.01530988219626668  0.01722019333332475  0.02069114967030341  0.02472415390358158
  0.02990919229325194  0.03494941791651364  0.03988477609256730  0.04476415559621905
  0.04954280810634575  0.05428174647549486  0.05913768969475262  0.06397934250122414
  0.06864020448018188  0.07348468058300088  0.07824156058088422  0.08302969694380162
  0.08778490506615104  0.09270775232520685  0.09790296734195739  0.10310411654339617
  0.10862396009227233  0.11411940975011489  0.11953089031527762  0.12499125984685389
  0.13048767627870547  0.13606141222076232  0.14158765085631128  0.14693494653457878
  0.15222613917691832  0.15760127105799954  0.16302109550424165  0.16864435455729676
  0.17399969567326393  0.17950316970517455  0.18491306625417167  0.19035488284066149
  0.19584553098151791  0.20145809760565322  0.20690398198245599  0.21241814537961162
  0.21809867952848858  0.22411483578252583  0.23062740570788642  0.23720152714663528
  0.24361315724531629  0.25003205103269399  0.25674713401928845  0.26371295686582696
  0.27074037044569726  0.27787378463601986  0.28500376490764745  0.29234959299139679
  0.29967108870537323  0.30705625794521718  0.31459583625414778  0.32222403180897513
  0.33008248662069689  0.33780305891237355  0.34566946804828969  0.35366218806811778
  0.36208114743569236  0.37044487223324640  0.37903216716545179  0.38767254536862344
  0.39683958047232454  0.40616315856845892  0.41580752646642943  0.42574328049781845
  0.43573467424618778  0.44552808411999612  0.45496376775912001  0.46434846468420532
  0.47404362099241615  0.48437475549766518  0.49531251163363277  0.50692981740145060
  0.51867771551053066  0.53063686073079552  0.54280173094629991  0.55554343865502043
  0.56846893471596427  0.58148033976207292  0.59455032096292648  0.60843273548578780
  0.62332221738679616  0.63992952594582453  0.65764137584072846  0.67601793032059088
  0.69508675176943224  0.71570017785860141  0.73969000888968051  0.76767092774234258
  0.80046760431014208  0.84091563933908942  0.89470489895342920  1.00000000000000000
 -0.00186396967153239  0.01196065822752625  0.02321561102080387  0.03465030040374457
  0.04563241088522503  0.05651434924725679  0.06713221686266574  0.07726586067983883
  0.08718964176415789  0.09738912638082771  0.10789576857436800  0.11882048471794693
  0.12995660239984708  0.14131156019708338  0.15249589080667583  0.16297114437791718
  0.17319210019378603  0.18310609965845118  0.19311816706460011  0.20316854453571434
  0.21362342467217554  0.22473788087918620  0.23601237240780165  0.24722025639220699
  0.25806524764780092  0.26834278611858675  0.27850554376400338  0.28889109487626841
  0.29962030326693762  0.30994178274485590  0.32008506791479452  0.33056257436688546
  0.34206352509728771  0.35399716345613863  0.36560263809226390  0.37689878575305474
  0.38776591693663692  0.39820398385699263  0.40829100807435664  0.41866561528199553
  0.42932872575138975  0.43981450179908055  0.45056049858618513  0.46146396251313143
  0.47228449947270373  0.48312939126166637  0.49343720084203269  0.50348209148492928
  0.51323819006691429  0.52287795279708582  0.53302916084007712  0.54374623266523148
  0.55436228769145846  0.56475357876444310  0.57490043788685108  0.58499035361204010
  0.59506186399242889  0.60573479920060003  0.61750595994791957  0.62965037680563174
  0.64075586036016552  0.65130878841456519  0.66123445594462305  0.67107175395897534
  0.68122933922039419  0.69204367259974620  0.70297095318233493  0.71361135310042068
  0.72412879089398297  0.73493317835787475  0.74552230482700732  0.75619191493853233
  0.76694006704002493  0.77766773106784604  0.78826614469277534  0.79871238775208198
  0.80888645123432867  0.81808001767369920  0.82693927250571586  0.83616018341271414
  0.84521728697050591  0.85402713164596378  0.86305106143480326  0.87226102594892274
  0.88261681346696963  0.89350986865189186  0.90400866958718828  0.91449592388537038
  0.92412344199240004  0.93363690897636287  0.94329614068725476  0.95289032898490122
  0.96299574688483702  0.97459529493368335  0.98677412019743183  1.00000000000000000
  0.02398300260671251  0.03356248597779445  0.04314819967693190  0.05378159252864098
  0.06445605770503272  0.07496018071774947  0.08428672402225421  0.09296106609028247
  0.10155002183937133  0.11076288603400000  0.12067771290253905  0.13109578633495506
  0.14170206063635349  0.15242834385166723  0.16338023100682700  0.17398061837470563
  0.18409487778045000  0.19358948216698763  0.20270045338700196  0.21196841468996899
  0.22155679492297300  0.23154846624771960  0.24170217081233222  0.25205102574345695
  0.26307221432013561  0.27398572800876569  0.28478515713849445  0.29491655156856617
  0.30443792351074572  0.31428226083638422  0.32440019842590984  0.33446397891226104
  0.34393623612647128  0.35309770889187636  0.36235118832224567  0.37154277730410723
  0.38118575924189957  0.39100759784659439  0.40168390705733992  0.41238557583311497
  0.42338413845214834  0.43444851582016730  0.44519843320594676  0.45603384110023754
  0.46719994546616389  0.47790419621303837  0.48842422360143811  0.49819346884370186
  0.50898836022933058  0.51948624816682420  0.52910190520178091  0.53836307418422458
  0.54762769676562040  0.55690407599114577  0.56669848947112145  0.57647676987086804
  0.58634260252784376  0.59822467505600563  0.60970778786984470  0.62126693664949040
  0.63274558241236312  0.64448294973697073  0.65515445607553824  0.66556267522257728
  0.67590020551615571  0.68628013667371457  0.69693061505951470  0.70711221979947259
  0.71670971448333132  0.72575053147966573  0.73463464072770490  0.74378542830234773
  0.75305031868785755  0.76308981813334853  0.77296597694496172  0.78360503241131119
  0.79400742740771035  0.80447259894558465  0.81488721373460382  0.82574408922571507
  0.83658263950276501  0.84751239493379182  0.85767916169963831  0.86740307342606060
  0.87688273059076249  0.88628608041392631  0.89616369364684356  0.90600077633690013
  0.91547263495107856  0.92467132504368732  0.93415793369094602  0.94438280388154039
  0.95490624790520295  0.96514879168267809  0.97106440634963376  1.00000000000000000
  0.09237394760267416  0.12459779577421247  0.13504576577326263  0.14453138562252529
  0.15521585055818932  0.16552412655590540  0.17575821112176421  0.18519040198032091
  0.19388268292205352  0.20209273173135883  0.21003947750095722  0.21754344057134303
  0.22502230638168605  0.23242924805000920  0.23966860861575601  0.24663359343707048
  0.25337798196846539  0.26004869379059137  0.26665440810429097  0.27316165823482852
  0.27957489493577636  0.28593576472243581  0.29233906297782825  0.29878005312911021
  0.30501974593164799  0.31114333961809570  0.31731784146306696  0.32343392547432293
  0.32966913116310520  0.33607548030162132  0.34268244364025474  0.34913484783143511
  0.35525773372387442  0.36069667978311398  0.36599058094523912  0.37133712778461270
  0.37690846378073067  0.38266907600502570  0.38844311969876105  0.39422650428615974
  0.39992099880013043  0.40544065236414512  0.41079081154009739  0.41589705728002968
  0.42109235702044118  0.42635634781397452  0.43200341142611071  0.43752839893997181
  0.44294720522504638  0.44826799183785981  0.45369283531875387  0.45921789373528576
  0.46462807378129450  0.46974787760758158  0.47481959888535430  0.47994055779748118
  0.48509703747639382  0.49031973524973443  0.49564289878729939  0.50097987932012444
  0.50608599840156232  0.51141043850470436  0.51655762493571000  0.52218307637943173
  0.52757488435331157  0.53292324588244866  0.53826876566164839  0.54364831370323352
  0.54904308137875213  0.55440456674692351  0.55980200284360682  0.56541885002248782
  0.57138372781208091  0.57744042660586214  0.58353163074600733  0.59004643298879755
  0.59657578379200249  0.60309258799030363  0.60981236854628162  0.61692911461956790
  0.62442521982743493  0.63215298693959010  0.64006625353485069  0.64795702786734954
  0.65569975750305398  0.66351557354276514  0.67125787217230570  0.67971772815830422
  0.68898167612115935  0.70000872342133380  0.71178857203007417  0.72421884632034172
  0.73958823884905589  0.76171188569818138  0.79820195825976181  1.00000000000000000
   9.8843077991398331E-029  -1.0000000000000000     
 F F F F F F F F F F F F F F F F T F T F T F T F T F F F T F F F T F T F T F T F F F F F F F F F T F T F T F T F T F T F T F T F F F F F F F F F F F F F F F F F T F T F T F T F T F F F T F F F T F T F T F T F F F F F F F F F T F T F T F T F T F T F T F T F
  <DiscreteSampler_grid>
  grouped_processes
  1 # 1 for a reference and 2 for a running grid.
  10 # Attribute 'min_bin_probing_points' of the grid.
  1 # Attribute 'grid_mode' of the grid. 1=='default',2=='initialization'
  0.0000000000000000 # Attribute 'small_contrib_threshold' of the grid.
  0.5000000000000000 # Attribute 'damping_power' of the grid.
 # binID   n_entries weight   weight_sqr   abs_weight
    13   10   2.882811163590007E-019   3.486618030132175E-037   2.882811163590007E-019
    14   10   2.882811163590006E-019   3.486618030132170E-037   2.882811163590006E-019
    25   10   1.835504421868658E-019   1.001938661342166E-037   1.835504421868658E-019
    26   10   1.835504421869035E-019   1.001938661342637E-037   1.835504421869035E-019
  </DiscreteSampler_grid>
