  0.00000000004972942  0.00000000016525093  0.00000000025172017  0.00000000033814416
  0.00000000042767486  0.00000000051737451  0.00000000061009828  0.00000000070322434
  0.00000000079773130  0.00000000089538062  0.00000000099541915  0.00000000109740691
  0.00000000120050762  0.00000000130470562  0.00000000141673258  0.00000000153243349
  0.00000000164836664  0.00000000176806031  0.00000000189210909  0.00000000201281298
  0.00000000213048718  0.00000000224908231  0.00000000237299746  0.00000000250062893
  0.00000000262932459  0.00000000275775270  0.00000000288794256  0.00000000302174430
  0.00000000316060926  0.00000000329950515  0.00000000343701664  0.00000000357344873
  0.00000000370976300  0.00000000384419140  0.00000000398166339  0.00000000412865089
  0.00000000428220362  0.00000000443578773  0.00000000458813425  0.00000000473964345
  0.00000000488729845  0.00000000503368332  0.00000000518507035  0.00000000534016089
  0.00000000549837302  0.00000000566109381  0.00000000582169758  0.00000000598769544
  0.00000000614842999  0.00000000630810437  0.00000000646949447  0.00000000663184423
  0.00000000679617449  0.00000000696768515  0.00000000714346268  0.00000000731826504
  0.00000000749114876  0.00000000766268443  0.00000000783711360  0.00000000801969641
  0.00000000820811655  0.00000000840392923  0.00000000860382713  0.00000000880338905
  0.00000000900206224  0.00000000920218246  0.00000000940389393  0.00000000961332996
  0.00000000982510588  0.00000001004300222  0.00000001026985836  0.00000001050119643
  0.00000001073260948  0.00000001096287064  0.00000001119407031  0.00000001143352496
  0.00000001169609004  0.00000001198467153  0.00000001228081624  0.00000001258590878
  0.00000001290174056  0.00000001323031383  0.00000001356714554  0.00000001390290743
  0.00000001425244511  0.00000001461870160  0.00000001500337343  0.00000001544282364
  0.00000001596716907  0.00000001656337439  0.00000001722619761  0.00000001797443795
  0.00000001889621414  0.00000002022848186  0.00000002137618882  1.00000000000000000
  0.00913048589570619  0.01732676392018263  0.02815962318746804  0.03951971008927631
  0.05059042819473441  0.06154137470132074  0.07264322622603316  0.08355691832527798
  0.09431516016438973  0.10532891430173988  0.11586626685419105  0.12659197178462794
  0.13740556515256799  0.14836363312951725  0.15928717688008207  0.17074577195283444
  0.18258016022826676  0.19444531290009343  0.20582100214948162  0.21669700793754801
  0.22740149476205015  0.23794301255529246  0.24818603171256420  0.25829142001886918
  0.26850825381669341  0.27876550486196650  0.28875416669023085  0.29873568524360061
  0.30865819611561035  0.31844573367885665  0.32803863625149410  0.33782454706808696
  0.34793637072152817  0.35828634168092255  0.36864491525567422  0.37912574863314041
  0.38982741481177835  0.40066192964182229  0.41131399724172724  0.42145656674284371
  0.43141311946990574  0.44169536765161105  0.45224632554763633  0.46268695543657695
  0.47281192524630544  0.48282371047418210  0.49312188465430484  0.50391385726310312
  0.51475206863137368  0.52494372639678855  0.53457432262701021  0.54438509134959701
  0.55473360523566539  0.56535290416485695  0.57579014852638422  0.58593392482053286
  0.59590675549919236  0.60577457175157734  0.61564532400575989  0.62577844963640072
  0.63630230948938249  0.64697001575864910  0.65738494187416008  0.66717883306070680
  0.67657082468579810  0.68606687253223719  0.69622359953207513  0.70696921683253466
  0.71792225365176143  0.72868166673205659  0.73912174671859787  0.74927790080903656
  0.75924376985448128  0.76924885392791720  0.77945571125224788  0.78985092385785372
  0.80050512484739877  0.81123539715351733  0.82186783772947070  0.83234133593997084
  0.84252009334782429  0.85273385854586392  0.86312872980368394  0.87417600658774031
  0.88536918883087667  0.89644193739335709  0.90702180630333218  0.91726920521234590
  0.92680425372987796  0.93653147476092680  0.94665223985357005  0.95664524297376952
  0.96721185045691527  0.97768388274920393  0.98894500370018767  1.00000000000000000
 -0.00281017696231840  0.01111184369475790  0.02201741796965934  0.03238870837130598
  0.04262826896351578  0.05308347840781637  0.06406634787020100  0.07526980231695797
  0.08735674227572530  0.09918642194740196  0.11148152510434944  0.12376153771972044
  0.13573133927385483  0.14711567571298356  0.15796707660044035  0.16993934452744019
  0.18216582691558836  0.19374594085546984  0.20397902695792741  0.21488324566295947
  0.22602318468847141  0.23689746980303486  0.24799662033152092  0.25917575758551226
  0.27030490609536262  0.28112060383075987  0.29107998186961775  0.30169337924645173
  0.31218637372697039  0.32278649725007214  0.33345047321982574  0.34386483540018020
  0.35447385254026126  0.36493150512622252  0.37546211697976095  0.38569727986646446
  0.39583159654019290  0.40646171635343642  0.41704922632330776  0.42795238801026114
  0.43852637967532709  0.44927216344560722  0.45968744034729453  0.47032276581313587
  0.48055558404405263  0.49049940007499337  0.50033325280917074  0.51043111238498484
  0.52047754462224471  0.53014362784385194  0.53960622125558877  0.54958808642599555
  0.55991055864763761  0.57106735360189254  0.58248475711926140  0.59377085371799709
  0.60536810214472825  0.61644264937469939  0.62791156506726242  0.63893559021451440
  0.64938595717838954  0.65956591162291445  0.66936481310442375  0.67924359312063953
  0.68883847756828942  0.69886272293088569  0.70886196673671964  0.71920779016904457
  0.72939995087041887  0.73944844548588906  0.74938882838652976  0.75930207646447845
  0.76918006692842067  0.77907525439105596  0.78911741774592525  0.79940153124529134
  0.80934714424249121  0.81932753352728416  0.82930364286966940  0.83936751283409750
  0.84937002098922365  0.85923590663738414  0.86942749178579271  0.87958557715191554
  0.88982192845285990  0.89990567242141051  0.90983247222826713  0.91971116895062321
  0.92967479989679147  0.93990962448148663  0.94993256986125407  0.95994505570159139
  0.96997228547438563  0.97993340282655261  0.99005366738332834  1.00000000000000000
 -0.00203495961936067  0.00820173785953096  0.01700561574765587  0.02681716201002332
  0.03707262803997351  0.04770082033697865  0.05906441129486321  0.06970350199471197
  0.08015195098338465  0.09106167033830981  0.10202793803828196  0.11277660305309135
  0.12270846303486779  0.13253273484573666  0.14186526878083300  0.15163269355048251
  0.16165068056762963  0.17198532146832982  0.18282866647900459  0.19366330095258349
  0.20535379613854979  0.21614989858698866  0.22620070724949345  0.23637992443514905
  0.24649934602014320  0.25688526411273277  0.26714345596852640  0.27798615621030920
  0.28890912271507341  0.29969660391130221  0.31038164501969240  0.32120068154973591
  0.33196622974905410  0.34278912963782832  0.35386186004554604  0.36548714941469213
  0.37746807719263464  0.38957862251918579  0.40139400810148507  0.41277237979497411
  0.42376014681072194  0.43456272580564065  0.44545477559852370  0.45647698896159222
  0.46743392072528134  0.47815508387533706  0.48886071504164696  0.49950460062486784
  0.51004321643253026  0.52069652367471198  0.53149730888088920  0.54213669827200650
  0.55255395137711205  0.56282863184921983  0.57328667743012462  0.58390433553085941
  0.59475832637754067  0.60580833637834253  0.61667034601796000  0.62766394099279010
  0.63857588309536528  0.64893020266190671  0.65890489521893003  0.66874177891922582
  0.67847256634132580  0.68803725268185101  0.69780168487333649  0.70805147200332630
  0.71949381801828183  0.73050118174710044  0.74100078252628543  0.75134181330021477
  0.76178781840759080  0.77204811556779218  0.78163616339376929  0.79118914205624402
  0.80112550518515757  0.81183518058050930  0.82300083896078946  0.83403756248218830
  0.84465981174079685  0.85507700225928851  0.86560426314386640  0.87638083712365866
  0.88730064405919251  0.89751440614821065  0.90747432862123256  0.91729135135602358
  0.92792481925365966  0.93853140752381670  0.94889731760777019  0.95883249974156870
  0.96939397752327439  0.97975286546156526  0.98998893487045792  1.00000000000000000
 -0.00196402619589099  0.00922831338065834  0.01870674102208831  0.02940746363500916
  0.03984248522103476  0.05022050245316777  0.06006137090312844  0.07050918890514035
  0.08092354857295561  0.09116777423789797  0.10142637478248430  0.11186956556053004
  0.12244134517947640  0.13280540202186383  0.14339967085629740  0.15401640642216616
  0.16471387044839983  0.17542220419556376  0.18625766529739468  0.19680058668432135
  0.20736495084767548  0.21807504612504655  0.22900757470036479  0.23953559782020453
  0.24985018575716758  0.26031053328155462  0.27079590119224600  0.28107894038029940
  0.29113018304312543  0.30169322178543667  0.31235913846791508  0.32317708003565887
  0.33407638430489922  0.34566049225915607  0.35678080013399710  0.36748749882667048
  0.37854897966363255  0.38971093935338497  0.40126599053763728  0.41271732218522744
  0.42428080639656757  0.43577425520969898  0.44690119933984435  0.45747381303838536
  0.46741572768727135  0.47722414438134131  0.48687039420366074  0.49644611434148000
  0.50622941712175684  0.51633982003953127  0.52640630040479186  0.53613486864250304
  0.54629719708536328  0.55671800359719470  0.56749454179374603  0.57762133641091851
  0.58815225124436255  0.59907146103788678  0.60975436666424343  0.61997633218741444
  0.63021010231976071  0.64047951777558321  0.65132336143114045  0.66244824910752231
  0.67366999416926598  0.68474289570696023  0.69570143462808764  0.70629853920638941
  0.71660691465192139  0.72652338714908693  0.73651534857685375  0.74676013527161500
  0.75692380004393045  0.76680588665194616  0.77641364467774887  0.78601894920361048
  0.79644248156426123  0.80717182794688758  0.81871473939262973  0.83003358987826981
  0.84137415225742662  0.85264883454703000  0.86426068303093984  0.87586910758622938
  0.88723042940414043  0.89870472612332397  0.90977489026182468  0.92076797601010918
  0.93175604366696663  0.94192665666741071  0.95185658285412822  0.96128353717137860
  0.97100889013064473  0.98073402762122974  0.99050509049244151  1.00000000000000000
 -0.00250607472798033  0.00995724018316632  0.02072766307504476  0.03145595416715810
  0.04215348764410210  0.05266838382022337  0.06292580005834304  0.07288411336471302
  0.08252948671039402  0.09206530824174142  0.10180515855699872  0.11173979894379069
  0.12173103150568680  0.13204410423618262  0.14223753935614408  0.15218676072972276
  0.16197564959645488  0.17209388504541240  0.18236173099187017  0.19230326344532378
  0.20200282392562222  0.21196367673205202  0.22241701362953720  0.23340068546935713
  0.24468036370465798  0.25553731204784125  0.26597271380842130  0.27625860906545524
  0.28661464647193918  0.29682397518708864  0.30711895541487705  0.31749613852300906
  0.32802697025783112  0.33889428619514356  0.35001042862120774  0.36086335645522055
  0.37116838073510711  0.38164368746763855  0.39220276911270546  0.40261976501620111
  0.41294256089690690  0.42326706948293968  0.43361127773207409  0.44425734356311175
  0.45524609348620965  0.46654877524978156  0.47810733273248174  0.48989408871708118
  0.50104252037922536  0.51115265518226527  0.52116473053759371  0.53170429216100268
  0.54235582522646453  0.55304718877753922  0.56382420587185711  0.57451636492799441
  0.58506765662134896  0.59556060509323894  0.60603742993859711  0.61638792631740680
  0.62688997003985170  0.63762163189116139  0.64823294263177700  0.65833858528112243
  0.66842338116108402  0.67882896276376059  0.68973185272748105  0.70085455327956903
  0.71175721883023013  0.72219562588923591  0.73261127847599283  0.74323481250403456
  0.75398479248804240  0.76451726555387423  0.77495499786415556  0.78540940684339955
  0.79570799754370003  0.80626015521441474  0.81694170101981456  0.82812050575306750
  0.83879697722850088  0.84918421637284247  0.85953776172487140  0.87024169757573899
  0.88171791143043687  0.89325354321491091  0.90452184311018813  0.91564067113900260
  0.92658989767070399  0.93792150418299203  0.94846234672039453  0.95885384230975090
  0.96893751926003435  0.97939945058430955  0.98985856521016324  1.00000000000000000
 -0.00574545414298861  0.14428360167331239  0.20717394507995970  0.24964738301260012
  0.28148172738476923  0.31019767934160608  0.33527749576361421  0.35775436214446854
  0.37810089592490470  0.39608990235680486  0.41318365356683157  0.43014236190677396
  0.44654231365067260  0.46139412491003068  0.47525486594645105  0.48807639752300763
  0.50018480142306276  0.51221592858032305  0.52444708937877360  0.53653834520672117
  0.54843371911935324  0.55991490947602496  0.57083091610127856  0.58141412945134052
  0.59146163083021686  0.60093753125418126  0.60991112474796838  0.61846674541493085
  0.62679608755149818  0.63497926340794464  0.64335078585258787  0.65192423749086048
  0.66048803059573324  0.66876498789053118  0.67675398288753696  0.68447443726025869
  0.69185175940105004  0.69897110265919993  0.70614044825679634  0.71322531857345761
  0.72003922991168112  0.72664200693872583  0.73324052877906210  0.73993068931020800
  0.74664353637474712  0.75309972091170663  0.75919836395380036  0.76521180772950492
  0.77122464079071251  0.77742375800960928  0.78343357147941672  0.78939777376116727
  0.79532869198600797  0.80130685398412549  0.80723903575769307  0.81320338049650265
  0.81916705982762261  0.82499048950169096  0.83063742372859606  0.83603014869452252
  0.84134878238618227  0.84668455691990174  0.85201212444667140  0.85711017413602564
  0.86216491892018610  0.86719075516799260  0.87208175771056673  0.87693262226765434
  0.88175324368682528  0.88663263795671521  0.89153328068810922  0.89636410377990894
  0.90099015073435207  0.90564839424801147  0.91038564189857107  0.91506764029461418
  0.91966815991203432  0.92417288919621421  0.92855683423630575  0.93290133827570310
  0.93726455609057768  0.94164852677400546  0.94613057487961816  0.95064535157689911
  0.95517978092357270  0.95964848301515882  0.96392728855537446  0.96809594625616069
  0.97224426883205972  0.97628145712088554  0.98025413253328864  0.98412048777898553
  0.98593572165317900  0.98698801817604964  0.98770603562040038  1.00000000000000000
 -0.00238623466259213  0.00964567703858075  0.01969312956390053  0.02985849919723410
  0.04027719964563885  0.05090248356906948  0.06171847246275164  0.07230654223088084
  0.08244421595443202  0.09254812750767566  0.10254502552199558  0.11308243351503380
  0.12384949831953010  0.13393716828437527  0.14458071543678203  0.15497082350349994
  0.16567188847629427  0.17601787516706474  0.18674955473875263  0.19742481749728813
  0.20767566356785008  0.21773478932872661  0.22783702124535185  0.23818661203853997
  0.24857144192053179  0.25896130696315961  0.26976621731289868  0.28062249759321023
  0.29198187196084963  0.30371271307082492  0.31514093782585650  0.32568199992577129
  0.33584204269595619  0.34607382640645123  0.35658327974342929  0.36714186674288501
  0.37788444432368967  0.38906948462528324  0.39999091598711356  0.41096733432991461
  0.42172297477509496  0.43172646891112620  0.44128205221076749  0.45051519436970344
  0.46047574911736211  0.47114476150023388  0.48187514699421302  0.49260404964410182
  0.50321267760597366  0.51370550404035387  0.52387565425049554  0.53376249285083843
  0.54360172292370534  0.55381730746133950  0.56436611965610495  0.57521216229150662
  0.58608794521315821  0.59691053333551536  0.60722162695932314  0.61746074514826477
  0.62797183920807376  0.63873733044188552  0.64940109757563658  0.66039869830328746
  0.67165195836763136  0.68272430082505486  0.69351111544959909  0.70398408940661605
  0.71481800795121109  0.72588561880880587  0.73699366192375071  0.74798813247181684
  0.75875439288382096  0.76942465162539997  0.77999193246960141  0.79102193459637138
  0.80195238321980666  0.81287541164791177  0.82323999423505823  0.83383584980259517
  0.84382678944087841  0.85424912794066055  0.86429345575026117  0.87411957155088582
  0.88364910933415752  0.89402097386237211  0.90520281539681113  0.91644685140997262
  0.92696426742009252  0.93703174313944837  0.94703822832888362  0.95730162065399438
  0.96759592554292595  0.97784713509934018  0.98879439516190759  1.00000000000000000
  0.02413275903238593  0.03344505052939767  0.04299728390467698  0.05369550152659393
  0.06432880121794728  0.07557201409870500  0.08698429454106379  0.09832372902845646
  0.10849242942096954  0.11799644539316501  0.12762119967670457  0.13760548575301196
  0.14760868255231258  0.15713649643698432  0.16606136978874764  0.17512204325146202
  0.18448324097976232  0.19377326794035532  0.20288924343968065  0.21188223349088015
  0.22125356764309562  0.23086515353860038  0.24009689758267050  0.24923720026887555
  0.25872053007054269  0.26862916543426718  0.27823482571908192  0.28794397807100247
  0.29824333516085677  0.30881467240151028  0.31857301037932190  0.32776062004196038
  0.33698771036137593  0.34671347362211746  0.35662734193574813  0.36673507656462323
  0.37669101595337845  0.38709393931349939  0.39723297326512780  0.40793679098988656
  0.41791622319936655  0.42730627905241347  0.43651999574003603  0.44615764020065440
  0.45621490460245628  0.46578381844857841  0.47529497048892921  0.48517624522315378
  0.49538340619966054  0.50507243756372933  0.51456130489036389  0.52392722537137193
  0.53405804173477689  0.54435070693330212  0.55473861326615204  0.56497318775978445
  0.57504812210889877  0.58502298874334180  0.59486280577629391  0.60471789224018224
  0.61469565908873547  0.62464743783990961  0.63449258576691858  0.64425492823883090
  0.65439719768364080  0.66488801984599233  0.67563183706680841  0.68661298343289223
  0.69799819254487372  0.70943156054492573  0.72077251676123211  0.73198627219674084
  0.74322366217423064  0.75382317728461345  0.76326588570397458  0.77320399115859728
  0.78335531580731876  0.79431329553273455  0.80423825467783339  0.81421755299267318
  0.82445268054437171  0.83550780365255062  0.84622442119487085  0.85774607059053454
  0.86833192852215757  0.87975612836483108  0.89085373154188852  0.90198014259793391
  0.91244783738141144  0.92231585422112039  0.93250044930702902  0.94290510904979652
  0.95463916640666957  0.96444495707887812  0.97127674820302234  1.00000000000000000
  0.04707408163515858  0.19866696069789935  0.24566836228313696  0.27443770354508795
  0.29674516178553501  0.31535467061286704  0.33186609677546919  0.34700052983247825
  0.36137186191054865  0.37536373595151618  0.38933438382138674  0.40275885147400547
  0.41516754820455049  0.42709332211306766  0.43909314963950630  0.45113231014708760
  0.46278201404769986  0.47409285841683757  0.48515827471056139  0.49621722248230232
  0.50714945822785906  0.51766905053819978  0.52798067619246680  0.53816039886391898
  0.54830668972367447  0.55824105085065034  0.56803587775262632  0.57765296192502891
  0.58703768372624776  0.59605247461235511  0.60489250877749656  0.61353874208206705
  0.62182058648890359  0.62981963752336612  0.63758169114285723  0.64499273865630280
  0.65219860062225199  0.65922335161211099  0.66612676213912847  0.67298997116640713
  0.67974489447825237  0.68641482391323105  0.69287988282919444  0.69916098256851011
  0.70537249129092894  0.71140019529217868  0.71721886865977069  0.72295202432095318
  0.72861837668463558  0.73408870483865629  0.73940278670381032  0.74472516381163600
  0.74994368683483803  0.75508527325573671  0.76012909871727341  0.76506274707627830
  0.77000743004961347  0.77418199649076824  0.77836457728257247  0.78265221638007276
  0.78696392531887238  0.79131664523519851  0.79541801950964885  0.79950621863456395
  0.80357688297030005  0.80763497417761509  0.81165277501512390  0.81536442222662830
  0.81903252186689179  0.82273470994429421  0.82655967409756881  0.83046496845624251
  0.83444903817021099  0.83843956845641487  0.84234394415548985  0.84621566416942606
  0.85018613551751765  0.85417489980700123  0.85808184756396833  0.86210197865719884
  0.86632613100735456  0.87073006113044416  0.87526094970886736  0.87999284270434575
  0.88477100653280150  0.88944635569165265  0.89446853251721259  0.90028567888772115
  0.90665553002774923  0.91247202135667249  0.91888147042365753  0.92449002001765523
  0.93017693909060251  0.93422348427914848  0.93677514613624080  1.00000000000000000
   1.1589567310909263E-023  -1.0000000000000000     
 F F F F F F F F F F F F F F F F T F T F F F T F F F F F F F F F T F T F F F T F F F F F F F F F T F T F T F T F T F T F T F T F F F F F F F F F F F F F F F F F T F T F F F T F F F F F F F F F T F T F F F T F F F F F F F F F T F T F T F T F T F T F T F T F
  <DiscreteSampler_grid>
  grouped_processes
  1 # 1 for a reference and 2 for a running grid.
  10 # Attribute 'min_bin_probing_points' of the grid.
  1 # Attribute 'grid_mode' of the grid. 1=='default',2=='initialization'
  0.0000000000000000 # Attribute 'small_contrib_threshold' of the grid.
  0.5000000000000000 # Attribute 'damping_power' of the grid.
 # binID   n_entries weight   weight_sqr   abs_weight
    13   10   3.490978095524025E-013   4.168748281431511E-025   3.490978095524025E-013
    14   10   3.490978095524136E-013   4.168748281431947E-025   3.490978095524136E-013
    25   10   1.417481913497499E-013   5.995731158136238E-026   1.417481913497499E-013
    26   10   1.417481913497505E-013   5.995731158136241E-026   1.417481913497505E-013
  </DiscreteSampler_grid>
