  0.00000000021625320  0.00000000069284555  0.00000000106438683  0.00000000137920969
  0.00000000164343795  0.00000000187195759  0.00000000210046384  0.00000000232868438
  0.00000000254796120  0.00000000275896614  0.00000000301968064  0.00000000323692547
  0.00000000349071433  0.00000000365928493  0.00000000378486625  0.00000000391572489
  0.00000000404085070  0.00000000415302992  0.00000000424998602  0.00000000434563082
  0.00000000442782326  0.00000000458299668  0.00000000477108084  0.00000000495298907
  0.00000000513785647  0.00000000531327140  0.00000000548470973  0.00000000566622548
  0.00000000586131992  0.00000000606955617  0.00000000629285908  0.00000000650412799
  0.00000000670109044  0.00000000690846377  0.00000000720604204  0.00000000742986104
  0.00000000757468931  0.00000000768456047  0.00000000778513257  0.00000000788578720
  0.00000000799863778  0.00000000814447477  0.00000000830509794  0.00000000842992912
  0.00000000854137859  0.00000000865404895  0.00000000878764990  0.00000000892597932
  0.00000000905363721  0.00000000919103156  0.00000000929742962  0.00000000940991146
  0.00000000952233606  0.00000000962101775  0.00000000974086017  0.00000000986796511
  0.00000000999638954  0.00000001013921044  0.00000001027948286  0.00000001041618537
  0.00000001055430778  0.00000001070139760  0.00000001088634821  0.00000001111881630
  0.00000001135712981  0.00000001157207756  0.00000001177865889  0.00000001199901118
  0.00000001221057227  0.00000001239631281  0.00000001257164782  0.00000001274695876
  0.00000001292240440  0.00000001309965604  0.00000001327709247  0.00000001346043242
  0.00000001362157702  0.00000001380229768  0.00000001399890991  0.00000001421722120
  0.00000001444895317  0.00000001466029385  0.00000001487532041  0.00000001510373114
  0.00000001532610631  0.00000001559333093  0.00000001581498282  0.00000001631233543
  0.00000001711320925  0.00000001798961213  0.00000001886598044  0.00000001975559387
  0.00000002084119724  0.00000002258574643  0.00000002366962021  1.00000000000000000
  0.00936608891700939  0.01654638006917307  0.02097761985619115  0.02784082943781867
  0.03523120609020845  0.04656776023874715  0.06093796320222226  0.07550242024696235
  0.09018032093658972  0.10542017533399098  0.12055000447068014  0.13750631777303368
  0.15073723616671250  0.16318013840189555  0.17715821341395011  0.18790767731282718
  0.19530916924715261  0.20227033655987425  0.20713974230519580  0.21200287359038894
  0.21723428880745349  0.22291262868157724  0.22922167027275978  0.23641194363729237
  0.24281914481364505  0.24815185583207774  0.25719135994808595  0.26800543661794912
  0.27870892223294924  0.29084463286302004  0.30201060239599975  0.31197489008411400
  0.32217019343511299  0.33116188350919773  0.33973934526197158  0.34738379030559824
  0.35362293628521996  0.36378056134793146  0.37582174252788741  0.38908220845488828
  0.40251005521219568  0.41363312333978203  0.42292749555708720  0.43068152112187558
  0.43840756488207755  0.44634182694813784  0.45880916510970371  0.47131724025645699
  0.48298217999352600  0.49504434583688661  0.50721002355599054  0.51743004366610634
  0.52625271782284866  0.53660352588989524  0.54711032834761053  0.55781328484050430
  0.56986602801022834  0.58391985191943618  0.59940134725128669  0.61597474248929496
  0.63278750281436569  0.65007145981752312  0.66759537204809816  0.68491349852248617
  0.69950908700027703  0.71294380886238751  0.72404767878814880  0.73755106543777427
  0.74963002698003223  0.75995085162428144  0.76957516248380187  0.77921933448443392
  0.78623580700731643  0.79518083532348205  0.80835534946641219  0.82100383917963704
  0.83116564034142737  0.83765357550907005  0.84251995462268980  0.84820348484639163
  0.85552598215765407  0.86316410157279178  0.86952757941999925  0.87560870698833637
  0.88167565123970182  0.88812973639469150  0.89676369215699436  0.90854103867367864
  0.92036046846844799  0.93108990888564802  0.94096382267225953  0.94981430448221782
  0.95776172519559610  0.96920190762822711  0.98343768181039681  1.00000000000000000
 -0.00000023234619407  0.00010249498455278  0.00069147047527691  0.00179863857994787
  0.00402182973458231  0.00679913552882280  0.01022260397908391  0.01526351561346870
  0.02015337337275597  0.02465613979834518  0.02846672248677692  0.03256973990304249
  0.03707578705330053  0.04138848898467073  0.04509286026850189  0.05011838922209367
  0.05801309343947946  0.06778131180357387  0.07906261697138758  0.09063382981572145
  0.10160344171269194  0.11254397373717094  0.12371935629010519  0.13604514411087898
  0.14706854078851087  0.15732153417417347  0.16817302041671159  0.18032657205847583
  0.19400326300198439  0.20469845804136055  0.21320037409740905  0.22187511259327278
  0.23043426740323850  0.23876271320888065  0.24766030521592272  0.25697713159085001
  0.26532698618598077  0.27293893922794887  0.28071590589549333  0.28851562600074115
  0.29723513346336528  0.30644385724683748  0.31625457818749730  0.32667489240776643
  0.33792063618515739  0.34851932067738356  0.35549141026212028  0.36196482131947072
  0.37769948808996012  0.39251357156995159  0.40710605310923953  0.42206582579983914
  0.43807322365792911  0.45295300424823304  0.46453396051755352  0.47439052273070614
  0.48403113702552752  0.49470062288030953  0.50595058867632026  0.51490860264717242
  0.52449698297595682  0.53413743726723240  0.54374251120030925  0.55396822324178518
  0.56634167350761944  0.58117968745358406  0.59730268265277520  0.61184438774796690
  0.62669779940308279  0.64097902538909823  0.65307706653758224  0.66378663746428967
  0.67418198560639231  0.68461885029027769  0.69665779728757238  0.71004306370138637
  0.72379915600534783  0.73780648476071065  0.75187290586638966  0.76415466323805059
  0.77617159412217307  0.78747697678569017  0.79815034180111366  0.80848344134762495
  0.82380367165763579  0.83994108132185896  0.85657737710300441  0.87170400813877014
  0.88738831727529699  0.90332285635367127  0.91787574870824962  0.93286558049696411
  0.94846923566286090  0.96468591792555602  0.98169020718647326  1.00000000000000000
 -0.00340377409505615  0.01520011550235689  0.02374766694335343  0.03003988097215085
  0.03513392179245679  0.04040742304995990  0.04733500370914302  0.05389134927754309
  0.05851600939175480  0.06268491880345006  0.06763338535298470  0.07428371304391981
  0.08128729374755342  0.09391675019345863  0.10831763107302751  0.12178155328241816
  0.13261093184482212  0.14261761240648002  0.14819286969153614  0.15337215559545786
  0.16005212579077485  0.16707196455699205  0.17436755915843072  0.18219072289115668
  0.18999589143460166  0.19739724240007170  0.20397055903523673  0.20901292450248504
  0.22299496659368753  0.23653531002616779  0.24833774553417728  0.26260098379183588
  0.27345767813222460  0.28471572102322940  0.29646998196223723  0.30765449006373669
  0.31945100205037158  0.33281260405177521  0.34867416295183284  0.36228518813648730
  0.37326862626041035  0.38389852620560577  0.39525167039509840  0.40799586283414674
  0.42270756698749079  0.44045517771168169  0.45320525808360618  0.46049646557584534
  0.46621447560048113  0.47183632809411996  0.47774238042752454  0.48427569239555152
  0.49046701233141510  0.49601250352111842  0.50184500005603527  0.51304658500537470
  0.52294224538490108  0.53309814813034773  0.54500843569983204  0.55606036008216730
  0.57137528877182464  0.58702970761481588  0.60221604163684750  0.61650799718127436
  0.62881463529549464  0.63941133233720104  0.64823796022031066  0.65598523316229218
  0.66398606655635750  0.67242034008564733  0.68103301636756897  0.69063930100173743
  0.70270175381761202  0.71458200083346157  0.73022805277812941  0.74388311834042942
  0.75989105340111118  0.77560118879156681  0.78960005899214514  0.80227229243951981
  0.81428283871787277  0.82594854645463756  0.83926234599895078  0.85229174072372949
  0.86464561136851115  0.87951880321525133  0.89391381916685864  0.90701531881621389
  0.91921748053399743  0.93070202752036368  0.94153362300923737  0.95288562180751279
  0.96507012645698287  0.97637546818799859  0.98788841155414209  1.00000000000000000
 -0.00578189524773085  0.01937790469966554  0.03714723813285173  0.05363048143960231
  0.06788203987506809  0.07800770042491954  0.08740514751282968  0.09656837115947346
  0.10652699932011901  0.11675604657013694  0.12764643230343317  0.13956196248159156
  0.15302191554723066  0.16688953981653748  0.18073756056601023  0.19605018234251392
  0.21098038864256860  0.22475411735424108  0.23897904337626852  0.25048845314516549
  0.25753664573918011  0.26362643530543578  0.27026459611678616  0.27680391259547865
  0.28225866613652489  0.28708005980817203  0.29226288741600004  0.29763786836363593
  0.30246586812547671  0.30702967369591244  0.31305662127967959  0.32795016287190276
  0.34186696488023932  0.35423004936334429  0.36488114708213581  0.37448016434906201
  0.38320935789031763  0.39116596411374865  0.40111990304097356  0.41093645582121163
  0.41970390524339607  0.43033955743196028  0.44347159979540390  0.45728802390216305
  0.46950947250279851  0.48121509050319244  0.49387479693333369  0.50691309099473980
  0.51845351943135964  0.53109111668606868  0.54230025303431384  0.55258307615985103
  0.56184085154951258  0.57358594577372757  0.58667492314914949  0.59967959522045544
  0.61317017558375819  0.62898766365674041  0.64268799122712994  0.65486262572552045
  0.66509760906773996  0.67425858506121528  0.68410385514152272  0.69480231495954192
  0.70737585873660191  0.72435480806986674  0.74229938876949375  0.75658122633343627
  0.76955652497944171  0.78423354148848690  0.80103404641953402  0.81400084963465213
  0.82117097127208749  0.82547920719000978  0.83079975271426942  0.83604591349751023
  0.84053981051685400  0.84439294393423037  0.85394396135474226  0.86593802645997742
  0.87670791193915543  0.88390456507650550  0.88948861215054131  0.89590446642273547
  0.90234994674764535  0.90717602550169196  0.91283645290302873  0.91840551406835025
  0.92381422641684985  0.92919194454784526  0.93513496578801558  0.94511905164168797
  0.96124459532990236  0.97512340702855493  0.98789474772491481  1.00000000000000000
 -0.00253106257682077  0.01482374358074016  0.02892624133221399  0.04339506865739275
  0.05732209312290885  0.07013370325997492  0.08390626724984199  0.09560939358793295
  0.10712394188162851  0.11941060819459864  0.12963738359994081  0.14099635524343029
  0.15400596343493761  0.16668125163761499  0.17817320393565897  0.19218334159086289
  0.20911125034764502  0.22471507185128561  0.23668609228831214  0.24641459748630265
  0.25643601458110693  0.26634106618936793  0.27461931978906595  0.28020351367715046
  0.28797898144970718  0.29822233326160308  0.31021149483150734  0.32234147542053876
  0.33384158693351884  0.34511838548943607  0.35540865424767876  0.36416728124377667
  0.37279414170713560  0.38282737244231146  0.39472807405620053  0.40803597930298219
  0.42242457172133374  0.43634318722237636  0.44830835466426633  0.45880274683226374
  0.46876691722475022  0.47918646987545016  0.48799204279541414  0.49942443492778832
  0.50942585693162912  0.51825571065265152  0.52742930549639122  0.53616664861716701
  0.54546462158662334  0.55554052764881279  0.56541536870181175  0.57456932940850280
  0.58412571407751424  0.59490225578757960  0.60616269104031151  0.61828201635536739
  0.63074198994804787  0.64318596704686182  0.65597836335352755  0.66897606929623443
  0.68128507854338627  0.69316509850611741  0.70358640053323229  0.71379993856630708
  0.72314589955076936  0.73164479425513640  0.74058120189320553  0.75160768955911883
  0.76449634057408444  0.77789750443325301  0.79156793382611867  0.80465253251675339
  0.81855092533723994  0.83437051637617221  0.85100133311701764  0.86681831429347911
  0.87714649297522262  0.88206709338657696  0.88589083153267656  0.89037224895238121
  0.89495081975498014  0.89970391311251008  0.90399489695528690  0.90878173788067718
  0.91458752161739720  0.91969594677980715  0.92409508987503297  0.92821936673620364
  0.93294744228803417  0.93699794591796381  0.94574434399305984  0.95710403348387163
  0.96796634059176567  0.97831998208938664  0.98852933567938761  1.00000000000000000
  0.00339899611501257  0.01181996546994471  0.01622478651450196  0.01992632206777887
  0.02305922994068939  0.02684435378143778  0.03081088398253480  0.03517691525094582
  0.04004244614335132  0.04520898480334776  0.05069741874355160  0.05638335643284201
  0.06149145791212977  0.06679137788787905  0.07241483645324123  0.07862787433177049
  0.08424758658582904  0.08854199842725513  0.09246083860881203  0.09636415643838077
  0.09998151401337647  0.10372432051370260  0.10618480625209469  0.10822652934611789
  0.11168151298405800  0.11511830977824235  0.11938858429324055  0.12419214523526731
  0.12840047688660844  0.13113217689421888  0.13379927569308445  0.13705347295431922
  0.14126948374865400  0.14371558648845681  0.14631893225166301  0.14889917326710142
  0.15263215928867288  0.15695042453406932  0.16088869549220514  0.16445780714561928
  0.17004772427067866  0.17849669152721828  0.18663509884390564  0.19547034735747434
  0.20497179793805612  0.21380757712849408  0.22228082321096279  0.22963695876956525
  0.23736576089255901  0.24430352300005623  0.25154205146102226  0.25883228870515290
  0.26638695808210772  0.27584387144320005  0.28572954221526436  0.29428847122111235
  0.29847731894128016  0.30468879593451120  0.30976593304087208  0.31475844136081638
  0.32048379443230535  0.32741173168800503  0.33445288859326672  0.34132979899540122
  0.34797592333314459  0.35309651254372049  0.36235231640255439  0.37071429616132540
  0.37967157255694511  0.38873065006004154  0.39772901780075748  0.40792154681342085
  0.41958911375096491  0.43237432880421262  0.44473204270268674  0.45965010747378210
  0.47087309113606640  0.48370301510708907  0.49694876510749253  0.51065920549207389
  0.52433412765566800  0.53906356866627625  0.55561867176939206  0.56933444152691459
  0.58285923739169143  0.59881962538764588  0.61806084349887103  0.63892528783754432
  0.65839974131545420  0.67906030742499046  0.70533089667263305  0.74357542936794763
  0.78603749348712260  0.82670758741732020  0.87864319381666389  1.00000000000000000
 -0.00230165784584955  0.01139986640382658  0.02460005956726217  0.03731749683022837
  0.05123771887754854  0.06212796113821518  0.07204924474830661  0.08167646667296839
  0.09204702754408298  0.10288229761869322  0.11382570708032026  0.12761845422533480
  0.14516392835146361  0.16528675671015003  0.18215146957421094  0.19544055848539163
  0.20761109828959462  0.22026081345210055  0.23236280831083167  0.24271080097804615
  0.25182578246212006  0.26083085850931342  0.27072930185845440  0.27937893604213904
  0.28770708330480849  0.29673433582432990  0.30773145866622409  0.31963372692503761
  0.32883411824903430  0.33929028313949761  0.35105770659938362  0.36404832447465868
  0.38137382886709081  0.39726647623847661  0.41087835095640246  0.42315911021263947
  0.43245262508450139  0.43887212453646890  0.44535461320384828  0.45197700502605526
  0.45840683979135927  0.46574479686498416  0.47359457977650360  0.48460420618904987
  0.49755673562068098  0.50890811755192111  0.51990042339135500  0.52948731792883164
  0.54056677240639184  0.55217039445312477  0.56347927230704142  0.57368085793596202
  0.58433723340956034  0.59765350601526135  0.61360993859644541  0.63613242570049333
  0.65395530832194493  0.66652010250267402  0.67735609462428759  0.68790884837323252
  0.70071479946847592  0.71359895665929018  0.72676134095032230  0.73957534355134213
  0.75103128925508944  0.76159252810920774  0.77191005181216266  0.78156038668909422
  0.79097326630164300  0.80268636684213934  0.81264678728498085  0.82094756109293321
  0.83181260312002059  0.84447248374190531  0.85951198855823563  0.87305856799377191
  0.87967634973243636  0.88411558666781098  0.88869731800906726  0.89480660599066142
  0.90040737143669047  0.90576879499327001  0.91186043881111434  0.91709958527096114
  0.92124309665954751  0.92562866651464482  0.93112633311767590  0.93683121563950567
  0.94226849543970193  0.94792642769697855  0.95305799323781659  0.95849178368590260
  0.96833336530336367  0.97869725209980118  0.98990873593149420  1.00000000000000000
  0.64765598464691965  0.67731416524826771  0.69870481472293466  0.71963471480260210
  0.73578628588981099  0.74995174845500712  0.76474051043851532  0.78350068710482790
  0.80089092478305790  0.81430390635121341  0.82507661275008737  0.83431590740416506
  0.84500613525999480  0.85676026762537949  0.86675456100761705  0.87620095730450831
  0.88493783890830024  0.89259934783955097  0.89960927328973839  0.90614418995164847
  0.91236915194174528  0.91818017441455391  0.92363212629596569  0.92802655216589536
  0.93190277600830229  0.93562146894904696  0.93850593417739903  0.94025056876105195
  0.94200724574885286  0.94340476752813074  0.94425398355412715  0.94487316213157080
  0.94550886182399507  0.94616444672647659  0.94685670317760906  0.94756544911642526
  0.94827643623281399  0.94987397609602042  0.95128539399100298  0.95272072734771940
  0.95414360613700933  0.95546020806403598  0.95667214009660173  0.95768997852790227
  0.95860074421984820  0.95948327284911528  0.96030948298169028  0.96111722776545527
  0.96191513977045040  0.96268481092808511  0.96341835202861215  0.96407812761646339
  0.96467732118154259  0.96522921715936572  0.96575927362702296  0.96631233049925247
  0.96682384342070338  0.96728600426029709  0.96770806090648509  0.96809410473063962
  0.96847898397015852  0.96886275591095083  0.96924013378015694  0.96962339272054165
  0.97005616426376162  0.97056377187191323  0.98107314222426434  0.98202926521429068
  0.98244026798858286  0.98277559184347119  0.98306962971295009  0.98335203245400649
  0.98362595902069005  0.98386784777688008  0.98411195398685625  0.98436160225290936
  0.98460949742602433  0.98485561749204908  0.98516061316034742  0.98549841739327715
  0.98587523258656862  0.98631146521877844  0.98680386321278035  0.98737620751780930
  0.98800390787342141  0.98866833802962184  0.98934400299041658  0.99000414896642164
  0.99067574187302032  0.99139411140249889  0.99233345596235012  0.99351809839244931
  0.99469106200310919  0.99585510419093148  0.99735508194438871  1.00000000000000000
  0.13264229880581693  0.14336888049066981  0.15575429226424412  0.16592820422785787
  0.17618916917926067  0.18788548219807447  0.19799433536196542  0.20713534048324084
  0.21419716918830844  0.21917306813784831  0.22291633395562815  0.22660478898622882
  0.23028154269276821  0.23468001673564703  0.23867382194450737  0.24264591796168902
  0.24680149722318506  0.25237556114615511  0.26002866569389504  0.26738812789837246
  0.27346128885993753  0.27919949324597532  0.28458931739317922  0.28975336621621256
  0.29424862869243906  0.29849361158255122  0.30262108814057653  0.30692177502523899
  0.31143900263553642  0.31615527206353544  0.32068793632520748  0.32481865385999442
  0.32888206788919166  0.33316787139903692  0.34024354373070531  0.34900309155274417
  0.35743953058872918  0.36564962287298480  0.37419303776162993  0.38220072095441704
  0.38724883961824214  0.39265432973096859  0.39766785795243736  0.40252298360117267
  0.40702186686371178  0.41184783673410424  0.41682691587196613  0.42078913418159863
  0.42506529301459217  0.42915126262801473  0.43188240552147988  0.43516025952332765
  0.43790436009152245  0.44105095445572828  0.44514243360955591  0.44961991225869230
  0.45436914972182629  0.45891430049128068  0.46294868228339187  0.46665691692970868
  0.47064006904081662  0.47482263779256612  0.48018762507633084  0.48795790250787058
  0.49661565198947122  0.50482181475332411  0.51225746764822222  0.51895154531407894
  0.52530461530536821  0.53174679753774823  0.53881076213801360  0.54598932448289605
  0.55341554850258556  0.56074368714595280  0.56829067954463286  0.57584101238205510
  0.58366217958857158  0.59369984938895637  0.60335580061814065  0.61427258222024195
  0.62490429817741266  0.63386485901140543  0.64382857239578062  0.65311557483011107
  0.66122044816522729  0.66814779269643765  0.67514797326928622  0.68225562337311885
  0.69016754311251205  0.70073823763667775  0.71174027053012101  0.72370319585960408
  0.73896869848927815  0.75568635444547350  0.78466814356020897  1.00000000000000000
   1.3038875499740774E-036  -1.0000000000000000     
 F F F F F F F F F F F F F F F F T F T F T F T F T F F F F F T F T F T F T F T F F F F F F F F F T F T F T F T F T F T F T F T F F F F F F F F F F F F F F F F F T F T F T F T F T F F F F F T F T F T F T F T F F F F F F F F F T F T F T F T F T F T F T F T F
  <DiscreteSampler_grid>
  grouped_processes
  1 # 1 for a reference and 2 for a running grid.
  10 # Attribute 'min_bin_probing_points' of the grid.
  1 # Attribute 'grid_mode' of the grid. 1=='default',2=='initialization'
  0.0000000000000000 # Attribute 'small_contrib_threshold' of the grid.
  0.5000000000000000 # Attribute 'damping_power' of the grid.
 # binID   n_entries weight   weight_sqr   abs_weight
    13   10   1.899593240896587E-030   2.677698741912324E-059   1.899593240896587E-030
    14   10   1.899593240896557E-030   2.677698741912231E-059   1.899593240896557E-030
    16   10   5.946763731574100E-030   2.907975316948318E-058   5.946763731574100E-030
    17   10   5.946763731574091E-030   2.907975316948317E-058   5.946763731574091E-030
  </DiscreteSampler_grid>
