  0.00000000022004900  0.00000000061645006  0.00000000090069836  0.00000000116342879
  0.00000000140435083  0.00000000163361855  0.00000000185756400  0.00000000205637781
  0.00000000225125693  0.00000000243721212  0.00000000261848067  0.00000000280968786
  0.00000000300837650  0.00000000320466837  0.00000000339152946  0.00000000356605335
  0.00000000372912371  0.00000000388836921  0.00000000405706504  0.00000000422879332
  0.00000000440317579  0.00000000457619173  0.00000000473839737  0.00000000490204074
  0.00000000505375271  0.00000000520701817  0.00000000535847061  0.00000000550321474
  0.00000000565180457  0.00000000580611058  0.00000000596816185  0.00000000613345341
  0.00000000629682778  0.00000000645928584  0.00000000662220370  0.00000000677884920
  0.00000000692911310  0.00000000707704220  0.00000000721724559  0.00000000736638688
  0.00000000752599415  0.00000000770127398  0.00000000788019858  0.00000000805699391
  0.00000000822491379  0.00000000838891338  0.00000000855341894  0.00000000871732630
  0.00000000888236355  0.00000000904590756  0.00000000920900601  0.00000000937455680
  0.00000000953771886  0.00000000970459240  0.00000000987415555  0.00000001004158434
  0.00000001021184955  0.00000001039172748  0.00000001057785934  0.00000001076432668
  0.00000001094166990  0.00000001111681956  0.00000001128939543  0.00000001146519509
  0.00000001164501858  0.00000001182634470  0.00000001201542832  0.00000001221517122
  0.00000001243990431  0.00000001267953109  0.00000001291037353  0.00000001313734615
  0.00000001336691297  0.00000001360524147  0.00000001385428813  0.00000001410264414
  0.00000001434061661  0.00000001458434586  0.00000001485071829  0.00000001512600981
  0.00000001541195627  0.00000001571522502  0.00000001606768122  0.00000001643019025
  0.00000001679470204  0.00000001716125580  0.00000001752654067  0.00000001788414834
  0.00000001829746026  0.00000001880177274  0.00000001939534737  0.00000002006723325
  0.00000002096657919  0.00000002259933751  0.00000002366379047  1.00000000000000000
  0.00947945277510707  0.01664319246773973  0.02653743214907598  0.03781953655168797
  0.04857787363601967  0.05911641427725985  0.06885596758604542  0.07758723033845437
  0.08662132743116659  0.09592465349592585  0.10544035260501937  0.11519133896759139
  0.12532977721960800  0.13595502333969917  0.14690926390700881  0.15775877506100219
  0.16819677836715613  0.17782720784494491  0.18759418859015800  0.19765573265766273
  0.20749293090123680  0.21665055520364421  0.22571193034562620  0.23528045025705513
  0.24473196077021955  0.25431388761789675  0.26329821270784270  0.27262418107962538
  0.28251798495140035  0.29333140920779227  0.30464483032982814  0.31557431355937587
  0.32588979160406267  0.33628607222073492  0.34761051418186278  0.35975460472650717
  0.37222313309970523  0.38433231132934748  0.39565731903969598  0.40732319732581118
  0.41966408343177186  0.43181207587136133  0.44350656910220371  0.45394922355668643
  0.46406288807879853  0.47406499434757710  0.48506181161280199  0.49603117510849376
  0.50588921499630846  0.51541350288659249  0.52573082520396563  0.53701782499936879
  0.54824463862513861  0.55886104344539400  0.56888295213929774  0.57873588227961892
  0.58857917715130048  0.59826459814886690  0.60826858448397725  0.61841860939917992
  0.62866833086393858  0.63888669542840948  0.64947515425075064  0.66072979229695206
  0.67227767773319591  0.68346496130892365  0.69403280630512520  0.70458691003184615
  0.71431011001819633  0.72374427142853448  0.73340879507395873  0.74287926803478288
  0.75318417260615456  0.76395516679310960  0.77526039733654506  0.78731131556828438
  0.79879218875747171  0.81023687866455363  0.82146229468542697  0.83326111665402536
  0.84503144837023436  0.85748579389795299  0.86954344640790204  0.88087851443864285
  0.89175676991681918  0.90268474293287648  0.91343680353169865  0.92398263762625688
  0.93375452194413999  0.94283340009389049  0.95137558026226809  0.96073901227079539
  0.97125914749984177  0.98195172578969958  0.99092965702856350  1.00000000000000000
 -0.00188906925207363  0.00858388651963900  0.01794139663835443  0.02859941595471836
  0.03949670488064021  0.05124922309654052  0.06316206371982941  0.07492943146533822
  0.08695271816722644  0.09900895270779524  0.11021766003101532  0.12036799470456933
  0.13088340725097500  0.14141391113226007  0.15352776972760354  0.16372868351842107
  0.17413759989706795  0.18471311535493506  0.19600119034251379  0.20776645740260005
  0.21942646529879489  0.23075278146725431  0.24202551118520654  0.25249829812529628
  0.26251506836869526  0.27223025142084023  0.28249404977401404  0.29285161062214693
  0.30241842986703998  0.31191893985700864  0.32168316722706619  0.33169088030863852
  0.34166999340146093  0.35161803169942751  0.36173351847093527  0.37187103186245962
  0.38162872746603321  0.39107740892071879  0.40083047454935783  0.41101377242534237
  0.42105282816985667  0.43012417773265027  0.43878082035883503  0.44764028589866472
  0.45671196703171318  0.46644430309620782  0.47646789007355173  0.48752918974428927
  0.49894343970383476  0.51034410944063580  0.52135877439518252  0.53224263064599364
  0.54248758949358300  0.55227048901212872  0.56184202914905867  0.57146241670568021
  0.58133937523311485  0.59148102805048375  0.60162118601870218  0.61239521257352592
  0.62365888806531222  0.63448165546104851  0.64534869381650628  0.65601689633492521
  0.66666291310798276  0.67728622149140494  0.68784838161219386  0.69829296911968119
  0.70874402569044037  0.71946848006459974  0.73101683479090274  0.74292512756777684
  0.75470832484262651  0.76527313763101612  0.77569932949985787  0.78592866454853583
  0.79648455565807685  0.80691372852599919  0.81740741926596006  0.82732984303752977
  0.83698010696446912  0.84635892894861475  0.85625311559403072  0.86813432863907702
  0.87983777059028190  0.89136265695573824  0.90316621832796440  0.91411233064616748
  0.92428094459467092  0.93421072291858798  0.94463889847448279  0.95610677681374057
  0.96702436377623202  0.97800946892390916  0.98878869539553471  1.00000000000000000
 -0.00253685705030320  0.00820951241429794  0.01715877719533302  0.02641396658028079
  0.03605132112211200  0.04613912679414482  0.05716275496736937  0.06888827592035403
  0.08027571176620334  0.09127242566948983  0.10204192051001099  0.11368724569945511
  0.12536224066814294  0.13703556698399874  0.14754908903817851  0.15855756101680402
  0.16820734316018435  0.17648417403203226  0.18564982750609935  0.19411950145729823
  0.20355156098752883  0.21195411534644884  0.21958322644058553  0.22817630310883866
  0.23874696198234061  0.24964931292148893  0.26045337124662166  0.27099337892213177
  0.28088045367415515  0.29048104736243502  0.29997674096081273  0.30937944218606056
  0.31893532194965130  0.32879010755644955  0.33880557914235360  0.34833423368688682
  0.35753705579789274  0.36701832926422373  0.37689458151535193  0.38678035974652381
  0.39666931687479479  0.40665742973384217  0.41685402143379335  0.42691062330210666
  0.43700607372663314  0.44705689867604359  0.45717927920139950  0.46759448023878325
  0.47786176548151210  0.48810082644303260  0.49859925401390565  0.51009483918956366
  0.52177802489205694  0.53306161885055547  0.54401527195572652  0.55457104563671344
  0.56483273363014153  0.57510675857753568  0.58534867167726679  0.59529931629640875
  0.60541556981360256  0.61659507480339537  0.62900235579569597  0.64195717841147282
  0.65432142354574674  0.66644884874417465  0.67757623912477205  0.68802548393173124
  0.69844349529220118  0.70920278141158755  0.72044243165278499  0.73142055322110788
  0.74242834602342800  0.75353575830514807  0.76454020420551383  0.77617307229029253
  0.78844743830263220  0.80037924165902496  0.81173077173678976  0.82251318003196650
  0.83408339521516717  0.84623807867126088  0.85826179348347453  0.86938665384768388
  0.88028736908643113  0.89197165992713934  0.90278167364772588  0.91332970074745312
  0.92404059308715525  0.93485431611565040  0.94572039036313538  0.95546630009173539
  0.96606848432373438  0.97685420669213485  0.98832929520701363  1.00000000000000000
 -0.00273388799550053  0.00995690422335487  0.02113044067892819  0.03204460692911729
  0.04310986914982506  0.05391091074461228  0.06463498614649632  0.07515254586447394
  0.08550890977046093  0.09601855088810587  0.10677631843714569  0.11801501477479980
  0.12899289890357118  0.13916306224500849  0.14887910815303049  0.15849574044990633
  0.16861899537310721  0.17893884355617642  0.18950008739072563  0.20030748206770727
  0.21099145172065101  0.22124137655509551  0.23147840195313368  0.24193997480009208
  0.25230183764304903  0.26275678638709959  0.27372870243955710  0.28513809154369812
  0.29610796470695699  0.30679327668684686  0.31708605835822856  0.32709638574802902
  0.33718601147117261  0.34745773323629625  0.35791094643040394  0.36779109199828391
  0.37678414170414187  0.38627136420910418  0.39566914075759485  0.40620787467459990
  0.41684241144163281  0.42820237453240617  0.43992706145985450  0.45220899333329972
  0.46381721315965319  0.47430108240616797  0.48407947531968659  0.49370027608098349
  0.50319928728470698  0.51287262828197089  0.52284072529693015  0.53367979010201172
  0.54423254526694997  0.55510321304927102  0.56613268331493471  0.57634201660815221
  0.58661466413913010  0.59725682713403583  0.60825164070667082  0.61934613162039476
  0.63097566976995234  0.64270473534826711  0.65407325325404964  0.66535876323175569
  0.67649409994651299  0.68768785507132524  0.69931274807585642  0.71096730103179129
  0.72313836669648457  0.73450613461334047  0.74499474571623847  0.75562099673795746
  0.76588034328778387  0.77567453213000270  0.78515084707822125  0.79518575984463469
  0.80569920054462563  0.81657286321101985  0.82804190454032778  0.84051865386034086
  0.85353731817852641  0.86505475953029443  0.87487067422004994  0.88335919580655731
  0.89153260282545665  0.89976077303208934  0.90830135313131999  0.91718328815540484
  0.92668557974770116  0.93634040239318661  0.94783271508948241  0.95872972366225040
  0.96941352378439194  0.97964447378406361  0.99011553596756841  1.00000000000000000
 -0.00283326207914428  0.01114745087299957  0.02250237028055076  0.03315074427078807
  0.04275859809457921  0.05264587981751971  0.06256207148374485  0.07315406296184468
  0.08394060758359162  0.09406273707471062  0.10377915801779306  0.11358861649288686
  0.12400631716663017  0.13468785954557722  0.14537531778547069  0.15571787032892795
  0.16601855363452006  0.17618075263552793  0.18593636694182120  0.19521690924606086
  0.20455009196805943  0.21471700849839159  0.22546279024555518  0.23620550874155555
  0.24673508461797891  0.25705412373714920  0.26768203335337382  0.27918678996492269
  0.29158746777240407  0.30358312930225956  0.31439374510629403  0.32436647823376480
  0.33478875748822801  0.34556998681738987  0.35632888282262715  0.36662925267883351
  0.37701359571382853  0.38700053092056458  0.39705943604355992  0.40739575154388175
  0.41856948279742778  0.43014264723857942  0.44176702033611731  0.45343703531003882
  0.46507545657279209  0.47716811955121613  0.48954774382263061  0.50191848919866167
  0.51340325117107266  0.52394206627659690  0.53397841707267080  0.54435567808623053
  0.55451427701424894  0.56413966699435780  0.57385306224056198  0.58431939571687830
  0.59520633569070314  0.60605623064164349  0.61711580417606204  0.62840636642298398
  0.63945515667641206  0.64988944671271698  0.65999738521776097  0.67031638111164837
  0.68087456341125918  0.69153819786252291  0.70243034481097932  0.71218312926806304
  0.72133480181874454  0.73042855057067402  0.74022946162500014  0.75057245496293135
  0.76153734606309065  0.77262804045103628  0.78391135908661336  0.79549264049110902
  0.80693665635005651  0.81927285298313501  0.83200217585555514  0.84397585336754621
  0.85457174442018713  0.86418660240318979  0.87303564531925826  0.88242799671333239
  0.89176911902516576  0.90142529084438050  0.91102296056550447  0.92097245309667941
  0.93152042359682885  0.94240750166451293  0.95307409978650903  0.96364452402297973
  0.97271680750171696  0.98180216973960621  0.99103004886564583  1.00000000000000000
  0.00201996365439237  0.11947070977712554  0.18022039426684061  0.22120505096081339
  0.25510422034724206  0.28174688215942906  0.30641018822105404  0.32739890166363761
  0.34749765864606980  0.36814457317538307  0.38663367105193974  0.40449265347605345
  0.42177010004613047  0.43772152609166931  0.45299597472078029  0.46708817519268747
  0.47957038432559668  0.49170970026793093  0.50354540642525858  0.51513615187111794
  0.52652077992267043  0.53793095897044885  0.54916595061515650  0.56070210507278329
  0.57167508060832783  0.58081316275125316  0.58910501158513395  0.59692179083584340
  0.60470547044817391  0.61316302503617992  0.62137857246534045  0.62974007586891956
  0.63826091687039077  0.64690000546165116  0.65557463755312650  0.66434199294945406
  0.67267303093657105  0.68077963850776912  0.68897792427816873  0.69671912811191705
  0.70414715318962429  0.71143357080771208  0.71823228739259337  0.72484320400242230
  0.73108062306478794  0.73779526288930675  0.74457737433349680  0.75138659412721898
  0.75790202958449482  0.76417297795441985  0.77047944239810484  0.77689677118761136
  0.78338134229549194  0.78954313332273540  0.79562155127064949  0.80150747630612218
  0.80743268178618899  0.81322480233486771  0.81909761211284748  0.82517903215496580
  0.83148167802206874  0.83763685304920898  0.84339137679119791  0.84898787475307091
  0.85451968041249049  0.85999960670967779  0.86562788188678830  0.87117423128020144
  0.87656979117727862  0.88178047527795200  0.88702614164226357  0.89220371587602931
  0.89698493264925527  0.90150324201620669  0.90608733873291425  0.91086497311642012
  0.91562233790600900  0.92004815867125178  0.92421008211493105  0.92813743027504858
  0.93243719940781378  0.93685707021815345  0.94125686494008443  0.94566081818570191
  0.94986262992741588  0.95391777376314479  0.95795722091562152  0.96220460620102244
  0.96652120432987276  0.97045332326505707  0.97454336571039990  0.97867809857795651
  0.98272156001919442  0.98505906215468308  0.98569193549620349  1.00000000000000000
 -0.00164531087876932  0.00689278459790822  0.01448554331233372  0.02254670602650474
  0.03194140531842606  0.04110819187319086  0.05247325870200076  0.06325379358447487
  0.07244004140750167  0.08133763574499932  0.09017235517458599  0.09945197207166032
  0.10731818690781145  0.11524127167825488  0.12325271479308113  0.13348140705437100
  0.14418484351736993  0.15584397834727412  0.16800632354006811  0.18053563490489319
  0.19269334694802268  0.20456105304566208  0.21608026379024259  0.22754806687567597
  0.23889794846865484  0.24970146470579757  0.26012193440173220  0.27077192824413276
  0.28178204760617864  0.29372781502306355  0.30602860748654331  0.31739372121843246
  0.32795549276742103  0.33793123555097165  0.34777837978957282  0.35798900337944312
  0.36882503258932653  0.38023929741613383  0.39192396335951890  0.40346526785993464
  0.41511055961910520  0.42683128235189660  0.43848079657654770  0.45020767048459431
  0.46132199663132473  0.47102527344548495  0.47984675148994210  0.48834667588386793
  0.49661492649964983  0.50482153247023798  0.51334713957419387  0.52310817564642920
  0.53718997819577985  0.54879808373634054  0.55927325895305136  0.56900270393951724
  0.57838223198964567  0.58722160942640800  0.59627767298936085  0.60638986503878711
  0.61792887709799327  0.63007828269634736  0.64170403293194667  0.65353172334864396
  0.66489883013293194  0.67769981058386941  0.69011288791270975  0.70161341109721298
  0.71295793459087864  0.72440649054267947  0.73610917598309933  0.74769698795049644
  0.75992483867931215  0.77185466925822355  0.78299916621777932  0.79323371679798460
  0.80358019170312733  0.81433830047550848  0.82485775972174546  0.83532493316227108
  0.84520047983110169  0.85556112524720929  0.86634459089764471  0.87783209842081478
  0.88909941080558352  0.89995453559043015  0.91017647793229772  0.92050390468062460
  0.93117636222629507  0.94149794030183431  0.95109956113599203  0.96110747031309762
  0.97120317146473190  0.98086755544229542  0.99022804774168149  1.00000000000000000
  0.02569437566801116  0.02640264394357343  0.02789629369534910  0.03129601588036516
  0.03538067020494783  0.04265769207420777  0.05380606547023581  0.06472986091769925
  0.07493281803896042  0.08496998940665555  0.09501889921581044  0.10503428063235046
  0.11457494767258433  0.12515351746951969  0.13630623990462362  0.14742023990845210
  0.15801432313358418  0.16797067210942021  0.17777192141281664  0.18818163396951218
  0.19963672600429830  0.21157255033373173  0.22272474958525404  0.23333941215756937
  0.24397689950764531  0.25362579914713768  0.26296159219616422  0.27264921291264632
  0.28218313569545661  0.29161280975487952  0.30055561836510081  0.30978809588696937
  0.31987506916702929  0.33045557036798334  0.34078024962673686  0.35103738460817763
  0.36164598231443551  0.37252603131717132  0.38336341147899711  0.39417489532166616
  0.40473689770443344  0.41439984603888558  0.42382544934673394  0.43356646253607989
  0.44356707334011419  0.45389856862685624  0.46423213511811973  0.47485034527458914
  0.48547657379411846  0.49555709171994655  0.50640002125860650  0.51630719028759597
  0.52768625796176483  0.53979660789525485  0.55352198428972421  0.56707855463684398
  0.57983753945473127  0.59006786101513220  0.60041183810737631  0.60950758529640592
  0.61819775850713177  0.62676893170963865  0.63526825694892575  0.64450319035021419
  0.65421150922025395  0.66306089101318422  0.67142376926643577  0.67992165870317478
  0.68838660867971901  0.69664021714821822  0.70518356347311517  0.71434327802885511
  0.72387440349936027  0.73354222824662230  0.74441899131681377  0.75553575976406662
  0.76654606545649218  0.77825830000270702  0.79058120273352517  0.80320344318771020
  0.81553791900885031  0.82783234819681883  0.83987767675579494  0.85187362590253579
  0.86428499382758317  0.87722569394662375  0.88798112245140182  0.89871104441024419
  0.90958506026611563  0.92079726273038598  0.93147656669251933  0.94247843588317026
  0.95469425664077168  0.96516260769041695  0.97104571267820838  1.00000000000000000
  0.05179842539364484  0.23174418254188198  0.26105963768942864  0.28265925515119589
  0.30096954193575620  0.31831975142577229  0.33455081660936131  0.34836439033383843
  0.36122026096690840  0.37311411060453448  0.38405250089721649  0.39440912067927364
  0.40449019464850322  0.41439183658735296  0.42407279215788518  0.43375304250373270
  0.44358317990707424  0.45369290777610016  0.46368066351228882  0.47345386815136764
  0.48309757571477685  0.49242350261090462  0.50148625567031690  0.51020049132356526
  0.51910725197912289  0.52713918041683072  0.53479540630506761  0.54237025104523529
  0.54981545573096946  0.55706919393854826  0.56445075646662712  0.57184238988043634
  0.57909887968762663  0.58658555357373243  0.59434620452447728  0.60170635120857430
  0.60864747993748392  0.61522755206854940  0.62157506329901957  0.62800563079736593
  0.63488395768388084  0.64290316135033287  0.65053626143386123  0.65745785690070846
  0.66410319331491652  0.67099662837716567  0.67808745202431520  0.68525529871445534
  0.69239586103943040  0.69941871193098704  0.70579881610550010  0.71144578371433609
  0.71689209967490553  0.72251572251794316  0.72821783231979986  0.73367366623097485
  0.73870886285012183  0.74330953030775859  0.74756238031175426  0.75144801468807143
  0.75526111125151962  0.75879202191976780  0.76270248046415767  0.76683372047367437
  0.77077732709432056  0.77461141562227387  0.77831148374125658  0.78203825475288191
  0.78565289018507956  0.78922353407063617  0.79289576836636755  0.79652533256893177
  0.80012455527660564  0.80373159479713441  0.80744443418467249  0.81119505091568211
  0.81459009009048589  0.81780598899305224  0.82097517682989174  0.82435015158103564
  0.82816776279361282  0.83200528758812076  0.83561245324065236  0.83935446866435826
  0.84301883418045165  0.84685953753769705  0.85136207701149769  0.85610961349510872
  0.86039070378280980  0.86457451376216721  0.86906750574312730  0.87312067542316640
  0.87544300031065403  0.87730051685593347  0.87900059717144519  1.00000000000000000
   8.4853075388328510E-027  -1.0000000000000000     
 F F F F F F F F F F F F F F F F T F T F F F T F F F F F F F F F T F T F T F T F F F F F F F F F T F T F T F T F T F T F T F T F F F F F F F F F F F F F F F F F T F T F F F T F F F F F F F F F T F T F T F T F F F F F F F F F T F T F T F T F T F T F T F T F
  <DiscreteSampler_grid>
  grouped_processes
  1 # 1 for a reference and 2 for a running grid.
  10 # Attribute 'min_bin_probing_points' of the grid.
  1 # Attribute 'grid_mode' of the grid. 1=='default',2=='initialization'
  0.0000000000000000 # Attribute 'small_contrib_threshold' of the grid.
  0.5000000000000000 # Attribute 'damping_power' of the grid.
 # binID   n_entries weight   weight_sqr   abs_weight
    13   10   5.580904837546960E-018   7.465603339756810E-035   5.580904837546960E-018
    14   10   5.580904837546637E-018   7.465603339755433E-035   5.580904837546637E-018
    16   10   2.224962610893995E-017   1.960450305987749E-033   2.224962610893995E-017
    17   10   2.224962610359168E-017   1.960450304649883E-033   2.224962610359168E-017
  </DiscreteSampler_grid>
