  0.00000000020635018  0.00000000071238150  0.00000000110260414  0.00000000140652120
  0.00000000167797115  0.00000000192618632  0.00000000215057688  0.00000000233912216
  0.00000000251264074  0.00000000268810812  0.00000000286248854  0.00000000303412842
  0.00000000321561178  0.00000000338393164  0.00000000356664557  0.00000000376067206
  0.00000000395777361  0.00000000416363724  0.00000000436341310  0.00000000456345975
  0.00000000476019413  0.00000000493056879  0.00000000509102374  0.00000000524269211
  0.00000000538870447  0.00000000555716930  0.00000000571095386  0.00000000584115646
  0.00000000596047466  0.00000000608347099  0.00000000622971750  0.00000000636771048
  0.00000000651630743  0.00000000666041622  0.00000000681908647  0.00000000696032656
  0.00000000709216200  0.00000000721284080  0.00000000733802041  0.00000000748098863
  0.00000000763539951  0.00000000779113317  0.00000000794731345  0.00000000809533268
  0.00000000824258871  0.00000000838924457  0.00000000851105632  0.00000000864109628
  0.00000000877089786  0.00000000890961775  0.00000000907432664  0.00000000925889253
  0.00000000944754671  0.00000000963387124  0.00000000979349572  0.00000000990217140
  0.00000001000590993  0.00000001010978913  0.00000001022014579  0.00000001034674354
  0.00000001048223704  0.00000001064788482  0.00000001081557645  0.00000001098693061
  0.00000001116563596  0.00000001136569729  0.00000001156116746  0.00000001175417025
  0.00000001193325155  0.00000001210262121  0.00000001226493780  0.00000001242971729
  0.00000001266541319  0.00000001295468459  0.00000001320982015  0.00000001342765535
  0.00000001364607377  0.00000001388165563  0.00000001412684356  0.00000001437258367
  0.00000001461910583  0.00000001488304684  0.00000001529256980  0.00000001574965831
  0.00000001622128847  0.00000001671378604  0.00000001718571681  0.00000001765079293
  0.00000001812154922  0.00000001869045550  0.00000001936449544  0.00000002009896376
  0.00000002108609003  0.00000002258518560  0.00000002360896694  1.00000000000000000
  0.00778948789325235  0.02212933643182248  0.03808772046071029  0.05228315506373014
  0.06522138643204911  0.07860323787288465  0.09257544216086924  0.10580619068805540
  0.11726584362252408  0.12882966391272721  0.14077269729109343  0.15367148635774464
  0.16729081793470557  0.18050948154067481  0.19088946250380651  0.19745675107892788
  0.20434107878355312  0.21114775761607132  0.21858228391660217  0.22704596310679184
  0.23470435814967791  0.24253489164089470  0.25237036211159564  0.26487746697989883
  0.27535387764238667  0.28430678639509060  0.29196822041100640  0.29957798199734653
  0.30859125863074172  0.31762311443770153  0.32586391691355271  0.33372350002826090
  0.34137028085400234  0.34913921585686336  0.35670814280679003  0.36459066248124639
  0.37227262776604442  0.38085913888369105  0.39011876346567514  0.39929627852324595
  0.41041101636314270  0.42163193404198018  0.43122287403839094  0.44104120336566643
  0.45124178204386217  0.46398801619666385  0.47643234375641247  0.48691436851397868
  0.49675746835480211  0.50544899562037449  0.51355624660157473  0.52165466566117180
  0.52987956048526419  0.53918560227271273  0.55155515327953064  0.56556857698299068
  0.57851443434122518  0.59010907898537690  0.60150970590563690  0.61278119594644265
  0.62303410838370143  0.63338420343268942  0.64511975446974079  0.66195467733637425
  0.67922194498601551  0.69372289490948547  0.70672679473141742  0.71980694774226972
  0.73415185325936727  0.74685224862289057  0.75485345888253486  0.76342801835352792
  0.77219962757789451  0.77966470611310701  0.78809774282417344  0.80054159801492486
  0.81539837977419294  0.82579261152796579  0.83197066171105349  0.83906196600105254
  0.84610145792658809  0.85391039174753669  0.86162872694462633  0.87248940120943930
  0.88149687636339680  0.88981740353854233  0.89863940089835548  0.90750716938213416
  0.91498056018056073  0.92176414468963341  0.92889291552225250  0.93813900461579480
  0.95155416717640795  0.96630350566725598  0.98176569602803010  1.00000000000000000
 -0.00000015387814107  0.00008189162410126  0.00073664761626117  0.00194480407208672
  0.00340573576742551  0.00529585140652282  0.00827684301211594  0.01224356267698263
  0.01711032521683009  0.02242792080820536  0.02805646497140126  0.03510413519308945
  0.04173342021008043  0.04768876282952424  0.05409194153335289  0.06097805497488136
  0.06814231740728481  0.07587327393071389  0.08425914935196413  0.09162872732373326
  0.09960324663253790  0.10749043631530905  0.11722664623571383  0.12840500791289761
  0.13937823371229038  0.15016844263637427  0.16009418380090057  0.16927453436538251
  0.17793524833836175  0.18633830949498228  0.19512966208124347  0.20148096696121093
  0.20720687451853531  0.21404560269370768  0.22094819728450973  0.22915148667754842
  0.23680242935157628  0.24469988117892025  0.25271883547733009  0.26065205768582861
  0.26845891669174360  0.27714130192816699  0.28686066156298251  0.29661706540264016
  0.30704020589831460  0.31724261090995642  0.32686726240784530  0.33646548292825978
  0.34634670853932320  0.35678908227459327  0.36825461928088549  0.38115282550786805
  0.39149486337181161  0.40134465070336278  0.41089370949714721  0.42083527755774119
  0.43206521755079363  0.44466804540122140  0.45782491706725725  0.47064803411029410
  0.48242275639297333  0.49280776761851369  0.50328043744455475  0.51281624940686399
  0.52321849204154225  0.53502256367928935  0.54926097795718409  0.56315249406043022
  0.57666936039789551  0.58963869061357566  0.60167547638105889  0.61246438799151914
  0.62409053251236823  0.63714747107373337  0.65134334934312643  0.66595443637189378
  0.68000137846309927  0.70017167558703242  0.72099694184745988  0.74109923568152725
  0.76155457591648779  0.77584008313634545  0.78779329805826592  0.79979736186610750
  0.81252118285234010  0.83065496824593821  0.84968590716051151  0.86901977088529547
  0.88804292653061156  0.90611620093954182  0.92202512409591764  0.93742296933348490
  0.95290822091916938  0.96807890891272841  0.98366411998826664  1.00000000000000000
 -0.00484223858273613  0.01203860438613290  0.02551625381023122  0.03662836012778975
  0.04891133052899807  0.06170442197067365  0.07444830252283066  0.08791194541361921
  0.10314681990093441  0.12030158615784964  0.13285714748743882  0.14215079837058853
  0.15088089146927053  0.15841359018183396  0.16987481370456622  0.18323959249967015
  0.19690531286156635  0.21086958666448213  0.22398162856872089  0.23266090267348344
  0.23940732754014057  0.24632413719810797  0.25367803295787078  0.26263984425901032
  0.27170285671687283  0.28009734239468476  0.28888101281379652  0.29666831004550376
  0.30479055129204552  0.31300986795792363  0.31841412971726452  0.32468512177659370
  0.33111349411471336  0.33790000450309993  0.34455527746205783  0.35101428619774616
  0.35845771454844211  0.36694154770868120  0.37471746004328754  0.38493352568464695
  0.39893757233485411  0.41329155052675287  0.43062561651366255  0.44662925025444639
  0.45832052972430504  0.46819723558781967  0.47842608051291724  0.48844909418334781
  0.49650927253684046  0.50389024785303083  0.51142037206039559  0.52000613045666511
  0.52999649398110305  0.54188633503133177  0.55558647240478609  0.56982581308272828
  0.58313843512312846  0.59401192283583171  0.60385631619491464  0.61287221881317433
  0.62189634397521343  0.63121398465202549  0.64037447451203411  0.64991629137820539
  0.65882750073871055  0.66930497083834062  0.68277385158384829  0.69593962326773395
  0.70809015338827197  0.71949666843480453  0.73209315533661667  0.74811228758876958
  0.76130997607331086  0.77221463148794089  0.78240012680929005  0.79127522387433991
  0.80064324972589718  0.81223655858605570  0.82559400523289239  0.83931599423999881
  0.85069036342195248  0.86105493246448950  0.87183796905706679  0.88371032510449898
  0.89462708502876298  0.90213064729397519  0.90917107472782033  0.91569610394968848
  0.92295754147079245  0.93160899141060616  0.94056153493513284  0.94860078843148310
  0.95706759080149317  0.96889140533671092  0.98432501796493432  1.00000000000000000
 -0.00256937472377850  0.00996795757858610  0.02254814140769656  0.03680312838292948
  0.05078477703949065  0.06295680154253271  0.07760450775648925  0.09161598065577443
  0.10688475038308369  0.12400518304087121  0.14044389125004442  0.15392870584894217
  0.16533995190300532  0.17555998688539071  0.18481613350392667  0.19215619586230895
  0.20028767032112380  0.20839276056100872  0.21537300894539407  0.22218651620005817
  0.23028383463218854  0.23942347387323923  0.24913981017386072  0.26179835465458023
  0.27459204846264673  0.28630830480485359  0.29790200829210833  0.31122533684777259
  0.32732059310952860  0.34386485153788071  0.35728246847222755  0.36745457058039571
  0.37814766529062194  0.38815075534579357  0.39770423337040844  0.40730648608295911
  0.41793550871062840  0.43418849476220517  0.44118799234921990  0.44904717812853340
  0.45652703912107079  0.46324889322888535  0.47109185504292350  0.48038008405489641
  0.48982174448210308  0.49825599478134003  0.50923270892181183  0.52149494694937160
  0.53301554514591454  0.54396297920327330  0.55515614409818914  0.56720396290861130
  0.58064546422056540  0.59770928066616802  0.61039134621940572  0.62109701311096055
  0.63157404948079809  0.64321908246370763  0.65533509673675405  0.66694561529522778
  0.67836415019493423  0.69020867529981378  0.70296701108769821  0.71329733364507764
  0.72267271379488418  0.73105222409929393  0.73740582294687596  0.74433739893393469
  0.75181916403940474  0.76036019295956869  0.76869189989815101  0.77725737088422986
  0.78584653822865602  0.79559496041546884  0.81125580412039833  0.82697382135347497
  0.83453910614781612  0.83968413948833343  0.84399255719842081  0.85039281965746882
  0.85731401158678566  0.86492345352163735  0.87254628828091552  0.88052517201464298
  0.88778156766932026  0.89534855495971266  0.90906327744377091  0.92110990720718777
  0.92898220687408017  0.93690197171936063  0.94479785235325375  0.95214489607539776
  0.96147459087354992  0.97399328696894749  0.98663763279707217  1.00000000000000000
 -0.00210185089443069  0.00662461940760754  0.01587661867076370  0.02511989584053657
  0.03507900849804109  0.04578871126072303  0.05579080545065558  0.06451995596318102
  0.07315242061542350  0.08184828750968587  0.09176782171225957  0.10127416688549977
  0.11131345678078729  0.12195073615505968  0.13279470161759022  0.14652996182524289
  0.15738785133250358  0.16453543197837919  0.17202369083675678  0.18113386067204640
  0.18918152702185184  0.19666037764137273  0.20415865544881315  0.21615825841159819
  0.23148995425985100  0.24648033206752556  0.25937253146230432  0.27080396381276439
  0.28212631731118276  0.29351943695878185  0.30653815802933387  0.32359688806673292
  0.34162386644729881  0.35380538905427544  0.36527335156632096  0.37512726808389968
  0.38341210214106042  0.39026979609423079  0.39652611188039077  0.40291919659174530
  0.40947927683994267  0.41648902315409464  0.42452033776733294  0.43947783856112499
  0.45584478466237688  0.47184300565429566  0.48766569408019572  0.50388355515023053
  0.52056863466103165  0.53207349287089767  0.54349173682296659  0.55041280108327362
  0.55928178810695273  0.56709207600462752  0.57444081922616352  0.58069544851332144
  0.58639163341218359  0.59283978007194948  0.60047115809907270  0.61200497213251015
  0.62708957825459644  0.64205169525118055  0.65622227791446019  0.66948774796277211
  0.68172790435230246  0.69223019882018821  0.70371902848055923  0.71601705911341018
  0.73035089497843808  0.74483401182200559  0.75863723645618786  0.77281082909853827
  0.79003296568183468  0.80717225089618116  0.82534345587026015  0.84200576841944030
  0.85399327254070678  0.86667321860049507  0.87911621186318434  0.89282958095466158
  0.90329955622279634  0.91162890697599108  0.91986220853303113  0.92817393433927664
  0.93525297078613290  0.94165292913135090  0.94945516977529920  0.95358975316842987
  0.95628880422490881  0.95916551336226785  0.96235084528563120  0.96646779727429877
  0.97383049575912972  0.98210754820451474  0.99012484649141574  1.00000000000000000
 -0.00724706658221242  0.10007059456303907  0.15941899677850568  0.20402520501006582
  0.23215038329099830  0.25842192250235946  0.28737698331308648  0.31435457194129157
  0.34011740106144189  0.36347298858020860  0.38534308438488890  0.40156352059085343
  0.41543806079411322  0.42971004128165929  0.44509681829259784  0.45988506955444464
  0.47270827312402308  0.48635332970941969  0.50073355443016188  0.51531980281271483
  0.52688478104745118  0.53633913528298660  0.54646207342215558  0.55738890351187009
  0.56460603174904578  0.57164475337728282  0.57915599919654737  0.59176556054567508
  0.60564956665225778  0.61844919958948052  0.62980778985536801  0.63885651008173416
  0.64943135479644010  0.65929530887770038  0.66879919320494918  0.67916787101394804
  0.68907565534659487  0.69865479232556915  0.70725340317874730  0.71572856403804819
  0.72466548441093459  0.73361858992069062  0.74204106772313672  0.75044462185769800
  0.75906771816796381  0.76777910295166174  0.77672808691666850  0.78537229156126154
  0.79258545873323782  0.79794008681828488  0.80321405937753754  0.80850781070168232
  0.81385648700243551  0.81952532987206583  0.82440486791815393  0.82903856219812400
  0.83473866511516170  0.84224297687254823  0.84936326236616477  0.85650193901100746
  0.86353391688824599  0.87131953875716750  0.87697251391587394  0.88104001999518267
  0.88514315570035662  0.88824949343953297  0.89130079885829616  0.89422191179010635
  0.89708907781760328  0.90030716252176046  0.90377373659416138  0.90757343022188308
  0.91141748889676066  0.91503608930290770  0.91920317413140218  0.92387746139443838
  0.92824838028627887  0.93197166760154693  0.93470777749235978  0.93738152841787692
  0.94024362114797966  0.94359262742145389  0.94858064014685739  0.95393724154027359
  0.95910716316667866  0.96286343776685068  0.96617154627753066  0.96934210795666265
  0.97253680259109154  0.97582485181707135  0.97892607948553689  0.98163798990150575
  0.98428816504078842  0.98790224434737606  0.99421720251825618  1.00000000000000000
 -0.00357237860428218  0.01306026435325199  0.02697937603319991  0.04302023693358076
  0.05685431294104805  0.07025168170799694  0.08257474707812977  0.09526498555162745
  0.10798650360272111  0.12220150700161889  0.13641917836349116  0.14780092619613489
  0.15750801632675024  0.16681863162450503  0.17571009326728293  0.18501652193566248
  0.19382936193491015  0.20322994182675427  0.21398368957076105  0.22260288236472608
  0.23168443272877418  0.24576134414924231  0.26106673033316236  0.27383285897021131
  0.27959224988349213  0.28738599457714931  0.29599353919813748  0.30341927604282642
  0.30946018007981291  0.31484811526728940  0.32069826329656964  0.32725861639874343
  0.33558082255746202  0.34765651441176521  0.35986816275095679  0.36963747874870939
  0.37893927041300574  0.38780713496834623  0.39538033970471037  0.40222904365909884
  0.40975218999192792  0.41691132469926917  0.42321645493792942  0.42684665060970500
  0.43059657075330116  0.43459453818141691  0.43898338981941798  0.44476727484222534
  0.45079376003857369  0.45679995793249550  0.46857005714104016  0.48052934854606866
  0.49153368578570034  0.50321450022671588  0.51759971259152826  0.53099761525075551
  0.54400818986218025  0.55710364093788634  0.57296473407180515  0.59160418029275819
  0.60967711493936472  0.61932373220649217  0.62982449379617145  0.63926186392007112
  0.64854544303755712  0.65807224217185456  0.66952930236468344  0.68423231835433362
  0.70073360354130598  0.71767562438937615  0.73488175254528554  0.75228413181688658
  0.76578601853782857  0.77636250619762670  0.78559830868303304  0.79498759665794694
  0.80495511661304187  0.81409889852764672  0.82300304838206728  0.83238090576689072
  0.84362566206510470  0.85534321052860984  0.86527341053411588  0.87519329923930722
  0.88354684591518129  0.89424445017680554  0.90810653152323684  0.92235653104421977
  0.93486105974042477  0.94456116972849913  0.95184253750087167  0.95958348701026730
  0.96847751257805126  0.97869544995224544  0.98904893379173997  1.00000000000000000
  0.64341623840677242  0.67132479316696014  0.68844849814482645  0.70697979024859325
  0.72438678317508143  0.74301712187600633  0.76196135161123890  0.77899037515389857
  0.79461646646659467  0.80867244852862197  0.82104995174927908  0.83229751822686660
  0.84223168917793545  0.85112434362920542  0.86140564695294719  0.87217813315810389
  0.88127746665936291  0.88846208669253757  0.89455160416923263  0.90033286070878971
  0.90598413274405398  0.91152333024527910  0.91655731332033108  0.92120247967504632
  0.92530017375469609  0.92905043244820251  0.93265750186127128  0.93655219852933302
  0.93917595195617309  0.94132242778222064  0.94288330929463093  0.94438414236946688
  0.94584292653524915  0.94752876265831532  0.94916156280794450  0.95055549430184261
  0.95180369559126610  0.95275089486299780  0.95354243052407472  0.95442337430420576
  0.95529195660949362  0.95613297709767164  0.95678810397294678  0.95778167659283087
  0.95864739672854626  0.95947346963538882  0.96033657194406663  0.96116896732449320
  0.96192243411456946  0.96263850933065198  0.96331539911252972  0.96388848678026962
  0.96441433732187709  0.96496625776343992  0.96554778068574820  0.96613083534439170
  0.96670841036112010  0.96712885489628397  0.96753951775956804  0.96795293732181698
  0.96837021737846396  0.96877443557651499  0.96913673408000656  0.96948407711730156
  0.96983021208267461  0.97019862573264748  0.97083066184248668  0.98157599032572695
  0.98192120559300977  0.98219975143159333  0.98245824093998690  0.98269473822957842
  0.98292344425413047  0.98318756186952272  0.98348292315563546  0.98379493775090765
  0.98411912797640066  0.98446660617595227  0.98486464816929853  0.98527024742018510
  0.98567317579009195  0.98607348414523310  0.98649518864874652  0.98697538236913729
  0.98745505517161591  0.98797094659901763  0.98856245775574814  0.98923597167050870
  0.98998751378467864  0.99086384708031539  0.99182706235663476  0.99285017326571456
  0.99405669234030691  0.99557318460319477  0.99754141010306141  1.00000000000000000
  0.07995853786470017  0.22795776809878057  0.24382514435090560  0.25762060939438358
  0.27124524613658429  0.28486765684822790  0.29761483731063770  0.30742789880734606
  0.31506268338478655  0.32231997203643176  0.32935078768151632  0.33551125382183650
  0.34239016905502889  0.34973467554831705  0.35559378216960830  0.36162753730917491
  0.36761907385897541  0.37367882295188160  0.38005152478812704  0.38715765145333453
  0.39410458127282677  0.40126111146664473  0.40952315186720206  0.41697602194580169
  0.42126123190908538  0.42591589387265116  0.43075945015290573  0.43502352029865515
  0.43755540254269804  0.44009568892339412  0.44271309371319290  0.44543555790381556
  0.44829174159421709  0.45372743549472772  0.45843713808453007  0.46329340037691058
  0.46818472493959284  0.47303296721668914  0.47767315976802721  0.48285578230211379
  0.48892865879242009  0.49513393129107741  0.49917629205626857  0.50343760367907586
  0.50718273638989431  0.51079951424143155  0.51457710470828300  0.51940038915432152
  0.52513077305985156  0.53011736017805910  0.53458039983883487  0.53855030492766598
  0.54242302595678593  0.54642633990264811  0.55102516519382938  0.55578006576244954
  0.56086588745643606  0.56629259557000422  0.57239730077357154  0.57808731773290345
  0.58359032870732053  0.59101727947552274  0.59864175160696087  0.60731050695630129
  0.61731934765585306  0.62655672670066354  0.63452139059392443  0.64164439941472884
  0.64769422749157235  0.65292107927808718  0.65823519128265096  0.66360145504951817
  0.66907831188152489  0.67478926012009033  0.68056106646198922  0.68567774683738325
  0.69064463833509415  0.69614729357573490  0.70225338882406374  0.70813415996544737
  0.71557710106916061  0.72313014712022039  0.73080911681675265  0.73693603904846972
  0.74348879693907111  0.75024899490363617  0.75871319174177509  0.76883127266145945
  0.78728548811328403  0.81068189082066866  0.83192040898368169  0.84548560072856971
  0.85693638891157753  0.87839875714998039  0.97926448785289411  1.00000000000000000
   1.0780631253119123E-032  -1.0000000000000000     
 T F T F F F T F F F F F F F F F T F T F T F T F T F T F T F T F T F T F T F T F F F F F F F F F T F T F T F T F T F T F T F T F T F T F F F T F F F F F F F F F T F T F T F T F T F T F T F T F T F T F T F T F F F F F F F F F T F T F T F T F T F T F T F T F
  <DiscreteSampler_grid>
  grouped_processes
  1 # 1 for a reference and 2 for a running grid.
  10 # Attribute 'min_bin_probing_points' of the grid.
  1 # Attribute 'grid_mode' of the grid. 1=='default',2=='initialization'
  0.0000000000000000 # Attribute 'small_contrib_threshold' of the grid.
  0.5000000000000000 # Attribute 'damping_power' of the grid.
 # binID   n_entries weight   weight_sqr   abs_weight
    13   10   6.460790609347258E-025   1.911787735338381E-048   6.460790609347258E-025
    14   10   6.460790609347262E-025   1.911787735338386E-048   6.460790609347262E-025
    16   10   3.825362138176509E-025   1.172270935036837E-048   3.825362138176509E-025
    17   10   3.825362138176530E-025   1.172270935036851E-048   3.825362138176530E-025
  </DiscreteSampler_grid>
