  0.00000000005590799  0.00000000013757186  0.00000000020069747  0.00000000026610497
  0.00000000033314896  0.00000000040319986  0.00000000048037922  0.00000000056229259
  0.00000000064862189  0.00000000073315324  0.00000000081917514  0.00000000090820533
  0.00000000099439102  0.00000000109012007  0.00000000118771262  0.00000000128753538
  0.00000000139103669  0.00000000149959581  0.00000000161003759  0.00000000172380993
  0.00000000184346880  0.00000000196199483  0.00000000207761017  0.00000000219144445
  0.00000000230986493  0.00000000243738894  0.00000000256623421  0.00000000269387879
  0.00000000281738710  0.00000000294342647  0.00000000307774531  0.00000000322088592
  0.00000000336221243  0.00000000351021416  0.00000000365559562  0.00000000379501102
  0.00000000393040148  0.00000000407055534  0.00000000421622811  0.00000000436582843
  0.00000000451993755  0.00000000467778273  0.00000000483605139  0.00000000499361112
  0.00000000515249967  0.00000000531526212  0.00000000547786482  0.00000000563216148
  0.00000000578672902  0.00000000594749626  0.00000000611009538  0.00000000627828366
  0.00000000644547839  0.00000000660659537  0.00000000678069085  0.00000000696676029
  0.00000000715624105  0.00000000735358711  0.00000000755328152  0.00000000773718182
  0.00000000792545895  0.00000000811807162  0.00000000831071811  0.00000000851050188
  0.00000000871616615  0.00000000892750235  0.00000000914832258  0.00000000938911459
  0.00000000961194467  0.00000000983692857  0.00000001006796824  0.00000001029852679
  0.00000001053946403  0.00000001078892757  0.00000001103729088  0.00000001128725922
  0.00000001153335044  0.00000001179964237  0.00000001206965301  0.00000001235971638
  0.00000001266480210  0.00000001299204929  0.00000001335181126  0.00000001373903149
  0.00000001413677288  0.00000001453877137  0.00000001496256155  0.00000001543767118
  0.00000001600783952  0.00000001665981088  0.00000001734904631  0.00000001813479441
  0.00000001909432468  0.00000002051415157  0.00000002129629336  1.00000000000000000
  0.00956042955537447  0.01578987744487956  0.02503349266918755  0.03589863747797400
  0.04684268366817738  0.05828683661842773  0.06923258571638416  0.07981217363948286
  0.09034102742423718  0.10130242179779862  0.11214888074730799  0.12295759673514396
  0.13317537158869308  0.14318728135681913  0.15287700479426766  0.16278390352069463
  0.17307529795335447  0.18360353864476642  0.19427684105960988  0.20498155156420791
  0.21587641431594418  0.22632435957305910  0.23648763911204379  0.24636694453980271
  0.25638376580704347  0.26651769792515578  0.27631895062404499  0.28603304071579994
  0.29563860851442630  0.30536742628299418  0.31504447916762718  0.32491038201834194
  0.33491654364629631  0.34491633126792476  0.35455972337735597  0.36420449962453744
  0.37431500710855248  0.38512318240021981  0.39628061923301572  0.40714825067984456
  0.41788636250717937  0.42774638281615829  0.43813630889595523  0.44853158951301064
  0.45958517343426236  0.46923967312225645  0.47898734250608854  0.48901715893095565
  0.49906811027312947  0.50856786108921836  0.51853455001759152  0.52968737131921517
  0.54136367120494699  0.55224599788212703  0.56321629994686251  0.57530288934668705
  0.58844521067944111  0.60042885964899806  0.61125875590018897  0.62155813969838558
  0.63152885930233793  0.64151680145834766  0.65131475041286535  0.66201719909499535
  0.67305546168884745  0.68423466012603862  0.69535182966750586  0.70610070173852812
  0.71668791900846440  0.72695464625037831  0.73808804627244951  0.74915217593710215
  0.76116762443246644  0.77294321349365225  0.78469860888230125  0.79532787103284641
  0.80571080502537762  0.81597400470269521  0.82666104532604845  0.83755488686548707
  0.84853468540766619  0.86007564017034688  0.87202713676321553  0.88331154152596825
  0.89385417756748520  0.90385773798488533  0.91455027372419240  0.92500985186571716
  0.93554708273212217  0.94549671794890211  0.95534862917352514  0.96497010745464618
  0.97461598105298008  0.98363067955189654  0.99078154047364153  1.00000000000000000
 -0.00174696629091832  0.00879545502293624  0.01782034652058423  0.02698198425243570
  0.03712272747447119  0.04765888186281535  0.05817637370815880  0.06838508198917087
  0.07900770066009868  0.09058313972032196  0.10226268555988206  0.11346156349831002
  0.12457332579428704  0.13571416068544265  0.14683613537529319  0.15765294590404252
  0.16828599109029341  0.17874394503322369  0.18923011167349665  0.19978429215988600
  0.21034032433270058  0.22084785765422846  0.23111586387988742  0.24133317853336578
  0.25133131885961363  0.26090784857574784  0.27021897265792894  0.27962596173963100
  0.28973015025830184  0.30033581688875993  0.31113996491832197  0.32184069659929931
  0.33230253873216570  0.34226677870895406  0.35163626554889804  0.36067403096967532
  0.36968088227544721  0.37874860824440298  0.38781738465080851  0.39705554467734805
  0.40661946417495826  0.41623421351068496  0.42591497109201842  0.43587165220676199
  0.44649242252031551  0.45780192619679494  0.46929140375536110  0.48076485781119033
  0.49170104906607992  0.50246860954848083  0.51321872921062206  0.52401859142721663
  0.53506591851549445  0.54575554930094705  0.55600883557760739  0.56567891323160568
  0.57541692450129245  0.58532015667388859  0.59546130747729387  0.60566930572095012
  0.61668125507533456  0.62770346253694143  0.63875960473021398  0.65011729291313891
  0.66111052065642906  0.67137475491844278  0.68124754576112689  0.69160640516168170
  0.70222667579383657  0.71312689328039058  0.72361650970977964  0.73411232819863892
  0.74486904460357273  0.75609769096074286  0.76786230093530172  0.77955872084189570
  0.79125052719823252  0.80287692018136270  0.81397705109451468  0.82432548793409888
  0.83408918164286294  0.84404427881746458  0.85458165233983308  0.86579845176736847
  0.87678849014984461  0.88778638629317397  0.89906852999642350  0.91090600057836901
  0.92282846185719714  0.93480950549120057  0.94598232722714592  0.95685876086017374
  0.96740289618492847  0.97813188897483561  0.98893156861007092  1.00000000000000000
 -0.00238390244459623  0.00963436057573986  0.01950734285908758  0.02941619985353663
  0.03960343477071325  0.04934494094467019  0.05904567719496195  0.06828358003246547
  0.07766039117309370  0.08669844037633806  0.09556286270402281  0.10464556956360439
  0.11412903785468413  0.12414747650234281  0.13479361840045062  0.14570878977868229
  0.15655016061153260  0.16692014595790511  0.17719234199305670  0.18775015105201293
  0.19882020613361664  0.20992359613530456  0.22115594726994944  0.23186219871904459
  0.24221650722840848  0.25242934056882183  0.26293433402841465  0.27355772581322330
  0.28355255813300106  0.29320752496951852  0.30302310521030529  0.31328088029757156
  0.32353491694444630  0.33371155529135654  0.34403592228396412  0.35453387237673162
  0.36522322633013882  0.37614566013435158  0.38720669063781293  0.39889030580665197
  0.41148503111464374  0.42412311245438244  0.43641957808350318  0.44732133052940565
  0.45824605375571587  0.46915903660742930  0.47981658522708320  0.48989566272547674
  0.49988595192989149  0.51043323652659467  0.52098870693451527  0.53187023716230886
  0.54286427007956706  0.55445526477934748  0.56566635045557401  0.57626408114231475
  0.58694249950245947  0.59771665250668127  0.60828735774004428  0.61843828405236267
  0.62848034171496248  0.63876258008363207  0.64916456757012375  0.65959903814445575
  0.66992559697415099  0.67994444490718298  0.68998064845987361  0.70048197219111408
  0.71131331342799775  0.72224072873519185  0.73275579888264852  0.74287878795794626
  0.75278709511545983  0.76271274216079210  0.77280611382382880  0.78307233318346381
  0.79391313730908508  0.80519927765025390  0.81618705731915764  0.82664054867741565
  0.83678714595685433  0.84681801252916133  0.85663513880941211  0.86643320391628587
  0.87665761732237557  0.88738996181092433  0.89833836942809320  0.90888482735167775
  0.91942770889711622  0.93035429329484620  0.94221592816708022  0.95464432575721803
  0.96680563637957462  0.97848570567359661  0.98934271573244670  1.00000000000000000
 -0.00277478223214957  0.01222232582137583  0.02413746133985458  0.03680142214187299
  0.04938785689271093  0.06195412048566645  0.07277786719971517  0.08305428414493778
  0.09224293758781937  0.10171462292092179  0.11157430615682887  0.12200512054662116
  0.13302433316507117  0.14370344888935027  0.15444777732647513  0.16468777537185389
  0.17435912057059486  0.18366819901338102  0.19289808190987381  0.20245120985753451
  0.21279787119081556  0.22295163503503748  0.23249639135407804  0.24161099487902590
  0.25103543625748753  0.26154686929591903  0.27267707249407230  0.28368019260831828
  0.29476117465656132  0.30621519946420128  0.31837432008680894  0.33058363061498702
  0.34265795025890072  0.35453031876497049  0.36561027844162414  0.37622550357466200
  0.38670448758359488  0.39714624240037905  0.40756012577796358  0.41790580298325941
  0.42815320900399018  0.43827164100210209  0.44862911823521662  0.45944084526619650
  0.47125800800909801  0.48343214177796850  0.49589490293446092  0.50894579466740864
  0.52171452536345619  0.53336989179610128  0.54444393320508855  0.55482895167680624
  0.56492430193888221  0.57496912756556307  0.58490145373457636  0.59520602201320638
  0.60500507861784258  0.61448641426559392  0.62395875994301031  0.63413915868558635
  0.64505840084491328  0.65568019302004288  0.66672701652422861  0.67789844788741149
  0.68827843272064992  0.69759452772889408  0.70651650615610895  0.71633512107937714
  0.72646797214353476  0.73689987699080362  0.74716601184663611  0.75724106916681300
  0.76744495320127948  0.77796287885591853  0.78860523775929536  0.79956400997281263
  0.81014083760156952  0.82067920779445236  0.83113757158678592  0.84207991341611721
  0.85340336315884102  0.86448592567739335  0.87487857722813267  0.88489525896918730
  0.89490777645206609  0.90482918947664803  0.91476035285620405  0.92461959409229089
  0.93469276822759784  0.94438040124714429  0.95396678772016785  0.96364185045958184
  0.97330787528689811  0.98253569999736434  0.99145226568878941  1.00000000000000000
 -0.00271945423422330  0.01145118596851854  0.02320337222409908  0.03422744028728356
  0.04538164201867242  0.05668291918857216  0.06732275431286139  0.07751047364762688
  0.08729521293189842  0.09672570296498537  0.10606730383351078  0.11540362887814186
  0.12497524249939020  0.13494973952946912  0.14529035534531617  0.15588901715626727
  0.16657535535526458  0.17700120037368400  0.18711148630414007  0.19665699018733601
  0.20593345394703558  0.21575151736449813  0.22530871752878648  0.23527266377681955
  0.24496241506724467  0.25517261497346699  0.26552975143856961  0.27610305745588937
  0.28677927329803349  0.29729182120993181  0.30764474013848253  0.31814667463418717
  0.32922836471078448  0.34092362565669304  0.35271684370198897  0.36409696091304805
  0.37507654150908748  0.38668229715090752  0.39817151254024902  0.40913738208180134
  0.41979090708407985  0.43019823390045003  0.44010518123913184  0.44974734810143713
  0.45961561202696299  0.47066130397202183  0.48196196375728101  0.49304892258777039
  0.50351718986849880  0.51355476351144025  0.52321983872381972  0.53291308346328770
  0.54349005010708540  0.55487684240793866  0.56541650118575593  0.57533285780911581
  0.58531838591291829  0.59589858252479466  0.60690825141051075  0.61825001474043662
  0.63030396887998541  0.64202256042552319  0.65344668152700291  0.66467163719509792
  0.67644121251041323  0.68757361821951490  0.69863637820662350  0.70957837583346584
  0.72081715692385095  0.73129306650255543  0.74230754231121965  0.75323553295768608
  0.76467232997903101  0.77538600877556807  0.78643363794395682  0.79700596099352028
  0.80750911803067249  0.81772339395410421  0.82771125989552474  0.83793284250260058
  0.84826101584706137  0.85846549116181359  0.86844003992227525  0.87849338181219239
  0.88862427189078519  0.89872956416383909  0.90882027197578708  0.91930841331551871
  0.92998438390402771  0.94071844219809353  0.95075327683492183  0.96051591934580161
  0.97017733539197604  0.98030599337751367  0.99024735800499886  1.00000000000000000
  0.01446699143603272  0.01619350673623769  0.02012430934805434  0.02593972943168487
  0.03248131471859940  0.03859309926938698  0.04432100000812270  0.05025403693718886
  0.05616436394173483  0.06188494133095505  0.06743507145191042  0.07292706337042573
  0.07844493543786078  0.08410406777205753  0.08950688893079309  0.09490249918804679
  0.10046665578815672  0.10616914414450619  0.11184789615528451  0.11750137304814395
  0.12311776024100798  0.12866052076161438  0.13424891866982760  0.13983966242303372
  0.14552963940825434  0.15163448343479666  0.15780476413915542  0.16412733971367108
  0.17035957140401362  0.17655260770873049  0.18280560532569479  0.18910275419810549
  0.19547976230191946  0.20198951481897429  0.20832846192074225  0.21437813615589241
  0.22012452452434308  0.22585075139816632  0.23170514005740331  0.23761628261824225
  0.24388264646937119  0.25057249971385004  0.25778124721960238  0.26496513765429403
  0.27190473277905941  0.27861301505334102  0.28513982899366092  0.29170271342589305
  0.29852197134697506  0.30537340949808128  0.31249625696724748  0.31962785352803297
  0.32715666687113365  0.33496002163491251  0.34364801709721088  0.35175737409255675
  0.36001081537571383  0.36851349483740314  0.37740854225193204  0.38677318063022226
  0.39612755908060376  0.40516737601651198  0.41387314267208547  0.42222845417908644
  0.43042609892783201  0.43873961720241422  0.44752869398511530  0.45669617920732869
  0.46607971967080736  0.47567211230025447  0.48524714430742455  0.49495265270147282
  0.50460523747709252  0.51509781285056122  0.52557444107501694  0.53663301966543120
  0.54768857371257273  0.55922312741143587  0.57066297540933608  0.58253611465545641
  0.59466758298109723  0.60708859728477493  0.62045955378546847  0.63458548326791431
  0.64937348291398400  0.66472755227156644  0.68131244107009425  0.69871717274855372
  0.71803927848849769  0.73906063233808150  0.76178756282203464  0.78811231194557785
  0.81917421280462177  0.85452203718955888  0.90469964282000470  1.00000000000000000
 -0.00320038730496176  0.01353777332117234  0.02622463726950617  0.03822029936931152
  0.04881694461335893  0.05927478706898739  0.06921927280602676  0.07899520192809167
  0.08874438277995712  0.09935400639168815  0.11031680272232169  0.12053218496318958
  0.13006163893063288  0.13905248599064540  0.14841631695613280  0.15814576136817779
  0.16820763390658450  0.17896930090629151  0.19035732644809700  0.20209495131200639
  0.21355361263516431  0.22421654934443505  0.23451205364599961  0.24436786899086393
  0.25445080325846670  0.26466449091940419  0.27463378894984530  0.28432953884328593
  0.29370063566831850  0.30294568111512260  0.31211497292844070  0.32128049738282349
  0.33035479088384873  0.33990005053426919  0.35037603883491242  0.36152517313559523
  0.37299098077364806  0.38410763481242199  0.39462761084753412  0.40492940977842162
  0.41504035919855214  0.42501241469873480  0.43493151238726657  0.44523681832890638
  0.45583256986443871  0.46611763855874777  0.47574879140606918  0.48595669078427245
  0.49697645003275376  0.50814027934422978  0.51860774882256855  0.52909417624927846
  0.53998556348418070  0.55128765409062075  0.56298020276451122  0.57471529656823928
  0.58600966830235868  0.59651871030338421  0.60671178970149442  0.61714000883200337
  0.62761402028447355  0.63804823258408438  0.64831220466371098  0.65811278785935989
  0.66811159808877818  0.67784283777291321  0.68791176240145646  0.69826263229818097
  0.70855870434122736  0.71901776618199842  0.73017896293470141  0.74178730441833651
  0.75415137401229182  0.76600456452650867  0.77733365341416882  0.78760879927030325
  0.79853128540550933  0.80925544837183661  0.82004882863278994  0.83005949131865275
  0.84054880930469800  0.85153418949228243  0.86357810433053805  0.87524484250803258
  0.88675222567383005  0.89723246475793250  0.90851579589642206  0.91953217940228182
  0.93029866820708984  0.94015514230770914  0.94923075535917589  0.95841396377462096
  0.96790062367964325  0.97782225253596755  0.98885685525228384  1.00000000000000000
  0.02384962089719650  0.03332262919718115  0.04428086913031878  0.05526912235994217
  0.06642749041352791  0.07775336308478768  0.08864961063993981  0.09884381299642872
  0.10841953943129583  0.11796062452932307  0.12736796233703471  0.13638223464521745
  0.14493330653648431  0.15421059451863928  0.16337254630553774  0.17320366264106976
  0.18336017814769232  0.19357969178981702  0.20389622057234982  0.21432167015291120
  0.22464801153703429  0.23507413613983952  0.24467128048268758  0.25448419835348346
  0.26416110938841486  0.27419808606411383  0.28437653457383805  0.29453434820864205
  0.30462013436581764  0.31403065597510943  0.32289932205173777  0.33148621054762034
  0.34038045516254412  0.34983508241757666  0.35978143776132909  0.36991897265724055
  0.37960293187946165  0.38899412039370440  0.39832860748075510  0.40804896630967352
  0.41819457682572964  0.42774036970923296  0.43675762685216080  0.44601735418711197
  0.45593315008586099  0.46658109482015747  0.47751000881246675  0.48807694935209917
  0.49865591796851017  0.50917467294751872  0.51988740515866971  0.53063064486842115
  0.54151675920998477  0.55247026867516924  0.56328595414626781  0.57410756359384452
  0.58520008247416622  0.59644845859382922  0.60728772599007064  0.61787564480930768
  0.62828199197036294  0.63898258244930095  0.64947960385340597  0.65913500882212617
  0.66832437414920109  0.67762458456838448  0.68753733666007222  0.69784847514383475
  0.70813060785293591  0.71782872174232182  0.72765799864935243  0.73755077849974959
  0.74823041380631927  0.75875726070205618  0.76894371960110874  0.77894799310725626
  0.78899984818300661  0.79924048001556824  0.80913351327976679  0.81941047961510582
  0.82958669029997745  0.84014172529142384  0.85044227879374557  0.86119633675743334
  0.87236695545016274  0.88336752824125886  0.89436761859815062  0.90541263835554442
  0.91603821096356919  0.92615567749782945  0.93574753111360220  0.94572299114679748
  0.95660883057964208  0.96554591497439368  0.97065897023098924  1.00000000000000000
  0.06445564772666934  0.11080165813121216  0.13913847997211265  0.15982824506397678
  0.17563813537861320  0.18890589257502433  0.20032653951748386  0.21119026896462093
  0.22239138408079528  0.23360405743730367  0.24475212064750224  0.25554938768566077
  0.26630954893822739  0.27721653822697312  0.28777163486154911  0.29736364416405514
  0.30629675760396541  0.31534279288334266  0.32446835102923538  0.33349336959019205
  0.34250221610425385  0.35159376341101406  0.36058059991049535  0.36912967161925397
  0.37748298657875062  0.38540684223320437  0.39306661940969301  0.40044819058384284
  0.40754247623352291  0.41459899305502224  0.42139078871968072  0.42805315566525431
  0.43482523172549303  0.44166977156559872  0.44848113228817371  0.45518195508475512
  0.46179906302862850  0.46819268035654577  0.47486459832599837  0.48129774276125126
  0.48776816515160454  0.49400739795524018  0.50029456541739703  0.50635882122998355
  0.51242616044318234  0.51845761646047084  0.52447875742856609  0.53036705463535561
  0.53602388723247685  0.54163148387009996  0.54739426418603465  0.55335746619751047
  0.55926745514043408  0.56472413323757464  0.57006659745203758  0.57528651821235410
  0.58082688350245026  0.58613053950553695  0.59157465896776762  0.59704615054029198
  0.60238475227656296  0.60752580755594310  0.61249178752312528  0.61734014538030679
  0.62199411371811775  0.62656561891896123  0.63130555871432237  0.63629755181238756
  0.64154489001159198  0.64665820818088227  0.65170532113611390  0.65674946967251524
  0.66185306402453481  0.66720950712739713  0.67290160438270896  0.67875314858009339
  0.68469589112613549  0.69085845459098483  0.69709114058626298  0.70332007559604792
  0.70941291031422493  0.71540906970527174  0.72145356159096841  0.72717993282992976
  0.73351504085606867  0.74004823610000847  0.74692884867598797  0.75464782226307392
  0.76299505431607106  0.77178454828236176  0.78172287826133047  0.79341530326586418
  0.80983031881124790  0.83753433572179237  0.91811400979546620  1.00000000000000000
   1.0838243080947787E-020  -1.0000000000000000     
 T F F F F F F F F F F F F F F F T F T F T F T F F F F F F F F F T F T F T F T F T F T F T F T F T F T F T F T F T F T F T F T F T F F F F F F F F F F F F F F F T F T F T F T F F F F F F F F F T F T F T F T F T F T F T F T F T F T F T F T F T F T F T F T F
  <DiscreteSampler_grid>
  grouped_processes
  1 # 1 for a reference and 2 for a running grid.
  10 # Attribute 'min_bin_probing_points' of the grid.
  1 # Attribute 'grid_mode' of the grid. 1=='default',2=='initialization'
  0.0000000000000000 # Attribute 'small_contrib_threshold' of the grid.
  0.5000000000000000 # Attribute 'damping_power' of the grid.
 # binID   n_entries weight   weight_sqr   abs_weight
    13   10   4.884678996281318E-011   6.921148492934579E-021   4.884678996281318E-011
    14   10   4.884678996281289E-011   6.921148492934488E-021   4.884678996281289E-011
    25   10   5.014967059910462E-011   1.217343736395633E-020   5.014967059910462E-011
    26   10   5.014967059911189E-011   1.217343736396171E-020   5.014967059911189E-011
  </DiscreteSampler_grid>
