  0.00000000005585885  0.00000000013640763  0.00000000020019034  0.00000000026433960
  0.00000000033129911  0.00000000039672654  0.00000000046505461  0.00000000053777332
  0.00000000061290931  0.00000000069597469  0.00000000078120150  0.00000000086968260
  0.00000000095659035  0.00000000104945666  0.00000000114836789  0.00000000124786911
  0.00000000134954939  0.00000000145740461  0.00000000156406738  0.00000000167165636
  0.00000000178364263  0.00000000189998276  0.00000000201713920  0.00000000213405026
  0.00000000225006595  0.00000000237053393  0.00000000249541406  0.00000000262132462
  0.00000000274677171  0.00000000286901590  0.00000000298947321  0.00000000311857867
  0.00000000325541346  0.00000000339307149  0.00000000353047444  0.00000000366852417
  0.00000000380654791  0.00000000394708006  0.00000000409240290  0.00000000423807871
  0.00000000438653712  0.00000000453769664  0.00000000469135177  0.00000000484421045
  0.00000000499759781  0.00000000514951495  0.00000000531848982  0.00000000549071465
  0.00000000566501256  0.00000000584238252  0.00000000602215717  0.00000000620313896
  0.00000000638287254  0.00000000655481975  0.00000000671957426  0.00000000689641524
  0.00000000707470534  0.00000000726476167  0.00000000745768510  0.00000000764626708
  0.00000000783432007  0.00000000802653786  0.00000000822548589  0.00000000842957626
  0.00000000863339888  0.00000000883464689  0.00000000903475678  0.00000000927212443
  0.00000000950079635  0.00000000972827699  0.00000000995856122  0.00000001019102577
  0.00000001042564471  0.00000001066882628  0.00000001091189142  0.00000001116372294
  0.00000001142042916  0.00000001170422519  0.00000001203356809  0.00000001238420708
  0.00000001272982201  0.00000001308010134  0.00000001344021612  0.00000001381665899
  0.00000001420994882  0.00000001460210556  0.00000001500694697  0.00000001545422475
  0.00000001601256045  0.00000001670757473  0.00000001746518125  0.00000001831827328
  0.00000001934019996  0.00000002067095939  0.00000002120309716  1.00000000000000000
  0.00939837672231084  0.01671032265109389  0.02673583382378061  0.03708408048634725
  0.04716756608345875  0.05731831302941993  0.06804337003778620  0.07862162165883459
  0.08914693628657713  0.10006488457972916  0.11095527332432964  0.12169959893094037
  0.13256466951552737  0.14297426655868842  0.15300112127448656  0.16264371935038646
  0.17267781080382449  0.18309001323800617  0.19360665325455712  0.20391302881108436
  0.21460606796545567  0.22496392988531191  0.23560248602152523  0.24623870034422016
  0.25697815791683476  0.26762776184544818  0.27839842693285094  0.28959569786252382
  0.30109481255824572  0.31247211192956992  0.32354768736185119  0.33420103467996332
  0.34318798625281649  0.35266361421063203  0.36246497599310862  0.37267931064511373
  0.38253619103591952  0.39248169535841176  0.40326141549987193  0.41465143122521508
  0.42598360544740999  0.43704508453243990  0.44785985311305954  0.45834736138855164
  0.46891232706714864  0.47958667127585869  0.49024046597815157  0.50066114866333367
  0.51077839453638585  0.52087272451123356  0.53104031376293093  0.54141451257214879
  0.55202050113569379  0.56260422681286759  0.57259845658221964  0.58224967997216759
  0.59185967246158622  0.60205761752805298  0.61287118670727858  0.62338464068939536
  0.63375052979204549  0.64411812621074938  0.65478678062138651  0.66550363279192049
  0.67651414516108621  0.68752760744139962  0.69853876576020424  0.70950189161576149
  0.72049417113385894  0.73179031948247675  0.74301126471991896  0.75403970890641037
  0.76477502827681687  0.77597385313150724  0.78714759131306944  0.79812464808644779
  0.80898789374372082  0.81961391578048548  0.83001491788737691  0.83998771143484408
  0.85001255770558160  0.86035281991098056  0.87100909369321455  0.88127806369264305
  0.89136298629059096  0.90142411297315195  0.91197933153575117  0.92234955055797552
  0.93260668159636206  0.94299010758202839  0.95388254033352526  0.96491319777628215
  0.97592303084699572  0.98729641977411542  0.98981830497368550  1.00000000000000000
 -0.00251664801572395  0.01013088120440050  0.02078444109264813  0.03161510319273406
  0.04214376945340707  0.05253268040066081  0.06295171500377414  0.07324600553891804
  0.08325725515400088  0.09333309526331697  0.10357491731211486  0.11362795524733543
  0.12347442588648082  0.13325273952905869  0.14289145439284809  0.15256598421014947
  0.16202968771510493  0.17198958189732197  0.18218804646342177  0.19288662909497517
  0.20330622496586681  0.21410253210062835  0.22504856606837734  0.23584887043867259
  0.24647409968392331  0.25730463490823435  0.26867131756632989  0.27919283758264546
  0.28918518847609326  0.29885395214730925  0.30840214216949713  0.31785639368489665
  0.32731843725645610  0.33685990196582771  0.34712466576994511  0.35758896028760190
  0.36811499046797325  0.37860404788504753  0.38943693163710347  0.40007471539973549
  0.41050314874147587  0.42088464861013586  0.43109917694392597  0.44117909369577707
  0.45087321446844986  0.46079782749291137  0.47106496683022792  0.48183819425944924
  0.49280526757886073  0.50339563743913684  0.51388201127638522  0.52434065066081048
  0.53493511977591945  0.54567258704423560  0.55648943668065032  0.56734995276327727
  0.57840033981487693  0.58970099952489263  0.60138255041899225  0.61271992738849168
  0.62379343329939141  0.63452354483784179  0.64519830209253892  0.65566341910908832
  0.66612451367881209  0.67636558400070468  0.68664105498881689  0.69682170787062614
  0.70713778147644690  0.71772100949296669  0.72824253974238073  0.73911975941649144
  0.75024424644662269  0.76125203466832991  0.77187667394119386  0.78194236199823008
  0.79172576029869912  0.80126959836797862  0.81088091887386937  0.82123129433946873
  0.83199389689620384  0.84289245980153316  0.85354765392039755  0.86425448657572868
  0.87482820350308688  0.88561936301122446  0.89620885431822706  0.90673576558858637
  0.91708196133389397  0.92797215287658252  0.93951881916375080  0.95156328290148184
  0.96348448956330079  0.97496726115553711  0.98717024008211707  1.00000000000000000
 -0.00235465924350797  0.00975719002487235  0.02041419878135089  0.03146152459036242
  0.04278261246323780  0.05376550125181218  0.06499052026565985  0.07685256855715654
  0.08812464884253211  0.09858231094513741  0.10887656169744463  0.11958556217247567
  0.13023263075367517  0.14100801441117744  0.15118594436685653  0.16170699998356519
  0.17210503864298507  0.18290099981506694  0.19354282339940246  0.20421092243950267
  0.21502410916777184  0.22552948486693331  0.23587891509370490  0.24616322252735107
  0.25631150930722058  0.26624320037468818  0.27613550339284454  0.28614663395553791
  0.29650954767493382  0.30718118967854185  0.31755379822245799  0.32740654074095898
  0.33747219765567671  0.34776049925847274  0.35796371981980035  0.36795448597890168
  0.37827350257946857  0.38900826263102872  0.40007647957445236  0.41103825272529448
  0.42218494158807796  0.43309051592737074  0.44374906975448192  0.45413108760012333
  0.46477366364695477  0.47542560922159444  0.48633897163841555  0.49721648598929191
  0.50759204060688146  0.51782893643890704  0.52826174664494552  0.53955572083476244
  0.55051225185861108  0.56100656507548785  0.57076787308068688  0.58060409661179113
  0.59063015024238119  0.60076967485978627  0.61079811533519290  0.62039165974771859
  0.62997049174025732  0.63992638800674551  0.65021739769346742  0.66099028193883480
  0.67079601637682584  0.68096596996928704  0.69060351628546235  0.70118110028336333
  0.71105453898953519  0.72120133311069878  0.73131396642206081  0.74183415274964937
  0.75259347032637069  0.76401178955800342  0.77493534775969686  0.78547734021612015
  0.79589422230604745  0.80674366145971188  0.81740382897515707  0.82736849864904316
  0.83716391007805602  0.84733655586209322  0.85778749970018520  0.86826115558030692
  0.87888021919400205  0.88970574488129051  0.90041083333229699  0.91141577325803369
  0.92234707649370185  0.93367599950474500  0.94475618628815528  0.95580034511626388
  0.96681592510852943  0.97777859641230824  0.98881607735998212  1.00000000000000000
 -0.00243903433722537  0.01065691808070526  0.02137484393159478  0.03147150937787861
  0.04169040152090438  0.05165003753455080  0.06207459165051728  0.07282199695296158
  0.08356055035858759  0.09371695094921099  0.10341627113487492  0.11298674234163351
  0.12280875075722689  0.13264316069775992  0.14251424320937950  0.15250208854297617
  0.16254690700648214  0.17260977613726719  0.18297826478024251  0.19394057598856324
  0.20545706448933984  0.21646344423933106  0.22722073429572423  0.23787723255475493
  0.24883144133129148  0.25962271769580858  0.26984889721700045  0.27990055796605934
  0.28983758412990845  0.29955145037729042  0.30915798708765546  0.31903937345190458
  0.32910251790200284  0.33945277782153499  0.34972413920229783  0.35989217187671751
  0.36962861645673706  0.37954568165764124  0.39024098078467973  0.40160459200426574
  0.41332910161905539  0.42536559168659083  0.43726013244665296  0.44881695567547619
  0.45989026950566347  0.47067136445588298  0.48150514917391751  0.49234146602016493
  0.50342890663130224  0.51488320450951397  0.52664654198546945  0.53818187158396535
  0.54928535708536297  0.56019845875060581  0.57108031887061783  0.58188563146826033
  0.59259795445872387  0.60385348270173300  0.61559580970690930  0.62705219129711387
  0.63799198291945181  0.64838905846852901  0.65865086925105498  0.66896880720161478
  0.67972964204546182  0.69063162176113413  0.70115648995084057  0.71140407740150480
  0.72181823064419126  0.73267379534119648  0.74371042001469412  0.75490845488655589
  0.76551950364185162  0.77590796842963483  0.78632359332334878  0.79673551644580964
  0.80692824810129149  0.81687319876225006  0.82688996515340740  0.83681252946461782
  0.84638012183908884  0.85568058185641194  0.86502634328959382  0.87471773341916537
  0.88506424880812262  0.89537600920027904  0.90627687924496270  0.91692682073980469
  0.92716559376598384  0.93699691222906256  0.94676615595008684  0.95669719143638110
  0.96738321675249817  0.97801137093599677  0.98920215846573423  1.00000000000000000
 -0.00249642811636452  0.00991356835834068  0.02007666611178100  0.03043699264351338
  0.04060898687184381  0.05068558138712484  0.06081297106419949  0.07107431706798167
  0.08130699810529790  0.09139586669002824  0.10192871728702591  0.11275259166448189
  0.12394250270946112  0.13484503389604696  0.14566029075704079  0.15611629925416257
  0.16642739208294652  0.17669083608996555  0.18742839495162983  0.19839290294284509
  0.20922756917093926  0.21987081639709763  0.23032006881133502  0.24055560096318085
  0.25073208433942545  0.26064792754471855  0.27105585697573414  0.28156873649187653
  0.29231437316746989  0.30300917080830414  0.31371267143206422  0.32442844375037067
  0.33488097518060228  0.34521304215670179  0.35575876981543836  0.36670649055351423
  0.37743950633858458  0.38758719936345015  0.39759855455623139  0.40766439292913409
  0.41748570232389404  0.42669114208261605  0.43578990637128440  0.44576883827181601
  0.45648255729380588  0.46734356009416567  0.47769350876281136  0.48785092843342220
  0.49833590307525361  0.50917759704642640  0.51987450448679673  0.53035368690704632
  0.54069450812370712  0.55085594013155936  0.56100356581219990  0.57150119926223641
  0.58263614860628699  0.59409996702746193  0.60541012968509478  0.61607743489364775
  0.62599628973248944  0.63629081825015155  0.64657107174135087  0.65726405876185645
  0.66817900124332352  0.67965360567967381  0.69069418096100488  0.70073605567593522
  0.71054311483578569  0.72063689471187353  0.73075525926272100  0.74085538635158010
  0.75097462843558671  0.76163455370572430  0.77260831787675799  0.78354580518267636
  0.79413787687106041  0.80404217818377732  0.81452420547232074  0.82570046474852876
  0.83656401253197499  0.84692935831788618  0.85778081824351604  0.86923123851884521
  0.88114174937421619  0.89288438840739526  0.90340054687209648  0.91330093435055981
  0.92330843288012432  0.93382299251752598  0.94438735106073401  0.95477902471507559
  0.96581102644788175  0.97723119225411037  0.98870607792465381  1.00000000000000000
  0.01327044381867562  0.01662866285294647  0.02033875546268685  0.02523515538115451
  0.03111726471983029  0.03676177805105540  0.04204794140372199  0.04724092147700844
  0.05256292465792628  0.05816391525938934  0.06389086268609706  0.06962365308834052
  0.07540454661628354  0.08116897622248520  0.08673501712084015  0.09207200425552879
  0.09730827444112652  0.10253124234340202  0.10778757155933602  0.11322232754912601
  0.11830894156695208  0.12343971319920372  0.12868553015552880  0.13420969020993301
  0.13985389855230074  0.14535293722585904  0.15073685310355467  0.15617316072659493
  0.16175427594503175  0.16747704836788685  0.17331173823080237  0.17906671200099319
  0.18480379809358835  0.19079816055123056  0.19691814698115687  0.20311401505699025
  0.20959186139706670  0.21610410906056909  0.22263362866958475  0.22917570577069485
  0.23587273068379713  0.24283117623677672  0.24984055313562653  0.25663868291392061
  0.26329016637796665  0.26992959818863410  0.27659550827054835  0.28350089713533383
  0.29061941657276563  0.29769039595268654  0.30489757012355140  0.31200570048941401
  0.31926564496025556  0.32622369472070795  0.33325862376329096  0.34036265578876868
  0.34783173966698566  0.35562669600166563  0.36365911793465716  0.37197172300520021
  0.38040460740902377  0.38900621176797312  0.39783933340466066  0.40682655913234406
  0.41575760311258997  0.42473716427318020  0.43407076098418040  0.44401977854833802
  0.45418141535944806  0.46408856796493297  0.47375489169289037  0.48384294580916914
  0.49463014293718832  0.50556618386497232  0.51646294461967168  0.52753766985370154
  0.53873455502421097  0.55036310283767942  0.56238235138339410  0.57473842149896004
  0.58746989002885230  0.60078816708911309  0.61445899657059311  0.62899342191986518
  0.64402787946730033  0.65958768789274302  0.67709237590593419  0.69649266353135275
  0.71682284754003744  0.73856790758594426  0.76153362154125614  0.78694511066224804
  0.81670987051120592  0.85297086956667711  0.90529465164471101  1.00000000000000000
 -0.00227668497427612  0.00859035519523036  0.01797306369962665  0.02764115333889670
  0.03757618156684277  0.04747087601137533  0.05723200335156047  0.06705102620355735
  0.07705587936858660  0.08749962778483164  0.09836930911251109  0.10930759781211995
  0.12027429821150977  0.13113083784737056  0.14172747453461146  0.15173932279604530
  0.16130474975644490  0.17083589178218517  0.18064048951982384  0.19079117086190958
  0.20084455709845667  0.21086179069631422  0.22088415019732888  0.23129902425523019
  0.24213313096198730  0.25322327012006135  0.26414563740967761  0.27465957918964762
  0.28518421372242875  0.29590534493353438  0.30645262067041751  0.31683390325434957
  0.32736651751975654  0.33853792170239594  0.34956620791535808  0.36018631912450150
  0.37042650837515856  0.38129144458062714  0.39259641873204437  0.40474109460179797
  0.41666877160957083  0.42801984710360330  0.43873256257393023  0.44977251483382336
  0.46071917520253280  0.47177284036952205  0.48315308887818426  0.49424304389947815
  0.50527919813514588  0.51543102614163705  0.52608041653429738  0.53665530267929973
  0.54801383763594325  0.55906737590902089  0.57041599337363735  0.58037325290452868
  0.59029128030659295  0.60035849458700474  0.61123416526084906  0.62263239797235836
  0.63308841075114064  0.64283508059039807  0.65224431424926010  0.66192646780938869
  0.67221102128857080  0.68255421469197253  0.69277526573424841  0.70356800303868816
  0.71415996867016673  0.72489886437373696  0.73490542668892511  0.74466513462771788
  0.75467057813556293  0.76499516318287120  0.77564736061329231  0.78658142069987480
  0.79796474491364799  0.80960825038428930  0.82068840398406750  0.83136414241649159
  0.84204017605045867  0.85291867134044752  0.86327745663294131  0.87313605929263916
  0.88311246684834954  0.89349036940210136  0.90422565509247033  0.91530801225649649
  0.92615006439054126  0.93651642315757944  0.94656970738652357  0.95692452602349010
  0.96754152167463725  0.97796538930524624  0.98893321793767952  1.00000000000000000
  0.02378376140512909  0.03283863068721948  0.04316413094632288  0.05346158736180208
  0.06343243188653465  0.07334684806205631  0.08359334135133344  0.09395248901933780
  0.10395574677435321  0.11377463007927689  0.12389637256723703  0.13438125115082827
  0.14496447790084968  0.15554823587538644  0.16595999005291406  0.17603860512374270
  0.18603628144589326  0.19598738373496019  0.20582880528281303  0.21556179496133088
  0.22541075134001676  0.23546103029578686  0.24551508034990144  0.25542107921097812
  0.26522048650475344  0.27484329049108441  0.28422724707328972  0.29374974647385155
  0.30357006785433410  0.31386302331127186  0.32437993216838185  0.33481796700746519
  0.34499404137030482  0.35502027708557971  0.36502388282865561  0.37530232318497780
  0.38579209523086544  0.39601812607601805  0.40601746648050735  0.41584204566621041
  0.42594384236671107  0.43614396847247489  0.44608272167186241  0.45587380171929737
  0.46578407139086131  0.47614372203533717  0.48686246911673953  0.49777905881417900
  0.50872617219295180  0.51949348765478987  0.53016754376666186  0.54088579419351668
  0.55184380718680326  0.56271077986053408  0.57366794306344304  0.58453236302536260
  0.59496709009148063  0.60469057381182933  0.61397393840551329  0.62340849712590074
  0.63325775710402787  0.64316310503757179  0.65302093972374775  0.66271968370522916
  0.67199114034085350  0.68104127564007777  0.69051305198626423  0.70087821582971277
  0.71114263424112745  0.72099764911350894  0.73089506339580756  0.74119713373741514
  0.75188483072172685  0.76280319706575395  0.77381360071473737  0.78480288006343479
  0.79563998377368450  0.80628912478386294  0.81652457463309291  0.82650131656837011
  0.83652458451190370  0.84663792794371973  0.85670515219355337  0.86639669914135842
  0.87589207039178008  0.88551693504608686  0.89556278655493016  0.90600287142123581
  0.91645039667242156  0.92667074551770412  0.93663427296394008  0.94651605209088208
  0.95677320233103358  0.96613945443835225  0.97078323435738711  1.00000000000000000
  0.09234583742998760  0.11644716765006254  0.13744910233197871  0.15385569040315544
  0.16860132443420928  0.18141065724215769  0.19317547272725197  0.20415729359893570
  0.21407840172411360  0.22385210660940424  0.23342666258677477  0.24271055474101624
  0.25125383379803501  0.25968930565186982  0.26827253022623887  0.27701486718412921
  0.28550141676739105  0.29378531163316313  0.30224730068445665  0.31082281485207908
  0.31932138961882756  0.32780483954519107  0.33609167319986238  0.34387254370589876
  0.35127413046332645  0.35845028023687547  0.36553147172145900  0.37257717228963155
  0.37973945796947384  0.38699630880910119  0.39434080332055305  0.40165051339217239
  0.40871041737605951  0.41554119299740044  0.42225223903022313  0.42889002372683638
  0.43549055519165691  0.44186996041836185  0.44807963947059321  0.45452140747847786
  0.46075881652418160  0.46703218421951664  0.47331574145338573  0.47955139833682292
  0.48543075818718684  0.49123676881806105  0.49713338177030680  0.50311277235690322
  0.50899504706504417  0.51467367080472448  0.52053199835422226  0.52657299007292613
  0.53253744163452954  0.53831641756686455  0.54398416891196211  0.54964454070310653
  0.55531413824385556  0.56098026922664168  0.56668823449633166  0.57250851916727608
  0.57845257516047011  0.58422972396944495  0.58984663817761529  0.59521901421831169
  0.60066581351849024  0.60595955478582930  0.61113897373681259  0.61633230425655139
  0.62159059921442217  0.62700196718415790  0.63261685417305880  0.63827980323607292
  0.64380161951153536  0.64931705159429043  0.65485347242985459  0.66052407846023420
  0.66663167573413451  0.67292521509927627  0.67927658476956576  0.68564754773217462
  0.69221190952265643  0.69902510869643197  0.70600879240296521  0.71315282872136176
  0.72034369228911133  0.72755937911444091  0.73574861675662551  0.74509390481256643
  0.75617409155366466  0.76860072352575926  0.78324422215340483  0.79826263369033157
  0.81723009599910479  0.84146197433938685  0.93216844452200109  1.00000000000000000
   6.6412252681016712E-017  -1.0000000000000000     
 F F F F F F F F F F F F F F F F T F T F T F T F F F F F F F F F T F T F T F T F F F F F F F F F T F T F T F T F T F T F T F T F F F F F F F F F F F F F F F F F T F T F T F T F F F F F F F F F T F T F T F T F F F F F F F F F T F T F T F T F T F T F T F T F
  <DiscreteSampler_grid>
  grouped_processes
  1 # 1 for a reference and 2 for a running grid.
  10 # Attribute 'min_bin_probing_points' of the grid.
  1 # Attribute 'grid_mode' of the grid. 1=='default',2=='initialization'
  0.0000000000000000 # Attribute 'small_contrib_threshold' of the grid.
  0.5000000000000000 # Attribute 'damping_power' of the grid.
 # binID   n_entries weight   weight_sqr   abs_weight
    13   10   2.100874099533482E-007   2.516027587214538E-013   2.100874099533482E-007
    14   10   2.100874099533493E-007   2.516027587214545E-013   2.100874099533493E-007
    25   10   3.952301450831774E-007   7.641184876109620E-013   3.952301450831774E-007
    26   10   3.952301450832309E-007   7.641184876112484E-013   3.952301450832309E-007
  </DiscreteSampler_grid>
