  0.00000000005500563  0.00000000015677342  0.00000000023301715  0.00000000030034715
  0.00000000037473824  0.00000000044568445  0.00000000052430472  0.00000000060775652
  0.00000000069198225  0.00000000077782145  0.00000000088877721  0.00000000101065839
  0.00000000110053315  0.00000000117357776  0.00000000124850527  0.00000000133738375
  0.00000000144166644  0.00000000154401383  0.00000000164131261  0.00000000173824769
  0.00000000185676016  0.00000000194885654  0.00000000201759894  0.00000000208403478
  0.00000000215001490  0.00000000222864720  0.00000000232159445  0.00000000251294028
  0.00000000268323628  0.00000000282426479  0.00000000296060726  0.00000000310680008
  0.00000000327397825  0.00000000345017176  0.00000000363893306  0.00000000383581639
  0.00000000402338068  0.00000000419608054  0.00000000435804198  0.00000000453592684
  0.00000000470904193  0.00000000489809688  0.00000000508477976  0.00000000526752150
  0.00000000543920348  0.00000000559076540  0.00000000577332108  0.00000000592090926
  0.00000000606606468  0.00000000621924471  0.00000000635611728  0.00000000648067867
  0.00000000661160861  0.00000000675944786  0.00000000690266211  0.00000000703541056
  0.00000000720177738  0.00000000738185426  0.00000000758899311  0.00000000782904424
  0.00000000806737687  0.00000000826321125  0.00000000842562059  0.00000000856079114
  0.00000000871914670  0.00000000888573697  0.00000000908504007  0.00000000932862160
  0.00000000960325001  0.00000000987946953  0.00000001014150816  0.00000001040403219
  0.00000001068152611  0.00000001096087769  0.00000001122694147  0.00000001148770691
  0.00000001174900005  0.00000001198692404  0.00000001225012139  0.00000001251625730
  0.00000001276328658  0.00000001300333342  0.00000001325407938  0.00000001349237067
  0.00000001375428448  0.00000001406958295  0.00000001441371376  0.00000001479418867
  0.00000001530264768  0.00000001598377382  0.00000001682283639  0.00000001780024398
  0.00000001895257001  0.00000002041456673  0.00000002117373605  1.00000000000000000
  0.00975181008722065  0.01682838777988452  0.02762668610256238  0.04008150525220819
  0.05322298738295956  0.06481667988455871  0.07526195761563602  0.08583005268781510
  0.09803369885886300  0.11045262938671839  0.12365106348242501  0.13684446269304562
  0.14880208835806380  0.15837800872445673  0.16684124368417227  0.17526138538859770
  0.18407898634032216  0.19415323057950912  0.20391325257636245  0.21348141653810407
  0.22080830394726983  0.22984440869938305  0.23804227890002139  0.24494057841954833
  0.25198546489704232  0.25916440323763185  0.26624111974022774  0.28092712208063442
  0.29444263293560680  0.30736340047267069  0.31810178128094091  0.32923852393366765
  0.33877036602272914  0.34694759698945637  0.35459463546513265  0.36265568409953480
  0.37201821083177761  0.38556394063531735  0.40233158654062945  0.41674566599204926
  0.42850142700277982  0.44033649050449569  0.44965873908352755  0.46075441381662791
  0.47187197531057246  0.48176178396109659  0.49410929599712089  0.50755488359718814
  0.52534407945939821  0.54111145889149881  0.55613958838514810  0.57055962869372701
  0.58426255336702104  0.59724430617012181  0.61051351624232642  0.62368755607933435
  0.63756388535793362  0.65135051436737956  0.66383722025531666  0.67548936394296610
  0.68762216831210943  0.69851083190391949  0.71028924658235848  0.72386302300390371
  0.73914932823417956  0.75426618551639546  0.76872178973391081  0.78280305214254775
  0.79356034966359135  0.79888214599547669  0.80528861780250205  0.81159854934373865
  0.81849395393732538  0.82495566974702150  0.82950364938538779  0.83363597490789521
  0.83868649897970859  0.84436921145325405  0.84958984864370157  0.85382987796691057
  0.86309143024929502  0.87421490387202783  0.88311715571386884  0.89053232167886298
  0.89788278360580309  0.90527329380548793  0.91256140641814210  0.91988672644543257
  0.92721410136912696  0.93433427157042348  0.94194889407490068  0.95116800384552858
  0.96174219843160735  0.97465650678594562  0.98718555231989080  1.00000000000000000
 -0.00000014655761001  0.00006480594842263  0.00055002357480444  0.00156071440020697
  0.00359665345637335  0.00633962047445264  0.01011843738126456  0.01465491984949525
  0.01968861642728085  0.02430001436221264  0.02836174995249560  0.03213348768201814
  0.03710114507494919  0.04307356997089105  0.04832276736067909  0.05382323043298235
  0.05964187509922240  0.06606672775021309  0.07330084185563325  0.08090071926900871
  0.08938532492357130  0.09777072170106413  0.10586729750243216  0.11470557118414254
  0.12424884537971510  0.13474163169848211  0.14685566115960422  0.15958032610180287
  0.17282635047981207  0.18372446898983233  0.19522010354896241  0.20721976030913561
  0.21961105256914268  0.23408997207362414  0.24962696305226065  0.26530056069069347
  0.27994742453439980  0.29249139971649363  0.30276327233889233  0.31117833215313168
  0.31928230727331497  0.32776547973970771  0.33732502062255437  0.34792410392618639
  0.35880773037300517  0.36926407572663811  0.37970679309210542  0.39018881382209281
  0.40027418974263568  0.40935428393626111  0.41796952956424049  0.42671400686423960
  0.43590743880639526  0.44550726803245944  0.45515475796525318  0.46487223805759859
  0.47239569219633842  0.48045218676513707  0.48849898248409240  0.49613533216039352
  0.50554528128265008  0.51812435276021185  0.53204716729505419  0.54621410136954163
  0.56019335986464702  0.57444822720661182  0.58854676775467085  0.60393515025178324
  0.62049078525961354  0.63652857964151788  0.65043449187095326  0.65920005470919729
  0.66889612636063656  0.67987519636259464  0.69235889508493487  0.70548155620397035
  0.71535805593235180  0.72516658974829962  0.73532523323273058  0.74544758577318049
  0.75549993790795145  0.76540513647592889  0.77497614473761445  0.78502127271910482
  0.79492033165598885  0.80426206310956627  0.81948616003899089  0.84115162976680347
  0.86379928912507953  0.88399696710393016  0.90355911396067268  0.92315284368641903
  0.94225701894821356  0.96189987635420793  0.98130917931201045  1.00000000000000000
 -0.00098738442666050  0.00565484698938715  0.01126356050156479  0.01707174020160260
  0.02177716710340352  0.02700354459700242  0.03277038131590692  0.03919121593556937
  0.04711285627091603  0.05357187163298797  0.05897124728534000  0.06629234002456719
  0.07732520108085658  0.08796116007490952  0.09805515853737813  0.10965940246108419
  0.12230690826780034  0.13321839639601868  0.14345555426207743  0.15611323603877206
  0.17126367058822187  0.18289487362098708  0.19224843699135347  0.20032423405732738
  0.20811675374287619  0.21658980235981615  0.22655795079961630  0.23804817519748089
  0.25006745134572439  0.26231605357127780  0.27530588223163693  0.28901541673293241
  0.30219511074813399  0.31523403332223432  0.32804912039017042  0.34067944379109649
  0.35292305306055322  0.36393578975630275  0.37034851837764698  0.37493836225397559
  0.38065716455155668  0.38602479000962764  0.39125951628323763  0.39711812756236459
  0.40296040531061555  0.41223626084467030  0.42563179086712433  0.43983280252392437
  0.45366722776705071  0.46649654663001300  0.47981817023703199  0.49388134621962926
  0.50733080910849404  0.52094416063278803  0.53527251827183475  0.54757973841662089
  0.56063687340569479  0.57192488790294271  0.58272245647559284  0.59296117618794508
  0.60276868272410122  0.61108396616337091  0.61881616444710252  0.62645251940762514
  0.63529570748635200  0.64493867939951355  0.65338499546187623  0.66102535838122367
  0.66854094713859269  0.67696229577674161  0.68571129570189848  0.69418370370325799
  0.70185706168886375  0.70733883223879623  0.71691632447619646  0.72820727595719104
  0.73976717942895387  0.75189067146726429  0.76560478719792791  0.78137634478268270
  0.79707495002826512  0.81045448805630838  0.82173085848450567  0.83298488257311198
  0.84506651054286008  0.85911104560477691  0.87204373899659016  0.88410258797542374
  0.89628621860057356  0.91038721614383766  0.92834854979873849  0.94809783002494630
  0.96793294631114091  0.98055032094685146  0.99088510114053108  1.00000000000000000
 -0.00377430600777431  0.01110853693406380  0.02317603022254981  0.03409280563151327
  0.04519928959211267  0.05714572928601710  0.07007566568106537  0.08471805337590668
  0.10042069047422633  0.11647100951228499  0.13177646328221426  0.14438100288897132
  0.15343902141381574  0.16083433412295425  0.16879953928379468  0.17727646570969785
  0.18566281333718759  0.19317107013603430  0.20055703107982487  0.20871715830751736
  0.21990725259539229  0.23117626152280418  0.24190618551210119  0.25287561482408311
  0.26530507489500810  0.27837866941030648  0.29163304542458318  0.30572650768654469
  0.31997944881711343  0.33299891313264018  0.34609228391026164  0.35733314381887388
  0.36765753387339078  0.37953448532438000  0.39180990568746848  0.40322025615963542
  0.41158097253976755  0.42074766048605289  0.43112946421840698  0.44129403007224943
  0.45180712013293467  0.46295140880629765  0.47484814433118055  0.48744890562250331
  0.50296336430470068  0.51738097061721677  0.52844961402990820  0.53900991607067616
  0.55046783618796880  0.56332125346183382  0.57758359664400627  0.59218946773711212
  0.60653512591399805  0.61889403217628980  0.62928650478143255  0.63915401111200298
  0.64942462703553383  0.66020704297370103  0.67383736946392725  0.68762263980180860
  0.69843822972359704  0.70769536465609073  0.71759019765934007  0.72830050028146143
  0.73981129289523273  0.75023302598795238  0.75875812143767229  0.76732774719870134
  0.77418478497091814  0.78295886989036845  0.79068570844057062  0.79580951882972428
  0.80221832330411968  0.81080457886034307  0.81853886295642397  0.82383221292566189
  0.82855122832856809  0.83368493574205083  0.84003088443578877  0.84716053950997694
  0.85490839294334908  0.87043732148039421  0.88238939540738559  0.89157750582236939
  0.90158756933467310  0.90970039808436276  0.91649180239086070  0.92250702048639022
  0.92864178293110444  0.93472328256588388  0.94185586504254060  0.94909577048194671
  0.96039634142651364  0.97484175545505858  0.98832521112327620  1.00000000000000000
 -0.00182025403639774  0.00924839179382423  0.01765153633072141  0.02599959436821218
  0.03440058218921392  0.04286757927268987  0.05529190268764567  0.07004922521667524
  0.08384294566095069  0.09649075561578782  0.10978379712893578  0.12512889861493973
  0.14095742460584551  0.15411346018090324  0.16488174478413192  0.17446613003706749
  0.18366061890765684  0.19173638275459889  0.19952157948894786  0.20727360961747701
  0.21492501506138745  0.22379463562818164  0.23465909683486108  0.24544973872269404
  0.25824721042623339  0.27388980612511826  0.28990909303610829  0.30363924718525204
  0.31520438534163414  0.32595478599480676  0.33754630053652968  0.35089390393239983
  0.36562963946617505  0.37980185998148125  0.39199226803448284  0.40187153578404616
  0.41244624609845870  0.41930410326831219  0.42488901584024552  0.43053061385688518
  0.43755501360681931  0.44455255075692035  0.45165024733688136  0.45943830954517162
  0.46724667817430743  0.48170306760303017  0.49594188516362475  0.51018233564812099
  0.52264808177730571  0.53292772570774594  0.54223782870445214  0.55163587613343523
  0.56232680694661197  0.57050290436309470  0.57706902355555423  0.58336254676552812
  0.58955205637247132  0.59585853809789058  0.60318551993186753  0.61006461795016542
  0.61550164478617642  0.62082729661204994  0.62756692810072245  0.63588670585149443
  0.64452766348504364  0.65438530866194777  0.66491071959330650  0.67624212388274296
  0.68807573957476897  0.69946411431771804  0.71071964415734923  0.72149940371908150
  0.73359503669814841  0.74564227221220891  0.75591272431407353  0.76593105637964687
  0.77627531041040188  0.78733119709197130  0.79837898672534191  0.80795714624296811
  0.81880535385187936  0.83020535579374954  0.84198983139974526  0.85443425860391553
  0.86293786020266372  0.87209634203895037  0.88179899923585103  0.89179806698612551
  0.90212503118767429  0.91298973178053999  0.92444184448991862  0.93700557233438275
  0.95134286812266622  0.96653905537265805  0.98186667349660683  1.00000000000000000
  0.01587656098058188  0.01855822794280514  0.02150096642541498  0.02566977906749400
  0.02959024913272817  0.03270509631215445  0.03459663512360137  0.03661507013913198
  0.03844793003116845  0.04051878895024649  0.04334363759054784  0.04630367513441109
  0.05004103018583798  0.05348980403239487  0.05664630110960312  0.05989630137550302
  0.06336458685697924  0.06649712543688004  0.06908682739547542  0.07166124511056043
  0.07481639093002443  0.07843385128725899  0.08169765725001864  0.08527691501387191
  0.08999466934551609  0.09459956926674376  0.09934692380241636  0.10427461168096100
  0.10894123306957951  0.11367198752240615  0.11853672786936605  0.12384365455671503
  0.12993997786506944  0.13597465157068836  0.14193339649028897  0.14860896817078548
  0.15664539291097593  0.16449255482227662  0.17200215645709918  0.17937293234188695
  0.18719352225344607  0.19529811982365314  0.20390795319274024  0.21269290232453661
  0.22154570373860419  0.23033411685595778  0.23759792088400250  0.24326822676528997
  0.24844597792473452  0.25369605706549980  0.25969359528404240  0.26698218976131227
  0.27392366146881558  0.28071717110646022  0.28698250292774119  0.29412330181835467
  0.30254642724534264  0.31142440713774161  0.32130565266909489  0.32785370236266848
  0.33316262741450603  0.33868625802227015  0.34412088779800454  0.34969727499905684
  0.35490907496361956  0.36060279479857410  0.36922625691855054  0.38093119963016076
  0.39249304876518210  0.40300786674604949  0.41255353232654229  0.42190168112745752
  0.43138293858132931  0.44207759295932453  0.45403689842037925  0.46724410345096323
  0.48238304500546875  0.49665039274135936  0.50978985062457471  0.52291089465307150
  0.53591944160512839  0.54926804036480881  0.56423009319832373  0.58054729839318842
  0.59680056445802654  0.61688473029668445  0.64250900092114671  0.66741534502717503
  0.69084041990289735  0.71769071238320781  0.75054344167188392  0.78990902091022475
  0.83110237977821722  0.87147775254313287  0.91880621014072883  1.00000000000000000
 -0.00403139504285356  0.01716214493138534  0.02766426740383345  0.03581743375417587
  0.04321526482118357  0.05075473579028372  0.05844202986307922  0.06529163487780230
  0.07130392845066721  0.07718777710248667  0.08524053080378220  0.09471059679703039
  0.10418507763980998  0.11258855802011776  0.12060211638885629  0.12988874507430301
  0.13947848116659103  0.15084127134477349  0.16440009103588357  0.17388450454536572
  0.18030497072966434  0.18638455227699105  0.19169969193703135  0.19676896619672457
  0.20174225529068776  0.20608550283560753  0.21420251489099951  0.22354886980320191
  0.23385386969563984  0.24630120974365330  0.26374608484637069  0.28306337395443132
  0.29652685654801114  0.30924125821813014  0.32157300590550814  0.33499349478583973
  0.34872643199577880  0.36763672021885113  0.38341348721773799  0.39731373178079016
  0.40934255996343044  0.42032002976156529  0.43124704339218234  0.44214871629697539
  0.45245866350708813  0.46271631862904328  0.47451343407385194  0.48635416089468092
  0.49835053946975183  0.51198782071675020  0.52552393975260292  0.53821776496167917
  0.55113343157007477  0.56394318955338751  0.57672551816461926  0.58897275054881371
  0.60092415339278660  0.61299349457614627  0.62453793848347217  0.63428223878182766
  0.64487062223835501  0.65619332867686231  0.67064063263486207  0.68645233121379334
  0.69828841583774914  0.70943697976923137  0.71967690302107257  0.72871965636774938
  0.73657593205302141  0.74386750854723549  0.75255301969921040  0.76318352955621815
  0.77518584459257767  0.78765323731939441  0.80117102732711232  0.81504323194253336
  0.82660444886178752  0.83443652091851173  0.83978095968816457  0.84404899676333922
  0.84888257133480849  0.85405888979042721  0.86044805075610109  0.86745760943071148
  0.87417210334434692  0.88050437551943217  0.88643996068493269  0.89362123443063191
  0.90575958048655925  0.92551680970103489  0.94401700245805353  0.96058076732752906
  0.97173717938646575  0.98197338268985102  0.99137675453332252  1.00000000000000000
  0.64555678192940524  0.67682225181759592  0.69860390798130101  0.71558213327600595
  0.73108195196509995  0.74682198269475830  0.76408868624171122  0.77975681333430458
  0.79380390884990826  0.80794046702785538  0.81940569848181122  0.82938267441588609
  0.83981352129374520  0.84894495392966285  0.85775032907001625  0.86575380915864097
  0.87362167677097324  0.88112828059273773  0.88837316459094862  0.89458908456983655
  0.89964486744920158  0.90434814019069176  0.90936818039113254  0.91446351877377763
  0.91834016456535050  0.92078750442273716  0.92318986218945431  0.92574960913791116
  0.92837759761440697  0.93102783504828590  0.93363427372629859  0.93643532863366097
  0.93897120685353086  0.94109454517777869  0.94301658626261875  0.94487003773946410
  0.94674696113113743  0.94865444009868838  0.95057012309139322  0.95232840579473765
  0.95383130045356024  0.95529895717928015  0.95662938874442671  0.95791443020504596
  0.95901562349598002  0.95982661265491165  0.96055021750934233  0.96126262453433808
  0.96184973143064345  0.96247416936805152  0.96312609689000839  0.96378707659294349
  0.96447103660186395  0.96510743284532563  0.96568941491150262  0.96622684526281677
  0.96672065668234053  0.96719884307975978  0.96766381288239744  0.96807405975212768
  0.96847928382535153  0.96888383181306836  0.96927889265378409  0.96971833025672216
  0.97025979591329592  0.98187636853125804  0.98224985937888121  0.98252514387360113
  0.98277524477629918  0.98301424646972912  0.98324432867390632  0.98347029744001913
  0.98369145358497478  0.98391039373811395  0.98413601703246889  0.98438544323213861
  0.98466845146691961  0.98495527285708084  0.98525154021315353  0.98557644728152161
  0.98594701641243332  0.98632233986692819  0.98674216408896775  0.98720423300651439
  0.98770506238525846  0.98826911092383118  0.98886513902845552  0.98958776483566058
  0.99034171170037510  0.99110232601928061  0.99190909326746612  0.99300347089005370
  0.99427225131684771  0.99573268376062873  0.99751890674626864  1.00000000000000000
  0.09510070273124716  0.12264546380698581  0.14057542748739804  0.15823833740423832
  0.17230168932148487  0.18610149919465294  0.19550585079134788  0.20322060799441632
  0.21046355619124058  0.21824678397914921  0.22610878543326166  0.23193339444116007
  0.23627005234041068  0.24096287514829715  0.24577378178695661  0.25007519802249739
  0.25368025636939673  0.25726270709582771  0.26096671146552358  0.26450131132798821
  0.26823165635023033  0.27164544757921927  0.27488939390610745  0.27818861080890400
  0.28137763610486971  0.28442471447266304  0.28766604515163918  0.29166296720726431
  0.29704887287829612  0.30225303093426292  0.30721729569791240  0.31205597123929230
  0.31859498215605797  0.32520131822857534  0.33206136009882664  0.33846763714288741
  0.34495181695590782  0.35105892368998565  0.35598700394969790  0.36039393302527317
  0.36468869911198970  0.36886461119079172  0.37290360343716655  0.37735576064258808
  0.38225736128579291  0.38642510388691226  0.38939246962651941  0.39264053241606350
  0.39601879829793940  0.39978615698549130  0.40450312600759480  0.40884548585235148
  0.41448845994355787  0.42018301154911986  0.42541504822528264  0.43037064957076487
  0.43569821779042944  0.44100665996638355  0.44674767136376581  0.45300294073863562
  0.45919329806645476  0.46584011892590782  0.47292641947414338  0.48031967831833411
  0.48755764817306235  0.49386718805804258  0.50003488765473170  0.50616759865185712
  0.51225020300987700  0.51954189920985716  0.52786780379896681  0.53732627655680054
  0.54747081088780059  0.55419772445236914  0.56100534158568427  0.56702944597776017
  0.57304651005411666  0.57986393597660890  0.58761054872452656  0.59496777829912539
  0.60342425379660802  0.61255317627927852  0.62184387422516940  0.63111166365404103
  0.64053083485401496  0.65100142401958028  0.66241106819625306  0.67457466667064026
  0.68747634643947075  0.70165370097844515  0.71895502524547616  0.73756329124077835
  0.76847741334294717  0.82084662853818680  0.92559841930344178  1.00000000000000000
   5.3067782750843492E-022  -1.0000000000000000     
 F F F F F F F F F F F F F F F F T F T F T F T F T F F F F F T F T F T F T F T F F F F F F F F F T F T F T F T F T F T F T F T F F F F F F F F F F F F F F F F F T F T F T F T F T F F F T F T F T F T F T F T F F F F F F F F F T F T F T F T F T F T F T F T F
  <DiscreteSampler_grid>
  grouped_processes
  1 # 1 for a reference and 2 for a running grid.
  10 # Attribute 'min_bin_probing_points' of the grid.
  1 # Attribute 'grid_mode' of the grid. 1=='default',2=='initialization'
  0.0000000000000000 # Attribute 'small_contrib_threshold' of the grid.
  0.5000000000000000 # Attribute 'damping_power' of the grid.
 # binID   n_entries weight   weight_sqr   abs_weight
    13   10   1.549246260930582E-014   1.329927624129625E-027   1.549246260930582E-014
    14   10   1.549246260930648E-014   1.329927624129691E-027   1.549246260930648E-014
    25   10   2.565986760640795E-014   3.467667351165515E-027   2.565986760640795E-014
    26   10   2.565986760640033E-014   3.467667351160719E-027   2.565986760640033E-014
  </DiscreteSampler_grid>
