  0.00000000021703520  0.00000000064602766  0.00000000094499262  0.00000000121174351
  0.00000000144255991  0.00000000165515447  0.00000000186677867  0.00000000206694646
  0.00000000225774463  0.00000000244301921  0.00000000261963608  0.00000000280145448
  0.00000000298413843  0.00000000316269623  0.00000000333855414  0.00000000351248905
  0.00000000368524751  0.00000000385161710  0.00000000401279879  0.00000000417215968
  0.00000000433326024  0.00000000449970881  0.00000000467001715  0.00000000483712154
  0.00000000499787944  0.00000000515560072  0.00000000531261683  0.00000000546839017
  0.00000000562476163  0.00000000578359200  0.00000000594703900  0.00000000611771454
  0.00000000628493280  0.00000000644541309  0.00000000660041943  0.00000000675779925
  0.00000000691596923  0.00000000707757474  0.00000000723418634  0.00000000738821788
  0.00000000754566814  0.00000000770601875  0.00000000786616889  0.00000000802606282
  0.00000000818481840  0.00000000834004349  0.00000000849674951  0.00000000865483309
  0.00000000881155773  0.00000000896931818  0.00000000912580473  0.00000000928261175
  0.00000000943782230  0.00000000959800191  0.00000000976824427  0.00000000994852525
  0.00000001013465443  0.00000001032156558  0.00000001050454065  0.00000001069002166
  0.00000001087857723  0.00000001105981264  0.00000001123983281  0.00000001142133811
  0.00000001160983008  0.00000001180983502  0.00000001201402843  0.00000001221509548
  0.00000001242574716  0.00000001264623118  0.00000001288105206  0.00000001311229719
  0.00000001334350946  0.00000001357374378  0.00000001380206103  0.00000001403478428
  0.00000001426672610  0.00000001450680715  0.00000001475606099  0.00000001501475793
  0.00000001527816562  0.00000001554804806  0.00000001584101597  0.00000001617263603
  0.00000001655033242  0.00000001697514801  0.00000001739170862  0.00000001782580092
  0.00000001828018895  0.00000001877563013  0.00000001934383714  0.00000002000628244
  0.00000002091466083  0.00000002247748754  0.00000002365583923  1.00000000000000000
  0.00968308448716340  0.01573665888092526  0.02546833858656874  0.03704559670166813
  0.04869134380605832  0.06005182229569231  0.07083777509933148  0.08146886488957819
  0.09184072043850393  0.10188596641050218  0.11120361005100295  0.12027241242808721
  0.12951205694586027  0.13871888320832060  0.14807336828257064  0.15753165989190299
  0.16688976803452829  0.17638099018464298  0.18587834425328084  0.19542810877253186
  0.20494793840256834  0.21464653362926417  0.22446015879986700  0.23476043380672273
  0.24534621376198831  0.25595258972990381  0.26617616590132831  0.27615974830048168
  0.28572896518391189  0.29559882634443746  0.30558481180607966  0.31602900550805857
  0.32640341965890718  0.33674386551076696  0.34680138514491388  0.35716520033673188
  0.36733234221745481  0.37780918883893139  0.38868210893856786  0.40042225441407092
  0.41241804158128409  0.42414225647554499  0.43573128006132567  0.44734703356745120
  0.45844428840984242  0.46873711337373869  0.47861645567643024  0.48891225507250125
  0.49933241900979974  0.50923867951886870  0.51863492912309916  0.52832858422531315
  0.53860578487175104  0.54931205070778311  0.55974489205098465  0.57012949083434206
  0.58103064260408188  0.59217168554498001  0.60383315363334722  0.61548487329189472
  0.62718766565126927  0.63903784718556222  0.65047374378430656  0.66176095961748405
  0.67303982979759835  0.68440776980043649  0.69604352064863062  0.70823800566613948
  0.71992272268599000  0.73130983121655879  0.74273266960456941  0.75382500027903443
  0.76507796617377344  0.77670296499969183  0.78813758101851972  0.79898492265324550
  0.80872131871153852  0.81798421476399685  0.82729951437412752  0.83727666513829591
  0.84776580909837285  0.85782343185145138  0.86769461782675572  0.87788898188779030
  0.88891955622256458  0.90000467717506960  0.91065021402724500  0.92129873861892797
  0.93172947029248465  0.94197449353821117  0.95186005460484346  0.96214879288829813
  0.97229042478154759  0.98222634915292106  0.99114780779715650  1.00000000000000000
 -0.00329759437560076  0.01145691171414656  0.02303300418496073  0.03357689941152590
  0.04424038849004831  0.05492429542520185  0.06463033565479442  0.07356529110018505
  0.08302521621484914  0.09265423886741772  0.10230178257404250  0.11189470820275441
  0.12144266555974111  0.13137772531966119  0.14161578553522408  0.15196793857519553
  0.16251674993319723  0.17368782427438967  0.18473468152640582  0.19536403005833364
  0.20544606454280304  0.21565795959586764  0.22655488135364008  0.23793955541689499
  0.25003050632457691  0.26262085139017560  0.27451945286557949  0.28535769044712928
  0.29607326353423352  0.30672321026342936  0.31800684173867355  0.32934165828965284
  0.34060283405395148  0.35180319008306432  0.36314791040019229  0.37449871645864757
  0.38616267415760164  0.39726566331226759  0.40818080141777008  0.41898208545594234
  0.43015825925569440  0.44173853443396288  0.45284579312866735  0.46336088868612529
  0.47425072937779222  0.48565334362645718  0.49810135929911836  0.50917930335760841
  0.51964358620057216  0.52976309825273826  0.53993508800881607  0.55006656366182172
  0.56033513066879637  0.57086820046078768  0.58134874053852292  0.59169771450406161
  0.60224607883915726  0.61352404515246806  0.62513588078052429  0.63589961452004773
  0.64624000788861824  0.65660972947970797  0.66696967951456942  0.67713001880992962
  0.68676822733974330  0.69701342174131498  0.70708798552581775  0.71713405354403059
  0.72675354446204532  0.73708854732431639  0.74753499296700743  0.75825371241049422
  0.76936223253006186  0.78047427290167692  0.79137777725433101  0.80211721628293631
  0.81261068734661313  0.82262065495881909  0.83224347014632027  0.84218757460586646
  0.85208258379890089  0.86228617610411495  0.87187448071940521  0.88216204165250534
  0.89284686206866426  0.90358457529375857  0.91353458588730896  0.92329438338766134
  0.93285978779964940  0.94253215158955561  0.95195313602966591  0.96191552787278201
  0.97195453602368398  0.98233348901602646  0.99126925398435339  1.00000000000000000
 -0.00196994251476023  0.00887351568961190  0.01781507339662001  0.02759463494908090
  0.03819983318448906  0.04981171146123499  0.06169426549631980  0.07390625110067078
  0.08572814781116819  0.09649068151484982  0.10658435954230908  0.11629414521368035
  0.12708760711287689  0.13891405565958345  0.15028066162423764  0.16119778142063476
  0.17149751157252524  0.18203528888225340  0.19190028181813368  0.20188847138757887
  0.21177959924465276  0.22171605844420431  0.23227016853545626  0.24390219084047371
  0.25412442238337901  0.26398423899242229  0.27384444356342913  0.28451991403317856
  0.29492714614089027  0.30477994169618750  0.31456918539801032  0.32511887130713241
  0.33591074536880411  0.34614114890475539  0.35589546435611691  0.36619771281550345
  0.37632908581344438  0.38615528037673197  0.39577561612644169  0.40592942155605688
  0.41616321280706381  0.42692223966877013  0.43792241250000552  0.44967450763867772
  0.46196827094871434  0.47484519852911899  0.48750807247750350  0.49967172598008824
  0.51072075388249871  0.52132485749994151  0.53181034939086724  0.54261494409938538
  0.55328391293906221  0.56400328895802776  0.57432776980208877  0.58507785663797818
  0.59535007047188648  0.60567031970463381  0.61591588199520497  0.62659784848097888
  0.63705006459540670  0.64693209021698928  0.65698147580593458  0.66727357110443697
  0.67799785375062449  0.68869536758653327  0.69913655059768298  0.70956229368873802
  0.71975642206391199  0.72967755349594277  0.73905221467139104  0.74840127592805883
  0.75818107719558181  0.76836567694354074  0.77900092267183829  0.78997472068013030
  0.80131357138409831  0.81231241052667991  0.82283369417977303  0.83286075408915827
  0.84282074938312201  0.85232587234541390  0.86221287252437673  0.87250689441097395
  0.88345638470558951  0.89465645961557227  0.90592753373992940  0.91675513337070269
  0.92705480681976216  0.93722362532795878  0.94720370392100850  0.95726689649450225
  0.96763803333465381  0.97854055167044729  0.98939751544937293  1.00000000000000000
 -0.00246000356251072  0.00868717083098700  0.01931006124062227  0.02995077366484806
  0.04152691146942587  0.05317693213088557  0.06412239661224033  0.07433431628911435
  0.08451677758121370  0.09522797078436492  0.10604953344517530  0.11653830313811203
  0.12680173501346292  0.13699373817749491  0.14725064598770515  0.15733907872238528
  0.16705409777862754  0.17683631300383859  0.18685623414549207  0.19716450510754749
  0.20789173536254363  0.21892775881424528  0.22993485378556350  0.24082270252318913
  0.25137733090047631  0.26193284590517246  0.27226665437232184  0.28253591547496404
  0.29313623622922880  0.30344005648830741  0.31402646863085881  0.32359970080155598
  0.33323854421831101  0.34263948338728945  0.35228282237879799  0.36221132588289551
  0.37190596523205105  0.38169708388307327  0.39195095403121732  0.40287427341980708
  0.41414723460407787  0.42537474919440299  0.43633145982387156  0.44750146879347585
  0.45845544048646913  0.46934150347429782  0.48028883302696629  0.49131619693076956
  0.50248027919795935  0.51394938288455605  0.52533163390988358  0.53628055518661966
  0.54640902536121816  0.55627941101453304  0.56673725608096537  0.57744997424912636
  0.58748227065083003  0.59702900666895098  0.60728986387070139  0.61847387898725048
  0.62989961811835304  0.64081446888022620  0.65083211120947093  0.66059842643449540
  0.67041633971592740  0.68067483182216260  0.69137166896113578  0.70174065231260552
  0.71181065562809909  0.72243802700603965  0.73302655793683669  0.74451143997306479
  0.75560368726377469  0.76580603465347685  0.77551966515150139  0.78518837021807042
  0.79560148114601081  0.80706057676841148  0.81835660815358335  0.82920197569313603
  0.83994574032201497  0.84985764302629963  0.85995915378555832  0.87020674708939971
  0.88109566328053912  0.89217627977021563  0.90323123659608706  0.91419611910742116
  0.92430079110241381  0.93424072688587700  0.94461430797091184  0.95571420100189541
  0.96655294532460578  0.97744917002782827  0.98862618705694438  1.00000000000000000
 -0.00254975689448257  0.01054014449050767  0.02137080253896806  0.03201389549350786
  0.04262089913242038  0.05363369032614648  0.06466836703812016  0.07503699010976156
  0.08558793452876835  0.09632473742508037  0.10753962464027143  0.11894145593282464
  0.13011976121257302  0.14136281096214101  0.15227423555424355  0.16328643543371729
  0.17490900903722545  0.18675223139664560  0.19824223114429290  0.20916950604307954
  0.21957202522420161  0.22960957926186557  0.23919292581091819  0.24840098813844044
  0.25752882249716996  0.26685548178178942  0.27680647962676319  0.28719503534275653
  0.29712774768098482  0.30663220439319194  0.31616767196130441  0.32660333671501895
  0.33738071525728580  0.34810751028732173  0.35864924978659435  0.36921374490349901
  0.38003981054177016  0.39120900136080655  0.40214382401527737  0.41253207411358811
  0.42259570008999686  0.43274020566641541  0.44297420841700241  0.45324943009030322
  0.46346041841314944  0.47385933223988957  0.48377692432016239  0.49392671001878163
  0.50414074597657510  0.51495708643985560  0.52604524304261480  0.53726691709392804
  0.54728179199578708  0.55705858994759994  0.56735002734532247  0.57757599691133910
  0.58774312116653527  0.59716062457767705  0.60737221202012803  0.61952042807652097
  0.63208975271356105  0.64441822693991346  0.65698090979674162  0.66880350983643089
  0.67934303983921829  0.68950280688199250  0.69923406355060924  0.70890817380104676
  0.71809450055509128  0.72738869241107862  0.73707327662798994  0.74681405951636626
  0.75631360366622169  0.76567760742637048  0.77517059039151359  0.78528475519730168
  0.79579064615399364  0.80736215480244611  0.81862687122503008  0.82972796590177300
  0.84061363010974666  0.85131308936037398  0.86109653738069702  0.87082533557757469
  0.88117994064890159  0.89150492644979906  0.90139421828032440  0.91074385341131414
  0.92058093431741161  0.93051966519711193  0.94115579910928260  0.95217032985481243
  0.96407465395313618  0.97614216257106701  0.98815523766138502  1.00000000000000000
  0.01492585329042357  0.01852436857637136  0.02187827596045466  0.02840139958017817
  0.03437190026807816  0.04055094873416740  0.04661991244480784  0.05265033638840787
  0.05887991025064836  0.06484620846454975  0.07050286627437866  0.07605909521363910
  0.08148186972540543  0.08685924844125184  0.09230041967489573  0.09767974558747877
  0.10295589995220199  0.10821902044765433  0.11350832087002533  0.11881373521361895
  0.12432425331600519  0.13000739590626798  0.13571787621915823  0.14147489515361789
  0.14726251532492166  0.15307829925261277  0.15877946635654672  0.16436722977483376
  0.17005015238251558  0.17584198678806626  0.18162053046931637  0.18737531173878250
  0.19312563017453685  0.19906434474104709  0.20545103330876310  0.21217731600207218
  0.21898168077885216  0.22572632933965586  0.23188079398294162  0.23778518013634575
  0.24363391080881017  0.24967652665003670  0.25604301546252189  0.26264674295090851
  0.26906821273895676  0.27589882738076221  0.28317244526276614  0.29029185483829417
  0.29721427078755902  0.30417767890877301  0.31094093515635762  0.31779455162016068
  0.32463902766990826  0.33186994903920042  0.33927304024230981  0.34644285779414230
  0.35360322945543576  0.36110607887140744  0.36909343442877574  0.37741281413029759
  0.38617433768837367  0.39515981964271779  0.40414042235243097  0.41304467928725253
  0.42182527821039573  0.43090627761831590  0.44067737986862493  0.45087309501203371
  0.46053978924139738  0.46977058418586604  0.47908160555141277  0.48849894660045018
  0.49790810776501238  0.50765911398202324  0.51797274311254060  0.52872762129577255
  0.53981838437707674  0.55160648602661599  0.56398191070854398  0.57645900073291478
  0.58905797714216002  0.60190534783451122  0.61470997977564790  0.62815313083216640
  0.64269974328606028  0.65797576309385253  0.67428676265231324  0.69184437855429937
  0.71233119950400658  0.73450917495400814  0.75874970584832180  0.78477626190532246
  0.81400572087802281  0.84932469711820047  0.90147657245599067  1.00000000000000000
 -0.00332902335317437  0.01329180226401757  0.02628792267188184  0.03831165895961526
  0.04957083417521616  0.06063548570343420  0.07178395356504166  0.08316644693236412
  0.09453814510216597  0.10536442533635898  0.11543853274188869  0.12509050958734341
  0.13445237116366751  0.14370953532813596  0.15272474814921105  0.16198480684314234
  0.17152622615547719  0.18120467881912466  0.19122630038988828  0.20133757187674625
  0.21172715382642698  0.22183791962639277  0.23156358520544176  0.24122153429741114
  0.25124486196069923  0.26158206085157332  0.27219702564531023  0.28254774105660141
  0.29271730527793988  0.30301952119117942  0.31341407786945097  0.32371611496565594
  0.33475459623679493  0.34639591215317128  0.35845170837407503  0.37034822350591490
  0.38115172897195732  0.39187847340672283  0.40212731399785667  0.41244368392436592
  0.42209028640313151  0.43176791542772369  0.44157373743569389  0.45199952851077968
  0.46239632516601581  0.47345453518049935  0.48434685193175236  0.49477551052442137
  0.50452897138426822  0.51421078269704612  0.52431198912755050  0.53470083039001659
  0.54505674667841264  0.55540831695933390  0.56579504350719323  0.57622540692054813
  0.58698637599532799  0.59797104640622245  0.60915147121233160  0.61979493899893667
  0.63059193837610172  0.64155835319445242  0.65239143399745003  0.66338914937588722
  0.67481632308766548  0.68618085997681855  0.69666927373068110  0.70669549966249490
  0.71636980562816910  0.72607402776051111  0.73602422480459906  0.74602569986888045
  0.75609935802795658  0.76635496523802993  0.77702885624911211  0.78790688022110511
  0.79873246557602684  0.80947801791970908  0.82028359744591994  0.83181875988191489
  0.84232163571478191  0.85270852956011522  0.86233378555663021  0.87189754465508551
  0.88138426593128483  0.89054951053993470  0.90007584436592947  0.91019425403377208
  0.92079783036035234  0.93185224337516914  0.94380579159901368  0.95499684783710781
  0.96719722615444526  0.97826073894675636  0.98948837408630341  1.00000000000000000
  0.02443959396699037  0.03084757891460170  0.04033289546824179  0.05058684884409937
  0.06047594564100577  0.06994870097385653  0.07922479377416615  0.08866591652107049
  0.09832404127744875  0.10830287108537068  0.11823738675294433  0.12736039360275050
  0.13614292596960090  0.14512348496621763  0.15475133271365726  0.16469622700035352
  0.17450520316839013  0.18427014706471881  0.19445273853254255  0.20512330905374312
  0.21535672046809862  0.22520451131875838  0.23514610949044568  0.24539658127300920
  0.25546621572488409  0.26530594159589110  0.27521657590628301  0.28527682388405146
  0.29549690793925237  0.30532949404259013  0.31516563502385631  0.32558420321383874
  0.33615959721965438  0.34635783805112524  0.35588758510966961  0.36528671578100719
  0.37498953505017057  0.38459701690517289  0.39449475262437972  0.40433774846579318
  0.41411975334863105  0.42395455509490970  0.43378802295414426  0.44363651460778936
  0.45323147090311883  0.46267579230068112  0.47256370107192786  0.48317424159081285
  0.49423102755349851  0.50492585687090452  0.51516791252899885  0.52556481697159063
  0.53629443825717438  0.54690525520929811  0.55740389021798897  0.56767184838315987
  0.57776676258505311  0.58752651933929823  0.59752096225477180  0.60801218536241064
  0.61870654749526266  0.62917020596764861  0.63923637529391064  0.64892908556028284
  0.65804864601804025  0.66739827593453727  0.67719829605576731  0.68734275711900983
  0.69777368099636128  0.70814140390688551  0.71842366685530612  0.72814062574369720
  0.73770052150347698  0.74785910464362848  0.75816127191082761  0.76850626624487850
  0.77862302304284470  0.78898584024542551  0.79950957786941335  0.81054203471886688
  0.82127249968634175  0.83210001415882429  0.84248676476151763  0.85261489312134653
  0.86304495383089519  0.87395672167578320  0.88619134384505038  0.89815781100403957
  0.90973272440823982  0.92026485638549649  0.93094414396993275  0.94197730346569397
  0.95405530052983878  0.96504932438697288  0.97108357329862893  1.00000000000000000
  0.08554738478413244  0.12473372634113580  0.14587196118569742  0.16355172204770899
  0.17911188880757689  0.19370283469124686  0.20799954533606890  0.22214955811536938
  0.23535724939411254  0.24794890258718127  0.25983889348952965  0.27091588539541200
  0.28100573883027796  0.29089770268951187  0.30122908609568677  0.31166876900585244
  0.32200167940970464  0.33213693671414307  0.34133137039932615  0.35000560611692438
  0.35814320237581238  0.36562903799501523  0.37310674258354676  0.38059002884655957
  0.38856302140356835  0.39625934554037967  0.40416725713023527  0.41163799870293549
  0.41893999222551570  0.42630679162287227  0.43337549786347601  0.44020636278012482
  0.44692284998342757  0.45360285435260955  0.46012941961399384  0.46613167067578753
  0.47214316669804618  0.47819312486677745  0.48422460343115903  0.49004617928722644
  0.49564650620655770  0.50121560933977172  0.50681364153922315  0.51263557510164715
  0.51840545950768113  0.52407077542362424  0.52989081623362344  0.53581074967264841
  0.54182425034200166  0.54763531839485524  0.55323163865261649  0.55886491838958663
  0.56448315389083781  0.56999922535665226  0.57568493648453556  0.58135053443754914
  0.58693919307235809  0.59228650337402744  0.59738542510002302  0.60237184493584051
  0.60739090837296672  0.61253515298080263  0.61772645180577967  0.62307879638385000
  0.62817421918296268  0.63302724325063731  0.63781606582905737  0.64267755426837536
  0.64766259668695381  0.65283618660220488  0.65805314165858952  0.66328800791291809
  0.66836266667876565  0.67327183066732221  0.67809123113810466  0.68281628486347434
  0.68755924171523519  0.69263249711421004  0.69768572074587554  0.70282630583292272
  0.70783676369808957  0.71292719951172168  0.71822535846830060  0.72379250924842620
  0.73024243385526766  0.73776863444063678  0.74590089602417409  0.75438093742058487
  0.76385268468178769  0.77302800111537817  0.78302262661449284  0.79378776460984080
  0.80683856094731765  0.82881549850751557  0.92001110865674118  1.00000000000000000
   2.5758523019897919E-039  -1.0000000000000000     
 F F F F F F F F F F F F F F F F T F T F T F T F F F F F F F F F T F T F T F T F T F F F T F T F T F T F T F T F T F T F T F T F F F F F F F F F F F F F F F F F T F T F T F T F F F F F F F F F T F T F T F T F T F F F T F T F T F T F T F T F T F T F T F T F
  <DiscreteSampler_grid>
  grouped_processes
  1 # 1 for a reference and 2 for a running grid.
  10 # Attribute 'min_bin_probing_points' of the grid.
  1 # Attribute 'grid_mode' of the grid. 1=='default',2=='initialization'
  0.0000000000000000 # Attribute 'small_contrib_threshold' of the grid.
  0.5000000000000000 # Attribute 'damping_power' of the grid.
 # binID   n_entries weight   weight_sqr   abs_weight
    13   10   4.880600667520064E-030   5.531026888536390E-059   4.880600667520064E-030
    14   10   4.880600667518484E-030   5.531026888535578E-059   4.880600667518484E-030
    16   10   8.861363461179651E-030   3.661874302396786E-058   8.861363461179651E-030
    17   10   8.861363461170662E-030   3.661874302395343E-058   8.861363461170662E-030
  </DiscreteSampler_grid>
