  0.00000000005615584  0.00000000013229788  0.00000000019528526  0.00000000025664840
  0.00000000031966730  0.00000000038777226  0.00000000046083250  0.00000000053876909
  0.00000000061849047  0.00000000070108837  0.00000000078250146  0.00000000087076600
  0.00000000096255917  0.00000000105816658  0.00000000116177932  0.00000000126102652
  0.00000000136167751  0.00000000146739335  0.00000000157436709  0.00000000168051236
  0.00000000179381589  0.00000000191474294  0.00000000203514110  0.00000000215337384
  0.00000000227429562  0.00000000239993571  0.00000000252800274  0.00000000265267317
  0.00000000277507695  0.00000000289416359  0.00000000301624663  0.00000000314536886
  0.00000000327594500  0.00000000340577948  0.00000000353275425  0.00000000365882979
  0.00000000378486778  0.00000000391333863  0.00000000404869182  0.00000000419192576
  0.00000000433993166  0.00000000449098577  0.00000000463790523  0.00000000478856774
  0.00000000493984244  0.00000000509098301  0.00000000525724235  0.00000000541933490
  0.00000000557808210  0.00000000573660170  0.00000000589589738  0.00000000605542310
  0.00000000621303746  0.00000000637108316  0.00000000652969607  0.00000000669031780
  0.00000000686307238  0.00000000704367780  0.00000000723147598  0.00000000742039276
  0.00000000761430690  0.00000000781424478  0.00000000801244527  0.00000000821079431
  0.00000000841770978  0.00000000863342573  0.00000000885286583  0.00000000908097831
  0.00000000930746215  0.00000000953467684  0.00000000975814244  0.00000000998764137
  0.00000001022384170  0.00000001046837049  0.00000001072151469  0.00000001097769335
  0.00000001123384215  0.00000001150477542  0.00000001178424850  0.00000001216210623
  0.00000001253896233  0.00000001290829458  0.00000001328067323  0.00000001366477927
  0.00000001407647706  0.00000001451238777  0.00000001494819951  0.00000001542360942
  0.00000001603374765  0.00000001673000980  0.00000001746641637  0.00000001829500847
  0.00000001933479710  0.00000002062489030  0.00000002125399287  1.00000000000000000
  0.00953672329543051  0.01549292850896567  0.02518354835639602  0.03599940503326744
  0.04710639060618541  0.05834844559259466  0.06963634637422408  0.08073361176709740
  0.09142320692084754  0.10211164692255643  0.11251538720960123  0.12302202460238461
  0.13399194814995541  0.14535186646756754  0.15693305336233995  0.16851315152541163
  0.18002445620412055  0.19116586428815435  0.20147862245013345  0.21127531561720253
  0.22076884234949265  0.23044733744999821  0.24034588403552479  0.25055217936587276
  0.26134847979873232  0.27247789653299204  0.28366305142420489  0.29417783863865671
  0.30396743060130976  0.31390428951375515  0.32428168857357981  0.33490545673622552
  0.34543708117777511  0.35567365337075829  0.36586037172224828  0.37595872114690521
  0.38619538756770283  0.39668625111082256  0.40734302500459330  0.41792884085431697
  0.42843306678303505  0.43908608069567651  0.44983594822508693  0.46032525710970873
  0.47037432417148844  0.48017911008199415  0.48995302143835623  0.49975696195467495
  0.50932937695054215  0.51855421233392363  0.52824415296958660  0.53806830922237148
  0.54837788150432498  0.55873593604238270  0.56932138106120767  0.58013937270270655
  0.59108079451295858  0.60255201648060863  0.61463201566249603  0.62626085316625357
  0.63736457783362188  0.64813901973846233  0.65847811345132135  0.66896125559063446
  0.67913242261909890  0.68939237119086350  0.69973216567524743  0.71001746635125151
  0.71978044972966249  0.72896588868215584  0.73803080770491158  0.74704394379832006
  0.75604687550132244  0.76521886025848140  0.77529642189474646  0.78637709672285216
  0.79781005725856213  0.80910891719417233  0.81976356191550415  0.82991371401180514
  0.84010496448178285  0.85068787042663152  0.86142373485728641  0.87203062506771156
  0.88256287215672102  0.89269830438239361  0.90234554644419640  0.91195700283943859
  0.92217779847645553  0.93298447219465730  0.94360296893950657  0.95412630471910287
  0.96517697752040899  0.97657101065347529  0.98815834838757632  1.00000000000000000
 -0.00235547992770883  0.00923525865594291  0.01905264553393495  0.02919841393827826
  0.03910883136997298  0.04960043290019082  0.06049383056771456  0.07127103726346763
  0.08191433179032763  0.09261685754757258  0.10302554251851770  0.11357323567637008
  0.12385208465163267  0.13433904744709657  0.14528042469916300  0.15667300362640771
  0.16791669295876491  0.17832825527813026  0.18844116294150021  0.19838716311620352
  0.20850988508506751  0.21860210642150837  0.22927650998893731  0.24014085404284449
  0.25175479549615687  0.26365206522611351  0.27494146900985239  0.28504080645614094
  0.29510912871312678  0.30548726180460256  0.31567579179869160  0.32526454827404844
  0.33463626631024651  0.34417353912210458  0.35385433274522510  0.36325016088583439
  0.37265884334891569  0.38302235283309188  0.39443533608349324  0.40616255417603070
  0.41764805682815803  0.42845334151781705  0.43878039856852152  0.44903634272477327
  0.45940676175144046  0.47006168525887343  0.48068399331071665  0.49110411236236723
  0.50153794394612761  0.51226579666249783  0.52274485627277933  0.53330900563108485
  0.54360046506668458  0.55397290234501995  0.56478445072502259  0.57598676075702138
  0.58688763292586454  0.59733413379117162  0.60771434225796328  0.61816535848380649
  0.62816038817445141  0.63753790655603348  0.64722679895627733  0.65748627844249186
  0.66802138410686729  0.67870804452937594  0.68992600225738920  0.70162124944894300
  0.71261505877733278  0.72302564306040862  0.73342027668947085  0.74393621966512624
  0.75461838279714322  0.76555377774545119  0.77653409108407767  0.78746697204634242
  0.79849361346445658  0.80967829865171248  0.82091596668410205  0.83168050489009471
  0.84208282327002160  0.85209680020630341  0.86212052131242956  0.87216139302006568
  0.88224037390518451  0.89242198313409959  0.90268986260584816  0.91299542564674052
  0.92367308765710310  0.93487917657671271  0.94607298697283948  0.95720707900746316
  0.96817178705179918  0.97896427397181707  0.98940560033803793  1.00000000000000000
 -0.00207757714150239  0.00816501870124140  0.01785995137798260  0.02797695240818848
  0.03861919411988750  0.05029768844283736  0.06215993669780688  0.07360066127903044
  0.08488403251680968  0.09607059949401850  0.10733165833088887  0.11717959482591095
  0.12688835829412584  0.13619279156731728  0.14578050972619874  0.15502460722155900
  0.16459145252307211  0.17548570768000993  0.18666377743883372  0.19786598723272106
  0.20922219532715552  0.22089441941890181  0.23253672011466522  0.24343895352894510
  0.25395088907387242  0.26413001912075762  0.27428564796844607  0.28467540969567678
  0.29542098080264151  0.30643166244446257  0.31765101248332572  0.32888563360044548
  0.34001161983488137  0.35096887993493048  0.36224312381994545  0.37371099641435929
  0.38485979069819531  0.39593411537414624  0.40693341024542790  0.41808398279698095
  0.42866953209110187  0.43934982672965667  0.44958205886991381  0.46007660121537503
  0.46979916729530807  0.47928569129173548  0.48931765533637367  0.50000776336694663
  0.51137473143689638  0.52239410598564806  0.53297102617497238  0.54328837468087776
  0.55376429167530428  0.56372306805109351  0.57378835956703866  0.58382475414097401
  0.59437672713051792  0.60500465293502093  0.61573544677000525  0.62661090917281792
  0.63812648483157441  0.64971556175697776  0.66082275537360946  0.67156844588373321
  0.68231916008031335  0.69330483929739339  0.70402032966900618  0.71423364474765738
  0.72428481184415938  0.73418390849357951  0.74428975464173330  0.75405805595456199
  0.76388529002977168  0.77374730512485568  0.78368250409592399  0.79330723880726828
  0.80303034527711936  0.81287507182915497  0.82253765953193070  0.83217113863182191
  0.84180501381742312  0.85244099851194832  0.86352114967543558  0.87437164972180859
  0.88420138113094993  0.89401970718324852  0.90396406090644787  0.91391921172437263
  0.92374288123632842  0.93384326731098810  0.94493280602680418  0.95678643765841676
  0.96820593976753966  0.97924946104039912  0.98979161241736169  1.00000000000000000
 -0.00211849333977180  0.00969012930186644  0.02032185858348015  0.03094580841385367
  0.04182292742240183  0.05202735327061434  0.06239532787546073  0.07281833720695183
  0.08359744649183347  0.09427526252382235  0.10527430238061278  0.11607428721612902
  0.12691270833337484  0.13793052613664014  0.14980631641387882  0.16196036695819069
  0.17313866593132865  0.18426327672581258  0.19461599217956571  0.20492091591918565
  0.21436450403189383  0.22424664454364454  0.23452429406401101  0.24533356353086097
  0.25574366795798897  0.26586710717983825  0.27582466425810592  0.28626085385883182
  0.29745619188674000  0.30891485478559633  0.31992983761307020  0.33024398576457192
  0.33999631977185818  0.34969927191790268  0.35975177343467046  0.37002695162972288
  0.38030407116797793  0.39050241048797674  0.40074957765909469  0.41095633931326597
  0.42102519226715512  0.43110172928667317  0.44154610014127954  0.45240249886514228
  0.46356176042642150  0.47479140813579057  0.48607508962640078  0.49711686613240680
  0.50767323614542259  0.51774559935529840  0.52751741016659248  0.53714163945653459
  0.54662274995737659  0.55590554027387573  0.56527318786002423  0.57477923628692384
  0.58482243737449746  0.59571808524080161  0.60681446643699211  0.61789788530731582
  0.62879370388698430  0.63984902855672199  0.65004772615077711  0.65965631366145216
  0.66910485507350936  0.67888259377267191  0.68858706384132295  0.69835435540957824
  0.70796071013849371  0.71779820926709281  0.72748697310208787  0.73757295270720191
  0.74783498107234470  0.75848678871745123  0.76926396544891107  0.78006450246625159
  0.79038904396007537  0.80040307143874512  0.81058558605688202  0.82101714543575866
  0.83150335877627102  0.84197777142706309  0.85211616645593302  0.86235685335248125
  0.87278988431520643  0.88331563179772099  0.89448905609735385  0.90667653484177191
  0.91967917807985766  0.93239067721560875  0.94419016753840213  0.95537099201247078
  0.96624392743088172  0.97697113147871684  0.98831955192713394  1.00000000000000000
 -0.00219034813869540  0.00967581289325455  0.01933295517268537  0.02951897719654963
  0.03998005406881755  0.05078696115193899  0.06209306180921698  0.07325629204344744
  0.08410531963125865  0.09501328918632861  0.10577105860943667  0.11684348217652256
  0.12752040111915902  0.13838843149723409  0.14952290030632914  0.16004711820142822
  0.17007976620995208  0.18029911448823835  0.19100335210006220  0.20232892261399726
  0.21341122902755111  0.22422222589168733  0.23482182187325309  0.24563983392663719
  0.25616277668309068  0.26656257870951727  0.27667284926282082  0.28702402801518095
  0.29764734432858109  0.30832465821641697  0.31866459737434305  0.32855034432541047
  0.33832848267134624  0.34860046395873967  0.35928875549854222  0.37034755471815406
  0.38133342077911603  0.39232505129291029  0.40322724821897776  0.41387373110319037
  0.42432066122839679  0.43473533423616051  0.44537828485398456  0.45611393860334737
  0.46674751200592351  0.47716036743158380  0.48719454459703992  0.49691060305959034
  0.50637327160659129  0.51575869471345070  0.52525781761790180  0.53495015881069452
  0.54497420777881189  0.55508046626841023  0.56567895667205670  0.57666234278005668
  0.58806555542136629  0.59981028037689477  0.61130185951413085  0.62285033184840521
  0.63449456863946396  0.64563096937590736  0.65626260707160755  0.66688240933641640
  0.67765890130829531  0.68889046842467050  0.69979447203794054  0.71062154816188983
  0.72076619244727758  0.73056829918838873  0.74048538479287007  0.75046165569514278
  0.76052315507374113  0.77080474086145812  0.78147648507157208  0.79240862179167104
  0.80323261032297322  0.81375155255929221  0.82347012101265338  0.83313445178615086
  0.84262082941338912  0.85208050131613300  0.86160243902775702  0.87152821853250739
  0.88239070861315072  0.89370866512819847  0.90484574713150678  0.91623577280052426
  0.92780950126745931  0.93928399164151244  0.94977823762172542  0.95954482926858420
  0.96937972230971614  0.97878235059904817  0.98947998056883657  1.00000000000000000
  0.01443249188872405  0.01606489370292997  0.01973591742236648  0.02370978004728572
  0.02935215186080707  0.03461010421429966  0.03997191817430215  0.04550663278035492
  0.05115585497701931  0.05691215840633068  0.06251705985404513  0.06807937125375842
  0.07347940294956490  0.07888519944549702  0.08413122247217808  0.08934403037108685
  0.09467176832747465  0.10002237445812773  0.10548764682349283  0.11169346088729494
  0.11760800835573827  0.12345990344363038  0.12905089183478119  0.13446137185029869
  0.14006078858625748  0.14581658545773896  0.15173095636442166  0.15782908214720370
  0.16397439703484398  0.17000886892314726  0.17589153083754352  0.18145555111590772
  0.18705773657818597  0.19273266807722866  0.19895577069281811  0.20536512438007365
  0.21167327071913261  0.21780004411392137  0.22389674086815126  0.23038950271680758
  0.23726629761741849  0.24418773876273342  0.25100753680521620  0.25776411378493136
  0.26457684732419084  0.27156216738904893  0.27869915599947753  0.28597628484274301
  0.29348639347589228  0.30104184680386303  0.30849423568887147  0.31594054966103774
  0.32344375468984921  0.33085283569272739  0.33796138829848948  0.34511531561972653
  0.35238384613726070  0.35993593085202069  0.36777918278744598  0.37567477428882767
  0.38385253703820243  0.39198418102446064  0.40070459820795790  0.40960644854649819
  0.41855537553725408  0.42757346803000768  0.43678532743685705  0.44608252754683569
  0.45535037875209489  0.46494077679647816  0.47468891414953773  0.48436207239448803
  0.49418556171065336  0.50443178093823438  0.51543915540886687  0.52692751536614557
  0.53838984650540744  0.55009768855062302  0.56236883482178379  0.57502162628729681
  0.58727358615962066  0.59966456891637288  0.61278163684297016  0.62654739615469712
  0.64149272881239372  0.65728570417927701  0.67368443624775454  0.69111797619843496
  0.71033411996254814  0.73135229462490758  0.75428952706006214  0.77936523711831984
  0.81004569909512136  0.84839239996069327  0.90038335472677011  1.00000000000000000
 -0.00243390595937841  0.01028474186033637  0.02098986451228143  0.03047846513493192
  0.03983356632842985  0.04905535421019082  0.05847782562956787  0.06794985490523593
  0.07776767078312082  0.08787750980488758  0.09844192893422878  0.10884515510888955
  0.11936747630963836  0.12984409198229394  0.14056553981406550  0.15126456949540679
  0.16173298983544138  0.17245739993014517  0.18354680656758160  0.19486823091934438
  0.20588741346252898  0.21657210048112840  0.22701522413013933  0.23720536834577149
  0.24740826980233482  0.25800550051756416  0.26899031043649613  0.28029440395469679
  0.29146890094582811  0.30209392201424973  0.31220763036170973  0.32249843366488995
  0.33311042215737985  0.34416824106168736  0.35529407658988127  0.36658355058150699
  0.37769745965457513  0.38881131644015354  0.39980529328847131  0.41083364596783056
  0.42150230963663188  0.43191162213539247  0.44193071858391281  0.45152241678474697
  0.46116533169134549  0.47098473949586900  0.48107874659781691  0.49155490931515944
  0.50196083265983515  0.51224493181403907  0.52223716592791403  0.53211243828324206
  0.54181414615421319  0.55138307445271761  0.56123235094211421  0.57164328747943460
  0.58277031071703511  0.59428359370333184  0.60550049559567554  0.61602012703524600
  0.62596545824213690  0.63592035661786550  0.64652465303951012  0.65698184527247816
  0.66681114475602588  0.67662910084166517  0.68643618258348593  0.69677354653882817
  0.70727929420840030  0.71921849583429553  0.73063055901569551  0.74153815551184188
  0.75248805870699187  0.76417684452073642  0.77550654072274294  0.78635074643253089
  0.79648388922905389  0.80631811905154516  0.81624904066861192  0.82704239650503086
  0.83856405941978107  0.85037568457341683  0.86230789724666390  0.87393222324471709
  0.88551413623681097  0.89682677327758131  0.90774494800140026  0.91814099209602706
  0.92854634721057017  0.93893656388560720  0.94904356711994464  0.95915935221752224
  0.96925799187571449  0.97948752347286117  0.98950111424300236  1.00000000000000000
  0.02464752244472401  0.03195707896072734  0.04087957700772143  0.05013159207291167
  0.05963049474279951  0.06890253524794304  0.07788181508175410  0.08670909600057944
  0.09577302941378650  0.10523200544090104  0.11509696595085638  0.12529960404373014
  0.13575398419164095  0.14620028636164856  0.15686058551053034  0.16752573937786000
  0.17815399594272097  0.18861452366903111  0.19877954459637603  0.20883156063757896
  0.21899570243695651  0.22925008272474579  0.23969091510288898  0.25033406913738909
  0.26101598717807534  0.27182073854755601  0.28266096219793296  0.29361358312144220
  0.30412668928513059  0.31376176921375926  0.32276471112874960  0.33168688753422787
  0.34100284565860167  0.35059354388282560  0.36028419061005551  0.37006397860345874
  0.38015649991526840  0.39077186325365071  0.40151237347057811  0.41195988771441733
  0.42219889547785572  0.43270465997702157  0.44310923782130013  0.45293175039459960
  0.46244346386529200  0.47196808412791535  0.48159721676922085  0.49101003354412875
  0.50052478380479803  0.51022924918802370  0.52036882286380737  0.53057847476390041
  0.54061544888871826  0.55038032143690196  0.56016194009824405  0.56997707863173230
  0.57982233431694497  0.58965199765962539  0.59962153222910852  0.61011783299307243
  0.62071840220274177  0.63036953636443671  0.63950187853401141  0.64844933354460710
  0.65801231492117707  0.66695024078884124  0.67644722651867484  0.68581040015615469
  0.69620717427315815  0.70707345505565211  0.71789549712215250  0.72920150441523168
  0.73976351476616997  0.75029342425139434  0.76059905996258548  0.77117117448525263
  0.78126916391626611  0.79117413348466514  0.80136769510865258  0.81186524275501237
  0.82256320303974162  0.83352969515967168  0.84466842970721279  0.85552502614841308
  0.86585931228896940  0.87627859608527603  0.88731898096182427  0.89870736326624623
  0.91048420087539628  0.92232167275246812  0.93408321136621009  0.94522529832126745
  0.95571185429725758  0.96571665265756290  0.97088011610860070  1.00000000000000000
  0.07631226039455237  0.13687826882839377  0.15605777377730770  0.17191545785825971
  0.18576500476900737  0.19761531230254170  0.20862277520083045  0.21829138715244087
  0.22822641023867393  0.23798905651981891  0.24768766703594933  0.25712556910138235
  0.26634438349149503  0.27522687389352679  0.28371280490979328  0.29201890026324012
  0.30007862632741727  0.30788640487200736  0.31569656326085849  0.32370684383201609
  0.33179649563086389  0.33970633446530157  0.34743813511992427  0.35491020798056766
  0.36192277273909168  0.36862895444058358  0.37528818334148628  0.38191805672680690
  0.38839409334192765  0.39475442107618491  0.40103075571459773  0.40741457802007081
  0.41381607403745352  0.42028135324533067  0.42664647162985508  0.43299302944208640
  0.43933932189188035  0.44560871832098997  0.45174354005968081  0.45777476007664947
  0.46383679549917883  0.47008797084362086  0.47660122964703422  0.48335180793717192
  0.48986194398704752  0.49611828158838578  0.50179302763003708  0.50743949122247678
  0.51323000011327236  0.51928395159800966  0.52562209107009350  0.53204688211521300
  0.53825454128483396  0.54426173816697554  0.54977984083962261  0.55541112261471060
  0.56115036603831159  0.56671219302528208  0.57205894841471505  0.57733108252165088
  0.58259801314293291  0.58790051334190851  0.59333021128459307  0.59872039985430414
  0.60416890164990611  0.60954306679778458  0.61489384291164839  0.62005428616566471
  0.62510488856644919  0.63024755856320769  0.63530673981863217  0.64049768040002386
  0.64567399073176523  0.65083261376550361  0.65605468451096516  0.66139500992828049
  0.66695988028169473  0.67289053943708954  0.67911819442555343  0.68523323413654735
  0.69115880696203258  0.69710518785962539  0.70293473011884622  0.70962232745792042
  0.71663945415678942  0.72374727754238044  0.73072603960658722  0.73785031663655654
  0.74571066931101071  0.75455329685857442  0.76420649088608039  0.77354230171344129
  0.78400089025961206  0.79802549784455024  0.81919379053705621  1.00000000000000000
   3.2253092867150048E-019  -1.0000000000000000     
 F F F F F F F F F F F F F F F F T F T F T F T F F F F F F F F F T F F F T F T F F F F F F F F F T F T F T F T F T F T F T F T F F F F F F F F F F F F F F F F F T F T F T F T F F F F F F F F F T F F F T F T F F F F F F F F F T F T F T F T F T F T F T F T F
  <DiscreteSampler_grid>
  grouped_processes
  1 # 1 for a reference and 2 for a running grid.
  10 # Attribute 'min_bin_probing_points' of the grid.
  1 # Attribute 'grid_mode' of the grid. 1=='default',2=='initialization'
  0.0000000000000000 # Attribute 'small_contrib_threshold' of the grid.
  0.5000000000000000 # Attribute 'damping_power' of the grid.
 # binID   n_entries weight   weight_sqr   abs_weight
    13   10   5.099189859823748E-010   5.715829989764912E-019   5.099189859823748E-010
    14   10   5.099189859823644E-010   5.715829989764679E-019   5.099189859823644E-010
    25   10   4.369193923247256E-010   3.715198145557541E-019   4.369193923247256E-010
    26   10   4.369193923245900E-010   3.715198145554659E-019   4.369193923245900E-010
  </DiscreteSampler_grid>
