  0.00000000005610984  0.00000000013654668  0.00000000019801537  0.00000000025785656
  0.00000000032177392  0.00000000038991606  0.00000000046081047  0.00000000053506477
  0.00000000061326502  0.00000000069484535  0.00000000077214615  0.00000000085296441
  0.00000000093564084  0.00000000102266135  0.00000000111698008  0.00000000121433765
  0.00000000131135104  0.00000000141353570  0.00000000151691015  0.00000000161842594
  0.00000000171905800  0.00000000182858367  0.00000000194153486  0.00000000205472675
  0.00000000216691530  0.00000000228214791  0.00000000240113084  0.00000000252352489
  0.00000000264467628  0.00000000276650976  0.00000000288562172  0.00000000301227851
  0.00000000314515358  0.00000000328159992  0.00000000341399532  0.00000000354585730
  0.00000000367494453  0.00000000380592712  0.00000000393860090  0.00000000408282764
  0.00000000422811430  0.00000000437347661  0.00000000451954963  0.00000000466615740
  0.00000000481303523  0.00000000495783431  0.00000000510524634  0.00000000525889092
  0.00000000542708535  0.00000000559497170  0.00000000576995349  0.00000000594420088
  0.00000000611258674  0.00000000628569874  0.00000000645696788  0.00000000662652393
  0.00000000680489847  0.00000000699385563  0.00000000719616871  0.00000000739995826
  0.00000000760124805  0.00000000780548616  0.00000000801563164  0.00000000822840211
  0.00000000843699731  0.00000000863711699  0.00000000883352894  0.00000000905274672
  0.00000000928113146  0.00000000951343490  0.00000000975534442  0.00000001000528590
  0.00000001025978716  0.00000001051912803  0.00000001078146207  0.00000001104276624
  0.00000001130745227  0.00000001156783980  0.00000001187310102  0.00000001222257253
  0.00000001258414127  0.00000001294959007  0.00000001331808904  0.00000001369516865
  0.00000001408738466  0.00000001453160327  0.00000001497127075  0.00000001546760203
  0.00000001604486897  0.00000001667767999  0.00000001736340671  0.00000001816175577
  0.00000001912776510  0.00000002044662256  0.00000002123331079  1.00000000000000000
  0.00941851249523371  0.01719598938619526  0.02696827103880798  0.03886420554659879
  0.04984770638814840  0.06097761021129738  0.07147039873627220  0.08210013513721989
  0.09248397924115814  0.10275061686193576  0.11315477887799134  0.12355433187288938
  0.13400446177821873  0.14377091130365119  0.15370439767554822  0.16374550418935571
  0.17376446451169925  0.18362629317869242  0.19304283152728294  0.20240002865309556
  0.21248062543540253  0.22251199764098648  0.23221522292949373  0.24191268571189534
  0.25253632134038806  0.26445551978951576  0.27601123867851440  0.28586621841917326
  0.29601259578301226  0.30601732890296374  0.31650647147873479  0.32649641717109840
  0.33649109515821879  0.34638791530973728  0.35651767022107023  0.36665712777319626
  0.37656113389164581  0.38724714533178328  0.39764267054130931  0.40850268139365759
  0.41934637968770094  0.43014598358972511  0.44107287279287050  0.45243908931733423
  0.46345861426877538  0.47422674985325014  0.48485260586387685  0.49530938776260730
  0.50568068683957601  0.51597447112478978  0.52755864323341939  0.53928441958670259
  0.55079270692364957  0.56195700165572582  0.57316289489381933  0.58408544174526200
  0.59441206524329016  0.60456266718169549  0.61425388771299716  0.62396918659117373
  0.63345028465454145  0.64326945087570830  0.65328474694660732  0.66333824558781529
  0.67353799239323464  0.68431149499897126  0.69502333339626732  0.70539234037385823
  0.71522197173122404  0.72471697371387389  0.73404708771036675  0.74349179557180001
  0.75314937454226383  0.76366974689625300  0.77370989477065355  0.78395247679400315
  0.79407561760260958  0.80415159154907156  0.81410237661146534  0.82449147673235679
  0.83465904285613435  0.84462453055067743  0.85457018367876958  0.86555740308456808
  0.87673824420375257  0.88737448343497916  0.89775546169743992  0.90803175990302321
  0.91836276979418341  0.92824518750649687  0.93840829475368004  0.94886668528432350
  0.95933252661195922  0.96965093466711594  0.97976494679205506  1.00000000000000000
 -0.00258187671874096  0.01057369411449416  0.02275975638041172  0.03487899407846506
  0.04747247665830514  0.06021133072474125  0.07202718998227570  0.08305776278622035
  0.09367522279139340  0.10464373356137688  0.11556683536399369  0.12586346465305459
  0.13668495709512299  0.14733155037732656  0.15834911450119812  0.16900954311992281
  0.18004282325892451  0.19123172083110185  0.20263324283611375  0.21397549000780486
  0.22550637845939431  0.23656909077520302  0.24762370512035281  0.25844415606008375
  0.26938091394410935  0.27986161129332005  0.29059537027949295  0.30130088899779089
  0.31190825042546350  0.32233369725411520  0.33272254065705797  0.34354310722272163
  0.35452071934849866  0.36577024690224935  0.37714082060743531  0.38860025243876439
  0.39974245674922687  0.40977425361107250  0.41990958248000509  0.42930687129924489
  0.43894542443852308  0.44884726608220699  0.45907738641773016  0.46935186284057184
  0.47976113928202191  0.49035766710694850  0.50094633426898538  0.51133345135022468
  0.52162968960126566  0.53206716424778655  0.54270865894054177  0.55358557963757438
  0.56428853271280111  0.57437151461181069  0.58419240828961017  0.59404374766077606
  0.60408931145317057  0.61402122607789389  0.62378639364182686  0.63368380635115551
  0.64367592323595912  0.65376278806759414  0.66393867400261530  0.67372395357626247
  0.68354794875703373  0.69387813204106952  0.70448567395945105  0.71504051548016834
  0.72533368194837811  0.73544478125650192  0.74545099972338169  0.75501124176335488
  0.76443961706797736  0.77414226667485575  0.78413290533103530  0.79435113700175186
  0.80488700191779117  0.81572128383877218  0.82660434460603294  0.83705969482708431
  0.84713014353699123  0.85702480661392832  0.86678539102373908  0.87656875837415582
  0.88678961323358740  0.89716951941326673  0.90766945330258675  0.91794440463221838
  0.92855183585671774  0.93902025892980401  0.94874209475880045  0.95878247068865352
  0.96931636276163280  0.98026535865090791  0.99008517860289291  1.00000000000000000
 -0.00300574553807539  0.01047642255048201  0.02211300386559338  0.03359766645599722
  0.04473081206267929  0.05533265559786633  0.06579496155560272  0.07629921356723686
  0.08696824351247266  0.09766426303665469  0.10808577073560115  0.11838630084376130
  0.12889101577726875  0.13982730128496082  0.15073351030036886  0.16175070590343754
  0.17295471847969782  0.18454649341005142  0.19548489094557803  0.20586988384914842
  0.21590729161179517  0.22594303313277708  0.23595348209801684  0.24618621886655778
  0.25662579050895157  0.26740776860098520  0.27802673230047331  0.28829320760615640
  0.29770836215373325  0.30707269596454850  0.31659753965861237  0.32693556495148013
  0.33800353783579540  0.34952006122291135  0.36053151000156564  0.37177031169812380
  0.38307200331114144  0.39424300236276089  0.40448107016983531  0.41388606931605665
  0.42283400123575049  0.43152528009753804  0.44036941281434794  0.44968152766974967
  0.45951308636043114  0.47000259447860027  0.48058389546929192  0.49089396168822541
  0.50140003197123328  0.51167459914031743  0.52182979326612533  0.53219818334120172
  0.54282911575467363  0.55371202042222400  0.56443345317477889  0.57502807439896753
  0.58557546504370384  0.59605010325775187  0.60647073893709114  0.61681333884130618
  0.62711453929317129  0.63755899814717953  0.64838124838920741  0.65898951348321788
  0.66924167186807137  0.67902340936842320  0.68876995780466599  0.69844886480839408
  0.70849475032545273  0.71884741198303204  0.72936972909165321  0.74029960463048017
  0.75123983363040225  0.76159030679763429  0.77163273071882110  0.78175673303150872
  0.79203002259139965  0.80197634283235342  0.81187404487605219  0.82310997394863672
  0.83425782017222239  0.84529714749351148  0.85607541173402990  0.86793237244705979
  0.87980456284466668  0.89169905696085494  0.90319252886358070  0.91421466273109697
  0.92508074047675670  0.93561615547946653  0.94611843654557137  0.95652358981460517
  0.96754920104070641  0.97860959143976323  0.98929248330599073  1.00000000000000000
 -0.00221687612393100  0.00940671695918930  0.01930854024161735  0.02896865123447093
  0.03910614344464650  0.04911233896440442  0.05942011697767856  0.06961199980935688
  0.08013093109388569  0.08987344760917837  0.09953841015070317  0.10873726323805637
  0.11795236515182587  0.12726243967602469  0.13677583507415453  0.14637813807174380
  0.15663593042383273  0.16678661846158305  0.17715055166408586  0.18749954111785622
  0.19861495198261941  0.21022152905486136  0.22170870272105495  0.23215943362945690
  0.24183341670532266  0.25187771513758273  0.26206250835751194  0.27252152360954529
  0.28291186757706799  0.29392058480159539  0.30501735904672961  0.31584938472597029
  0.32663775523531624  0.33742786171761457  0.34830759232676289  0.35889389848096426
  0.36947917659280355  0.37988462276211349  0.39016335527377383  0.40056762271756452
  0.41161342363256070  0.42274272175905470  0.43352987915562513  0.44375974237934634
  0.45386874282087514  0.46404366167495142  0.47443427093789681  0.48499284184625296
  0.49591872639927848  0.50685566324600617  0.51802017939710443  0.52893781837438858
  0.53964340354710927  0.55027866675473192  0.56089225139151710  0.57154251448473081
  0.58228949204826941  0.59304484249010148  0.60361794374232203  0.61452231684822345
  0.62459919248139972  0.63570506394900572  0.64632207139229281  0.65806993727491114
  0.66928300098873150  0.67964887499048099  0.68957070764242445  0.69952710985937172
  0.70992753002903264  0.72081150800222182  0.73169443895242126  0.74253698055430473
  0.75278096910444348  0.76269893176744175  0.77295144202198240  0.78379207928642880
  0.79472930653026053  0.80533727585262815  0.81583342593635211  0.82689536034135680
  0.83730626642923167  0.84728410426138268  0.85787689458535032  0.86934602050335941
  0.88028264040320936  0.89066470119581620  0.90087688547953326  0.91116048381905090
  0.92138466524819951  0.93179883854868806  0.94276327429480211  0.95397132448206179
  0.96508002915994817  0.97660156070059434  0.98806810816611945  1.00000000000000000
 -0.00252781969494017  0.01001870341270133  0.02059544352636348  0.03142947494065929
  0.04182112776233302  0.05255681477268925  0.06354078868001246  0.07472378350264364
  0.08632790575896709  0.09815521208113634  0.10952718544803233  0.12007015273389657
  0.13050016430903127  0.14122780330041632  0.15219363714036088  0.16294035545133115
  0.17317273623101589  0.18324161133982600  0.19315480968088206  0.20299264675056422
  0.21315045196473725  0.22390700893883647  0.23546532286619670  0.24698292475222353
  0.25844083299905685  0.26942011405515104  0.27984302364781943  0.29019131936887360
  0.30114529032448745  0.31165235155007570  0.32163517931791130  0.33119872027154240
  0.34181651202098901  0.35305293360593226  0.36349732432340320  0.37335955646972241
  0.38433742395793524  0.39532086480383810  0.40582553243619079  0.41629791786179871
  0.42686540728580558  0.43745920521553128  0.44811013257959331  0.45849524057057817
  0.46850013110319572  0.47808300867783643  0.48875233102970445  0.49982538922115982
  0.51060916265618006  0.52103475907350838  0.53146178208720196  0.54183617814506269
  0.55174158131242312  0.56158815024808928  0.57137738412885397  0.58138269939264198
  0.59168639437273318  0.60239281439185444  0.61309882276000394  0.62347884406027210
  0.63417363927908155  0.64485486429536820  0.65555012881125929  0.66615080210858613
  0.67729430748853414  0.68850441660584172  0.69937263240065817  0.71050465600256207
  0.72117229297879482  0.73161958957700268  0.74123393013692496  0.75144201614419881
  0.76164229019565943  0.77180018864724853  0.78184978777429637  0.79167211055069431
  0.80187790562515304  0.81217932449405672  0.82270195860808903  0.83313141874239349
  0.84362359321435765  0.85354616939435235  0.86423035779993362  0.87452327307041500
  0.88528221784372885  0.89596838580004234  0.90655502827995493  0.91770397577725393
  0.92817202123062759  0.93851117541374085  0.94865367747931417  0.95868620448676656
  0.96862358131172976  0.97852353806303072  0.98901338189704868  1.00000000000000000
  0.00375326333336789  0.11222842274568343  0.16909227570292129  0.20983226773489863
  0.24358745715572083  0.27317996002294004  0.29829740067714633  0.31958004242015742
  0.33956637328827399  0.35852733320563274  0.37592767928130361  0.39264141365901539
  0.40848492861707597  0.42394944695484355  0.43899339470250109  0.45335601412787041
  0.46644764509626552  0.47858511195905323  0.49015662262467219  0.50145045824926571
  0.51217080015197403  0.52262714601351146  0.53340322695180342  0.54403883141333920
  0.55466353760604825  0.56507244191295192  0.57537312914103089  0.58542458848674372
  0.59499639683615579  0.60415408707947227  0.61269298854758136  0.62103568988149160
  0.62952429315597425  0.63827727375808008  0.64673006912177544  0.65472435868186318
  0.66237299589873933  0.66991959967859938  0.67757585837730405  0.68526210950915334
  0.69260986228100330  0.69986871428753239  0.70709522564105109  0.71449037979105023
  0.72198004370295832  0.72956294222031559  0.73683780024818957  0.74380328394737760
  0.75035443602757135  0.75681887195081243  0.76315806557931198  0.76956705181722762
  0.77579628418565727  0.78174548717238102  0.78762015894421722  0.79362230103623399
  0.79993898027510035  0.80639665295426555  0.81249115394071025  0.81836293577246744
  0.82402287440510436  0.82965956936637308  0.83539846369167003  0.84128278348160757
  0.84736077343857041  0.85342718942932716  0.85909470944046262  0.86447327502456994
  0.86976920485334064  0.87515156586497878  0.88034104746211084  0.88543338700363972
  0.89051649864481419  0.89552479449013300  0.90032326087070114  0.90498632187079753
  0.90973417282803060  0.91436879531972282  0.91888963952103919  0.92324772425204016
  0.92750452680308504  0.93178873070088497  0.93624437397055660  0.94073074150436886
  0.94517716476934943  0.94961519530709027  0.95400094877097286  0.95831347207690809
  0.96265195930661118  0.96709947991127232  0.97165596042593405  0.97615518946735103
  0.98052475860359034  0.98418536900110964  0.98635443015831925  1.00000000000000000
 -0.00249635035400933  0.00926994301596433  0.01996824157944460  0.03043754085449947
  0.04138682695984551  0.05251116105784446  0.06342837357342017  0.07384554828201402
  0.08391220597541675  0.09423734554737614  0.10405886898305752  0.11416023078753409
  0.12396533583342285  0.13371130047733482  0.14339419818838867  0.15334526283845798
  0.16386860785029428  0.17491203834242811  0.18567277021590378  0.19663421285448515
  0.20753903740469948  0.21869272391833303  0.23008657757098216  0.24089431757978422
  0.25155326198396821  0.26178574483001793  0.27228191420861331  0.28284146445341701
  0.29283568415375166  0.30243319286658843  0.31221757038276110  0.32255942094400358
  0.33302655977444034  0.34321974653108028  0.35306511798271989  0.36287406557187257
  0.37324514558428784  0.38404570207805805  0.39498235742661530  0.40510991261078266
  0.41497461358882676  0.42509580639213068  0.43530413320771433  0.44527415332591375
  0.45503183189518154  0.46496710262384139  0.47494057067227113  0.48499760120493368
  0.49527239350186569  0.50533495574555531  0.51555655305552239  0.52577622013529368
  0.53625987260792396  0.54674794577360708  0.55729442967649756  0.56821138689742290
  0.57911310308530184  0.59021175996124675  0.60136481870923664  0.61240287654114300
  0.62299342491951604  0.63328400992747169  0.64373385634524805  0.65442511220608468
  0.66522791398442804  0.67570318718757683  0.68620698026467075  0.69723938962278076
  0.70819101354636482  0.71904235763816449  0.72962023434542633  0.74000018033075776
  0.75040610695076693  0.76090784184381000  0.77181488466899006  0.78373440945274364
  0.79537802948395320  0.80710302761852615  0.81863347211066573  0.82977410559952614
  0.84101465275193521  0.85152658719103158  0.86179944852515600  0.87148852778264108
  0.88206326755042519  0.89318444812924691  0.90453594321564190  0.91540057145847209
  0.92658395708949781  0.93799860928315193  0.94956079135474158  0.96076988199868529
  0.97119493189407347  0.98114086648480148  0.99063229163375699  1.00000000000000000
  0.02423317577289736  0.03244011252081833  0.04196178561598964  0.05169549969723435
  0.06100792847112273  0.06976745102384525  0.07848750537407161  0.08768618388792411
  0.09736264537293168  0.10735177182633915  0.11712388632072986  0.12701275070188961
  0.13725791293035208  0.14742975874791481  0.15740810774217451  0.16728300842789384
  0.17719635008120302  0.18705360757067999  0.19718397222390391  0.20777256805307293
  0.21838024200351649  0.22890454847096106  0.23943264910368822  0.25030721506156789
  0.26135776241323361  0.27220177482381647  0.28288807276339389  0.29356598723696925
  0.30402923124241232  0.31408605572886072  0.32379509358189629  0.33361055260567263
  0.34356683824172612  0.35360014734126571  0.36362930783510039  0.37374493806252723
  0.38417420153912823  0.39466228278378496  0.40516449277283012  0.41569691543053305
  0.42618206272150705  0.43683851913039057  0.44779882764390411  0.45857470452784188
  0.46900767449342884  0.47903178985421163  0.48929272558822090  0.49997499424508918
  0.51142122217914143  0.52309770312690063  0.53433002904379556  0.54546396677273212
  0.55638130128679752  0.56738968913770005  0.57801560199556723  0.58821107241458037
  0.59755471440505126  0.60688658497900261  0.61602372968511854  0.62541707201290719
  0.63522782645325737  0.64553282173718973  0.65628232065132364  0.66649757142335364
  0.67635892294353372  0.68604153569030168  0.69585787559542400  0.70597228919402155
  0.71533378432329431  0.72462271501816988  0.73363577355504039  0.74279919230232339
  0.75201021763198572  0.76070987894662123  0.76930283054463922  0.77835773577142675
  0.78786735439630684  0.79767927127910809  0.80781124070891952  0.81822596360263489
  0.82858869594214302  0.83845837211507046  0.84823479065874596  0.85833043502242012
  0.86879928192037381  0.87936060470678967  0.89057314977070701  0.90200221005562020
  0.91271719456436207  0.92283142796707751  0.93267877052283354  0.94307303847147173
  0.95409550879499927  0.96416836071867051  0.97105865362269539  1.00000000000000000
  0.09491944232987287  0.22625061381810033  0.25751197239029500  0.28202945211848834
  0.30202195434741602  0.31951538946025199  0.33578806276514200  0.35076825549304957
  0.36387446499684883  0.37604083610479161  0.38799012541238814  0.39987897537885447
  0.41148879921647513  0.42278775125220808  0.43448793965313681  0.44575434268234015
  0.45685596778708698  0.46756757000564414  0.47849702774122016  0.48908808099051104
  0.49940861411294096  0.50924695513942775  0.51903194104205008  0.52855033872217039
  0.53767031841949264  0.54648745544078736  0.55523785283566729  0.56399079374446892
  0.57267884126228985  0.58134597608544825  0.58989749316171236  0.59847278438465312
  0.60696931758274209  0.61515474402282677  0.62310848258377316  0.63073033183741145
  0.63808323974884484  0.64518378810099042  0.65200402408857983  0.65882096945620006
  0.66559870706700330  0.67226732500252484  0.67859522196130651  0.68488839231747278
  0.69098301660254680  0.69706792113755944  0.70318519609432228  0.70924632430923118
  0.71532490117483871  0.72117775064438994  0.72697664970052034  0.73262244498351770
  0.73813436757303486  0.74341599437922568  0.74843517559843287  0.75325976547879281
  0.75794696614581913  0.76277992118958382  0.76760223204350131  0.77233688104709097
  0.77689899824487829  0.78147707175650771  0.78600162641070326  0.79045640908232562
  0.79476705898508504  0.79879947726436062  0.80285299244475394  0.80697792231137677
  0.81095466763681012  0.81482021256979442  0.81849509303880552  0.82214321355770381
  0.82594870735538184  0.82961473730881730  0.83327306954917313  0.83688438556347833
  0.84044867491545738  0.84398973410421929  0.84731301239217716  0.85068034612111010
  0.85399108354707776  0.85750795969245064  0.86099381648891105  0.86424512688932886
  0.86766018383089105  0.87120108586715506  0.87484698104968073  0.87840745784654706
  0.88197067648412986  0.88587046080517717  0.89051542696229702  0.89610112879703607
  0.90166218093133943  0.90717362346219887  0.91037791237955401  1.00000000000000000
   1.4380872613667906E-020  -1.0000000000000000     
 F F F F F F F F F F F F F F F F T F T F F F T F F F F F F F F F T F T F F F T F F F F F F F F F T F T F T F T F T F T F T F T F F F F F F F F F F F F F F F F F T F T F F F T F F F F F F F F F T F T F F F T F F F F F F F F F T F T F T F T F T F T F T F T F
  <DiscreteSampler_grid>
  grouped_processes
  1 # 1 for a reference and 2 for a running grid.
  10 # Attribute 'min_bin_probing_points' of the grid.
  1 # Attribute 'grid_mode' of the grid. 1=='default',2=='initialization'
  0.0000000000000000 # Attribute 'small_contrib_threshold' of the grid.
  0.5000000000000000 # Attribute 'damping_power' of the grid.
 # binID   n_entries weight   weight_sqr   abs_weight
    13   10   1.313420714040111E-010   6.828524822914820E-020   1.313420714040111E-010
    14   10   1.313420714040235E-010   6.828524822916324E-020   1.313420714040235E-010
    25   10   1.412888857768062E-010   1.539379977749406E-019   1.412888857768062E-010
    26   10   1.412888857768046E-010   1.539379977749382E-019   1.412888857768046E-010
  </DiscreteSampler_grid>
