  0.00000000005312419  0.00000000015846739  0.00000000025917491  0.00000000034471215
  0.00000000043192467  0.00000000051206031  0.00000000058015590  0.00000000066316854
  0.00000000076192585  0.00000000086178108  0.00000000095837085  0.00000000106336539
  0.00000000118374932  0.00000000130530903  0.00000000142594683  0.00000000154584348
  0.00000000166406663  0.00000000177564609  0.00000000187554020  0.00000000197197918
  0.00000000206055603  0.00000000214761291  0.00000000223820890  0.00000000234951762
  0.00000000246338255  0.00000000257769438  0.00000000269010396  0.00000000280421944
  0.00000000292247681  0.00000000305245644  0.00000000318203475  0.00000000329488794
  0.00000000340828489  0.00000000353649835  0.00000000368046496  0.00000000382720106
  0.00000000396168038  0.00000000416710943  0.00000000437943416  0.00000000455858309
  0.00000000471359339  0.00000000486259058  0.00000000500330070  0.00000000512724377
  0.00000000524897998  0.00000000536727119  0.00000000548282157  0.00000000560770681
  0.00000000576069503  0.00000000594953351  0.00000000614083715  0.00000000631730547
  0.00000000648690197  0.00000000666055086  0.00000000684164700  0.00000000703898754
  0.00000000723667661  0.00000000743709750  0.00000000759845812  0.00000000776040701
  0.00000000791016385  0.00000000805867661  0.00000000821813145  0.00000000838882374
  0.00000000856731627  0.00000000873785311  0.00000000891555823  0.00000000913214196
  0.00000000937338050  0.00000000960833363  0.00000000984818289  0.00000001009294357
  0.00000001030733131  0.00000001050938228  0.00000001071233041  0.00000001091602478
  0.00000001115823517  0.00000001141074918  0.00000001167270360  0.00000001194775519
  0.00000001224343949  0.00000001254764716  0.00000001285302164  0.00000001322288727
  0.00000001360459858  0.00000001398148565  0.00000001438777373  0.00000001484741295
  0.00000001535038484  0.00000001597576342  0.00000001669712389  0.00000001754691233
  0.00000001866055993  0.00000002023514511  0.00000002133205632  1.00000000000000000
  0.00994785566150204  0.01553771493236525  0.02313060430182763  0.03341228568098310
  0.04658557831898037  0.06108960135668323  0.07535138946718829  0.08624598678266904
  0.09577173754501139  0.10515299363203703  0.11519163001689728  0.12786840793959431
  0.14226980750437412  0.15660916753108300  0.17069110534750995  0.18399906315709730
  0.19712143516499098  0.21031184094036381  0.22327533556744664  0.23520409034591744
  0.24605134497152051  0.25702498957468578  0.26808168853124409  0.28060814956205149
  0.29470526542414255  0.30847749730362922  0.32078234591354565  0.33157856761805521
  0.34212735556698370  0.35320908287834202  0.36532762866903906  0.37783549033515901
  0.38991434869529673  0.40223975924128508  0.41450460753263280  0.42355284041449975
  0.43058767494796241  0.43873155710460343  0.44619229707341773  0.45260509419560518
  0.45918149478880160  0.46570275375423964  0.47248147351536424  0.47996468353553778
  0.48841053020685898  0.49715025510010247  0.50608265567860977  0.51537125948763152
  0.52461254150481296  0.53381165837069344  0.54210265684570325  0.55220705929531666
  0.56276058232195525  0.57408479010613300  0.58700576694908069  0.60048458879160105
  0.61148504317158847  0.62236068896718866  0.63255535374470162  0.64363421804516663
  0.65465103927875667  0.66460498711512228  0.67469795070611871  0.68493652327032883
  0.69481720628484500  0.70440857026680082  0.71312613376905243  0.72220902618360427
  0.73268353235412209  0.74336763582637155  0.75384520258359777  0.76464227218475467
  0.77340504435410662  0.78083694210363586  0.78864890607102534  0.79738541787479855
  0.80608986752819567  0.81362237279373650  0.82044423437417568  0.82782753535784814
  0.83661168329145219  0.84635468027809890  0.85556647518685103  0.86481755935685345
  0.87391296002114616  0.88537346395789329  0.89833254071298740  0.91011647439359511
  0.92087899211387758  0.93128382842448909  0.94176283049981591  0.95267908950091895
  0.96143232806608814  0.97264445079586959  0.98606627968096638  1.00000000000000000
 -0.00001645596685861  0.00073226978303009  0.00309584069007798  0.00649435264521833
  0.01092925863323768  0.01552485636260378  0.02099233531848652  0.02758514384736535
  0.03421554060818877  0.04088392762570973  0.04810016840066249  0.05540331973497496
  0.06251975246898284  0.07020568167649728  0.07833463991597366  0.08654343418716001
  0.09522505519113822  0.10398526134188996  0.11238790600195903  0.12046528285775331
  0.12812800057641496  0.13538891164205111  0.14304569531820965  0.15100017136440302
  0.15953270610707146  0.16858014054636264  0.17779850843766182  0.18686796120968274
  0.19670174261284487  0.20881725147420824  0.22204507069359927  0.23486962819973908
  0.24731191566480648  0.25942000539306576  0.27141876554670663  0.28350792236628863
  0.29555943506755150  0.30796685636445736  0.31994979829714326  0.33244136665408436
  0.34510814566838310  0.35765597387042275  0.36938531171460248  0.37986494246747110
  0.39020371102998741  0.40118371875877423  0.41279544883706420  0.42414838203619132
  0.43474340831683700  0.44548206840831628  0.46009300524467855  0.47266230489887368
  0.48532696311363538  0.49843748939995125  0.51114941533413882  0.52299224762393615
  0.53324158561792101  0.54314315622862952  0.55280596553657568  0.56172821822862873
  0.57135206366877134  0.58161500600307026  0.59282852237741646  0.60504542772633474
  0.61701086995407906  0.62847480956722168  0.64007180028727717  0.65156532647483545
  0.66396372072424958  0.67602574189393971  0.68893602441353252  0.70093710370829798
  0.71322670241859842  0.72546587639020865  0.73785975546860960  0.75075618693021018
  0.76387526912006931  0.77663266030758527  0.78856682590444460  0.79981886200538799
  0.81160782285556254  0.82391602679404941  0.83586240304478132  0.84741833394406862
  0.85913607382806656  0.87183234218881867  0.88582075545063499  0.90039173824895324
  0.91387153211822625  0.92459564790456172  0.93561054285731760  0.94656645185909871
  0.95776796053872226  0.97010874841926442  0.98393698038713728  1.00000000000000000
 -0.00382096422608206  0.01200752821917333  0.02556422635153639  0.03879821284950885
  0.05145870856914227  0.06317664668033243  0.07453183672446757  0.08640321581714723
  0.09706934003783016  0.10838783650241143  0.11970389756289769  0.12936357527924131
  0.13844581958391006  0.14689987859609091  0.15586699255294431  0.16395174832225723
  0.17265045296608694  0.18241427281761349  0.19274200632001326  0.20470333420991760
  0.21768075270522086  0.23028713164106446  0.24136644612831776  0.25108138410528952
  0.26072306800549711  0.27128439077288868  0.28317415860246536  0.29503722635104834
  0.30502543574706120  0.31376847231484484  0.32374795959070257  0.33440806515784538
  0.34452599456907057  0.35487805195458194  0.36517202723848952  0.37578243732987576
  0.38600137278190139  0.39587147848170945  0.40511621519708357  0.41397998637384748
  0.42298956794933684  0.43350469354676546  0.44626758185959825  0.45840590078121995
  0.47226431922688394  0.48571139884021475  0.49818382889538193  0.51147561250093443
  0.52573246659314410  0.53997599857613576  0.55419388061890651  0.56765334673429579
  0.58109969966688380  0.59546130975156730  0.60890682773457872  0.62119881103699126
  0.63167012778762022  0.64066960981107057  0.64935703810922474  0.65799275713828875
  0.66696325924696753  0.67628538513751102  0.68545973419400741  0.69232078043692435
  0.69824899138341134  0.70472876140409146  0.71193978857175866  0.71878138221494858
  0.72512923485323877  0.73132378150033051  0.73784166112603256  0.74499747982660980
  0.75197315354083683  0.76117404714678660  0.77026996503819922  0.78124099863128948
  0.79381737184699452  0.80540107602824573  0.81634354659212949  0.82556442061236168
  0.83548100946469939  0.84636749294822922  0.85766267783083339  0.86955652909378967
  0.87973974226484986  0.88902619888757906  0.89837918155491581  0.90843383273967138
  0.91995758274872819  0.93053865398292901  0.94134051760898763  0.95295393686057217
  0.96398470296497563  0.97525035739805899  0.98715991182901686  1.00000000000000000
 -0.00411942372321073  0.01039634236924560  0.02326482110634657  0.03583455555591181
  0.04944826421982086  0.06115630165706025  0.07226717307747930  0.08338985624682825
  0.09421176210651042  0.10459650806368824  0.11368618793968861  0.12252042294215561
  0.13155912880488696  0.14022364311872582  0.14922557971828695  0.15788513778720337
  0.16643013245166915  0.17498942877817830  0.18366146782115880  0.19409858749673384
  0.20591007768320818  0.21700701108454029  0.22716037794532043  0.23696462477962354
  0.24665089106986526  0.25706329595235083  0.26858202488568367  0.27987920026612745
  0.28925031411842439  0.29775062802456531  0.30681534206360922  0.31698963473340352
  0.32904200347241480  0.34376223366369257  0.35746569216280483  0.37013427595799875
  0.38002466858104994  0.38746989949830046  0.39562011172321171  0.40449493293215000
  0.41426445383595911  0.42345523451177075  0.42972086330754472  0.43619840555085460
  0.44545591085050429  0.45585695651884234  0.46589498868867674  0.47687359198233331
  0.48852761910907394  0.49990797374735285  0.50942134624376390  0.51820247771156847
  0.52657918608721732  0.53426148432191356  0.54147388897140858  0.55001913344240239
  0.55747371024673975  0.56774125389790242  0.58062406289586799  0.59440558251691333
  0.60844713739527412  0.62271379739786059  0.63604917568288988  0.64652290371739907
  0.65457119222421423  0.66126983132780326  0.66883693148711332  0.67708282847072365
  0.68642947314257008  0.69506480257577730  0.70196682122736020  0.71207973067347197
  0.72585222730872268  0.74012103229885129  0.75347604586137318  0.76586327076331295
  0.77646344438505943  0.78637293513266227  0.79619539116337579  0.80622196047345651
  0.81668351573775577  0.82666708808796374  0.83659184899583316  0.84614770177624887
  0.85672595091719994  0.86826976864406147  0.87962452850749751  0.89074738626796279
  0.90268746007143363  0.91760227297735364  0.93153908733536006  0.94493572610296095
  0.95825073035338648  0.97198461745197040  0.98625129342161044  1.00000000000000000
 -0.00380005246096501  0.01333215399109011  0.02843454465060366  0.04341324879518495
  0.05629751574138935  0.06730152705953092  0.07726254905273700  0.08681063883679940
  0.09728823150506687  0.10779943875833134  0.11781813311067342  0.12949656398978662
  0.14217697340899199  0.15603973960433784  0.16854321570212202  0.18008188850507259
  0.19245775033375068  0.20544319608527381  0.21755245814520593  0.22801792857456504
  0.23777177558857979  0.24731951381202863  0.25680263140640769  0.26643096828445079
  0.27657870541128493  0.28830512530173963  0.30256572808646964  0.31755662391035017
  0.33152947162320606  0.34439046919024491  0.35673974444016571  0.36813815042260972
  0.37888619855725991  0.38923013933887973  0.39930395637578148  0.40709763828881640
  0.41431899407258466  0.42158509910815278  0.42958192277538154  0.43732598299659964
  0.44466796076750753  0.45153036592691331  0.45773813808588565  0.46918508482377491
  0.47934424008180965  0.48786850774485702  0.49549985829015269  0.50323918960711445
  0.51188833700280978  0.52073454352870030  0.52863536579828230  0.53569132755234483
  0.54246662340521179  0.55225208110324575  0.56361202357877249  0.57550987825556021
  0.58800127258264934  0.60014851663667679  0.61150984949962572  0.62299669729626261
  0.63446723185640441  0.64578548339412778  0.65762749859883407  0.66950724650423699
  0.68084965834300393  0.69264182315810152  0.70402773404826957  0.71307540330184449
  0.72243956650087515  0.73292494571429967  0.74553060812829774  0.75921627571954475
  0.77148741802257981  0.78299724736789011  0.79428939664333420  0.80580136353223930
  0.81802983309155741  0.83074220896642914  0.84305318968544729  0.85301954139801350
  0.86058740621733998  0.86795333795644158  0.87549756099498088  0.88329739734938195
  0.89117373346933781  0.89939692490141687  0.90773107233985895  0.91592955529128939
  0.92309626955173674  0.93012222238002507  0.93810150320469843  0.94916538620897695
  0.96116790008232955  0.97343609071679549  0.98701024348150335  1.00000000000000000
  0.00743959192019509  0.01775118434803668  0.02484343530749062  0.03054402933094522
  0.03621826923957094  0.04225294874043775  0.04807552621213738  0.05328561544469519
  0.05940028039286874  0.06559763062368551  0.07181334956217392  0.07802069487825512
  0.08411558407960357  0.09024671825866529  0.09646110115364986  0.10166532370330608
  0.10562743388711945  0.10931336288756269  0.11316476243762078  0.11739207010292396
  0.12156881064706886  0.12565227514486399  0.13016305294737815  0.13446296299084315
  0.13896195920600138  0.14304583725779785  0.14704386151765403  0.15118451899777385
  0.15535075016472560  0.15947400183767427  0.16291661467288798  0.16707024046845489
  0.17230707043560531  0.17754750482069909  0.18287710807903676  0.18821393283085625
  0.19302395267250999  0.19771081502876370  0.20294561157850213  0.20936517050301251
  0.21690970851346844  0.22511782968498115  0.23317645694118816  0.24108795886362214
  0.24877300555633167  0.25535959741075348  0.26071636225992834  0.26609814164615953
  0.27145958625000816  0.27745598286459083  0.28430941637660412  0.29170876915501676
  0.29763095814726892  0.30375947617204602  0.30975219990321767  0.31591011836664579
  0.32255145757319942  0.32947710453980700  0.33639414465415973  0.34312102435813085
  0.35021540198026591  0.35826681595449372  0.36719593195263456  0.37593526793789334
  0.38391558962452055  0.39196673861666975  0.40094545049491204  0.41095591475357957
  0.42058903521191976  0.43041592902539294  0.44080857374068488  0.45167419301418127
  0.46164446140529281  0.47093051556771148  0.48055172377269051  0.49098303045442004
  0.50182222109465746  0.51363572768497090  0.52682798130446384  0.54376538772335492
  0.55991992974116067  0.57404201860398008  0.58674327300659990  0.60024886690222268
  0.61471449556873070  0.63288891178633455  0.65114622867688454  0.66992116962794035
  0.69287796720609562  0.72137655514309051  0.75054474371743218  0.77437349729267302
  0.79758118839926162  0.83678869738954764  0.90218752345122644  1.00000000000000000
 -0.00200607186185500  0.00821651607504676  0.01908298772605934  0.02832992831027788
  0.03658883656153870  0.04583012644694508  0.05638785887227856  0.06716255730424478
  0.07784198425411429  0.08831475867102874  0.10022932970747585  0.11187114901343843
  0.12322957427635343  0.13525777958097554  0.14783789824094209  0.16095076883408196
  0.17465339239990341  0.18810923419880704  0.20183958695003412  0.21466468585442763
  0.22950175102822631  0.24168368561014991  0.25403587976129971  0.26594132104703749
  0.27718423722729107  0.28922876365756378  0.30305845068344450  0.31642776544741413
  0.33010644068649220  0.34504784880340433  0.35919539780418086  0.37187114010735201
  0.38328681609161125  0.39381903609936114  0.40424692223642916  0.41445845387347841
  0.42385451570588623  0.43273080374398570  0.44190481620914668  0.45129292735429877
  0.46168733381723570  0.47189224697865506  0.48208549977555493  0.49369815010908091
  0.50580810572435653  0.51659738508412623  0.52952525450466470  0.54320362319970039
  0.55597095635732108  0.56589390351579549  0.57653551240323420  0.58729933000684642
  0.59833704405160937  0.60963453469032169  0.62013466670167183  0.62955579635240266
  0.63919683913532921  0.64861302864466630  0.66001672891202390  0.67105934598733152
  0.68397907272469927  0.69528455020705227  0.70527708516614163  0.71389753282863055
  0.72266224736725793  0.73171032886673892  0.74273167823025998  0.75375173830630537
  0.76449990064308349  0.77661062310771434  0.78976062294129568  0.79877259296707714
  0.80662694532625290  0.81504942267070135  0.82357172700570014  0.83211675355167380
  0.84042168524346628  0.84943616546122991  0.86063440206544950  0.87111865778829756
  0.87870101469605111  0.88469785339979012  0.89164708128746828  0.89992903926112078
  0.90778393309114846  0.91586451739200314  0.92315238555788248  0.92993827736355916
  0.93696955374696889  0.94511547626542969  0.95434799932041081  0.96257971109168583
  0.97070794308176922  0.98004795037317238  0.99048315018307465  1.00000000000000000
  0.64749682185039448  0.67677310729965190  0.70651836409121649  0.73671465751829601
  0.76619332650303384  0.79182664009782067  0.81182441687605911  0.83093946816695341
  0.84637171633609898  0.85924096544488371  0.86969579630181471  0.88009165008964607
  0.89008803002758630  0.89971975205849797  0.90814399951661695  0.91533854931802439
  0.92067472555088126  0.92486489026380325  0.92893135799380744  0.93297391500264826
  0.93690313368331546  0.93952419017039301  0.94165733091554005  0.94346065057951822
  0.94519775191125976  0.94691370874136038  0.94855787327510965  0.95013294370706980
  0.95173848776484293  0.95310832107751653  0.95420208324299949  0.95520640440512172
  0.95618816105126547  0.95715155461701518  0.95807974817755404  0.95882892130921271
  0.95948201554296153  0.96006553386258542  0.96066970880176283  0.96129534037619691
  0.96188945353314392  0.96243932445403069  0.96299044169958825  0.96352722845764172
  0.96404776374342072  0.96454776779167906  0.96503083830726522  0.96548680064762460
  0.96590615605116648  0.96630394834752831  0.96668563762105730  0.96706231302050005
  0.96742749524326943  0.96777771853483552  0.96812802225659467  0.96848471533845459
  0.96881522033789025  0.96910812310662120  0.96936927990925348  0.96963454346306943
  0.96995029980931247  0.97080806330906855  0.98197220131589213  0.98221948083161315
  0.98240013273544469  0.98255149192237912  0.98269584970180923  0.98283452716893360
  0.98298978972310225  0.98316048180264648  0.98334518141468863  0.98354297556526971
  0.98375575453792208  0.98396121918399237  0.98417740494589223  0.98441446145722900
  0.98465330248176808  0.98488245172667799  0.98517913283298464  0.98549468432267884
  0.98583787804001721  0.98623986750214010  0.98667186204035406  0.98715162766682463
  0.98770665159342674  0.98831295223926208  0.98895874511337367  0.98962929798480703
  0.99033587745377716  0.99112147392229888  0.99201724719320350  0.99306891647224693
  0.99429377778649874  0.99573475583694082  0.99752184353120665  1.00000000000000000
  0.08964586138357412  0.13990686549798753  0.15386923513383477  0.16568833234377986
  0.17444704768021965  0.18382089299421178  0.19194442557685507  0.19947012240862363
  0.20433084992234596  0.21367359930712382  0.22997351874085983  0.24392580826693003
  0.25684151014170381  0.26865259491005111  0.27929699520778883  0.28985202288536221
  0.30086575925070697  0.31212246625565476  0.32291023406793268  0.33351206373289854
  0.34405202539147289  0.35448713833935336  0.36523797086168092  0.37740976095223605
  0.38833980473496749  0.39816694980727929  0.40740208017068302  0.41539587918333953
  0.42272516811199923  0.42917651543960095  0.43494357231304714  0.44099949730372479
  0.44599875543913747  0.45073568164428518  0.45591068061890960  0.46100459827793139
  0.46666317258258494  0.47307684212496559  0.47970236951359735  0.48705027964304370
  0.49467390458362182  0.50213810920568314  0.50841163136097511  0.51463167726744175
  0.52073307229452515  0.52664848811231457  0.53272657886950647  0.53911291605620659
  0.54509235846736193  0.55087705367493967  0.55661458148832665  0.56233395968915734
  0.56813791703222427  0.57391347954811245  0.57949520066616289  0.58492104914527765
  0.59014141654791130  0.59497667442917801  0.60000386528464866  0.60543802366161625
  0.61081754183928894  0.61606772636465934  0.62129454331535960  0.62670242297678302
  0.63248514144602974  0.63871675042994791  0.64490916874580329  0.65061390752066317
  0.65590773873061725  0.66070844830076592  0.66513600791632632  0.66950558497993151
  0.67300765996295342  0.67750209787794313  0.68157276935300515  0.68536083000431269
  0.68946997973311308  0.69362495696967008  0.69777743587903585  0.70254641465507084
  0.70788180465558470  0.71338912271936650  0.71900687948974751  0.72379262373079389
  0.72887409013666138  0.73432043880857767  0.74144825941021275  0.74873494915795802
  0.75604182423120347  0.76296889484188035  0.77415219852211248  0.78981598150786814
  0.80941249087843081  0.83659003089574968  0.96934592788943907  1.00000000000000000
   1.9654725894262649E-023  -1.0000000000000000     
 T F F F T F T F F F F F F F F F T F T F T F T F F F F F F F F F T F T F T F T F T F T F T F T F T F T F T F T F T F T F T F T F T F F F T F T F F F F F F F F F T F T F T F T F F F F F F F F F T F T F T F T F T F T F T F T F T F T F T F T F T F T F T F T F
  <DiscreteSampler_grid>
  grouped_processes
  1 # 1 for a reference and 2 for a running grid.
  10 # Attribute 'min_bin_probing_points' of the grid.
  1 # Attribute 'grid_mode' of the grid. 1=='default',2=='initialization'
  0.0000000000000000 # Attribute 'small_contrib_threshold' of the grid.
  0.5000000000000000 # Attribute 'damping_power' of the grid.
 # binID   n_entries weight   weight_sqr   abs_weight
    13   10   4.266037550490427E-016   3.952305342659756E-031   4.266037550490427E-016
    14   10   4.266037550490419E-016   3.952305342659738E-031   4.266037550490419E-016
    25   10   1.590208556746897E-015   8.797617666140096E-030   1.590208556746897E-015
    26   10   1.590208556746934E-015   8.797617666140353E-030   1.590208556746934E-015
  </DiscreteSampler_grid>
