  0.00000000022616122  0.00000000065281375  0.00000000098214998  0.00000000125769005
  0.00000000149039410  0.00000000169319251  0.00000000189813347  0.00000000210203954
  0.00000000228512095  0.00000000244352263  0.00000000259778470  0.00000000278733701
  0.00000000298151002  0.00000000314536436  0.00000000329630424  0.00000000342698435
  0.00000000355097929  0.00000000369760261  0.00000000387685443  0.00000000401950759
  0.00000000415666924  0.00000000431268075  0.00000000443805252  0.00000000455196501
  0.00000000468210017  0.00000000482150448  0.00000000494267062  0.00000000508727740
  0.00000000523304398  0.00000000540159632  0.00000000555512897  0.00000000569797695
  0.00000000584866487  0.00000000600740897  0.00000000617110979  0.00000000631362639
  0.00000000644717007  0.00000000658487620  0.00000000672980152  0.00000000687996698
  0.00000000703470319  0.00000000719352453  0.00000000736122216  0.00000000754798419
  0.00000000774434527  0.00000000794991693  0.00000000817089724  0.00000000834647143
  0.00000000852044252  0.00000000869785085  0.00000000890045903  0.00000000911964241
  0.00000000930450600  0.00000000946650242  0.00000000964039907  0.00000000983424855
  0.00000001005729058  0.00000001032606401  0.00000001054577649  0.00000001077267353
  0.00000001091283267  0.00000001099916815  0.00000001110056668  0.00000001119654765
  0.00000001129357444  0.00000001139145004  0.00000001150097635  0.00000001160635065
  0.00000001171149683  0.00000001181389091  0.00000001195517898  0.00000001209399320
  0.00000001222703103  0.00000001238979193  0.00000001255977786  0.00000001273696310
  0.00000001302730378  0.00000001335390539  0.00000001369357650  0.00000001401311308
  0.00000001430564163  0.00000001459752377  0.00000001488551400  0.00000001520398698
  0.00000001556141996  0.00000001597887682  0.00000001646700062  0.00000001710474816
  0.00000001773862437  0.00000001840800440  0.00000001914946400  0.00000001991567958
  0.00000002089448782  0.00000002274415195  0.00000002367630409  1.00000000000000000
  0.00914140005756374  0.01804813227513365  0.02874005444593107  0.03970955220274914
  0.04733585988993928  0.05578102845852888  0.06521853276955657  0.07370595515731872
  0.08043944827169633  0.08622360617340237  0.09219666541240149  0.09987611247862177
  0.11937445294912667  0.13139162874817142  0.13986411718554281  0.14878317499595048
  0.15778047573619317  0.16514356347541964  0.17265357789026392  0.18132204606708963
  0.19467188643952457  0.20801936783685065  0.21910640498907250  0.23002583503553187
  0.24187328811334546  0.25477572579294877  0.26895047876000633  0.28433673642158064
  0.29812217670632563  0.30251361708542379  0.30727722506682487  0.31240616659866199
  0.31591165509659502  0.31940321039449510  0.32284071489311095  0.32649131988659047
  0.33190031735847292  0.33769991065681187  0.34304574035153274  0.35401397449988842
  0.36822991766599295  0.38342151590093088  0.39543949651176996  0.40183421336200759
  0.40713505527433808  0.41284967773601450  0.42050165037406467  0.42783096204147270
  0.43490634243944148  0.44157234781447674  0.44833509206863414  0.45810996857975156
  0.47232146563579119  0.48994448153727332  0.50718855755853631  0.52111957218853400
  0.53690210979009834  0.55051986904156269  0.56189405153582928  0.57188626620131855
  0.58190541476846858  0.59208214553304039  0.60243748781388529  0.61283599063425576
  0.62189581474079092  0.63053972481447618  0.63968436083066293  0.64885702186801575
  0.65871663468210007  0.66776514919675378  0.67623523531227014  0.68432037936667034
  0.69343385995428153  0.70338750418447593  0.71239440131956822  0.72016804857958339
  0.72731619868905084  0.73809762086988395  0.75206421404961299  0.76671430950278907
  0.78125494038114229  0.79572222948853621  0.81106028287582710  0.82688636366838686
  0.84320295964764136  0.85823737916340725  0.87292850165270841  0.88412936309751511
  0.89441135754545653  0.90529297340258552  0.91813849845946471  0.93374723539034166
  0.95054938218224594  0.96705970219887882  0.98348931964908681  1.00000000000000000
 -0.00000016109767248  0.00009166273107729  0.00064427586043476  0.00226363991334084
  0.00382941157558776  0.00576507134611211  0.00866700556140456  0.01285816673090374
  0.01717838113767844  0.02135015919821663  0.02752391514441607  0.03702668361044033
  0.04607339249340042  0.05240648459106088  0.05828842332755368  0.06434083377913287
  0.07050600308106142  0.07743807163427636  0.08411813454065002  0.09218550268568591
  0.09911807601951401  0.10770244797131290  0.11651382396070187  0.12580298433630432
  0.13566932935620207  0.14635404586807096  0.15817462724721440  0.16764185163173076
  0.17475644867748516  0.18188706056497528  0.18861633936160432  0.19723528707236215
  0.20716373795497400  0.21683775499487276  0.22542843802745990  0.23194594243403208
  0.23815544242568815  0.24448635983769579  0.25108355943289645  0.25843023311090457
  0.26748543412655085  0.27623110355281066  0.28481459676043397  0.29338434907407474
  0.30451387278845776  0.31647860148847806  0.33159898502155111  0.34780368932866396
  0.36453458134641137  0.38043967782740140  0.39607073331117248  0.41271176304768759
  0.42916840412331053  0.44331698783525608  0.45696580575783485  0.46854165932739000
  0.48040451064800876  0.49215250474715871  0.50400628520322088  0.51723077169174403
  0.53041568140128148  0.54310633262973762  0.55430175248307623  0.56600723747240089
  0.57822116273360047  0.59113030915963016  0.60492832098449156  0.61913734504529805
  0.63371135113213672  0.64861622883960868  0.66494779303005858  0.68216988141655466
  0.70097373871478852  0.72223284744322513  0.74325005456042403  0.76237156832397723
  0.77848372302492619  0.79270788285797289  0.80373313914208433  0.81133248860623930
  0.82063371138653485  0.82939118807829892  0.83790751073924408  0.84643533727614007
  0.85471656995553225  0.86270597351347322  0.87072501298102101  0.87890148035418236
  0.89033682382571844  0.90432759313032041  0.91918678454558311  0.93468812525321843
  0.95031692227204478  0.96891516013246515  0.98452288069852112  1.00000000000000000
 -0.00506981003579881  0.01448053896192381  0.03149557349165850  0.04658877036053374
  0.06024323445324402  0.07129999561834664  0.08208466447946006  0.09473293538732286
  0.10551660389627597  0.11445742562094667  0.12616915780081187  0.13945348982448147
  0.15094120435177805  0.15881280306045154  0.16561628606183512  0.17220153981197503
  0.18011606958958143  0.18743128752063951  0.19329715163763397  0.19924151714195520
  0.20715269515534473  0.21574205328760146  0.22414855269956374  0.22742482983873150
  0.23025078697561319  0.23543595390914038  0.24142468883335383  0.24757707494081704
  0.25213670839973779  0.25901938090191312  0.26938248537609694  0.28139726893957484
  0.29283988395678751  0.30212075493908064  0.31074251795851593  0.32044467001316346
  0.33335101573820103  0.34815204339931677  0.36243936605600002  0.37786508476153580
  0.39583923845774044  0.41428661217905077  0.42679281776813355  0.43653329541135016
  0.44690649203496752  0.45752219942698974  0.46935828810141539  0.48237617180825015
  0.49560392157019939  0.50805476453002218  0.51945138154708903  0.53171097235205089
  0.54480204627421247  0.56116335829706154  0.57395382733206934  0.58537493592436418
  0.59551266019058824  0.60355740412813530  0.61241420026139781  0.62201661343367864
  0.63082557677310125  0.63989111274221722  0.65100201939812619  0.66253111180607493
  0.67573337768927699  0.68782086867683656  0.69793312682207365  0.70769256147214454
  0.71706142678346352  0.72561432796448577  0.73265501286118284  0.73826687098314603
  0.74445425749489402  0.75161159113817788  0.76130008328082333  0.76990808111062847
  0.77673103385883147  0.78307500181147760  0.79040852248042215  0.80649794127872498
  0.82383439217383780  0.83646029840275660  0.84772058719631649  0.85903390907617627
  0.86984752988436509  0.88004790582762793  0.89071294413606616  0.90177793838800624
  0.91596601442034464  0.92747748356659065  0.93714718465201841  0.94560667696941991
  0.95469879627593646  0.96698023831640567  0.98282445936026464  1.00000000000000000
 -0.00540470955042629  0.01468167194261497  0.02975757244208747  0.04067814833249009
  0.05065315063152118  0.06020364692998133  0.07057685242253761  0.08050040900477218
  0.08846945118179154  0.09639291041385292  0.10551000030625532  0.11425061284134579
  0.12327684087416953  0.13197805721305422  0.13808210030978033  0.14120889769567760
  0.14516617277863544  0.14939602342443303  0.15472032549984940  0.16116927370105769
  0.17453529456789416  0.19095614190809029  0.20672315811819927  0.22062985293652199
  0.23763909194090202  0.25848277458332591  0.27851027175257914  0.29338135183599207
  0.30757405009448568  0.32256491082867883  0.33915985964449880  0.35746441922749717
  0.37101010783820038  0.38357510655985944  0.39491674315345277  0.40566349591357487
  0.41903794159002233  0.43330941631695064  0.44635427622531271  0.45895432695515581
  0.46919209112851923  0.48121287384047434  0.49280290021211670  0.50347275144865633
  0.51325826051262724  0.52620846437747204  0.54183419657207221  0.54987963222012859
  0.55590219036939070  0.56219435298086906  0.56940176017848798  0.57683138782616183
  0.58447705813688744  0.59184350257036089  0.59863723127467727  0.60686771126332462
  0.61675201362702503  0.62783522396708902  0.63955023415594137  0.65066625237236619
  0.66356587806632072  0.67711582737444542  0.68920522505800674  0.69878072546924441
  0.70870175515034672  0.71900504095545725  0.72784995904932681  0.73609751236948817
  0.74526215107652471  0.75545801006506941  0.76554200502130720  0.77516938154707238
  0.78540865599163268  0.79745407603816509  0.80949330248083173  0.81918357800821040
  0.82670547708611763  0.83368917823424282  0.83992008152171016  0.84646884581376070
  0.85357199788181026  0.86065873138704707  0.86713541232549807  0.87504204597178181
  0.88361550861865368  0.89282884164802456  0.90110793891894481  0.90957140370764922
  0.91917939337340671  0.93006330100598733  0.94125850369281139  0.95065690973858175
  0.95957456468649549  0.97010967903545964  0.98317874635635549  1.00000000000000000
 -0.00375332643221832  0.01401422698492135  0.03204883145641279  0.04963268874505145
  0.06066486530668838  0.06585068477587067  0.07097054112257173  0.07639877220638520
  0.08159248706190145  0.08645960097967424  0.09012621156133806  0.09414109725678750
  0.10301208271645264  0.11363175818917261  0.12555700957261690  0.13615013782959792
  0.14262253595500324  0.14867572430114234  0.15490270766758799  0.16412106338820848
  0.17262008281689878  0.18024298819060164  0.18624516828631940  0.19397253587819563
  0.20184115479663767  0.21160777006895051  0.22152457146536852  0.23243989013495217
  0.24274378124236262  0.25096485597704854  0.25741124508623536  0.26321921409770732
  0.26972117630357539  0.27714144652704442  0.28573980487026390  0.29216271378300485
  0.29743548878844528  0.30317364161391980  0.31134301202971765  0.32132297061808335
  0.33241620158729884  0.34357847866688079  0.35136374935746162  0.35904338313759177
  0.36682774455693817  0.37741214518565080  0.39152088724825057  0.40545810319149977
  0.41841141902837053  0.43031071735174886  0.44426444566240719  0.46021400375829119
  0.47586304107285055  0.49133833193161136  0.50751419042355406  0.52344942675749606
  0.53659004837366975  0.54514386857295760  0.55135831005687763  0.55900908575269581
  0.56811646252875669  0.58044233628834263  0.59158502474362595  0.60082184193277266
  0.61301821322765149  0.62729836866254940  0.64251559552427595  0.65781705315984695
  0.67604465816931647  0.69452637149733465  0.70895043074975606  0.71932845408433976
  0.72933739979762446  0.73933602352338001  0.74920176459223886  0.75807237744377742
  0.76617383521516369  0.77804474619852360  0.79462417964736320  0.80832936156163138
  0.82123001375617777  0.83360834377668835  0.84901632661411597  0.86206006476474817
  0.87440802490208391  0.88570937309095310  0.89949672178483042  0.91496704189844458
  0.92950591390264903  0.94399752300683371  0.95753850979940702  0.96817921954585340
  0.97703186936361719  0.98523291778472055  0.99295133845254080  1.00000000000000000
  0.01479542626308088  0.09487412999044416  0.13868235011006103  0.17394472906003910
  0.20006749744278166  0.22612536949671344  0.24643238903329165  0.26660313909664080
  0.28731761005164097  0.30874054842308829  0.32693344641352595  0.33938176252222169
  0.35025160813095418  0.36301920133015625  0.37472752586682850  0.38676991378250336
  0.40095182006866392  0.42012511335148034  0.43936756081342776  0.45944802195384177
  0.47801037264868745  0.49049119682618147  0.50242653389653891  0.51417037381265973
  0.52548967711630601  0.53600590144543070  0.54530372488068157  0.55241223387113991
  0.55902758727291857  0.56640277657605009  0.57507592964491494  0.58426524593525164
  0.59171379103105748  0.59965523710745539  0.60696531068400816  0.61410332728154049
  0.61885543907301654  0.62282715013665357  0.62656261409546110  0.63078150869590577
  0.63661542998451193  0.64352992337715387  0.65203871394452007  0.65988305191398489
  0.66672160446196882  0.67372427504879040  0.68164928590833340  0.69104568204153660
  0.70057880828905961  0.70722004780286296  0.71570089651508617  0.72547302556843374
  0.73559513160597734  0.74606653661988021  0.75657893312343560  0.76401652204022119
  0.77120807314105300  0.77749853586269380  0.78322879788591337  0.78955075846221523
  0.79513049883407871  0.80091278572442626  0.80654191352068694  0.81161072685887869
  0.81741261276898902  0.82361507718352511  0.83012342524725702  0.83749475431933951
  0.84642683047022960  0.85536154753937277  0.86560690306839905  0.87691490557860641
  0.88713400377686336  0.89496085154899185  0.90180546973544784  0.90809867731930205
  0.91382864655336415  0.91945035944833964  0.92495327090074042  0.93091697019445641
  0.93585971127513434  0.93978861808525305  0.94237087259306573  0.94370506292914369
  0.94504928238735508  0.94651508186736455  0.94781596132058021  0.94918661401950455
  0.95059785451547230  0.95512000410097608  0.96146345495424990  0.96744912489705925
  0.97301906743893496  0.97741681476509978  0.98625396677292398  1.00000000000000000
 -0.00244916558789848  0.00787471979014597  0.01749994552456021  0.02442614801898932
  0.03227232590730383  0.04055551567482171  0.04944216210349511  0.06016415027845494
  0.06981273022722727  0.07859353023818047  0.08693280243135421  0.09417180773391971
  0.09906819542141743  0.10334292649576915  0.10744044825769580  0.11214532698736758
  0.11859697758528766  0.12740525825241819  0.13769941122993751  0.14840408159844060
  0.16060050033742138  0.17434542171623435  0.19048494380612022  0.20522591268230700
  0.21547026112345213  0.22267211411184001  0.22898481719238800  0.23603635603028261
  0.24439112940405630  0.25295721850976982  0.26050247697488682  0.26746876364051414
  0.27814422282955020  0.29456322502258353  0.31163040201898606  0.32723028897206718
  0.33773791184331892  0.34517269137712964  0.35299980401101627  0.36131412999956447
  0.36936299470628875  0.37684992305587256  0.38445422677610819  0.39208898432681039
  0.40087353451139485  0.41130333989464474  0.42150919203422932  0.43357836194249283
  0.44771491053604495  0.46313058977787896  0.47975517203989959  0.49000230330285988
  0.50296005481927364  0.51563074865368097  0.52694324291128103  0.53855280878748246
  0.55085104801159668  0.56523206342916976  0.57781129172964552  0.58979094812390709
  0.60143235310017729  0.61647828731283194  0.63351178097490379  0.65241809336005274
  0.67144162409981678  0.68874649904952367  0.70615877179560338  0.72225738948179385
  0.73620727836687505  0.74384386176749884  0.75048995767939619  0.75675083184232417
  0.76233590173399390  0.76807984567300303  0.77402773880401321  0.77891027681486125
  0.78440301090935804  0.79482948694050093  0.80701601911672738  0.81797269481748769
  0.82810699763001194  0.83892634138556810  0.85147511801191422  0.86604038111631876
  0.87905479325852187  0.89090561102156862  0.90201939839854473  0.91324209311772719
  0.92286446684075407  0.93476993904646366  0.94781302941107481  0.96170820941172397
  0.97424460387969902  0.98363928905841069  0.99197231006160835  1.00000000000000000
  0.64606974178581844  0.67847747783056755  0.70759863729892403  0.73027032907136757
  0.75161928142484691  0.76822713206746396  0.78312786715612925  0.79860020611367732
  0.81112833168012988  0.82481906219132539  0.84087901252216535  0.85470265061815420
  0.86614886977599093  0.87589342183622532  0.88108126820060206  0.88678380162529047
  0.89360052422748104  0.90001489317491279  0.90510407696124484  0.90977796873253691
  0.91426832840213113  0.91849903060424343  0.92194880450247740  0.92519923721291386
  0.92880283524443974  0.93289302921039707  0.93672859660284280  0.93902135676963849
  0.94079520676593287  0.94218669679143563  0.94351631164121508  0.94472946161670623
  0.94597547998122111  0.94724756126524912  0.94856224210038864  0.95007594067893963
  0.95147799747482331  0.95259945455639694  0.95373926459472591  0.95469231815919275
  0.95551307777592509  0.95642093950643059  0.95731491731603668  0.95826285730407956
  0.95923558607009629  0.96011043910179672  0.96090965292781605  0.96167195343341771
  0.96244676885931990  0.96323434178533573  0.96401733842350390  0.96483888498447690
  0.96559552076793043  0.96613942058105373  0.96663638392885298  0.96707184468156593
  0.96742876600591321  0.96773019867927623  0.96800095233142813  0.96828588146428685
  0.96862203973392658  0.96892056347841238  0.96916979792233915  0.96941257847814311
  0.96965957454962948  0.96990503644443227  0.97019005228108801  0.97054946510395412
  0.98131988392438763  0.98204208687775574  0.98243769796059599  0.98278626460777874
  0.98306521213692788  0.98332861349617151  0.98360088005757207  0.98386291101375178
  0.98411433215856259  0.98436938292802711  0.98462840045083955  0.98491336970778387
  0.98523084005438955  0.98560770067160930  0.98605711233346605  0.98665918082755322
  0.98730053327684397  0.98797205665640153  0.98866529011366955  0.98935835078582934
  0.99007062599085061  0.99082606285352448  0.99170356003567894  0.99281954340586787
  0.99409988124165738  0.99555865277147571  0.99741061803047537  1.00000000000000000
  0.03625318705891110  0.22584335118028090  0.24819736974808010  0.26603762303362255
  0.28279647085746534  0.29422874261187021  0.30293634209795395  0.31259043246519841
  0.31959818228578640  0.32541166174134301  0.33163978418646778  0.33762263188500669
  0.34397186671860014  0.34919213324859172  0.35428217800014972  0.35970304131036301
  0.36507188668601753  0.37112227003851084  0.37601051104839550  0.38128851602658392
  0.38720990508335684  0.39317284950191583  0.39941310892414300  0.40696274727767751
  0.41431761749823198  0.42160040173499319  0.42885223615378493  0.43624587438811402
  0.44376154455620781  0.45364098805054842  0.46305241601971814  0.47213594736301850
  0.48128361464061986  0.48989160709713803  0.49830997209194111  0.50577843122496502
  0.51257212835805865  0.51925903903495774  0.52594641035377621  0.53266928646526712
  0.53960903727358212  0.54744879249571687  0.55560455399040420  0.56374590988081519
  0.57185388733179277  0.58071434177437975  0.58801384877354546  0.59396983386590052
  0.59790992515917829  0.60130557416787223  0.60498533681779398  0.60886946935235098
  0.61288473785530106  0.61658379699263011  0.62021996970623905  0.62595158975304876
  0.63305133660658441  0.63775395351953879  0.64207046381594468  0.64648217123126428
  0.65282622314991967  0.66020494153889997  0.66735759869540623  0.67315324025316237
  0.67823737929331407  0.68324941324280986  0.68927823700512147  0.69489993524982052
  0.69977219657740242  0.70462917487820997  0.71131698697001744  0.71637476888386320
  0.72059467079375206  0.72501918343752914  0.73220596319735187  0.73844530487558036
  0.74292408703044044  0.74749470085396486  0.75151861733633141  0.75695345654618917
  0.76130834973873351  0.76547237310126748  0.76965248931564756  0.77400811289077476
  0.77958111929732521  0.78474460190438322  0.79009214267080974  0.79715761160849397
  0.80248794176206029  0.80676395125459266  0.81211606058539121  0.82455193821596318
  0.84662692296419562  0.86927506939992383  0.91453113724729795  1.00000000000000000
   9.9415072563723473E-033  -1.0000000000000000     
 T F T F T F T F F F F F F F F F T F T F T F T F T F T F T F T F T F T F T F T F T F T F T F T F T F T F T F T F T F T F T F T F T F T F T F T F F F F F F F F F T F T F T F T F T F T F T F T F T F T F T F T F T F T F T F T F T F T F T F T F T F T F T F T F
  <DiscreteSampler_grid>
  grouped_processes
  1 # 1 for a reference and 2 for a running grid.
  10 # Attribute 'min_bin_probing_points' of the grid.
  1 # Attribute 'grid_mode' of the grid. 1=='default',2=='initialization'
  0.0000000000000000 # Attribute 'small_contrib_threshold' of the grid.
  0.5000000000000000 # Attribute 'damping_power' of the grid.
 # binID   n_entries weight   weight_sqr   abs_weight
    13   10   6.040949358099803E-025   3.402956599470527E-048   6.040949358099803E-025
    14   10   6.040949358099819E-025   3.402956599470544E-048   6.040949358099819E-025
    16   10   8.836737223907057E-026   6.626449114458498E-050   8.836737223907057E-026
    17   10   8.836737223907125E-026   6.626449114458606E-050   8.836737223907125E-026
  </DiscreteSampler_grid>
