  0.00000000024716399  0.00000000034225194  0.00000000042295845  0.00000000050120909
  0.00000000057713961  0.00000000065792580  0.00000000074169065  0.00000000083299892
  0.00000000091990425  0.00000000100979562  0.00000000110129595  0.00000000119161806
  0.00000000128400438  0.00000000138270673  0.00000000148028017  0.00000000157773380
  0.00000000168219319  0.00000000179360420  0.00000000190645067  0.00000000201797920
  0.00000000213204676  0.00000000224546670  0.00000000235885434  0.00000000247476201
  0.00000000259272062  0.00000000271823951  0.00000000284541026  0.00000000297261460
  0.00000000309885468  0.00000000322421075  0.00000000334474988  0.00000000347361517
  0.00000000361398016  0.00000000375918008  0.00000000390577977  0.00000000405293362
  0.00000000420052292  0.00000000434186824  0.00000000448894643  0.00000000464090572
  0.00000000479561605  0.00000000495250541  0.00000000510881483  0.00000000526477941
  0.00000000542083595  0.00000000557544060  0.00000000573468132  0.00000000590956945
  0.00000000608643035  0.00000000626629716  0.00000000644578847  0.00000000662927365
  0.00000000681274997  0.00000000699956162  0.00000000718599637  0.00000000737565329
  0.00000000757399172  0.00000000777406553  0.00000000797748338  0.00000000817451445
  0.00000000837253437  0.00000000857221326  0.00000000877096117  0.00000000897447645
  0.00000000918484937  0.00000000939918476  0.00000000962244671  0.00000000986264139
  0.00000001010752149  0.00000001035840896  0.00000001061664230  0.00000001087484012
  0.00000001113251963  0.00000001138904622  0.00000001164645420  0.00000001190824160
  0.00000001216692054  0.00000001246015766  0.00000001277929980  0.00000001311070640
  0.00000001344780428  0.00000001379173219  0.00000001414896950  0.00000001452249507
  0.00000001490482020  0.00000001531511757  0.00000001573681065  0.00000001626528310
  0.00000001689809316  0.00000001756384164  0.00000001828798023  0.00000001911532929
  0.00000002014478083  0.00000002213355397  0.00000002375461707  1.00000000000000000
  0.00919632567453030  0.01757376910352389  0.02744140005141090  0.03773573638173665
  0.04814258737577474  0.05830141749183242  0.06883783201940413  0.07932655061873052
  0.09055792555236451  0.10189885328748927  0.11284393494279010  0.12313046202942045
  0.13306123487832242  0.14280702387969840  0.15294778202411802  0.16302183794444577
  0.17367551412222240  0.18428852126959402  0.19586902230132655  0.20718165618892770
  0.21786755428969184  0.22842984335657618  0.23802138490043057  0.24781316670135747
  0.25685110016842111  0.26590480791872162  0.27549076611303674  0.28518794272773912
  0.29508232305979437  0.30494723430087867  0.31514913746633644  0.32669900425201237
  0.33830664084366818  0.35016632548889881  0.36121045372268196  0.37185065238645559
  0.38221911415640097  0.39238635310771880  0.40245458527851324  0.41239909363020810
  0.42276281886901396  0.43308508681643104  0.44370303197658034  0.45438256668708665
  0.46566114036857631  0.47704060851774616  0.48831935257714831  0.49915353121758849
  0.50947155015303047  0.51962863754808564  0.52982097341709333  0.54014413802745265
  0.55064580496853488  0.56084297421163343  0.57093176109427812  0.58105312751458549
  0.59107340884731330  0.60104854491949733  0.61133101392679567  0.62174324810600679
  0.63218903061039877  0.64252952135637509  0.65283529433052956  0.66334476262534292
  0.67366042630146528  0.68426264589193964  0.69505919442223874  0.70587786778750927
  0.71690155557482982  0.72789155876959555  0.73914063142944841  0.75024032522456585
  0.76082135940219175  0.77099969583829175  0.78099028010309957  0.79081888146846446
  0.80070861448156305  0.81090198604905761  0.82125241365789714  0.83170030335938816
  0.84225994022884076  0.85273081621051972  0.86264873733078873  0.87211066259390235
  0.88175078472138080  0.89178702180900193  0.90190415702599058  0.91216851431792778
  0.92251346861497974  0.93271584944287089  0.94289324863126256  0.95363166680913369
  0.96436915410657842  0.97494500366572334  0.98661331141528941  1.00000000000000000
 -0.00203545809040277  0.00953261515959551  0.01965560828669680  0.02969753794594565
  0.03995450966046597  0.05041205083668855  0.06124258323701035  0.07235312292681800
  0.08378112379987883  0.09548122384704211  0.10724054355739618  0.11880724134426483
  0.12986534058530677  0.14052233165477870  0.15133015173317207  0.16248856443152560
  0.17349969121453440  0.18428786089573310  0.19509206482470379  0.20622965039204455
  0.21755836829442060  0.22849058176002857  0.23849487567297395  0.24831689269377805
  0.25866725652069034  0.26951918847935308  0.28031251797744872  0.29130422330081707
  0.30273960884712303  0.31393373609261499  0.32462976430005014  0.33553088761531641
  0.34690519546103205  0.35830474931849277  0.36940634034363512  0.38018425577297355
  0.39079586046652021  0.40138053096444071  0.41198380643432947  0.42195522668588031
  0.43168409693621501  0.44144868122898967  0.45127623774308584  0.46098136507049398
  0.47070642355733811  0.48100875226360212  0.49199950022305289  0.50275032630768390
  0.51298962310152441  0.52317819011931732  0.53299991550569270  0.54271660705656999
  0.55267878914116486  0.56296724129699893  0.57320068440959693  0.58323296075712072
  0.59359737361223752  0.60379389266398809  0.61337642708747364  0.62308834509264632
  0.63299783662033160  0.64287726130693112  0.65310321452113296  0.66342529756352797
  0.67385432239527476  0.68430028770298568  0.69537905487661511  0.70736885681552042
  0.71825564839352840  0.73004335594032899  0.74055562419207910  0.75141469188461540
  0.76075077247509182  0.77011158397298529  0.77966391574966276  0.78953324529643887
  0.79949392654698581  0.80907890493389001  0.81848766743961232  0.82840467970659393
  0.83827552783404402  0.84863505619483470  0.85967301617565384  0.87159348588692886
  0.88333319632493590  0.89460497200626155  0.90521479431861218  0.91578156959735935
  0.92593964752157043  0.93608711139566481  0.94631974034291544  0.95656863020945038
  0.96690517850508984  0.97752347079161528  0.98869068391422144  1.00000000000000000
 -0.00252133901922151  0.01030807399888806  0.02099818806861683  0.03205742325529767
  0.04261693183840847  0.05326345659209349  0.06384173215934597  0.07439205072927703
  0.08486348616409174  0.09564909866138806  0.10646422857871880  0.11713758118447061
  0.12754072772859434  0.13797658087502429  0.14836337518702311  0.15849140029418954
  0.16857675968275854  0.17859440302561266  0.18841568202389883  0.19801433363383053
  0.20771573981075767  0.21807165741844634  0.22819673333933815  0.23856465759895673
  0.24909627501541629  0.26107553258816063  0.27290462470483101  0.28409126518266581
  0.29455954388906819  0.30504736597477761  0.31532636004161330  0.32607576637031510
  0.33679021558075506  0.34726668368005104  0.35713808639747552  0.36670021335440434
  0.37621737241702446  0.38575364165957349  0.39531426789401192  0.40503965631301830
  0.41487064439685251  0.42534626037144768  0.43640238850143842  0.44807961877154812
  0.45998273363418979  0.47240180417847594  0.48381310339903089  0.49484425248556807
  0.50573107354195335  0.51683751951283396  0.52755346126855029  0.53771869117157922
  0.54861875941698901  0.55971051973667896  0.57049984508047413  0.58121040214766762
  0.59150942413956653  0.60211239433167552  0.61228800391112226  0.62217387335859009
  0.63170749788066838  0.64136168980982322  0.65162628142683743  0.66196033937195586
  0.67211168740255200  0.68217208468657076  0.69216578042481969  0.70222453741198365
  0.71209196515586481  0.72196403946895904  0.73175589964598620  0.74159693306527263
  0.75133638842307549  0.76116810252583367  0.77126627179101392  0.78192600435237858
  0.79270575069778393  0.80346827605700322  0.81400824499578794  0.82388259030010846
  0.83395420771871076  0.84425496303412018  0.85436304518886041  0.86435199851116429
  0.87476128117566243  0.88651105658371188  0.89871155223140220  0.91013206702578342
  0.92153057908678448  0.93316063085291334  0.94516151253996605  0.95709157948832058
  0.96810452323967289  0.97895916673838024  0.98953157939685221  1.00000000000000000
 -0.00283939014675300  0.01028174453351450  0.02155041467306771  0.03281773683824002
  0.04348146267391305  0.05338151617777727  0.06290953109372535  0.07261844706086622
  0.08262942836374455  0.09315408896142639  0.10407617823033517  0.11617025629054409
  0.12810101406463720  0.13981990428429261  0.15143902125609776  0.16308066229236379
  0.17382697295506283  0.18415609046384634  0.19398729764620734  0.20389136871248342
  0.21387037482283400  0.22407994895943531  0.23418772883577568  0.24422018881096019
  0.25485541033274178  0.26548082033313658  0.27597735502834525  0.28646851666716217
  0.29722656761106198  0.30797442951921861  0.31841716637473039  0.32858089368424537
  0.33850948038388534  0.34830337271224765  0.35832334563630502  0.36993734717103122
  0.38130543019126006  0.39260897120025895  0.40289585213229412  0.41319452061741874
  0.42344739636147311  0.43398030780909236  0.44432664728469767  0.45452790000095084
  0.46502712336147328  0.47565516254462714  0.48613402280850387  0.49651630669736502
  0.50719499724162254  0.51812451884224819  0.52876532518511377  0.53921954409641026
  0.54991134664203356  0.56095978632896293  0.57185139363141946  0.58275685381673248
  0.59318490634836929  0.60338402569189864  0.61372685658485504  0.62413559613748304
  0.63458624855985946  0.64481653351937307  0.65541510653848245  0.66616528253628848
  0.67682843983688867  0.68756125970602677  0.69788531759479289  0.70808372386827145
  0.71807543689444830  0.72815410378727063  0.73830942340102046  0.74817804013892453
  0.75818899013200325  0.76835563264254925  0.77812755096466169  0.78821347632815786
  0.79794949529605630  0.80775639598474602  0.81819970704232514  0.82908713074549989
  0.84029138326613129  0.85147232553196117  0.86210498739236774  0.87201442116497618
  0.88186928412733034  0.89212078530859884  0.90300398589320485  0.91365566570575363
  0.92393821586721048  0.93415324650239606  0.94442557707563457  0.95472144918326907
  0.96600882228205864  0.97705916392013503  0.98871670538683121  1.00000000000000000
 -0.00247040041288434  0.01015310164716367  0.02111411252387240  0.03238694806776934
  0.04384242469781000  0.05514501225031377  0.06668855107119953  0.07783929580781566
  0.08824896940190792  0.09806535574690971  0.10815139527625153  0.11857972332297333
  0.12858680744871850  0.13816251880853792  0.14808412908591750  0.15851756885706161
  0.16906396424115350  0.17939564320610485  0.18994672307046526  0.20119044867662336
  0.21196591495550557  0.22260464304345082  0.23290045354832495  0.24306320260620740
  0.25316247471246134  0.26317519587123955  0.27349523727889569  0.28424991895889484
  0.29545252791315818  0.30712601443042498  0.31905389315923055  0.33066875015769492
  0.34151007083676233  0.35183015777774040  0.36203478890901247  0.37184170351943341
  0.38144766825457760  0.39087224117146424  0.40103686427197904  0.41167801409561494
  0.42217043180793262  0.43256486548525752  0.44271460761669545  0.45261188564704002
  0.46266266222049651  0.47331455989362092  0.48442643696819698  0.49562746461802459
  0.50710681790492074  0.51867121872666544  0.52940471047450399  0.53960731610448109
  0.54956953590495328  0.55985685082726344  0.57049862572841392  0.58122571002071621
  0.59189501876544170  0.60243818601679111  0.61298707688051457  0.62338188244214809
  0.63368778221182331  0.64403182235667011  0.65454645228309694  0.66541641747325153
  0.67648766052737430  0.68758851271640864  0.69842689311671802  0.70902110518216621
  0.71924407830047599  0.72965586068934774  0.74012056925340119  0.75057639512789476
  0.76118725717194335  0.77219634069741572  0.78382110033280905  0.79501549939536686
  0.80523595595272701  0.81508459101424269  0.82505065424638735  0.83526985961237110
  0.84547870765286748  0.85555145244743946  0.86535838037183066  0.87493411513978980
  0.88440932625289936  0.89416677236076425  0.90459968683569658  0.91502067532293008
  0.92533900322213558  0.93538374708168959  0.94596554090249163  0.95644495354186398
  0.96693896373439459  0.97741292258881307  0.98862224968122658  1.00000000000000000
  0.00388710399860405  0.11970759131972902  0.17906617014904908  0.22104229389664998
  0.25356592598442657  0.28048371612761303  0.30367830521011857  0.32529746995338149
  0.34606845346519488  0.36563982439668358  0.38419187883809042  0.40131921865318931
  0.41812403553325361  0.43475502893746459  0.45050923916796121  0.46477254346430108
  0.47811550179681772  0.49124150887895984  0.50436260254249687  0.51696747563544287
  0.52864078785391555  0.53962495860160076  0.55035722772018580  0.56078795302788287
  0.57107373251723326  0.58092959057983284  0.59070152969716405  0.60053681684995375
  0.60980802268676770  0.61897030452787594  0.62751161873601280  0.63547393690619625
  0.64328352982020931  0.65099209382905088  0.65871992666255508  0.66632536694655919
  0.67384120930186464  0.68148887137571712  0.68925064333001307  0.69683586219750870
  0.70424327766767070  0.71133788062841263  0.71848263224262043  0.72583189731368081
  0.73303825670916678  0.73989035919217239  0.74650180492298790  0.75301401040125560
  0.75962548011420916  0.76627419382645212  0.77268188597114629  0.77863316167765928
  0.78431665841407638  0.79017534942742562  0.79620062583079898  0.80238896963952755
  0.80853796982117110  0.81454132025808379  0.82049087306220636  0.82642227097949605
  0.83221607150127397  0.83779998330695749  0.84316600810817655  0.84864115228296400
  0.85419321151249106  0.85965627741248718  0.86503190356812354  0.87028408288578829
  0.87538107349265781  0.88038422836523955  0.88539270692029637  0.89029088097506359
  0.89507575191754007  0.89978305275535897  0.90458831077772262  0.90948622131656498
  0.91439841345058714  0.91923181644132779  0.92394199544306843  0.92864569605404590
  0.93329294271730923  0.93770629938589500  0.94186823053657787  0.94598859553452941
  0.95023532802427357  0.95448370037271624  0.95866801152604619  0.96265500132565396
  0.96655936293161626  0.97054520330397698  0.97446282024970188  0.97837529653136257
  0.98233201158933436  0.98589542982334888  0.98674738803957995  1.00000000000000000
 -0.00232343507851636  0.01039553645595103  0.02091232980178786  0.03150798974386827
  0.04192013861867611  0.05244544083585907  0.06323115006025955  0.07386107305935073
  0.08413487073761504  0.09435085703510668  0.10466721189882305  0.11498772580254413
  0.12522197181107464  0.13520407058590408  0.14522239787227928  0.15532924071410401
  0.16519286873750308  0.17670324870883089  0.18777042626226481  0.19849379830189648
  0.20916786582762578  0.22015927684306533  0.23154142570446484  0.24280579206808889
  0.25361514388480272  0.26401694863324859  0.27439955576948261  0.28454145068958209
  0.29482020792342362  0.30482309726971130  0.31484333084822003  0.32494461307803690
  0.33506912746645845  0.34494783887578079  0.35464234861574789  0.36411413488682709
  0.37329120210436062  0.38301992609822549  0.39276368907199410  0.40301056721916678
  0.41309151265662553  0.42289228526561196  0.43267214394742515  0.44239652311331545
  0.45229374315080190  0.46187849657882146  0.47151430423734692  0.48154829350524658
  0.49229375295240135  0.50341106726953067  0.51458780082097177  0.52560057958069983
  0.53611546817978795  0.54694962275840431  0.55737779591127046  0.56776976236660648
  0.57840388886596039  0.58890181169374034  0.59982832142682885  0.61017460958231307
  0.62091060299604073  0.63171650854259453  0.64267802585868672  0.65383207450704184
  0.66466355975842162  0.67566133951938212  0.68647312970835628  0.69711981008184387
  0.70750225820167334  0.71797918928501103  0.72818044924632719  0.73877851571374920
  0.74905885349698320  0.76027542860063824  0.77092833191187327  0.78179322408741492
  0.79277619787747822  0.80411927346739120  0.81509440914049092  0.82623570805968349
  0.83692602155782081  0.84753738006105561  0.85804149094324400  0.86860764638155408
  0.87906192008883199  0.88929846799597989  0.89985283240650393  0.91048876943645640
  0.92143891741731454  0.93244133625487602  0.94369939911089273  0.95515327449378018
  0.96666731693424923  0.97837514212483367  0.98948935370788704  1.00000000000000000
  0.02413355253373342  0.03236857086390785  0.04236118134218302  0.05245257143979425
  0.06220537430970566  0.07205939818712064  0.08207611255038726  0.09245299231848988
  0.10221972774843106  0.11199624020039695  0.12142252414364693  0.13128072203820565
  0.14088077531437335  0.15093525162169219  0.16207218383625702  0.17297418720408927
  0.18372944549863002  0.19367069451753774  0.20303247976089403  0.21228304681106941
  0.22110522743867764  0.23001232951716072  0.23962509330364096  0.24942052745118537
  0.25932209517866417  0.26893942665083626  0.27880937785550558  0.28914497052226046
  0.29994083473840022  0.31036070191823362  0.32012557827905913  0.32924777858803489
  0.33822816825007740  0.34744587330915827  0.35695773538759523  0.36635028659295382
  0.37540610257604007  0.38473578485317250  0.39469252721861536  0.40530821931131772
  0.41597016641318507  0.42636617962417783  0.43687669857765676  0.44777128811559663
  0.45914243749955774  0.47027250156725919  0.48163259528155822  0.49297920326939398
  0.50414570040295403  0.51495851436073670  0.52536533946405417  0.53548077753440659
  0.54554732201943090  0.55559144344949474  0.56565279862635642  0.57573450395999570
  0.58608674968844532  0.59691487164035661  0.60812835401086640  0.61982949354959138
  0.63105670409773496  0.64170853272581974  0.65219171188092551  0.66286227396586406
  0.67338117778492823  0.68365104163480961  0.69338778718046967  0.70309903955746922
  0.71254677327702842  0.72220693055408891  0.73180189178685173  0.74170359673685116
  0.75178757482577041  0.76195894229946992  0.77226863087070707  0.78264324383944461
  0.79284927415901407  0.80302131140868305  0.81347165715078940  0.82455554034960610
  0.83576377864464602  0.84669160971518520  0.85731654143272917  0.86788559077253047
  0.87813799088882205  0.88822588758184473  0.89815361168109986  0.90791201477447958
  0.91773896560900181  0.92742789804621184  0.93711648027491457  0.94685888733187373
  0.95681702703972249  0.96592802021784718  0.97077478400384154  1.00000000000000000
  0.10461929486421845  0.23294156470407668  0.27272609069490722  0.29898012156018949
  0.32073169967426862  0.33992158623529883  0.35754794867058681  0.37367810292233927
  0.38898251602881639  0.40317351299062043  0.41683768657707337  0.43010752091056853
  0.44309761149482951  0.45562947971265005  0.46772864586178159  0.47953688845850556
  0.49114904878067916  0.50258382643018473  0.51385928274419956  0.52497106156482587
  0.53565207064721942  0.54593573983800447  0.55618478198800658  0.56651554042115437
  0.57670180361102463  0.58665117857006832  0.59625202165243540  0.60531509443034226
  0.61387654016383675  0.62205856661236403  0.63007961149819547  0.63815145226239933
  0.64614914248851918  0.65375762052872621  0.66128534329388478  0.66860441426238748
  0.67575561205997725  0.68261488608605081  0.68921724701463460  0.69551454784875388
  0.70156222445684080  0.70720220825006552  0.71257160826834487  0.71785574744307168
  0.72322581153774190  0.72857408460578577  0.73377472196361693  0.73885002477216177
  0.74383597340007601  0.74878857798292831  0.75355481337800756  0.75819060669235872
  0.76276608241862387  0.76722908559310499  0.77155531958447932  0.77583923705924751
  0.78011631147170235  0.78442588096039656  0.78884817500167714  0.79325215478517419
  0.79720507447602384  0.80128419799256767  0.80516593967189254  0.80891332481497047
  0.81254715345383988  0.81600111799900432  0.81947828097973119  0.82302920590698592
  0.82664013653557911  0.83020325998491418  0.83363974226941084  0.83701657199222190
  0.84051082152602530  0.84410784043647225  0.84764061417521563  0.85114182308429254
  0.85462489441497247  0.85820865141699876  0.86176209790132940  0.86522304634520786
  0.86865993163825994  0.87210970122591436  0.87597975345555112  0.88017522949480276
  0.88414692167403597  0.88796692216159567  0.89189833287921050  0.89631591976534541
  0.90200836365264436  0.90774777484467317  0.91322079354528263  0.91929926842402532
  0.92674637114614444  0.93379172641487795  0.93936000729878832  1.00000000000000000
   3.0020701013399832E-025  -1.0000000000000000     
 F F F F F F F F F F F F F F F F T F T F T F T F F F F F F F F F T F T F T F T F F F F F F F F F T F T F T F T F T F T F T F T F F F F F F F F F F F F F F F F F T F T F T F T F F F F F F F F F T F T F T F T F F F F F F F F F T F T F T F T F T F T F T F T F
  <DiscreteSampler_grid>
  grouped_processes
  1 # 1 for a reference and 2 for a running grid.
  10 # Attribute 'min_bin_probing_points' of the grid.
  1 # Attribute 'grid_mode' of the grid. 1=='default',2=='initialization'
  0.0000000000000000 # Attribute 'small_contrib_threshold' of the grid.
  0.5000000000000000 # Attribute 'damping_power' of the grid.
 # binID   n_entries weight   weight_sqr   abs_weight
    13   10   4.564039536489245E-016   4.217811859413138E-031   4.564039536489245E-016
    14   10   4.564039536489364E-016   4.217811859413320E-031   4.564039536489364E-016
    16   10   8.110387204555178E-016   2.239176128383984E-030   8.110387204555178E-016
    17   10   8.110387204555105E-016   2.239176128383928E-030   8.110387204555105E-016
  </DiscreteSampler_grid>
