  0.00000000025283925  0.00000000032209410  0.00000000039562813  0.00000000046915320
  0.00000000053962950  0.00000000061032623  0.00000000067995212  0.00000000074777778
  0.00000000081354633  0.00000000088698775  0.00000000097598780  0.00000000105790085
  0.00000000113426825  0.00000000120575637  0.00000000128715409  0.00000000137432988
  0.00000000147307426  0.00000000157119354  0.00000000166367006  0.00000000175183718
  0.00000000183753894  0.00000000193430751  0.00000000203802792  0.00000000217504976
  0.00000000229970701  0.00000000241834732  0.00000000253916220  0.00000000264981887
  0.00000000280370772  0.00000000295753577  0.00000000311168440  0.00000000324929059
  0.00000000335649809  0.00000000345256450  0.00000000356050027  0.00000000368284504
  0.00000000380704248  0.00000000393492305  0.00000000407097017  0.00000000423182986
  0.00000000439776153  0.00000000457402150  0.00000000475772756  0.00000000495024728
  0.00000000515808414  0.00000000536928505  0.00000000557474861  0.00000000578641574
  0.00000000600176797  0.00000000619145829  0.00000000639177370  0.00000000659075597
  0.00000000678318249  0.00000000697196247  0.00000000717729172  0.00000000738948180
  0.00000000760001365  0.00000000783708252  0.00000000809646624  0.00000000833460884
  0.00000000858752632  0.00000000882434683  0.00000000904742800  0.00000000925967925
  0.00000000945033421  0.00000000962646565  0.00000000980077516  0.00000000999079421
  0.00000001019377654  0.00000001044927346  0.00000001071079224  0.00000001097361160
  0.00000001121287702  0.00000001144523628  0.00000001169991066  0.00000001194157824
  0.00000001218032412  0.00000001245453546  0.00000001276643755  0.00000001311325769
  0.00000001346717985  0.00000001383450511  0.00000001420022328  0.00000001457380836
  0.00000001496841943  0.00000001535146399  0.00000001576880793  0.00000001625320159
  0.00000001690319340  0.00000001754300683  0.00000001820719731  0.00000001897504622
  0.00000001996095129  0.00000002201094537  0.00000002366548832  1.00000000000000000
  0.00879243414186457  0.01989073416125926  0.03286954005933988  0.04555225184085659
  0.05830116735948203  0.07049175244984353  0.08248487614803653  0.09742884524222989
  0.11306482662546315  0.12734009333437490  0.14036201953046973  0.15277200910056848
  0.16410595102171271  0.17382479469250664  0.18258984496500560  0.19139265728429697
  0.19944993278555756  0.20721340746025343  0.21505753098183661  0.22282718259396839
  0.23026216559122181  0.23955268258449083  0.24820419038178163  0.25970401125309106
  0.27124391497197264  0.28171506432394677  0.29295601720511388  0.30502517720059430
  0.31810732762759347  0.32993277101037316  0.34121235888802226  0.35220382232062136
  0.36281209907994316  0.37335836890235413  0.38398095729802284  0.39603226954565884
  0.40515495419997893  0.41338085610720005  0.42130211901074616  0.43039536434445769
  0.44073721074119737  0.45079626439989590  0.46078410116819296  0.47079438638382554
  0.48060961526974905  0.48953138596647522  0.49818200567487914  0.50658423728801094
  0.51585600946382493  0.52639511719495380  0.53591823547645079  0.54584159029092283
  0.55740068499910478  0.56913451300535223  0.58102321189337747  0.59379552117752488
  0.60639985161846166  0.61749709598875724  0.62697380585826912  0.63545380210529334
  0.64408019273951578  0.65346706143761735  0.66353463623864417  0.67410437648216215
  0.68532035278455461  0.69771060241220861  0.71084891881688750  0.72367070134363254
  0.73509495378144629  0.74586005470654959  0.75865735219682096  0.77028214048639065
  0.78137088963171819  0.79147452379894712  0.79906721847610129  0.80607749043926558
  0.81364291990561244  0.82098248267436202  0.82747796686602382  0.83398222588429771
  0.84125657222549588  0.84916913730277976  0.85686274831720644  0.86601718966548791
  0.87463546949841453  0.88406634670026907  0.89446839019584201  0.90542774646016566
  0.91758007927940755  0.93170778691803613  0.94864296731710407  0.96320606892560168
  0.97462793858016361  0.98474238468313990  0.99061777278993435  1.00000000000000000
 -0.00000018041736469  0.00008052967217217  0.00063759254811226  0.00170646977985880
  0.00325368371556715  0.00593283985527824  0.00907835984634678  0.01305516087273404
  0.01701597891326590  0.02152633766809613  0.02643306406426919  0.03140892849439312
  0.03656930686683918  0.04259034476252591  0.04999060381501737  0.05708711537143879
  0.06474601659539873  0.07244937598639199  0.07828737700735811  0.08519271694421901
  0.09248505557629842  0.10002972282950724  0.10759192450549970  0.11567337787705674
  0.12394283900735696  0.13198879361233234  0.14099003455963782  0.14975053324131649
  0.15810714895329742  0.16619657397269078  0.17398920869478579  0.18191289093475108
  0.19050724491133461  0.20019296717868762  0.21038702828111830  0.21974990076082707
  0.22926923187494949  0.23889301541716990  0.24921351063177360  0.26073993371345588
  0.27180772447326740  0.28363087919288277  0.29618181832424911  0.31112744917995261
  0.32814356149415569  0.34068551152761989  0.35166765756353524  0.36221790930159220
  0.37214913785948744  0.38166013292128143  0.39151760894202198  0.40148983560835860
  0.41161734431707853  0.42294371462105240  0.43575025944478879  0.44841616096393094
  0.46136154197234458  0.47327140985622873  0.48453021282087994  0.49581055577329308
  0.50750543857684505  0.51970263975034969  0.53190892223391406  0.54423378404713296
  0.55624199530680085  0.56826900770801803  0.57989945317272185  0.59056755636465708
  0.60143955372600189  0.61273665975847402  0.62515846339283476  0.63857605662172523
  0.65278664763736349  0.66765377585183461  0.68245111656914770  0.69812787645700780
  0.71336339284761308  0.72855154429235358  0.74420365096691743  0.75937020175158254
  0.77418394152519721  0.78819743512902207  0.80178320291602445  0.81541654697964527
  0.82953168983112413  0.84597613720538190  0.86286602681279700  0.87934414028920604
  0.89538717029980874  0.91076601745556207  0.92610547285374811  0.94114882543716427
  0.95577215917747094  0.96982973121347660  0.98459455957136088  1.00000000000000000
 -0.00265486445780640  0.01039491044732602  0.01978329475148970  0.02928679004091418
  0.03878201894524019  0.04913248144039978  0.06078247592650807  0.07327735591496658
  0.08544773943937842  0.09641420476844689  0.10699705437919840  0.11811736954802610
  0.12943556355481858  0.14087061692274505  0.15360997295200218  0.16749468641695722
  0.18078416957735574  0.19358288857947037  0.20261788142864262  0.21213470881946231
  0.22126830798690464  0.23054400656613461  0.24206611029146166  0.25658862970280577
  0.27121892956869581  0.28487348017704273  0.29831656197150280  0.31067293567300730
  0.32285780194102787  0.33513842239792974  0.34748819415926407  0.36047540433448177
  0.37350623182015036  0.38721726303730059  0.39822868417696516  0.40613529816615457
  0.41460426715096693  0.42229587415374892  0.42964038709234403  0.43688826546651433
  0.44469642133204479  0.45172809438772454  0.45930531182072898  0.46981498217771633
  0.48105031195920173  0.48827382402351510  0.49449981803559440  0.50050636082825628
  0.50677049227243143  0.51454444588717518  0.52333942646455123  0.53089233864908070
  0.53748797296276940  0.54595245909506396  0.55639225678853221  0.56680152479095314
  0.57594711588197212  0.58458891060436824  0.59397362295661849  0.60424145478253510
  0.61492314434932049  0.62409498048850875  0.63334541997971427  0.64350625107197312
  0.65161382293313264  0.66086478777537838  0.67221233260853563  0.68385807863789561
  0.69370811320726189  0.70266957801454522  0.71227159173275412  0.72464250368916694
  0.73697170020564773  0.74782861799155675  0.76119932852186190  0.77356961935987800
  0.78347270941881397  0.79525155819694271  0.80790934712778095  0.82096050802520304
  0.83221666228171609  0.84408205787882284  0.85736253190341016  0.86989411692915208
  0.88208935422658274  0.89450434814486102  0.90773075669315950  0.92146632196448197
  0.93525505390608010  0.94905897542266593  0.96105095804133522  0.96952544271895258
  0.97814824190453775  0.98496970672434592  0.99269334612642368  1.00000000000000000
 -0.00250855611489524  0.00988624786603970  0.02010156896982557  0.03134175212509210
  0.04250896981868479  0.05321056440725830  0.06363153169299973  0.07452672760687903
  0.08564236043340366  0.09630378223239794  0.10642468656275145  0.11640178691602764
  0.12642647963857684  0.13770395079599335  0.14865448801825246  0.15950687360758303
  0.17169241003321206  0.18371976741196733  0.19627715651369299  0.20742075329647919
  0.21614099521858268  0.22383238069318501  0.23148754114496822  0.23983504086418672
  0.24886066905128912  0.25837562473463183  0.26622642655525325  0.27316336685647363
  0.28298430571351085  0.29259572248397181  0.30403810209456533  0.31374547984474221
  0.32386162845922883  0.33327303706863065  0.34704383841241987  0.36067657642477918
  0.37414198398199383  0.38854122128840479  0.40227089338538186  0.41456341285193660
  0.42968297627746266  0.44502853486408289  0.45999721919679215  0.47500213264613372
  0.48878827792451712  0.50283796107580903  0.51670519543041771  0.52825999262570122
  0.53961477620601550  0.54972743077835373  0.56042452519536790  0.57191044764856580
  0.58400580012955161  0.59569232011524420  0.60500256030512167  0.61606899788385017
  0.62738085048250392  0.63620736528212796  0.64600869780982617  0.65493888682149104
  0.66345485317340580  0.67178119832196970  0.68030077059599170  0.69037112413500457
  0.70357249107351838  0.71612163746264113  0.72784306602878435  0.73813957418268417
  0.74847463601289743  0.75935030248432367  0.77043980617990859  0.78081932579018154
  0.79005041011073451  0.79917495273336336  0.80879633565463993  0.81896113338320686
  0.83038969465786583  0.84012772830959404  0.84945936796520460  0.85737828886470513
  0.86360980415275534  0.87033378389266092  0.87654441371164593  0.88337219275201107
  0.89056059685240163  0.89818588246891351  0.90629271803896427  0.91507848007922321
  0.92542254131796675  0.93418005053548014  0.94256967725692742  0.95080780128285647
  0.95925808998741646  0.97055787843779906  0.98468068041675061  1.00000000000000000
 -0.00286784751701462  0.01346924516591636  0.02454640813718261  0.03569480681110988
  0.04804992299716607  0.06084929820280639  0.07380468972523546  0.08661283844387362
  0.09924857589483120  0.11570585833362773  0.12676596507647103  0.13700621146206504
  0.14751750882887002  0.15659386943439524  0.16503007627588673  0.17440208210208927
  0.18473215456123224  0.19543904606012838  0.20571327356515229  0.21455825903435827
  0.22299350936296294  0.23044717061136885  0.23662897996627424  0.24252355657342470
  0.24761100773912695  0.25298894498308078  0.25983188158373960  0.26767275850495953
  0.27560782652434529  0.28153938237999598  0.28669257740640014  0.29291387268481445
  0.30105749904133838  0.31256451255772477  0.32702576518977700  0.33923487988336415
  0.35075366981269668  0.36308846791280452  0.37467033985679504  0.38362888241235071
  0.39150820975041045  0.39962562842084770  0.40831972429671320  0.41727299530224182
  0.42518010059903366  0.43317292996696743  0.44274231841671635  0.45406651297350681
  0.46513214351232268  0.47659535393634855  0.48505152799265394  0.49362422413829155
  0.50277167210259444  0.51228443257727274  0.52086363416625592  0.52855043423997916
  0.53620153084980893  0.54455133895355445  0.55455528652953989  0.56344397264087032
  0.57241637355282460  0.58168494583505315  0.59155306982225575  0.60209449202377030
  0.61249531619028363  0.62239342504585959  0.63207692248089398  0.64213238246863047
  0.65288505205756941  0.66348544242720509  0.67345849532629054  0.68338862922335575
  0.69313518298345700  0.70240782005597480  0.71146191470549525  0.72110623754986014
  0.73122368227802326  0.74247298593199296  0.75393921187482282  0.76726384515626778
  0.78383985941797729  0.80229005232688499  0.82015061670502598  0.83545747687162908
  0.84899770596162794  0.86171492137161432  0.87389071728447565  0.88585639772781732
  0.89970337250517385  0.91469692013513926  0.93067441832120712  0.94863390207123088
  0.96374727911924274  0.97580650652723788  0.98829362924574149  1.00000000000000000
  0.02803088792625594  0.03191099177784378  0.03491254290664119  0.03778144764201780
  0.04151263607936015  0.04563117296793812  0.04982073012301570  0.05392290786509657
  0.05800546887781281  0.06252075209944240  0.06678533257284221  0.07139808407471455
  0.07720791045988168  0.08285072394454243  0.08776555500311135  0.09247944867911516
  0.09729642771736383  0.10164798355999308  0.10620955399075836  0.11093906305477430
  0.11571673944377975  0.12054251650418789  0.12572498659232526  0.13092319467569799
  0.13596759998625277  0.14121088316914854  0.14648157966946659  0.15159626101539067
  0.15711111010464676  0.16218479077649786  0.16705872320813722  0.17145449427797382
  0.17612160639325289  0.18104278059292936  0.18561657178797342  0.19046989909776627
  0.19530431804813003  0.19997419327186194  0.20452447778879537  0.20944825200200853
  0.21415452492975673  0.21833756395507214  0.22247016888616530  0.22732044244852564
  0.23371440821976033  0.24048508707270932  0.24690722168531845  0.25328418754302451
  0.25936335761538265  0.26552729916279288  0.27196055270740493  0.27997061623151454
  0.28822285674156145  0.29644236171088029  0.30500610054422522  0.31293838066068480
  0.31999348539148181  0.32724307388874441  0.33455241167298877  0.34205877282048380
  0.35016316318866858  0.35868577084858205  0.36808695459447083  0.38039448035890000
  0.39236619009583823  0.40360598961233457  0.41477035961425684  0.42730920925177718
  0.44089943147507527  0.45263125458610975  0.46205606204133826  0.47074693945883911
  0.47948806031189928  0.48727847326367857  0.49756984850668345  0.50856919014221003
  0.51925275652385827  0.53186272789007549  0.54452603261933052  0.55996812256472250
  0.57446361674460678  0.58820799285021297  0.60471595734683248  0.62704657209257231
  0.64899033546019080  0.66496364298252275  0.67929817918445179  0.69448072694630181
  0.71199529660520511  0.73391341861344850  0.75810777056181167  0.78612992954949568
  0.82129740370512583  0.86371838733213402  0.90588228933040738  1.00000000000000000
 -0.00290929383620997  0.01074556114316671  0.02245498973036614  0.03461407037484240
  0.04767105271969983  0.06113996081426741  0.07457845239886168  0.08721852291671417
  0.09919714538522979  0.11070285329808469  0.12158957676722240  0.13183666629784807
  0.14085362826859027  0.14845118303134516  0.15734711298999460  0.16666702185107940
  0.17020542963922081  0.17577213880046363  0.18271340271926884  0.19024398636797085
  0.19871929412595307  0.20696820778121533  0.21467656561137496  0.22142504091890033
  0.22810147768237929  0.23578542051329482  0.24327890103398611  0.25021296116178388
  0.25824889710405174  0.26797639798882916  0.27941673677416379  0.29146671479599862
  0.30389867599290876  0.31591465215210662  0.32692771355905076  0.33809119626076095
  0.34879508927089542  0.36132782639804922  0.37429914095467876  0.38673387414687804
  0.39918141629894138  0.41167292292710361  0.42671981272062703  0.44098352018193848
  0.45178945503899504  0.46251446617437686  0.47368558147997386  0.48350732685030506
  0.49425468264545197  0.50687102380052129  0.52062716593426883  0.53078371698810611
  0.54047416392140146  0.55153384863416588  0.56239421931770361  0.57092026366794180
  0.58017804794455419  0.58910991339168406  0.59872984819006270  0.60830481331934894
  0.61658453360538124  0.62414362363988085  0.63210672387750455  0.64142617273505276
  0.65293037925138564  0.66390121626235088  0.67317551257418917  0.68126535031145130
  0.69034998984349039  0.70358924359588115  0.71703458855095570  0.73094667079909781
  0.74488808212194724  0.75842484391342879  0.77158661016134000  0.78077359168427662
  0.78935766005359942  0.79847330465553745  0.80832180237734419  0.81809701901871712
  0.82714041980231956  0.83661027817753575  0.84654378909385852  0.85662924020951137
  0.86609561496880616  0.87598650707616976  0.88743453853194842  0.89922968228336930
  0.91039602883611104  0.92151640930752721  0.93247490517879306  0.94267173812551219
  0.95414147339599387  0.96768428302969578  0.98377208684103556  1.00000000000000000
  0.64768298441200878  0.68359376234191127  0.70641023439260608  0.72541284131708994
  0.74632533942278989  0.76586629455583177  0.78314751812928574  0.79814957151667154
  0.81195767568930466  0.82467247776395303  0.83644154794824221  0.84636328245039938
  0.85556725846858395  0.86523673878486074  0.87427026223400217  0.88212033300489878
  0.88947407561515934  0.89626621868652934  0.90217209587276992  0.90750944957124469
  0.91261174522740951  0.91695815153338067  0.92081980617527381  0.92454024054573791
  0.92802656521703331  0.93124698476999923  0.93421722837254983  0.93681496948691723
  0.93886493619325329  0.94064541829306925  0.94245667419743773  0.94444388566773141
  0.94617516314092132  0.94763463185485208  0.94890632605006808  0.95019113895459351
  0.95156034458827188  0.95303651303748282  0.95454228806393304  0.95593117867499555
  0.95716340274067224  0.95829821185855835  0.95933139671057721  0.96020440059247825
  0.96100685052452917  0.96168892121091720  0.96231752658130754  0.96294636974296677
  0.96360418436126127  0.96425744948665293  0.96486367954991126  0.96541075224028083
  0.96592079420398302  0.96639442582330237  0.96683501023470186  0.96727696888288817
  0.96769029782869798  0.96807354645949972  0.96840962659699725  0.96873932978116495
  0.96906135502084678  0.96937368046190164  0.96966867047763761  0.96998117515657301
  0.97032056024353963  0.97083892242986014  0.98184307959874939  0.98220905933124636
  0.98250827956749720  0.98276975410004852  0.98301339116303754  0.98325773724643939
  0.98350235800495789  0.98379087795904119  0.98409244007665586  0.98440796433818378
  0.98475757730191971  0.98513377652578737  0.98553359014361908  0.98598156454875929
  0.98646006844800438  0.98697655855972555  0.98755502623136482  0.98818363046276136
  0.98884049130359719  0.98948881151271495  0.99012777246267170  0.99080168357858134
  0.99153330522803340  0.99230423302730619  0.99325313587686248  0.99433074012132816
  0.99548643587306418  0.99669729933165963  0.99811350998690374  1.00000000000000000
  0.05118151372957697  0.12620294977663030  0.14498243868911634  0.16415054107433849
  0.18330027298520057  0.20391663926497455  0.21710949858004799  0.23031570644135593
  0.24046766917897167  0.25005480712971140  0.25760119079607535  0.26453329313179108
  0.27130129757939186  0.27803968374660853  0.28494246890625097  0.29209596610155486
  0.30053011704847821  0.30800559029122421  0.31528438262721470  0.32231419164270858
  0.32920923790878104  0.33624162136812685  0.34316687448433547  0.35062763470177555
  0.35841237264300924  0.36482630365339952  0.37128909730953163  0.37826102528394123
  0.38543001286794554  0.39189900629624991  0.39900878054766287  0.40690743971944893
  0.41468479043229162  0.42202915149418774  0.42931993614753872  0.43713296253104905
  0.44498350678956056  0.45223681165201002  0.45886861165853576  0.46520354707947614
  0.47057391091303619  0.47593688546555246  0.48119325342784042  0.48719499602588462
  0.49361343400222990  0.50051312061271080  0.50807451470725085  0.51582514739815832
  0.52315563337851567  0.52955902520680609  0.53589652602926741  0.54202790948991075
  0.54819905573271677  0.55418779826181508  0.56011368236108339  0.56574219285851668
  0.57146798706303092  0.57768413929528106  0.58407300543414531  0.59068801987771602
  0.59682680247496955  0.60181066421031382  0.60543679032735798  0.60880615244251213
  0.61180695606564650  0.61529659534585879  0.61970532604032380  0.62485489715910214
  0.62955580816578882  0.63456097599891881  0.63953921603809805  0.64469424793462382
  0.64990045802817265  0.65504450292306426  0.66007704479800300  0.66535433789457521
  0.67189113740927986  0.67975939200633495  0.68804527838871699  0.69533607915664786
  0.70254050056162354  0.71040404877961749  0.71889982781381645  0.72639051335531957
  0.73389402449074137  0.74154859238221504  0.74952595398177779  0.75886573969280258
  0.76762441504949452  0.77619794191697855  0.78488504788335356  0.79294125276276317
  0.80077760177052160  0.81547999123114934  0.92813202285305740  1.00000000000000000
   2.4010826187422147E-025  -1.0000000000000000     
 F F F F F F F F F F F F F F F F T F T F T F T F F F F F F F F F T F T F T F T F F F F F F F F F T F T F T F T F T F T F T F T F F F F F F F F F F F F F F F F F T F T F T F T F F F F F F F F F T F T F T F T F F F F F F F F F T F T F T F T F T F T F T F T F
  <DiscreteSampler_grid>
  grouped_processes
  1 # 1 for a reference and 2 for a running grid.
  10 # Attribute 'min_bin_probing_points' of the grid.
  1 # Attribute 'grid_mode' of the grid. 1=='default',2=='initialization'
  0.0000000000000000 # Attribute 'small_contrib_threshold' of the grid.
  0.5000000000000000 # Attribute 'damping_power' of the grid.
 # binID   n_entries weight   weight_sqr   abs_weight
    13   10   7.704263510679080E-019   2.397258905623870E-036   7.704263510679080E-019
    14   10   7.704263510679086E-019   2.397258905623871E-036   7.704263510679086E-019
    16   10   1.338163929830768E-018   8.402343440581644E-036   1.338163929830768E-018
    17   10   1.338163929830739E-018   8.402343440580724E-036   1.338163929830739E-018
  </DiscreteSampler_grid>
