  0.00000000005702810  0.00000000012930948  0.00000000018825422  0.00000000024576165
  0.00000000030966020  0.00000000038143774  0.00000000045885249  0.00000000053622807
  0.00000000061274740  0.00000000069764559  0.00000000078199428  0.00000000086898683
  0.00000000095744630  0.00000000105468767  0.00000000116040986  0.00000000126382574
  0.00000000136974402  0.00000000148373865  0.00000000159745913  0.00000000171139452
  0.00000000182756498  0.00000000194517458  0.00000000206166890  0.00000000217847456
  0.00000000230118736  0.00000000243005402  0.00000000255881203  0.00000000268732254
  0.00000000281376308  0.00000000294159527  0.00000000308021541  0.00000000322843160
  0.00000000338086160  0.00000000353006765  0.00000000367243644  0.00000000380824250
  0.00000000394810227  0.00000000409209375  0.00000000424359110  0.00000000440379186
  0.00000000456286453  0.00000000472007301  0.00000000487171921  0.00000000502962527
  0.00000000519305663  0.00000000536395229  0.00000000553822808  0.00000000571223564
  0.00000000588963179  0.00000000606480714  0.00000000622780765  0.00000000638841444
  0.00000000654773147  0.00000000670855770  0.00000000688023961  0.00000000706068679
  0.00000000724345762  0.00000000742676921  0.00000000761389778  0.00000000780683007
  0.00000000800437566  0.00000000820640570  0.00000000839835802  0.00000000859219691
  0.00000000877956844  0.00000000898952090  0.00000000921303715  0.00000000944250007
  0.00000000967954745  0.00000000992233137  0.00000001015859203  0.00000001039507147
  0.00000001062880739  0.00000001086808053  0.00000001111131769  0.00000001136033914
  0.00000001161788188  0.00000001191233147  0.00000001225877086  0.00000001259798509
  0.00000001293320990  0.00000001327091350  0.00000001361712329  0.00000001398463870
  0.00000001437056405  0.00000001478402972  0.00000001520884552  0.00000001570125908
  0.00000001627643842  0.00000001688870477  0.00000001754215569  0.00000001828709984
  0.00000001917395046  0.00000002051069816  0.00000002126961774  1.00000000000000000
  0.00935310898264946  0.01716432672245653  0.02712208881186784  0.03808407682498281
  0.04818361813598591  0.05801396383068855  0.06796594449935922  0.07830616156252586
  0.08849025212628094  0.09830046264026210  0.10819303618222928  0.11828673811567257
  0.12847348965220656  0.13865013570659004  0.14901820964840184  0.15914705740727436
  0.16931478748306786  0.17965858042085506  0.18984995390654658  0.19993570564463364
  0.21035078207851918  0.22177242897773403  0.23369649741564485  0.24524207343448409
  0.25602184760767371  0.26528741820306884  0.27505378373917794  0.28504088547319228
  0.29481497628019621  0.30438055190466196  0.31356413936877608  0.32451887373498894
  0.33466104588995804  0.34440835213679732  0.35412474782614944  0.36406108484927202
  0.37406199075354424  0.38390960607470037  0.39375590842265445  0.40348142023281158
  0.41320768544743230  0.42309985979904924  0.43303985213749430  0.44259995139414599
  0.45208442132409782  0.46167037780407022  0.47212022639077478  0.48341444542026579
  0.49532591792819902  0.50642487912321787  0.51724744830527725  0.52825526897254871
  0.53922216251851551  0.54959937969415729  0.55948261538220123  0.56923292126951164
  0.57907718575323675  0.58932091887622018  0.59977214380611554  0.61028816544514441
  0.62084775933578984  0.63155335542494362  0.64226638398222347  0.65286774211961407
  0.66355338388017782  0.67386286539808715  0.68390613184119842  0.69450610267967516
  0.70561414240220688  0.71649400941711650  0.72748281259005931  0.73919191331256384
  0.75128718875207956  0.76265412233692942  0.77418609682532658  0.78554763479493550
  0.79738319116147649  0.80843967980765319  0.81945501236182039  0.83032680384798752
  0.84135944586262479  0.85206018854368448  0.86273605485811089  0.87292512620279616
  0.88239280977127232  0.89182245703217111  0.90126252114560179  0.91063770609093653
  0.91940981313897507  0.92836471633849849  0.93754393185683205  0.94793932597177522
  0.95841457754758519  0.96873547892393830  0.97964158664961765  1.00000000000000000
 -0.00137106437080580  0.00963369048014512  0.01926598635073454  0.02899879925333999
  0.03895546597174240  0.04961132010604259  0.06026731205059078  0.07068773700560077
  0.08109055409798219  0.09136702225511922  0.10192768404338227  0.11202305712586112
  0.12163202904015848  0.13099868921262592  0.14029008625163572  0.14977026068407903
  0.15940664391989953  0.16920182582982968  0.17893216433368828  0.18834757598681071
  0.19766375544578907  0.20696249361114705  0.21636924186015286  0.22517946493040428
  0.23386468730052243  0.24283594114429075  0.25257519559119046  0.26374655746881631
  0.27498936532082224  0.28590386311215299  0.29612378051262012  0.30626592053970964
  0.31633552097110540  0.32660542660687669  0.33688257057336007  0.34740414749141374
  0.35758968573788763  0.36789647551135179  0.37835633926406936  0.38900613605089807
  0.39928638411064660  0.40908152636450767  0.41853077656538529  0.42831079222336954
  0.43834661723912949  0.44858637743208030  0.45907893246228987  0.46982082796004376
  0.48012669609382835  0.49016709734309860  0.49996058263765103  0.50994814578576719
  0.51962155566403256  0.52934771096852529  0.53929145192984818  0.55023951444593266
  0.56178482666177365  0.57274956645639086  0.58341003130231450  0.59386369270431771
  0.60421557454135166  0.61399866212495424  0.62380761342455349  0.63405277052907150
  0.64461808214452443  0.65543039051937224  0.66747852382262740  0.68009978579108044
  0.69253359196248743  0.70457668430928289  0.71634489233730336  0.72746354711002359
  0.73810286421772697  0.74862710684416156  0.75967645254401650  0.77064807650338674
  0.78137969059540757  0.79250233996587960  0.80469805885022294  0.81792422501154582
  0.83102155995167770  0.84312708046594032  0.85492140124338134  0.86663071293516614
  0.87744362124350572  0.88708019429319951  0.89691717475422572  0.90751129162789446
  0.91869808495708472  0.93027005937497620  0.94236988192726812  0.95486765600271339
  0.96643854977762755  0.97806358680464189  0.98908329098566927  1.00000000000000000
 -0.00236306438315652  0.00938160481628614  0.01893306315249401  0.02928244162886335
  0.03949511882889113  0.04940626666364210  0.05968654039370885  0.07051236601783079
  0.08114272056705223  0.09096446732704204  0.10047170236132684  0.11023824947919804
  0.12037911704619333  0.13083767352418535  0.14118985106427687  0.15107225191635149
  0.16082800950169232  0.17075025922325054  0.18069819542076140  0.19073530885218332
  0.20068988587007811  0.21065772759629153  0.22109307600972700  0.23202362670250104
  0.24321446660607438  0.25503906357730860  0.26758989979057196  0.28079768722015958
  0.29412122518760264  0.30652368468683805  0.31811624537803984  0.32892747830180569
  0.33995274459385316  0.35063646878875560  0.36125360040396542  0.37163798154956096
  0.38310287645293556  0.39503241674681794  0.40756066001015817  0.41933589766895246
  0.43086046119022364  0.44183528920737658  0.45239681489216749  0.46304372568479962
  0.47319168991623073  0.48338519339156832  0.49377836655533586  0.50431950777473522
  0.51554690555825178  0.52672404611630763  0.53817630111945181  0.54844395705247273
  0.55867166680056290  0.56928103354285375  0.58058373780850303  0.59064333643504918
  0.60041060291372439  0.61111174247022571  0.62139518813546424  0.63170654016726957
  0.64132807687157778  0.65112650714075226  0.66043469668928800  0.66990014328430736
  0.67943850443975595  0.68882880572790006  0.69861294385039341  0.70889061007718968
  0.72167373694150205  0.73408264653812094  0.74605049216720609  0.75680944384486781
  0.76755258164100371  0.77778429633764901  0.78840993337537313  0.79849437458813755
  0.80891483240874884  0.81953205074037327  0.82986757693392632  0.83995248766408803
  0.85019801537876749  0.86093854521092306  0.87166589112607984  0.88180310862155076
  0.89134975732093769  0.90069691822060138  0.91006539626222394  0.91979057827685939
  0.93005434158035338  0.93991797324193460  0.94962823428786625  0.95917551057822203
  0.96955996155814350  0.97992574818315625  0.98989515224027180  1.00000000000000000
 -0.00194840754012821  0.00862966574057667  0.01713486765676300  0.02674509175880344
  0.03657255765956937  0.04689178412913401  0.05802691440903122  0.06897189278747752
  0.07980710898118100  0.08970348857741439  0.09936942833359697  0.10935674697491263
  0.11920173001537039  0.12910913422900405  0.13916234317311960  0.14971719571120992
  0.16085292419526287  0.17237337286524987  0.18414762201863755  0.19619945523229948
  0.20782225720089531  0.21779697268529291  0.22744744242173046  0.23690859918660465
  0.24622441302646406  0.25555420866102174  0.26482506457389521  0.27455731013138723
  0.28529904750450213  0.29664106070720503  0.30801250218199372  0.31965884165737102
  0.33092468020307053  0.34180157957721991  0.35288608261024573  0.36433763088575638
  0.37609359604063963  0.38791565802283517  0.39921958833180371  0.41009380486015107
  0.42071016108061682  0.43103608199558857  0.44127729505879271  0.45168712308557191
  0.46201066820713566  0.47236146677340224  0.48228129842790807  0.49250696845858444
  0.50284518228942099  0.51365394669154674  0.52455638700090701  0.53568660672276314
  0.54742370544287711  0.55910640556536872  0.57013213002552010  0.58029547469816711
  0.59029342339385404  0.60039613575151740  0.61000452917378900  0.61986932554087515
  0.62986409192067627  0.63972650939455644  0.64901567943367799  0.65820900106098634
  0.66840447025274707  0.68023514537747920  0.69227089723461654  0.70285432262594949
  0.71326046815682753  0.72368809988919280  0.73377120703184684  0.74343238448483795
  0.75363887975630972  0.76508514798795169  0.77626742407772575  0.78677156141519822
  0.79764903003584042  0.80845657335474974  0.81955771623660756  0.83106988215986832
  0.84345664143897625  0.85596550327320109  0.86795114869772649  0.87950574137648307
  0.89033410429242088  0.90073595860854705  0.91038000034083078  0.91967804672946318
  0.92910479691902714  0.93910690846251543  0.94993548950041262  0.96029115908924079
  0.97025438346692938  0.97994440223432000  0.98975033148127134  1.00000000000000000
 -0.00217488132665713  0.00965631964581473  0.02010384790198826  0.03003549637907848
  0.04085938529544135  0.05176442943155298  0.06236724426268740  0.07289146037787478
  0.08417874443738917  0.09712574213964961  0.10955453561887703  0.12017938416349348
  0.12989154054460317  0.13939488036232628  0.14882877341744968  0.15811344937346386
  0.16737326696240221  0.17720040901711481  0.18738782507313562  0.19723685774001679
  0.20635053752571061  0.21594826704926229  0.22611218935757060  0.23632653690813990
  0.24642904306679972  0.25676159816401212  0.26742917854281945  0.27810251867530456
  0.28853247892056366  0.29870818745703337  0.30900007205064783  0.31969948966734185
  0.33047065785741686  0.34039966265949112  0.35013741043158914  0.36089188126095717
  0.37216848083783022  0.38300119646652819  0.39374733786260069  0.40478852762930828
  0.41578357166775648  0.42629492344542175  0.43709697754943411  0.44822854485586883
  0.45961819278849730  0.47063624439750507  0.48130497496338581  0.49172049597552664
  0.50262159492519243  0.51388434871505684  0.52500797129384558  0.53550411336587755
  0.54617553816605380  0.55676502838594866  0.56707833431180210  0.57696556285554401
  0.58714072092442104  0.59846415053475022  0.61010556121821580  0.62146981298773207
  0.63263999658000836  0.64290626204509060  0.65406112453161613  0.66538631965182371
  0.67717080300245702  0.68877873051633021  0.70026250026935777  0.71174553910940630
  0.72311286482728376  0.73441052495571935  0.74562401507230247  0.75608755192068267
  0.76594875928562989  0.77588020363443277  0.78584699926799606  0.79609391832828169
  0.80624054850224547  0.81679330680061113  0.82767925358003014  0.83757538499994155
  0.84725808258421365  0.85731180535842155  0.86730439291726424  0.87679428073227872
  0.88587780206206879  0.89467893377040875  0.90451954416268698  0.91464537636948806
  0.92547427152615713  0.93599538062830034  0.94704817219571713  0.95792786844308153
  0.96831048764458361  0.97862664155570733  0.98889351449597218  1.00000000000000000
  0.01530988219519250  0.01722019331668999  0.02069114965212076  0.02472415384729750
  0.02990919220160569  0.03494941782538787  0.03988477601301145  0.04476415555779419
  0.04954280813966935  0.05428174653606003  0.05913768974711248  0.06397934253317088
  0.06864020445001076  0.07348468054203942  0.07824156054515584  0.08302969695193023
  0.08778490509310499  0.09270775235062406  0.09790296730602971  0.10310411652623570
  0.10862396002320161  0.11411940970016994  0.11953089030322872  0.12499125988995144
  0.13048767635325101  0.13606141232422359  0.14158765101387083  0.14693494676831409
  0.15222613946732605  0.15760127135942006  0.16302109580063778  0.16864435488697160
  0.17399969597996010  0.17950316996733798  0.18491306650001252  0.19035488309704540
  0.19584553127887921  0.20145809792129943  0.20690398229801082  0.21241814574133885
  0.21809867997094620  0.22411483636467294  0.23062740641007184  0.23720152784856308
  0.24361315791132732  0.25003205170127102  0.25674713470965144  0.26371295758194896
  0.27074037120614519  0.27787378546550823  0.28500376577355008  0.29234959388766479
  0.29967108952333871  0.30705625873544518  0.31459583707977551  0.32222403277109402
  0.33008248762625164  0.33780305990410370  0.34566946898061984  0.35366218899076218
  0.36208114835342214  0.37044487309379726  0.37903216801256207  0.38767254619801461
  0.39683958132064195  0.40616315930257263  0.41580752706746732  0.42574328088835189
  0.43573467447754799  0.44552808425191631  0.45496376790134108  0.46434846486974779
  0.47404362115898013  0.48437475559364546  0.49531251167428786  0.50692981737695775
  0.51867771541726837  0.53063686058418380  0.54280173078551697  0.55554343851627641
  0.56846893465694015  0.58148033977117097  0.59455032092358173  0.60843273535594111
  0.62332221712927138  0.63992952556827676  0.65764137544554602  0.67601793006763233
  0.69508675161493050  0.71570017771553951  0.73969000872474633  0.76767092761280109
  0.80046760442785614  0.84091563958908822  0.89470489885109206  1.00000000000000000
 -0.00186396968267304  0.01196065823360106  0.02321561106762390  0.03465030044153272
  0.04563241098444707  0.05651434946033609  0.06713221718736415  0.07726586098204710
  0.08718964199898620  0.09738912655458723  0.10789576874957768  0.11882048491455693
  0.12995660258944558  0.14131156044214502  0.15249589109594475  0.16297114471364058
  0.17319210051138650  0.18310609992147467  0.19311816731839992  0.20316854484088126
  0.21362342508421048  0.22473788136766051  0.23601237292099914  0.24722025679020679
  0.25806524788251761  0.26834278629817809  0.27850554404607147  0.28889109532138485
  0.29962030375635940  0.30994178324689092  0.32008506845960294  0.33056257499837460
  0.34206352576252047  0.35399716399484532  0.36560263850761110  0.37689878606441091
  0.38776591712645253  0.39820398403271345  0.40829100828541987  0.41866561563365190
  0.42932872619126522  0.43981450222652202  0.45056049894657912  0.46146396268652989
  0.47228449942640327  0.48312939109157227  0.49343720064388796  0.50348209134591526
  0.51323819001849746  0.52287795279378135  0.53302916091198260  0.54374623268487421
  0.55436228757870909  0.56475357848324004  0.57490043754715492  0.58499035328873450
  0.59506186369787084  0.60573479884886006  0.61750595953350018  0.62965037637100596
  0.64075585992544615  0.65130878798348013  0.66123445549527393  0.67107175352051440
  0.68122933880187220  0.69204367227713881  0.70297095277663468  0.71361135253271135
  0.72412879016102094  0.73493317761379440  0.74552230418347554  0.75619191440701894
  0.76694006664500147  0.77766773084597918  0.78826614459498257  0.79871238775528874
  0.80888645129847592  0.81808001773349848  0.82693927253375632  0.83616018338542397
  0.84521728687293418  0.85402713146243803  0.86305106122655129  0.87226102576538123
  0.88261681329088315  0.89350986845798586  0.90400866936898872  0.91449592369268817
  0.92412344181536255  0.93363690882196093  0.94329614054093214  0.95289032886856850
  0.96299574682684141  0.97459529490112595  0.98677412020668476  1.00000000000000000
  0.02398300260663655  0.03356248591094843  0.04314819949743479  0.05378159225819597
  0.06445605734576963  0.07496018036264791  0.08428672374018820  0.09296106583796367
  0.10155002159119574  0.11076288576713397  0.12067771261755501  0.13109578609499956
  0.14170206048764447  0.15242834380021483  0.16338023107696129  0.17398061849811586
  0.18409487794865417  0.19358948239830986  0.20270045365743616  0.21196841501677299
  0.22155679528475014  0.23154846663369572  0.24170217122248072  0.25205102615685004
  0.26307221481480508  0.27398572850164693  0.28478515766001949  0.29491655202629347
  0.30443792394395791  0.31428226138616061  0.32440019905171324  0.33446397954809165
  0.34393623668819190  0.35309770947804192  0.36235118899968422  0.37154277803965441
  0.38118576008507249  0.39100759867940726  0.40168390784885827  0.41238557648237251
  0.42338413898104499  0.43444851627930342  0.44519843363141892  0.45603384151942111
  0.46719994583924107  0.47790419647872789  0.48842422371541910  0.49819346881752596
  0.50898836003281134  0.51948624781485941  0.52910190477602370  0.53836307372155212
  0.54762769614886209  0.55690407523658136  0.56669848875030082  0.57647676938437231
  0.58634260187128040  0.59822467456493977  0.60970778740629827  0.62126693619860562
  0.63274558183238561  0.64448294915221160  0.65515445554509633  0.66556267475954245
  0.67590020500511205  0.68628013610477223  0.69693061449431559  0.70711221928673151
  0.71670971406276607  0.72575053103259557  0.73463464015738122  0.74378542772379497
  0.75305031811428824  0.76308981757415306  0.77296597651531118  0.78360503197753473
  0.79400742704029759  0.80447259846763997  0.81488721311438284  0.82574408839837432
  0.83658263865446403  0.84751239408081913  0.85767916103157560  0.86740307287366303
  0.87688273017153096  0.88628608004475329  0.89616369328920586  0.90600077604552354
  0.91547263474434637  0.92467132492240889  0.93415793360190469  0.94438280380124351
  0.95490624783742029  0.96514879167926404  0.97106440635762192  1.00000000000000000
  0.09237394759108893  0.12459779576432518  0.13504576577078478  0.14453138544524824
  0.15521585015684411  0.16552412580336567  0.17575821028457655  0.18519040110242641
  0.19388268212762577  0.20209273095090127  0.21003947666584544  0.21754343968772760
  0.22502230537606338  0.23242924709279864  0.23966860773111717  0.24663359262003556
  0.25337798116342797  0.26004869300799982  0.26665440738953833  0.27316165758687211
  0.27957489431947341  0.28593576405852233  0.29233906223912032  0.29878005232296284
  0.30501974515647595  0.31114333886732037  0.31731784076138542  0.32343392480070177
  0.32966913051788632  0.33607547968932366  0.34268244299536704  0.34913484714850868
  0.35525773300690183  0.36069667915310699  0.36599058027516956  0.37133712709107741
  0.37690846304951975  0.38266907531645683  0.38844311903774797  0.39422650361889222
  0.39992099816646853  0.40544065175335403  0.41079081103578408  0.41589705678725936
  0.42109235654929472  0.42635634726598975  0.43200341090014371  0.43752839846131120
  0.44294720480720162  0.44826799142431278  0.45369283492968110  0.45921789330976054
  0.46462807334387496  0.46974787718285532  0.47481959838500593  0.47994055720519940
  0.48509703684170113  0.49031973458412026  0.49564289809647033  0.50097987867872162
  0.50608599773918606  0.51141043788844198  0.51655762438774067  0.52218307575938994
  0.52757488380169371  0.53292324534599145  0.53826876518004363  0.54364831326987073
  0.54904308099755117  0.55440456640671953  0.55980200251004097  0.56541884967322353
  0.57138372746573174  0.57744042623943437  0.58353163037726752  0.59004643256722467
  0.59657578337349959  0.60309258757230944  0.60981236811077499  0.61692911414039464
  0.62442521932661876  0.63215298639648665  0.64006625294950237  0.64795702728863114
  0.65569975691290516  0.66351557300069741  0.67125787163039397  0.67971772768447014
  0.68898167569029767  0.70000872297429118  0.71178857158137554  0.72421884582658147
  0.73958823830344778  0.76171188524920896  0.79820195788114467  1.00000000000000000
   6.1776923915710313E-018  -1.0000000000000000     
 F F F F F F F F F F F F F F F F T F T F T F T F T F F F T F F F T F T F T F T F F F F F F F F F T F T F T F T F T F T F T F T F F F F F F F F F F F F F F F F F T F T F T F T F T F F F T F F F T F T F T F T F F F F F F F F F T F T F T F T F T F T F T F T F
  <DiscreteSampler_grid>
  grouped_processes
  1 # 1 for a reference and 2 for a running grid.
  10 # Attribute 'min_bin_probing_points' of the grid.
  1 # Attribute 'grid_mode' of the grid. 1=='default',2=='initialization'
  0.0000000000000000 # Attribute 'small_contrib_threshold' of the grid.
  0.5000000000000000 # Attribute 'damping_power' of the grid.
 # binID   n_entries weight   weight_sqr   abs_weight
    13   10   1.801756977243755E-008   1.361960168020381E-015   1.801756977243755E-008
    14   10   1.801756977243754E-008   1.361960168020380E-015   1.801756977243754E-008
    25   10   1.147190263667911E-008   3.913822895867833E-016   1.147190263667911E-008
    26   10   1.147190263668146E-008   3.913822895869666E-016   1.147190263668146E-008
  </DiscreteSampler_grid>
