  0.00000000024855822  0.00000000033517761  0.00000000041068806  0.00000000048934693
  0.00000000056755082  0.00000000065059014  0.00000000073444484  0.00000000082058454
  0.00000000090176000  0.00000000098520454  0.00000000107859362  0.00000000117722938
  0.00000000127967949  0.00000000138228718  0.00000000147968713  0.00000000157667939
  0.00000000168365942  0.00000000179763444  0.00000000191162351  0.00000000202495151
  0.00000000213697410  0.00000000224973749  0.00000000236152422  0.00000000247468519
  0.00000000259054613  0.00000000271304213  0.00000000284321935  0.00000000297376301
  0.00000000310308809  0.00000000323224999  0.00000000336400833  0.00000000349976372
  0.00000000363839959  0.00000000377285873  0.00000000390673300  0.00000000404239693
  0.00000000417904374  0.00000000431345665  0.00000000444539028  0.00000000458470446
  0.00000000473293817  0.00000000488631955  0.00000000504495580  0.00000000520224795
  0.00000000535713510  0.00000000551421114  0.00000000566728951  0.00000000583616956
  0.00000000600785731  0.00000000618132925  0.00000000635250712  0.00000000652334370
  0.00000000669209865  0.00000000686054187  0.00000000703029969  0.00000000720033058
  0.00000000737421375  0.00000000755966476  0.00000000774650913  0.00000000793308172
  0.00000000811701152  0.00000000830867013  0.00000000850458655  0.00000000870305336
  0.00000000890319001  0.00000000910336930  0.00000000930637117  0.00000000951953463
  0.00000000974486421  0.00000001000355065  0.00000001026283163  0.00000001052619837
  0.00000001078477598  0.00000001104431667  0.00000001130777197  0.00000001157673980
  0.00000001185110498  0.00000001213222666  0.00000001244271207  0.00000001277852570
  0.00000001314341834  0.00000001352723090  0.00000001392208534  0.00000001432377848
  0.00000001473459605  0.00000001515921541  0.00000001560063013  0.00000001608209442
  0.00000001670414159  0.00000001739748276  0.00000001815973409  0.00000001904203472
  0.00000002012256830  0.00000002203269952  0.00000002361281236  1.00000000000000000
  0.00955647054304694  0.01568956924881595  0.02524255399020446  0.03576462510400392
  0.04568441655617186  0.05526437829475222  0.06485128408710256  0.07484994512948737
  0.08539270075542606  0.09622651597881636  0.10751494309866474  0.11938278735801343
  0.13127735805610563  0.14245690465351016  0.15315160880074113  0.16359380585839248
  0.17404890129775424  0.18491534676988888  0.19646344771506166  0.20859252766566747
  0.22008612615807371  0.23118944190176080  0.24231788647853927  0.25352469947153494
  0.26448765747879344  0.27523874388828723  0.28621442016867576  0.29692165708009233
  0.30789128811797478  0.31894913556083876  0.32999098373119845  0.34059214137893867
  0.35089004471369867  0.36135016692230848  0.37198373142227259  0.38255827200203213
  0.39323670281112305  0.40378298777365085  0.41470416533975968  0.42531565234599189
  0.43620440138449723  0.44713389246450880  0.45867378305273571  0.46951456581040996
  0.48034812018021872  0.49122901504601862  0.50147495901261130  0.51181804070435866
  0.52185695774087515  0.53229317998562276  0.54237184479423894  0.55253017122330339
  0.56269950624576293  0.57274712700687958  0.58257572597369833  0.59242630439611399
  0.60224993353511336  0.61213948345703406  0.62218858651000075  0.63219819518602116
  0.64238391232770198  0.65278595307023912  0.66344189923949803  0.67422087881971760
  0.68502008484010490  0.69573524975850909  0.70626808236769323  0.71671135319332668
  0.72660112890091155  0.73675291127401665  0.74674913235234552  0.75750646680753486
  0.76846604135983587  0.77925177006357871  0.78980312490390703  0.79950096054384046
  0.80887381489785504  0.81834572849172194  0.82799761842444997  0.83790750750029586
  0.84795867912078604  0.85826793291075809  0.86941102469764198  0.87997263218135424
  0.89084263731917335  0.90093066877329231  0.91119911491743277  0.92133083259177628
  0.93175231012594961  0.94248715767203650  0.95361232844868749  0.96365280693183675
  0.97364467084250239  0.98302869353232381  0.99097568566376726  1.00000000000000000
 -0.00307337565037004  0.01182950365988534  0.02355942999358591  0.03482750764959778
  0.04542907342827471  0.05592426132225030  0.06602635614083432  0.07586314419070296
  0.08592363182938902  0.09620176090247459  0.10686342601674376  0.11761928275293983
  0.12835168276518319  0.13939601449985928  0.15003763512180823  0.16039584479608010
  0.17017811819809547  0.17988879453193724  0.18965205854437270  0.19957213370623922
  0.20953682966680517  0.21985019986718257  0.23051894686013027  0.24149239742920769
  0.25285964055893112  0.26388870727100738  0.27488365559358285  0.28556734110216392
  0.29630437459519604  0.30706732134379161  0.31780810086858413  0.32863562382604578
  0.33952717167298629  0.35036060644060257  0.36110880866103989  0.37185780427741405
  0.38268726776349432  0.39389409080013826  0.40513025322343016  0.41620330497774899
  0.42684070831937104  0.43771862423642960  0.44864187451552845  0.45975467620054045
  0.47034318726416480  0.48117859410773750  0.49190599592355372  0.50275800692179062
  0.51366802636590225  0.52463499764024701  0.53559637961884032  0.54685987875511433
  0.55811953599059427  0.56916906360327790  0.58008407594955513  0.59081701250866059
  0.60198386227990885  0.61336137976589178  0.62467873264246576  0.63481615304574357
  0.64508172955738396  0.65608053441449399  0.66689437990351763  0.67706074635815328
  0.68708560187626888  0.69747520721232725  0.70812113392421905  0.71853712341706066
  0.72925377646338507  0.73981225378590110  0.75017304395786111  0.75991825765933863
  0.76951536327251457  0.77916332058944737  0.78896996403011932  0.79910001844643819
  0.80892846127983131  0.81874802736667851  0.82847550819683802  0.83828728676387620
  0.84878125165393647  0.85886103250372181  0.86895832553453045  0.87867916403242496
  0.88840340905065673  0.89851852561972090  0.90839067428681697  0.91848154113474956
  0.92869548889319109  0.93916080373303013  0.94955059744249404  0.95975303994562766
  0.96972474762137040  0.97958421135269880  0.98952270282946786  1.00000000000000000
 -0.00228409286838480  0.00969989509258083  0.02034827715637526  0.03064456486759125
  0.04094606291856413  0.05165677084297177  0.06298815943161261  0.07392305606491689
  0.08461470507834452  0.09582998120971609  0.10663107514040510  0.11741139087666065
  0.12776740486069207  0.13918815866114731  0.15022909535646972  0.16138547590536734
  0.17238856861914431  0.18314124911707591  0.19395419283917709  0.20427312406955705
  0.21478674163416692  0.22561643386762847  0.23605228548925986  0.24645057995178327
  0.25641457442155169  0.26627680618285865  0.27637478845942159  0.28649754021376878
  0.29710616555090308  0.30816610746434020  0.31922031644959553  0.33064571941326804
  0.34163268898385718  0.35231418435272499  0.36239282179570742  0.37226299146185776
  0.38262093737258707  0.39363488057377466  0.40499315580824952  0.41594488670416463
  0.42622100353650394  0.43595474144875557  0.44561727563166481  0.45551553150172691
  0.46575727499264524  0.47628024351158160  0.48678265755829841  0.49736710984333538
  0.50786933804156331  0.51842101400030971  0.52813457381407924  0.53741490673711612
  0.54678034923594743  0.55622363872741265  0.56613032168647803  0.57637284811154921
  0.58691314387083382  0.59796240876634910  0.60872792384436625  0.61936785467383981
  0.62972758213753499  0.64004760970759234  0.65059276971001012  0.66175231522308842
  0.67268482486184245  0.68275810392122105  0.69250310898350620  0.70190117050693746
  0.71149542482081229  0.72132526903881344  0.73140549230164131  0.74288288323829654
  0.75402811783150336  0.76493391986291548  0.77575149649838082  0.78659560559948460
  0.79712402019262807  0.80766394127723085  0.81769300181974824  0.82785306558059790
  0.83872871618399758  0.84948351609483830  0.85993806492922764  0.86995834852001774
  0.88035201837919264  0.89113551501115940  0.90217069547989603  0.91375305470715185
  0.92576133430565311  0.93690560433521697  0.94804098139268711  0.95860711672006715
  0.96875384587044278  0.97908913256048169  0.98945760416449047  1.00000000000000000
 -0.00261005127204104  0.00960386227808336  0.01956951989387621  0.03068415355546605
  0.04166072616554040  0.05180012149395604  0.06156795197921105  0.07139193041519551
  0.08151274269393607  0.09137049392010230  0.10102816473592172  0.11132940175662245
  0.12185966576042259  0.13276360321715536  0.14421241862569212  0.15610927262429128
  0.16807046879321952  0.17941082335473502  0.19048354251689328  0.20147186380809107
  0.21241211312468453  0.22319466506150790  0.23359095036493724  0.24371521297108306
  0.25394450947174313  0.26453693322491018  0.27514096494922835  0.28566895464168829
  0.29611057793759016  0.30658546362108297  0.31706360378975629  0.32746095366077305
  0.33762925410751737  0.34782675386421313  0.35753464700566956  0.36733848523371448
  0.37708132881331990  0.38723197322397890  0.39741059809441381  0.40696724206291812
  0.41615860129164789  0.42584206097542487  0.43609412446722989  0.44697103584463399
  0.45760404651321446  0.46875303201330215  0.48032073896057381  0.49229601813114804
  0.50414484171844809  0.51591197039357350  0.52682393787449799  0.53715974220311546
  0.54768072487505548  0.55857031784965971  0.56972430085306491  0.58073121571381525
  0.59151780287445166  0.60241659963568694  0.61325950240736504  0.62392209469677473
  0.63398571169172191  0.64364687077582683  0.65363508871830434  0.66414171358713736
  0.67457659836896711  0.68511764139367171  0.69499019092388370  0.70459689919147017
  0.71400717945751602  0.72379637586435586  0.73418890193273922  0.74521168240060576
  0.75645392791546973  0.76783090800494236  0.77886172545011512  0.78961643964675232
  0.80002762581968700  0.81077316819611422  0.82162724232155493  0.83260745312112838
  0.84331495866110173  0.85414758069706520  0.86493887442328876  0.87559082634018492
  0.88607180250540352  0.89641204958492593  0.90672320365976911  0.91716753023706188
  0.92782077348322811  0.93852536091890670  0.94919334539598621  0.96004488772515106
  0.97042481849082218  0.98075388603899616  0.99026853876884868  1.00000000000000000
 -0.00256840201197793  0.00944731530435962  0.02025528612527610  0.03121223105216867
  0.04237756016766324  0.05326437592583764  0.06412332409476316  0.07470586569634612
  0.08540875481708445  0.09689929091096755  0.10794842705593062  0.11875497937370375
  0.12879598485985333  0.13929055483337618  0.14975734518654243  0.16079829596178519
  0.17136587113645518  0.18191355437098691  0.19234749149565783  0.20262144990489392
  0.21294983463576431  0.22371328700051263  0.23501730551889494  0.24621968594857099
  0.25655209947029217  0.26654821398162026  0.27659807950950399  0.28694653759779887
  0.29718402516729830  0.30724354421160888  0.31741179311400025  0.32726278964132405
  0.33712872341726169  0.34664866709135228  0.35629056788961627  0.36625394083477486
  0.37636475735076974  0.38640948530110819  0.39614099806763137  0.40591736519512861
  0.41655510505882093  0.42754586688627805  0.43844971272083344  0.44850523565222156
  0.45851661215109751  0.46874602222089995  0.47882868221919417  0.48937748968322781
  0.49977485591596199  0.51039402489373853  0.52082218694972549  0.53103978608571878
  0.54119076766474050  0.55108388298173783  0.56098993816065013  0.57117862932023511
  0.58145528085327347  0.59169740834565010  0.60220864398661722  0.61339675487489032
  0.62497792354707626  0.63644940516856530  0.64752118623384880  0.65797181675842198
  0.66774591498761460  0.67739577976227994  0.68762936535631380  0.69852314705090113
  0.70931568233903297  0.71971907896060872  0.73040616148505566  0.74124474643960969
  0.75225195568775838  0.76320987385160222  0.77451158594056502  0.78604590470888813
  0.79729726571113591  0.80827830866683925  0.81924273525154911  0.83007644902503330
  0.84069623676394578  0.85136032557707175  0.86198081674488947  0.87270822817191651
  0.88329252558412297  0.89353177125362748  0.90398855530057087  0.91442237071472532
  0.92527494060326165  0.93644445176177438  0.94776088933591429  0.95866486681874974
  0.96886300820356952  0.97914422362809383  0.98959728252532975  1.00000000000000000
  0.01336596416480350  0.01555697194332061  0.01961932132946415  0.02355275051359998
  0.02912672386554592  0.03435619932243903  0.03989982973450826  0.04546823068002756
  0.05102466719085159  0.05657660629930582  0.06207404168987986  0.06752302233852345
  0.07275409390924333  0.07803722047607817  0.08340453849519086  0.08901699557393708
  0.09482662322017063  0.10064918028037015  0.10645892429315384  0.11231971206552681
  0.11828565500915103  0.12431618615811699  0.13026018873811251  0.13608100774083498
  0.14187010023507388  0.14787784851963945  0.15394428192882606  0.16023187925490967
  0.16632453786017792  0.17206330600875638  0.17773287843852620  0.18337170195396474
  0.18890649800311399  0.19467781405702500  0.20033620542854522  0.20614521209704811
  0.21173941725449405  0.21742665211798712  0.22325031978763013  0.22938424055710627
  0.23562847431226788  0.24203725797690681  0.24842026819793284  0.25501216088909673
  0.26169638071080170  0.26824002392526541  0.27534560517867912  0.28274273053443794
  0.29009428721732411  0.29746046419245237  0.30478413361023271  0.31215414801283531
  0.31981977259064132  0.32773846213941171  0.33582197716796997  0.34359353783784907
  0.35135604011886684  0.35907735841348015  0.36684982191102394  0.37489372825013922
  0.38317933092734274  0.39169660924420019  0.40043292509865863  0.40936639360795513
  0.41845742451907203  0.42765482056622750  0.43681237200520545  0.44610960499996560
  0.45576805229412681  0.46545387831730162  0.47523124420082774  0.48506753944453518
  0.49519246889692992  0.50531172553972259  0.51572411797009210  0.52628397624200840
  0.53698291992890634  0.54805155906022918  0.55974527426625686  0.57204004661895091
  0.58495263505039219  0.59861034444629257  0.61300962032873907  0.62815813153997146
  0.64375932773394251  0.66003780637999321  0.67699976073508517  0.69487138823135786
  0.71420527717119964  0.73639489649095369  0.76095830745213278  0.78767910596414725
  0.81824681311847003  0.85588422148441112  0.90811080277465617  1.00000000000000000
 -0.00220438713628178  0.00952159375846479  0.01964535176165428  0.03054920415689152
  0.04135662052896490  0.05248485481108427  0.06327760347842469  0.07459676373820227
  0.08575126401401435  0.09692116376952205  0.10800053838398359  0.11896572659216632
  0.12938606999056709  0.13950602128482223  0.14934093217462069  0.15918212671482465
  0.16903723695839618  0.17899528055318500  0.18932505912604825  0.19968962159026438
  0.21037239393307663  0.22112351831719040  0.23199400484874111  0.24257955644385393
  0.25249892741902452  0.26221969847727761  0.27178663241973183  0.28195838015169794
  0.29213577886230374  0.30261559934713117  0.31265277372662337  0.32362494485833387
  0.33441499242120981  0.34546603449248581  0.35636271134691883  0.36719490305328395
  0.37736081156370654  0.38738329068213695  0.39788355402582287  0.40831458372569057
  0.41822734104839759  0.42743312982130932  0.43680567463339426  0.44622831405284502
  0.45585311469415696  0.46588764464431542  0.47633522176460974  0.48706014781011642
  0.49776974700433996  0.50871491890947707  0.51968161716267591  0.53074669568604937
  0.54187510948823092  0.55336159658331985  0.56481306580875312  0.57578318134880258
  0.58633965236759800  0.59663080021145254  0.60701204725796354  0.61724480590340602
  0.62777199592312349  0.63868665025545712  0.64974136858618869  0.66088776113084213
  0.67190769163015407  0.68277475157094536  0.69320991159731438  0.70289402955262181
  0.71306285611977771  0.72321177248492274  0.73405356658425058  0.74489727209392920
  0.75561196746987280  0.76620266215163513  0.77645431762120787  0.78686439410278719
  0.79707369878275713  0.80707538119727851  0.81712309980289155  0.82777630233618471
  0.83916144432295126  0.85046109003535175  0.86181046589706545  0.87332700728564228
  0.88458223978252914  0.89547094250049264  0.90611401076179632  0.91632475108588562
  0.92643120242741384  0.93659853025448514  0.94732681828728660  0.95835891620775748
  0.96926679310499408  0.97986516224408260  0.99013231075487185  1.00000000000000000
  0.02447606201673558  0.03155746328960135  0.04042189406279503  0.04927261088528805
  0.05800061688163900  0.06706984963007788  0.07685700626524607  0.08724657365927374
  0.09813055253785266  0.10850498032902421  0.11822568202100028  0.12748102445034859
  0.13652479309994658  0.14590070693856153  0.15608421995766064  0.16657819428412332
  0.17712698152825801  0.18747033639208965  0.19759591198524087  0.20751327737857791
  0.21731391470641687  0.22676690821654036  0.23651382214317052  0.24587709433929261
  0.25539041372932098  0.26494798551132887  0.27482037494870826  0.28492592507630465
  0.29513166698828819  0.30535043530067063  0.31541087952209623  0.32547832007153066
  0.33578252396060376  0.34655219815994126  0.35701079572096633  0.36703329842403626
  0.37670292727412252  0.38696931517760175  0.39728318282907626  0.40744381033247129
  0.41764130389519483  0.42762153976589418  0.43771400779410330  0.44784842178610507
  0.45824834403902875  0.46887614034158404  0.47951614104575807  0.49008056404890155
  0.50019341614740054  0.51089503190306240  0.52140351574842170  0.53222831209971322
  0.54293483552913147  0.55375517800780272  0.56473438647456753  0.57579806318103821
  0.58649612188543476  0.59667049935788130  0.60655356662391557  0.61651228678150594
  0.62695594588162762  0.63809043121391873  0.64953213778885044  0.66036530027779627
  0.67023973465433961  0.67968444975306119  0.68912485432202519  0.69895570408568586
  0.70925223327328679  0.72000526064665393  0.73063403101862212  0.74099995517637129
  0.75137277084173293  0.76207115222281685  0.77255306492082410  0.78269434262911863
  0.79223788826769470  0.80151686700606628  0.81068076069036032  0.82033283795036560
  0.83052950455347541  0.84086243285010664  0.85092691227114670  0.86070533651280301
  0.87024051691641946  0.88009980894056938  0.89002245881165787  0.90034247834814796
  0.91062997552633707  0.92120881494025009  0.93172033080532224  0.94269641147178040
  0.95432812711228943  0.96385517810228472  0.97130295116087517  1.00000000000000000
  0.09621247352774022  0.11360503252077322  0.13518817801868960  0.15386003085653693
  0.16884920141306087  0.18235005870277718  0.19419307536591821  0.20545275854984169
  0.21661983529059173  0.22730116252193142  0.23724055673305106  0.24679536054701640
  0.25607474952987119  0.26503676078847566  0.27379973874792918  0.28246923069916818
  0.29104470433383151  0.29931284929137641  0.30743803551840748  0.31543284432829471
  0.32327353640261036  0.33099522352301686  0.33872474786793677  0.34632866088800113
  0.35364598588542417  0.36109911153444263  0.36861853753936252  0.37611724831708548
  0.38334761252473726  0.39035179994382629  0.39713132208282786  0.40375843633521119
  0.41049211613030734  0.41729163402639469  0.42408589235254424  0.43070679668676737
  0.43707245751254842  0.44331475638066248  0.44954312626969700  0.45574045907424554
  0.46190312805220185  0.46806214877844649  0.47418694518376553  0.48020187626116195
  0.48605296690734423  0.49170125609719789  0.49746672646490403  0.50320817372693738
  0.50921756777328597  0.51543068136418613  0.52174592354565752  0.52787501501284606
  0.53386833332671890  0.53975035194027554  0.54552341085704892  0.55128788493645930
  0.55707690389303710  0.56282909916327584  0.56849734758657533  0.57409070616934554
  0.57970181408499488  0.58534193519600897  0.59095388576107244  0.59662378576954389
  0.60217358343560012  0.60768378100590625  0.61303282294463468  0.61824766692500777
  0.62343615840724409  0.62867277952304323  0.63395704008765741  0.63940868934394568
  0.64487413976467456  0.65011681191966253  0.65520340068097582  0.66023944627977660
  0.66529952901311051  0.67051718871551413  0.67606682229413118  0.68161085175010516
  0.68733558910353665  0.69322787471919989  0.69922095485993441  0.70528088378148623
  0.71172683393981784  0.71882664451534017  0.72633471524468041  0.73453465268592755
  0.74349265177436563  0.75319908416105796  0.76328946486248639  0.77345764509308967
  0.78430789502128084  0.79739630414101159  0.82330141682415747  1.00000000000000000
   2.7501700545386825E-017  -1.0000000000000000     
 F F F F F F F F F F F F F F F F T F T F T F T F F F F F F F F F T F T F T F T F F F F F F F F F T F T F T F T F T F T F T F T F F F F F F F F F F F F F F F F F T F T F T F T F F F F F F F F F T F T F T F T F F F F F F F F F T F T F T F T F T F T F T F T F
  <DiscreteSampler_grid>
  grouped_processes
  1 # 1 for a reference and 2 for a running grid.
  10 # Attribute 'min_bin_probing_points' of the grid.
  1 # Attribute 'grid_mode' of the grid. 1=='default',2=='initialization'
  0.0000000000000000 # Attribute 'small_contrib_threshold' of the grid.
  0.5000000000000000 # Attribute 'damping_power' of the grid.
 # binID   n_entries weight   weight_sqr   abs_weight
    13   10   2.515133070528564E-007   2.887627362204279E-013   2.515133070528564E-007
    14   10   2.515133070528688E-007   2.887627362204683E-013   2.515133070528688E-007
    16   10   1.477865206300397E-007   5.381051261891602E-014   1.477865206300397E-007
    17   10   1.477865206300457E-007   5.381051261892072E-014   1.477865206300457E-007
  </DiscreteSampler_grid>
