  0.00000000024883373  0.00000000033758182  0.00000000041916806  0.00000000050097840
  0.00000000058117212  0.00000000066211731  0.00000000074398082  0.00000000083350567
  0.00000000092177708  0.00000000101115143  0.00000000110134260  0.00000000119031731
  0.00000000128358586  0.00000000138072284  0.00000000148157903  0.00000000158691243
  0.00000000169537057  0.00000000179954659  0.00000000190169207  0.00000000200170523
  0.00000000211046125  0.00000000222773257  0.00000000234482112  0.00000000245572631
  0.00000000256918963  0.00000000267910031  0.00000000280363140  0.00000000293331141
  0.00000000306533581  0.00000000319780522  0.00000000332851665  0.00000000345692970
  0.00000000359699044  0.00000000373691011  0.00000000387424771  0.00000000401091877
  0.00000000415014771  0.00000000429330485  0.00000000444051921  0.00000000459170596
  0.00000000474307120  0.00000000489061768  0.00000000503522744  0.00000000518659503
  0.00000000534013864  0.00000000550103821  0.00000000566168048  0.00000000582603089
  0.00000000600093792  0.00000000616888351  0.00000000633176819  0.00000000649219100
  0.00000000665570632  0.00000000682364443  0.00000000699593763  0.00000000717437995
  0.00000000735778456  0.00000000754776183  0.00000000775236877  0.00000000794765036
  0.00000000814475381  0.00000000834130887  0.00000000854656764  0.00000000875316162
  0.00000000896146134  0.00000000916970539  0.00000000937181388  0.00000000957333498
  0.00000000979252880  0.00000001003882270  0.00000001029494888  0.00000001056012401
  0.00000001082930569  0.00000001109313956  0.00000001135983812  0.00000001162917937
  0.00000001190152627  0.00000001218282872  0.00000001248675228  0.00000001283585639
  0.00000001320669745  0.00000001359212000  0.00000001398520908  0.00000001438181118
  0.00000001478416959  0.00000001519395695  0.00000001562297768  0.00000001612218462
  0.00000001669938040  0.00000001738056289  0.00000001813206720  0.00000001904352800
  0.00000002018300294  0.00000002223589245  0.00000002370563465  1.00000000000000000
  0.00944897811208655  0.01686026421554210  0.02506849930494898  0.03525420766116886
  0.04534204599304067  0.05615845591335564  0.06641919065580516  0.07681687173300566
  0.08641908436809022  0.09651535348148339  0.10628438860492796  0.11642738308013897
  0.12670781753330074  0.13731019109568599  0.14848743603671713  0.16022021666595587
  0.17131754085360923  0.18208654787632395  0.19272700954866775  0.20311585408527882
  0.21284570577991369  0.22224793122359737  0.23194903938516109  0.24199729913916568
  0.25209913249540672  0.26242816014469561  0.27302151219389270  0.28366980350042914
  0.29394936623630491  0.30406990678097445  0.31403222670249609  0.32405106709021281
  0.33459602519545534  0.34548983438203718  0.35622402671584291  0.36641992084186664
  0.37618820054151719  0.38590740017726055  0.39560581845779741  0.40534434378058715
  0.41503548330779916  0.42464432700354882  0.43412484802691476  0.44399165005180929
  0.45439828459681636  0.46525758373290371  0.47612113590711053  0.48689341666416253
  0.49770191701783695  0.50793679562909289  0.51790196548884715  0.52808311819994735
  0.53826514063768405  0.54880256135989858  0.55950139405724708  0.57026300837487087
  0.58082896552042185  0.59123779757254002  0.60183820969910706  0.61264816084181206
  0.62371930270143472  0.63495242098578952  0.64592601413572970  0.65636212999115617
  0.66665520535266776  0.67701181596177784  0.68761899229709622  0.69795745668691045
  0.70806700592319105  0.71811125357606564  0.72814682892985383  0.73859698557591902
  0.74874620275046866  0.75957653938772851  0.77043307689031082  0.78086871253818158
  0.79116417409882811  0.80119718607294088  0.81187414015795445  0.82270267447400847
  0.83350696885112097  0.84355915885060651  0.85296969411764667  0.86265300250231136
  0.87303697397859858  0.88427011606342154  0.89544271554674904  0.90713587572957399
  0.91747246894035850  0.92744235786649332  0.93743899408968090  0.94829973810618140
  0.95927894892655785  0.96949622387325995  0.97992812749618874  1.00000000000000000
 -0.00168557450715281  0.00978823912270258  0.01969353909771917  0.02985644980585791
  0.03964063567631876  0.05019527936469478  0.06091324315353627  0.07215255188372123
  0.08346628792083817  0.09476159186082901  0.10542484891821424  0.11514134571561696
  0.12483347214342419  0.13464390537237042  0.14453799072197032  0.15493366670535869
  0.16540744865178877  0.17699248466186940  0.18866485513386289  0.19987973551916136
  0.21067778746273347  0.22097513158465984  0.23091526824322214  0.24062720196521975
  0.25023038546065296  0.26070110295425514  0.27108109678193038  0.28177501375374669
  0.29265387359825590  0.30375539266064494  0.31463299083894392  0.32537256903863065
  0.33581596937776709  0.34631581800899952  0.35668361541771276  0.36726116624792582
  0.37802358527241825  0.38864433073717547  0.39935036758985343  0.41020869722079623
  0.42160038615202272  0.43316510142250797  0.44406939454383332  0.45414911026110988
  0.46446604837498423  0.47493420751559939  0.48528675158443557  0.49552903626386963
  0.50646031342995046  0.51812578961634492  0.52897245428014239  0.53976516393606377
  0.55063984589162651  0.56181615768957760  0.57164445868943514  0.58197310848974848
  0.59237596688069716  0.60299917154649707  0.61285954243360619  0.62258252226194133
  0.63216699898697437  0.64194194990877296  0.65183289736150540  0.66221341950201840
  0.67275539931532236  0.68348205976194509  0.69393039442343452  0.70428496116094141
  0.71451549923312374  0.72470084906721011  0.73471229672799820  0.74444903154138042
  0.75432223725267633  0.76436990095674306  0.77492903952724690  0.78552642742734480
  0.79596316952154733  0.80617757024342629  0.81642531912253369  0.82677827719372488
  0.83701529419845533  0.84720796783650631  0.85738133267644168  0.86772105597155702
  0.87768890280644574  0.88774855637894790  0.89807657864602963  0.90940791218117689
  0.92075000579250466  0.93207779925606915  0.94310056827185806  0.95443393287245903
  0.96535477314609464  0.97648645978077087  0.98781319104248233  1.00000000000000000
 -0.00210455873260899  0.00938258311528743  0.02003889947024627  0.03104953235809718
  0.04256252740884661  0.05451698322268637  0.06634135391653585  0.07754771966720066
  0.08822584995450158  0.09839747852443342  0.10834136633775472  0.11829065724391254
  0.12790481412841093  0.13748701746652536  0.14713252635921914  0.15725789615676233
  0.16759295740839539  0.17797238412104885  0.18817846475906533  0.19812951420914710
  0.20825567147374222  0.21860623453238839  0.22895206909770618  0.23928835638546886
  0.24964498893530226  0.25988605700017486  0.26987679330302616  0.27964100414795312
  0.28904213235188436  0.29827026345458202  0.30785093016182730  0.31836798427878266
  0.32926728050670723  0.34010514144227383  0.35067895627437268  0.36161153436655380
  0.37286961621576387  0.38429373148320234  0.39561223144331420  0.40597838508051015
  0.41618011438480834  0.42584619695570980  0.43598155419772916  0.44568350764428727
  0.45530769717321734  0.46496760896912109  0.47469903218960274  0.48429688424078537
  0.49388873719869214  0.50336358129381820  0.51352587397825478  0.52352566645927756
  0.53369401058025667  0.54409040728403513  0.55446193817566503  0.56530267869689654
  0.57561439641614920  0.58614959805319988  0.59741768345784740  0.60850340696849115
  0.61895638333050940  0.62913238819474648  0.63946680301121228  0.64923694117761643
  0.65869007777645783  0.66859812166299881  0.67917353895937971  0.69016799910538595
  0.70112308361922149  0.71168216113242111  0.72161439301294106  0.73149612188890967
  0.74145813262899740  0.75181792364615263  0.76218236987621035  0.77276598065646118
  0.78390884500734070  0.79516477291312160  0.80645844951558299  0.81745565999500946
  0.82864969917800257  0.84005927784149881  0.85158909502693425  0.86374743788948694
  0.87568353741230298  0.88688237339872800  0.89799984004180489  0.90924637425060739
  0.92070810970364025  0.93227566505429160  0.94447515918900671  0.95690644981877271
  0.96806286859572332  0.97873541785643592  0.98928703454925948  1.00000000000000000
 -0.00141824260690397  0.00944869622478019  0.01973396932191470  0.02980646762740128
  0.03964248823871157  0.04945969495652788  0.05925248734642184  0.06978957012943277
  0.08018063589473709  0.09137758582443976  0.10288622661869098  0.11354603633282043
  0.12405499920017363  0.13383627257983552  0.14373075667622515  0.15388129153519012
  0.16426313398007819  0.17515936487180706  0.18587118227002689  0.19682338760273788
  0.20761604603243880  0.21823393202230229  0.22861270071346176  0.23898684861927408
  0.24991339383454977  0.26080650943759581  0.27177089883294991  0.28247789568172116
  0.29317107795038755  0.30395320243942359  0.31507182439684883  0.32624539224123206
  0.33732929378628318  0.34840071207552892  0.35948170288359199  0.37109122597032801
  0.38271892637576976  0.39401776305984665  0.40457526088654538  0.41477794460305106
  0.42487658909323023  0.43486378230147194  0.44485178737814490  0.45409181288799416
  0.46310084558709463  0.47217307969451844  0.48223782332314236  0.49336741625996572
  0.50460523072451824  0.51573379613517178  0.52670310679396681  0.53757562718305685
  0.54830251112565409  0.55952273348606318  0.57052464321205132  0.58132644636149411
  0.59184445488297988  0.60243502975767516  0.61275826871332884  0.62261552759801930
  0.63254506370509156  0.64276769596671746  0.65339889677986096  0.66407006647189049
  0.67429680974051442  0.68461743461136471  0.69452765734694333  0.70490629874580457
  0.71533828485284445  0.72621784642207043  0.73667895454487575  0.74721015740321817
  0.75786339622697607  0.76836814492696659  0.77911719743577479  0.78985794925411024
  0.80165517844772238  0.81311364660324548  0.82434675512671973  0.83552763719795853
  0.84686405121500075  0.85756357580055453  0.86840991348414154  0.87908072888612543
  0.88999174741900633  0.90060183068393262  0.91113192586962777  0.92154414583385880
  0.93198578027926504  0.94210267247413226  0.95216659495384892  0.96197703313592331
  0.97176200224628606  0.98106983673336257  0.99062570581446951  1.00000000000000000
 -0.00237816970655023  0.00886943901702755  0.01905152601088305  0.02986275372563850
  0.04115721963756971  0.05265948140727041  0.06415263075753497  0.07500363632960708
  0.08561274886533617  0.09624341349337456  0.10633826626701784  0.11596513220663368
  0.12590871197945211  0.13610353196638836  0.14650317884083436  0.15682480745432484
  0.16788462899805315  0.17845630329677248  0.18882412680889366  0.19888977315733394
  0.20932890577463328  0.21968699584084597  0.23065820934089482  0.24174580042082752
  0.25285849449920644  0.26370629132204604  0.27422984502972458  0.28436957812246294
  0.29414354114204483  0.30348085931101809  0.31315378610790695  0.32286071527023824
  0.33329114788928305  0.34359191245070109  0.35357746347823449  0.36372464111661940
  0.37453338016123799  0.38583405935084109  0.39712157437021417  0.40803317805960954
  0.41861455116470619  0.42924733113905378  0.43974876214947656  0.45042585971534216
  0.46090162554416114  0.47150867471944791  0.48238179620490690  0.49336109116212851
  0.50422147636983561  0.51489369379715666  0.52499477909228709  0.53451446988948592
  0.54389225349202763  0.55358554754457068  0.56363722183237597  0.57365413432937795
  0.58400367718703283  0.59467658138259039  0.60581046087003410  0.61730488622448532
  0.62903488642316430  0.64115222586287901  0.65278011719057416  0.66431958582353956
  0.67470107020013503  0.68506781839219766  0.69535989963533473  0.70554369717504639
  0.71587320340099203  0.72648550228429665  0.73766157556714695  0.74867147836834969
  0.75963312668685345  0.77064147268329053  0.78159601685794178  0.79216034029839555
  0.80271260056053007  0.81324334578933255  0.82354804517029911  0.83376647750924571
  0.84493782033122533  0.85626063419698772  0.86774429005507803  0.87919280571885106
  0.88983959344312846  0.89994286382440070  0.90979989402622041  0.91953191353639452
  0.92932331900635246  0.93897871973801228  0.94920191507311702  0.95957215248538030
  0.96978647393455453  0.97998220463036201  0.98993438507196496  1.00000000000000000
  0.01473461544141919  0.01757527691413151  0.02165647600165492  0.02689383675228477
  0.03205535598608954  0.03720504004429875  0.04213737294401793  0.04688576167732647
  0.05155426756987810  0.05612606606283338  0.06060050517942007  0.06510112586767033
  0.06962991589702669  0.07431455019804134  0.07902853351760888  0.08405568610800522
  0.08933299718244492  0.09466324417406538  0.09999267960817122  0.10543304339956112
  0.11111219202388915  0.11687087874331753  0.12268391878798186  0.12842369090023642
  0.13419450014385781  0.13979034920450845  0.14527456493073018  0.15085425802278785
  0.15648975689722586  0.16216689936692549  0.16803941103220760  0.17397636914392686
  0.18018261280439887  0.18653180024900845  0.19304111892391460  0.19969979186077375
  0.20647764932958071  0.21319621057471169  0.21971525953855575  0.22608409953959882
  0.23224809049077702  0.23860922331490556  0.24516391166643520  0.25177126530926819
  0.25811953298996965  0.26437950441513114  0.27062447841739851  0.27691889361058170
  0.28344001281369063  0.28992564418813288  0.29663709099672492  0.30342530385524180
  0.31029686617437102  0.31734256120338977  0.32456352637551811  0.33190380332376568
  0.33963321125367635  0.34699305704642863  0.35430287344305850  0.36170600261469604
  0.36937572389175299  0.37730858511941473  0.38532981585226861  0.39334329126338941
  0.40144503636858453  0.40979754619337877  0.41871937446319801  0.42827029440478437
  0.43770014489952574  0.44662128300790377  0.45539864832039278  0.46459299418345112
  0.47435315807737810  0.48477904004350120  0.49486852302448053  0.50531772155031918
  0.51604166182720845  0.52758548965231600  0.53954193674563677  0.55157351234572061
  0.56434334226669458  0.57843776443860073  0.59309621414316627  0.60801213300063806
  0.62401155629267890  0.64078919600116402  0.65861744214444840  0.67768032478519702
  0.69752456802907770  0.71871095370860527  0.74185155538442782  0.76803445280912619
  0.79985952945452621  0.83807984000157965  0.89293977277449588  1.00000000000000000
 -0.00267010276520843  0.01071046591715050  0.02147301173733538  0.03151451360253851
  0.04179472505582993  0.05179471638526971  0.06229096480058158  0.07244417348735348
  0.08268255257689167  0.09304696706887224  0.10355054683905182  0.11442788815383589
  0.12545218064981040  0.13598002570401788  0.14638016191994488  0.15685553385155809
  0.16751622929865687  0.17850303463599193  0.18964609463840332  0.20103824899536685
  0.21211432940943442  0.22291948970402317  0.23305657151090714  0.24302123863606095
  0.25338204247996210  0.26362701738923189  0.27383510001990924  0.28390725444041331
  0.29351715479278478  0.30312253457208715  0.31285668148541146  0.32294296858065463
  0.33340633413502441  0.34403020697244246  0.35483752366948940  0.36553662746751170
  0.37612239762532212  0.38661601452390465  0.39687813682992074  0.40701257880624991
  0.41749829904020075  0.42873455368171420  0.44023758625637827  0.45099079443629203
  0.46146153251501582  0.47185006040717120  0.48259981993604167  0.49294434466314757
  0.50311047597342040  0.51311855840621134  0.52320971542856320  0.53319972945299099
  0.54341644660647981  0.55340335949081654  0.56330105937468089  0.57328044363066377
  0.58320942785841179  0.59352865024929513  0.60383443821102656  0.61453542636794967
  0.62517874683982011  0.63550659513722396  0.64574234913178463  0.65623662221228374
  0.66704043713315486  0.67784317797845628  0.68902110041950571  0.70078270724537561
  0.71259902243956541  0.72358194167033796  0.73402731488949580  0.74411336174956122
  0.75462328096743125  0.76541232846685037  0.77657884736108118  0.78776292184636587
  0.79929486252251669  0.81109219625128315  0.82229439358519341  0.83284972931992540
  0.84279883041307002  0.85334404390838603  0.86381204549259138  0.87411916188190375
  0.88393347636443931  0.89338203109750336  0.90288329622627650  0.91302172636152290
  0.92411527643591895  0.93495585725619823  0.94533249960282262  0.95549578267462620
  0.96617864847101098  0.97770688121691651  0.98878995504030753  1.00000000000000000
  0.02500916088760483  0.03081820974597873  0.03928262053051194  0.04853002531765670
  0.05810386680672185  0.06776062622324749  0.07790064101941062  0.08826267221313347
  0.09948345969442605  0.10960480445374610  0.11969662473398311  0.12963566845584407
  0.13970447161686828  0.14952147564701332  0.15934115451457431  0.16931400517570422
  0.17927339851457882  0.18955156689157995  0.20035507053080079  0.21129456442286043
  0.22175848019015057  0.23180464135646378  0.24205756276142956  0.25238217030902521
  0.26233853858541645  0.27250700059690691  0.28253123137610237  0.29269198044395556
  0.30272919501608608  0.31283871186175044  0.32309071954064306  0.33347511925177370
  0.34382138377423926  0.35398346545134651  0.36410679583035710  0.37440975065576998
  0.38481283936807437  0.39505206520807273  0.40504816511068242  0.41483560418165588
  0.42440921325302888  0.43403370629008237  0.44410365873497781  0.45486211208363009
  0.46588549278673863  0.47673995521304741  0.48749633250260305  0.49773038954154669
  0.50753383796974638  0.51746640089653573  0.52737817839244738  0.53719329734694143
  0.54769178915389993  0.55902212782626470  0.57071492213690411  0.58231341483831267
  0.59298411117631888  0.60382955195589738  0.61425589907548228  0.62490189797330742
  0.63525296032044365  0.64519356567427866  0.65450456888692621  0.66371412006307196
  0.67288929894473415  0.68191353925986153  0.69101094683071207  0.70060416226773481
  0.71068838677327772  0.72107119801672148  0.73107495816640233  0.74092938741020786
  0.75081234154634668  0.76086320416980524  0.77073385792658533  0.78037127064593026
  0.78983729494062338  0.79924183968794060  0.80850560513596259  0.81772990410671886
  0.82710278651855795  0.83692063720986876  0.84629967931714534  0.85548647803204547
  0.86495479372293493  0.87487662119492327  0.88478465794794259  0.89466939069924156
  0.90493396911411561  0.91549999142167715  0.92686401231653537  0.93804681443806970
  0.95096075112425127  0.96365566553841087  0.97152969093123420  1.00000000000000000
  0.08983543610149571  0.13008626962640915  0.14958404412303811  0.16274634973193888
  0.17440720427307532  0.18584857070319991  0.19546884814980492  0.20470954038401662
  0.21354775715835866  0.22297496394978839  0.23157211990878759  0.23930404728390484
  0.24662805863711176  0.25388442287889063  0.26123565428529338  0.26865287972347884
  0.27607982871075815  0.28350856422488974  0.29094451738986399  0.29835722197652020
  0.30566681941921042  0.31276502414117180  0.31963649629102314  0.32631862696642949
  0.33293102125607354  0.33950423271120583  0.34595351798799595  0.35224046052249869
  0.35835680931615488  0.36445150416425881  0.37038469642853550  0.37636865479427306
  0.38223845719750221  0.38828866341755652  0.39428069546904732  0.40022162290725155
  0.40609325581017142  0.41195997027104786  0.41776059424229006  0.42342688170551912
  0.42902116975123761  0.43453309472502766  0.43993118024744243  0.44525410737084103
  0.45064731629361438  0.45605467593918075  0.46140282610338795  0.46667821218192690
  0.47188908728062473  0.47702898734745380  0.48215557936926390  0.48718002178764142
  0.49208607193032805  0.49699200326845466  0.50187781626517425  0.50688473684774771
  0.51179792797734025  0.51673359760746218  0.52187583019500605  0.52733020450296231
  0.53290171088983940  0.53809834424922176  0.54320865902311222  0.54832989174289326
  0.55347599809256021  0.55881880288126817  0.56432091814731034  0.56976143757084619
  0.57532315052497340  0.58081800180051857  0.58610259586903846  0.59154032471497264
  0.59715585680313066  0.60286043038573911  0.60881235321065930  0.61487295601180669
  0.62102127378933203  0.62735301093456974  0.63373773765750863  0.64004082198746759
  0.64633827506878017  0.65287826805794880  0.65985782675210891  0.66720759895250037
  0.67532621628965994  0.68358493232682160  0.69245527959359621  0.70158848980294619
  0.71154518617795892  0.72368612169186530  0.73724918903231107  0.75345880218056849
  0.77266476602109202  0.80193270516577086  0.88722562629099910  1.00000000000000000
   1.4492450713073339E-024  -1.0000000000000000     
 T F T F T F T F F F F F F F F F T F T F T F T F F F F F F F F F T F T F T F T F T F F F T F T F T F T F T F T F T F T F T F T F T F F F T F T F F F F F F F F F T F T F T F T F F F F F F F F F T F T F T F T F T F F F F F F F T F T F T F T F T F T F T F T F
  <DiscreteSampler_grid>
  grouped_processes
  1 # 1 for a reference and 2 for a running grid.
  10 # Attribute 'min_bin_probing_points' of the grid.
  1 # Attribute 'grid_mode' of the grid. 1=='default',2=='initialization'
  0.0000000000000000 # Attribute 'small_contrib_threshold' of the grid.
  0.5000000000000000 # Attribute 'damping_power' of the grid.
 # binID   n_entries weight   weight_sqr   abs_weight
    13   10   1.574795382946270E-014   8.323346043495995E-028   1.574795382946270E-014
    14   10   1.574795382946271E-014   8.323346043495995E-028   1.574795382946271E-014
    16   10   3.678843328744667E-014   5.321416930682548E-027   3.678843328744667E-014
    17   10   3.678843328744102E-014   5.321416930682370E-027   3.678843328744102E-014
  </DiscreteSampler_grid>
