  0.00000000025283925  0.00000000032209410  0.00000000039562813  0.00000000046915320
  0.00000000053962950  0.00000000061032624  0.00000000067995212  0.00000000074777778
  0.00000000081354633  0.00000000088698775  0.00000000097598780  0.00000000105790085
  0.00000000113426825  0.00000000120575637  0.00000000128715408  0.00000000137432987
  0.00000000147307425  0.00000000157119353  0.00000000166367005  0.00000000175183717
  0.00000000183753892  0.00000000193430750  0.00000000203802790  0.00000000217504973
  0.00000000229970698  0.00000000241834730  0.00000000253916219  0.00000000264981884
  0.00000000280370769  0.00000000295753575  0.00000000311168437  0.00000000324929056
  0.00000000335649807  0.00000000345256448  0.00000000356050025  0.00000000368284502
  0.00000000380704246  0.00000000393492303  0.00000000407097014  0.00000000423182983
  0.00000000439776150  0.00000000457402146  0.00000000475772752  0.00000000495024723
  0.00000000515808409  0.00000000536928500  0.00000000557474856  0.00000000578641570
  0.00000000600176793  0.00000000619145825  0.00000000639177365  0.00000000659075593
  0.00000000678318245  0.00000000697196243  0.00000000717729167  0.00000000738948174
  0.00000000760001360  0.00000000783708245  0.00000000809646618  0.00000000833460878
  0.00000000858752625  0.00000000882434677  0.00000000904742795  0.00000000925967920
  0.00000000945033416  0.00000000962646560  0.00000000980077510  0.00000000999079415
  0.00000001019377645  0.00000001044927337  0.00000001071079215  0.00000001097361154
  0.00000001121287697  0.00000001144523623  0.00000001169991062  0.00000001194157819
  0.00000001218032407  0.00000001245453541  0.00000001276643750  0.00000001311325766
  0.00000001346717984  0.00000001383450511  0.00000001420022328  0.00000001457380837
  0.00000001496841945  0.00000001535146400  0.00000001576880795  0.00000001625320161
  0.00000001690319341  0.00000001754300684  0.00000001820719733  0.00000001897504624
  0.00000001996095133  0.00000002201094540  0.00000002366548832  1.00000000000000000
  0.00879243414854859  0.01989073411587274  0.03286953996816037  0.04555225177235517
  0.05830116733394111  0.07049175241572189  0.08248487612324344  0.09742884539624576
  0.11306482703085288  0.12734009382331704  0.14036202001641940  0.15277200953262107
  0.16410595139072531  0.17382479500283921  0.18258984547447643  0.19139265825408233
  0.19944993398515418  0.20721340870015537  0.21505753225527721  0.22282718380052768
  0.23026216680403533  0.23955268344880690  0.24820419201303337  0.25970401318535202
  0.27124391697104050  0.28171506682428227  0.29295602010716582  0.30502518051618938
  0.31810733052059192  0.32993277348744154  0.34121236121599285  0.35220382446585308
  0.36281210129422725  0.37335837135760630  0.38398096022581846  0.39603227259146034
  0.40515495626025821  0.41338085783691159  0.42130212057870547  0.43039536632092901
  0.44073721279611500  0.45079626658442118  0.46078410336729853  0.47079438850089350
  0.48060961720631912  0.48953138778970751  0.49818200738934182  0.50658423891896232
  0.51585601133647629  0.52639511910755254  0.53591823727675691  0.54584159229340867
  0.55740068731502523  0.56913451561315875  0.58102321499101262  0.59379552449624107
  0.60639985463772017  0.61749709839221745  0.62697380782180512  0.63545380394496354
  0.64408019484024426  0.65346706361990559  0.66353463821991177  0.67410437844707116
  0.68532035513413736  0.69771060533061879  0.71084892197962801  0.72367070403964595
  0.73509495579782658  0.74586005661694965  0.75865735364163334  0.77028214193018085
  0.78137089097355084  0.79147452457400602  0.79906721910424405  0.80607749130188533
  0.81364292111487002  0.82098248388986128  0.82747796800422369  0.83398222701787295
  0.84125657367656703  0.84916913878168143  0.85686275016389968  0.86601719187144055
  0.87463547147952769  0.88406634874423173  0.89446839204537543  0.90542774797673520
  0.91758008046198258  0.93170778803788024  0.94864296808173676  0.96320606944020082
  0.97462793894734578  0.98474238479955500  0.99061777278993279  1.00000000000000000
 -0.00000018041736337  0.00008052967174421  0.00063759253446908  0.00170646973931082
  0.00325368364254793  0.00593283969902194  0.00907835966272745  0.01305516066246022
  0.01701597875693768  0.02152633748785416  0.02643306388606085  0.03140892830973199
  0.03656930665811980  0.04259034456353506  0.04999060365922623  0.05708711515543509
  0.06474601634482957  0.07244937576775333  0.07828737682855826  0.08519271671383022
  0.09248505526149257  0.10002972250407483  0.10759192413660162  0.11567337741414199
  0.12394283842907226  0.13198879304221872  0.14099003394562093  0.14975053277068229
  0.15810714851724056  0.16619657352616785  0.17398920819292174  0.18191289034850397
  0.19050724417060566  0.20019296625475175  0.21038702742776008  0.21974989985596585
  0.22926923082606812  0.23889301411342886  0.24921350876386061  0.26073993172832721
  0.27180772236817957  0.28363087688707195  0.29618181620121853  0.31112744695949429
  0.32814356048587096  0.34068551089766413  0.35166765710408820  0.36221790886670352
  0.37214913748436373  0.38166013249418290  0.39151760841404515  0.40148983504991465
  0.41161734371292702  0.42294371430009764  0.43575025948448454  0.44841616121336048
  0.46136154215723330  0.47327141003239243  0.48453021298882371  0.49581055586563716
  0.50750543844733975  0.51970263957928076  0.53190892178811600  0.54423378329608418
  0.55624199438274113  0.56826900658087520  0.57989945212151150  0.59056755504410030
  0.60143955217684919  0.61273665780331565  0.62515846091229443  0.63857605392170114
  0.65278664469331715  0.66765377302800366  0.68245111363412825  0.69812787358344530
  0.71336339016114669  0.72855154162301361  0.74420364845220133  0.75937019932141969
  0.77418393918537720  0.78819743302820600  0.80178320095852629  0.81541654510988293
  0.82953168801545141  0.84597613513739045  0.86286602472858831  0.87934413830415781
  0.89538716875434343  0.91076601628440179  0.92610547199559412  0.94114882476625850
  0.95577215852253739  0.96982973076575063  0.98459455931492146  1.00000000000000000
 -0.00265486442213737  0.01039491022733387  0.01978329452188607  0.02928678969501670
  0.03878201853545388  0.04913248087387940  0.06078247515120924  0.07327735502790783
  0.08544773868959324  0.09641420419079597  0.10699705371601076  0.11811736892284140
  0.12943556301477910  0.14087061646470417  0.15360997247751365  0.16749468587312524
  0.18078416929453786  0.19358288871135645  0.20261788191574021  0.21213470936450141
  0.22126830855335888  0.23054400716222606  0.24206611117813284  0.25658863109234592
  0.27121893101960898  0.28487348177544963  0.29831656366654302  0.31067293722450517
  0.32285780351080751  0.33513842393693505  0.34748819577265222  0.36047540613936974
  0.37350623391166410  0.38721726510380428  0.39822868545818324  0.40613529960804812
  0.41460426832461611  0.42229587512227473  0.42964038799146709  0.43688826655173213
  0.44469642245394209  0.45172809539874481  0.45930531312715644  0.46981498366703023
  0.48105031285100130  0.48827382477747333  0.49449981865375947  0.50050636135404658
  0.50677049267305785  0.51454444630146523  0.52333942675495693  0.53089233894862986
  0.53748797324642572  0.54595245943679094  0.55639225711744467  0.56680152497523828
  0.57594711577557378  0.58458891029965665  0.59397362261805398  0.60424145441552468
  0.61492314445347906  0.62409498091804039  0.63334542065716093  0.64350625160737096
  0.65161382318303729  0.66086478789843772  0.67221233271838654  0.68385807871238646
  0.69370811340768967  0.70266957836723376  0.71227159239081961  0.72464250428583510
  0.73697170056687789  0.74782861868913530  0.76119932924863642  0.77356961977297245
  0.78347271007608710  0.79525155869140918  0.80790934762143585  0.82096050824608502
  0.83221666292735696  0.84408205855580787  0.85736253301714738  0.86989411816075224
  0.88208935567849955  0.89450434980021309  0.90773075845291706  0.92146632368119752
  0.93525505557075550  0.94905897705440234  0.96105095872415625  0.96952544329632395
  0.97814824236001030  0.98496970686412211  0.99269334621907801  1.00000000000000000
 -0.00250855610885188  0.00988624768687247  0.02010156867859707  0.03134175175153237
  0.04250896933746919  0.05321056391799271  0.06363153135438111  0.07452672738623095
  0.08564236021262270  0.09630378199930692  0.10642468637232785  0.11640178689064719
  0.12642647975515631  0.13770395094092511  0.14865448816193430  0.15950687360253799
  0.17169241010670333  0.18371976743577187  0.19627715665615172  0.20742075372302374
  0.21614099585293306  0.22383238157638269  0.23148754206595890  0.23983504205571818
  0.24886067037651541  0.25837562605599834  0.26622642757661519  0.27316336765232829
  0.28298430682358744  0.29259572375392812  0.30403810308049617  0.31374548074726127
  0.32386162927376672  0.33327303780110340  0.34704383964585045  0.36067657731505615
  0.37414198536298154  0.38854122249853601  0.40227089511267633  0.41456341471638947
  0.42968297951185985  0.44502853779781865  0.45999722240794155  0.47500213524294604
  0.48878828070803965  0.50283796356554966  0.51670519716392804  0.52825999437053262
  0.53961477790022550  0.54972743220123632  0.56042452668351184  0.57191044916203848
  0.58400580175323735  0.59569232138283379  0.60500256184434376  0.61606899966249828
  0.62738085177735714  0.63620736681878121  0.64600869911019343  0.65493888803699352
  0.66345485434616680  0.67178119959696181  0.68030077193265015  0.69037112653810828
  0.70357249349808737  0.71612163972767118  0.72784306773400154  0.73813957540357111
  0.74847463677860926  0.75935030275634952  0.77043980624355179  0.78081932579321156
  0.79005041011926380  0.79917495274954897  0.80879633562191322  0.81896113308585072
  0.83038969422032949  0.84012772773399347  0.84945936707502656  0.85737828822401796
  0.86360980335032289  0.87033378342552736  0.87654441336915179  0.88337219245271292
  0.89056059657057707  0.89818588244065489  0.90629271836705172  0.91507848069934583
  0.92542254182336137  0.93418005102189583  0.94256967759567911  0.95080780153469280
  0.95925809016092756  0.97055787870807597  0.98468068060846148  1.00000000000000000
 -0.00286784750929398  0.01346924465316626  0.02454640754026633  0.03569480624919451
  0.04804992232909025  0.06084929738483557  0.07380468883468060  0.08661283758685802
  0.09924857486584411  0.11570585734263630  0.12676596427944900  0.13700621052348474
  0.14751750778681585  0.15659386835864111  0.16503007501895386  0.17440208029166038
  0.18473215234784368  0.19543904363155787  0.20571327138080836  0.21455825692971858
  0.22299350742414836  0.23044716896017384  0.23662897856592266  0.24252355530573197
  0.24761100646203030  0.25298894364589064  0.25983187990272816  0.26767275672160390
  0.27560782461134642  0.28153938106728676  0.28669257615761851  0.29291387055440238
  0.30105749573907992  0.31256450881714570  0.32702576020530222  0.33923487536807656
  0.35075366514532574  0.36308846301729525  0.37467033634755381  0.38362887967051512
  0.39150820700790206  0.39962562553652325  0.40831972115278803  0.41727299214055652
  0.42518009785511801  0.43317292692649240  0.44274231468129222  0.45406650966846596
  0.46513214010441895  0.47659535162507799  0.48505152573081389  0.49362422159389441
  0.50277166938917417  0.51228442987418021  0.52086363193344454  0.52855043208072816
  0.53620152887405303  0.54455133615626516  0.55455528409603605  0.56344397043335503
  0.57241637160388925  0.58168494429781703  0.59155306869647573  0.60209449097644818
  0.61249531482426156  0.62239342345018223  0.63207692066895493  0.64213238048846821
  0.65288505036784594  0.66348544105600560  0.67345849407018998  0.68338862783376086
  0.69313518155506626  0.70240781875953817  0.71146191343159526  0.72110623625546311
  0.73122368048519937  0.74247298417341234  0.75393921031103484  0.76726384376598533
  0.78383985791696076  0.80229005092727124  0.82015061560874547  0.83545747557600858
  0.84899770490252724  0.86171492047596243  0.87389071665384221  0.88585639717700138
  0.89970337197920036  0.91469691964926758  0.93067441788521699  0.94863390149509164
  0.96374727871027155  0.97580650606902231  0.98829362900026896  1.00000000000000000
  0.02803088790406745  0.03191099194125149  0.03491254323214960  0.03778144808079616
  0.04151263643831968  0.04563117320834601  0.04982073029389041  0.05392290797024305
  0.05800546897901018  0.06252075221774359  0.06678533277832488  0.07139808413368086
  0.07720791037012323  0.08285072395239346  0.08776555504622159  0.09247944873371580
  0.09729642786222309  0.10164798363489153  0.10620955418390958  0.11093906329316004
  0.11571673965894323  0.12054251679960912  0.12572498680242669  0.13092319490109947
  0.13596760016748891  0.14121088333820889  0.14648157988286070  0.15159626118048902
  0.15711111044568254  0.16218479106047848  0.16705872344998501  0.17145449435374874
  0.17612160651984474  0.18104278073447633  0.18561657189663877  0.19046989922976959
  0.19530431829050515  0.19997419368261279  0.20452447828326023  0.20944825228317940
  0.21415452499732157  0.21833756399940971  0.22247016887024484  0.22732044232583981
  0.23371440805943025  0.24048508699457224  0.24690722166083254  0.25328418751675186
  0.25936335759389884  0.26552729897496613  0.27196055280673292  0.27997061602594436
  0.28822285685605864  0.29644236187936218  0.30500610083514906  0.31293838077225450
  0.31999348552750162  0.32724307413178033  0.33455241191137264  0.34205877310944094
  0.35016316332918435  0.35868577097981325  0.36808695458717422  0.38039448056453873
  0.39236619023345154  0.40360598989053825  0.41477036005120965  0.42730920963474966
  0.44089943174054869  0.45263125488178102  0.46205606237873831  0.47074693987552479
  0.47948806066105210  0.48727847365813909  0.49756984908830149  0.50856919073622353
  0.51925275734010168  0.53186272898091658  0.54452603389532428  0.55996812385148764
  0.57446361801254531  0.58820799417041081  0.60471595908150610  0.62704657453659918
  0.64899033717888643  0.66496364447906586  0.67929818043925583  0.69448072806033900
  0.71199529791486360  0.73391342003595295  0.75810777192367429  0.78612993103202167
  0.82129740575994958  0.86371838835824455  0.90588228942252913  1.00000000000000000
 -0.00290929382261834  0.01074556099085474  0.02245498955258504  0.03461407031329227
  0.04767105284163439  0.06113996108627497  0.07457845279766583  0.08721852329901766
  0.09919714567480864  0.11070285354708546  0.12158957702318679  0.13183666679776454
  0.14085362888950265  0.14845118363534623  0.15734711391610348  0.16666702276685386
  0.17020543019252271  0.17577213944839626  0.18271340321761145  0.19024398676221724
  0.19871929448552919  0.20696820797594551  0.21467656559308654  0.22142504092452553
  0.22810147778304860  0.23578542070815273  0.24327890123632950  0.25021296128952397
  0.25824889720450250  0.26797639804510576  0.27941673659966254  0.29146671513935118
  0.30389867688942168  0.31591465357057663  0.32692771533468684  0.33809119829955075
  0.34879509124321295  0.36132782879468367  0.37429914310829449  0.38673387607154430
  0.39918141828005671  0.41167292467949013  0.42671981590314745  0.44098352210519287
  0.45178945675929061  0.46251446828806120  0.47368558299735819  0.48350732865710938
  0.49425468427759267  0.50687102618992008  0.52062716876127302  0.53078371899779497
  0.54047416609876531  0.55153385053787507  0.56239422110353232  0.57092026497655612
  0.58017804913439619  0.58910991442992278  0.59872984904995386  0.60830481390969293
  0.61658453425060888  0.62414362439028437  0.63210672478552610  0.64142617388378254
  0.65293038030163364  0.66390121712424055  0.67317551322980496  0.68126535083741269
  0.69034999071052272  0.70358924437503534  0.71703458922103147  0.73094667121215995
  0.74488808236936688  0.75842484410272337  0.77158661050551114  0.78077359199456497
  0.78935766040578725  0.79847330498170388  0.80832180261569564  0.81809701915403854
  0.82714042001030230  0.83661027835803703  0.84654378909357419  0.85662923999922591
  0.86609561468741603  0.87598650677716150  0.88743453829845920  0.89922968209841625
  0.91039602867152114  0.92151640918993116  0.93247490521379661  0.94267173828359530
  0.95414147358356172  0.96768428323329758  0.98377208692538720  1.00000000000000000
  0.64768298441696537  0.68359376241540259  0.70641023440800110  0.72541284126442762
  0.74632533934757295  0.76586629443709242  0.78314751798769144  0.79814957135255149
  0.81195767550226450  0.82467247755563988  0.83644154771206458  0.84636328225735502
  0.85556725829964353  0.86523673858425432  0.87427026201408364  0.88212033278472013
  0.88947407540782808  0.89626621851144739  0.90217209570435886  0.90750944940020450
  0.91261174510186038  0.91695815142590398  0.92081980607856972  0.92454024045171890
  0.92802656513593718  0.93124698470445944  0.93421722831477816  0.93681496944278286
  0.93886493616123334  0.94064541826343295  0.94245667415321510  0.94444388562049453
  0.94617516309993377  0.94763463182118357  0.94890632601705638  0.95019113892306351
  0.95156034455502592  0.95303651301300096  0.95454228804174635  0.95593117865813315
  0.95716340272682299  0.95829821185752750  0.95933139670910261  0.96020440058767331
  0.96100685050823353  0.96168892120257754  0.96231752656046043  0.96294636971892511
  0.96360418434112460  0.96425744945763814  0.96486367950838192  0.96541075220157824
  0.96592079416361620  0.96639442578107360  0.96683501020132245  0.96727696884875614
  0.96769029779732840  0.96807354643764287  0.96840962657740204  0.96873932976496147
  0.96906135500411561  0.96937368044096384  0.96966867045904948  0.96998117514439530
  0.97032056024793290  0.97083892425843388  0.98184307954852978  0.98220905925286139
  0.98250827947697950  0.98276975399614341  0.98301339106333252  0.98325773714347475
  0.98350235789556417  0.98379087785166175  0.98409243996652429  0.98440796422917132
  0.98475757719312618  0.98513377641270905  0.98553359003619501  0.98598156443882845
  0.98646006834469491  0.98697655847021337  0.98755502612122581  0.98818363035866930
  0.98884049119833528  0.98948881140221523  0.99012777234498439  0.99080168343253938
  0.99153330506676873  0.99230423286452518  0.99325313567491702  0.99433073993384835
  0.99548643570992101  0.99669729919184857  0.99811350982195590  1.00000000000000000
  0.05118151360308635  0.12620294720049055  0.14498243238679526  0.16415053684754760
  0.18330026707518665  0.20391663690825790  0.21710949677110461  0.23031570404714538
  0.24046766758136057  0.25005480621274501  0.25760118985308061  0.26453329226048355
  0.27130129671422754  0.27803968302406029  0.28494246827986641  0.29209596566013779
  0.30053011681373692  0.30800559009000383  0.31528438269356573  0.32231419200015232
  0.32920923841518585  0.33624162181670714  0.34316687493079645  0.35062763484737730
  0.35841237287495742  0.36482630384210768  0.37128909755385969  0.37826102570024045
  0.38543001325679122  0.39189900679459599  0.39900878141172963  0.40690744077020075
  0.41468479177540757  0.42202915296405275  0.42931993750685749  0.43713296415122915
  0.44498350826039917  0.45223681311655017  0.45886861319159300  0.46520354868440272
  0.47057391252387587  0.47593688705600573  0.48119325551822595  0.48719499818391138
  0.49361343636054161  0.50051312303150952  0.50807451699073858  0.51582514941060842
  0.52315563476414761  0.52955902659460741  0.53589652736727811  0.54202791089192304
  0.54819905728108986  0.55418779989402844  0.56011368382066018  0.56574219425765926
  0.57146798837548984  0.57768414075552599  0.58407300716137867  0.59068802219202221
  0.59682680493823592  0.60181066572639419  0.60543679194708044  0.60880615377534364
  0.61180695747260105  0.61529659694362027  0.61970532808025469  0.62485489906970548
  0.62955581032994667  0.63456097816334445  0.63953921827579940  0.64469425014710935
  0.64990046034981819  0.65504450541807469  0.66007704722742822  0.66535434089755108
  0.67189114116017501  0.67975939633292959  0.68804528201504567  0.69533608196194996
  0.70254050305341931  0.71040405131200235  0.71889983028234339  0.72639051627969542
  0.73389402754456490  0.74154859576494392  0.74952595780094511  0.75886574447631894
  0.76762441815932769  0.77619794494239336  0.78488505037834677  0.79294125586459918
  0.80077760518316810  0.81547999362213286  0.92813202202822875  1.00000000000000000
   2.4010826372285679E-021  -1.0000000000000000     
 F F F F F F F F F F F F F F F F T F T F T F T F F F F F F F F F T F T F T F T F F F F F F F F F T F T F T F T F T F T F T F T F F F F F F F F F F F F F F F F F T F T F T F T F F F F F F F F F T F T F T F T F F F F F F F F F T F T F T F T F T F T F T F T F
  <DiscreteSampler_grid>
  grouped_processes
  1 # 1 for a reference and 2 for a running grid.
  10 # Attribute 'min_bin_probing_points' of the grid.
  1 # Attribute 'grid_mode' of the grid. 1=='default',2=='initialization'
  0.0000000000000000 # Attribute 'small_contrib_threshold' of the grid.
  0.5000000000000000 # Attribute 'damping_power' of the grid.
 # binID   n_entries weight   weight_sqr   abs_weight
    13   10   7.704263510679087E-015   2.397258905623877E-028   7.704263510679087E-015
    14   10   7.704263510679088E-015   2.397258905623874E-028   7.704263510679088E-015
    16   10   1.338163929830769E-014   8.402343440581660E-028   1.338163929830769E-014
    17   10   1.338163929830740E-014   8.402343440580743E-028   1.338163929830740E-014
  </DiscreteSampler_grid>
