  0.00000000005610043  0.00000000013430221  0.00000000019525627  0.00000000025503147
  0.00000000031807506  0.00000000038594346  0.00000000045780478  0.00000000053297682
  0.00000000060842361  0.00000000068685832  0.00000000076998278  0.00000000085785903
  0.00000000094697659  0.00000000103913076  0.00000000113744322  0.00000000123302195
  0.00000000132733828  0.00000000142522785  0.00000000152858057  0.00000000163472865
  0.00000000175090614  0.00000000187065822  0.00000000198938099  0.00000000210364115
  0.00000000221892052  0.00000000234228310  0.00000000247107929  0.00000000259763149
  0.00000000272256614  0.00000000284954939  0.00000000298125803  0.00000000312013091
  0.00000000326430960  0.00000000340723339  0.00000000355157422  0.00000000369615439
  0.00000000384407235  0.00000000398993400  0.00000000415126928  0.00000000430861991
  0.00000000446493291  0.00000000462168668  0.00000000477478997  0.00000000492882885
  0.00000000508576094  0.00000000524781188  0.00000000541782906  0.00000000559376579
  0.00000000576816676  0.00000000593947190  0.00000000611307686  0.00000000628835319
  0.00000000646616104  0.00000000663804049  0.00000000681152927  0.00000000699854980
  0.00000000719104774  0.00000000738650389  0.00000000758298811  0.00000000777724037
  0.00000000797125664  0.00000000817130588  0.00000000837280282  0.00000000856680834
  0.00000000876099863  0.00000000897123616  0.00000000920264194  0.00000000944476600
  0.00000000968834054  0.00000000993392238  0.00000001018497141  0.00000001043616119
  0.00000001068060778  0.00000001092274918  0.00000001116648671  0.00000001141917529
  0.00000001167725016  0.00000001197722246  0.00000001229401399  0.00000001261469120
  0.00000001294690843  0.00000001329285950  0.00000001365687892  0.00000001403555433
  0.00000001443179603  0.00000001481694870  0.00000001524197617  0.00000001571969331
  0.00000001626724125  0.00000001687979575  0.00000001754684031  0.00000001830449717
  0.00000001922033265  0.00000002045854063  0.00000002118108678  1.00000000000000000
  0.00925794413824570  0.01599968046039785  0.02609023915828987  0.03769187079954006
  0.04822974195230147  0.05864430385780720  0.06855112231364938  0.07851127329296335
  0.08850012828737629  0.09912544558006503  0.11047916234881668  0.12187659382164591
  0.13291621858952199  0.14388006825188671  0.15476529334263187  0.16551257255156338
  0.17625682643494742  0.18657548035778623  0.19629952017929009  0.20562998130165336
  0.21502192012269483  0.22483797939936195  0.23531365535502777  0.24622999309627205
  0.25760382133361387  0.26878698970970905  0.28016182559268799  0.29214407939774495
  0.30420501461173560  0.31575504777303975  0.32655589913419664  0.33685033282127419
  0.34712734347991198  0.35722748143918887  0.36698282723747477  0.37654582188446872
  0.38586020786388142  0.39494661799921876  0.40407264878058569  0.41339668643799715
  0.42315022866275548  0.43297467146038293  0.44243765458225437  0.45175778642923614
  0.46101042929251401  0.47033950199522068  0.48012416248457102  0.49014914493570882
  0.50032709663560682  0.51077656856783815  0.52133303991620916  0.53197971209631345
  0.54245333292620412  0.55294139023335265  0.56373240292605453  0.57378135936187702
  0.58347173478668257  0.59271524557780586  0.60220210086538317  0.61200432907746061
  0.62203300628102520  0.63272920968420709  0.64356726783914453  0.65406584798758760
  0.66426979637425365  0.67440263824364488  0.68492183906022952  0.69587594629072913
  0.70748265191113902  0.71915113670467812  0.73044998020280660  0.74051415818514599
  0.75011142658149355  0.75992625419193749  0.76986583138020093  0.77974305509790898
  0.78924035453698871  0.79959795643399600  0.81057583842087033  0.82195924104478946
  0.83299482142104453  0.84395523052061738  0.85466796897440656  0.86460600206931981
  0.87464958207334276  0.88491516689489813  0.89496738487727945  0.90443492707364781
  0.91371698825004366  0.92382848041524601  0.93528134415577779  0.94665269825438669
  0.95839820881598858  0.96989099956689306  0.98083834922336577  1.00000000000000000
 -0.00308649047974249  0.01127495879667967  0.02286555766748088  0.03416698088361775
  0.04507463347487713  0.05657604140908656  0.06768300330479500  0.07864921095507883
  0.08954695453332361  0.09991873009608213  0.11021046808041261  0.12023458618044576
  0.13102059276989328  0.14257277179142477  0.15314035526287514  0.16388739543629144
  0.17466559650784835  0.18591850776756530  0.19752706001373560  0.20877879481955755
  0.21952887250507147  0.23034645921684987  0.24126960737413475  0.25248795266909890
  0.26321148541842265  0.27378583362595160  0.28426392145971868  0.29455089583669664
  0.30489843348408274  0.31513324849382279  0.32576621809722994  0.33640209162831197
  0.34747365754872567  0.35845612562247775  0.36905506424099049  0.37935980482891224
  0.38949825812381450  0.39964616192075086  0.41039296590195895  0.42207184353469523
  0.43477283476978212  0.44748961384723823  0.45982885951177810  0.47129089824481635
  0.48170590839066113  0.49112144515587558  0.50043843078590722  0.50989573121932397
  0.52003819158224485  0.53069375492744519  0.54179664546373507  0.55324126121669093
  0.56472844343712481  0.57623271496977735  0.58769390158482415  0.59868302664429962
  0.60969353346305533  0.61992125995587810  0.62971301332984952  0.63879791882096326
  0.64825062466391592  0.65794378461911041  0.66699327395287200  0.67598141167080050
  0.68547903283169542  0.69569097465598595  0.70601852110540986  0.71612864279714550
  0.72626161788512045  0.73660916625270767  0.74701597111002549  0.75746571510760785
  0.76768775998729610  0.77800818835567387  0.78863732046955171  0.79939008577181081
  0.81025022554427495  0.82080009784378860  0.83181494652889354  0.84264757826686099
  0.85286607474414111  0.86295424449556157  0.87304993739028347  0.88349837187245372
  0.89377870211082178  0.90372890563444941  0.91334777416787294  0.92361420923531856
  0.93350480924838841  0.94342891453281585  0.95320618412865521  0.96284888418134640
  0.97226109219752188  0.98183314285612389  0.99069776477824223  1.00000000000000000
 -0.00228162962673682  0.00902432521598471  0.01846667738476573  0.02946143677296205
  0.03984416826418957  0.05078235930956216  0.06192051995071839  0.07348560758617120
  0.08529048321860189  0.09626361079148618  0.10705635114392205  0.11740340093680166
  0.12804202944680193  0.13886010062195805  0.14961704046111782  0.16006150267965594
  0.17030061483444145  0.18088888826895524  0.19220155396233882  0.20374005327623679
  0.21522441074220455  0.22678674816126176  0.23850293945551695  0.25006726695137654
  0.26159168834295748  0.27239071978664292  0.28318367303302561  0.29398537265167451
  0.30495183629432399  0.31565955259566958  0.32543425082292865  0.33475404458700408
  0.34398861958085231  0.35353126024019532  0.36387192925506434  0.37425058785764370
  0.38428140191626969  0.39433084913664507  0.40563191018195344  0.41768845443226565
  0.42902141579532865  0.43987506420858885  0.45052525143961147  0.46135376742381218
  0.47195272795474436  0.48164301686649486  0.49067533774850330  0.49952377413463650
  0.50846344717481051  0.51784404275652218  0.52773151658373174  0.53794256752875957
  0.54826616471078948  0.55897164449091608  0.57029753506217373  0.58174015390596912
  0.59268270610170326  0.60411795994109041  0.61533164112832051  0.62627235611187282
  0.63637764159811661  0.64630017856371247  0.65681418701402494  0.66742185248090680
  0.67778423746708172  0.68811336076844898  0.69861995159802026  0.70920794211396687
  0.71956270063290850  0.73058248750311228  0.74202521501972662  0.75300785971359818
  0.76378898877721424  0.77439388428075839  0.78491750256645110  0.79517689007083758
  0.80533225948286669  0.81571533732990931  0.82665895541240175  0.83759026822136107
  0.84809626692173423  0.85809829031882257  0.86769684220054977  0.87718088931642291
  0.88659746268762996  0.89649843168067356  0.90639507599154523  0.91663876148580814
  0.92638000239110685  0.93600613782209796  0.94553850419822294  0.95518648805388529
  0.96617108966405152  0.97741632118477872  0.98873915079482622  1.00000000000000000
 -0.00200575810984232  0.00917510980741579  0.01897136059115639  0.02965871757277913
  0.04047291726728364  0.05118027049356785  0.06187214506790673  0.07320503440489572
  0.08416281771986275  0.09497014360381513  0.10557269196330639  0.11656569912355451
  0.12733886080773218  0.13781587685466065  0.14784946312259875  0.15802410077504664
  0.16794242443597535  0.17768029639065039  0.18743914766332642  0.19767176782767257
  0.20784496896047677  0.21809819514931991  0.22832116171299821  0.23903512486661857
  0.24948719636208747  0.25951205239618313  0.26953979429588681  0.28015207467517694
  0.29128762856019896  0.30215328277949377  0.31305909016852079  0.32374047590376093
  0.33431533787691270  0.34441388171699799  0.35369346546103853  0.36296940329962196
  0.37257200439486493  0.38298595509244809  0.39388938241143900  0.40464509864960863
  0.41534133993354067  0.42582438532479516  0.43623078697324214  0.44632856115165481
  0.45623943597181688  0.46622919965164811  0.47675769011547720  0.48797239836589568
  0.49912093902517379  0.50926137548520389  0.51893379809246531  0.52901675311499519
  0.53950741777785438  0.55034268287740695  0.56083565900902299  0.57143761305134555
  0.58200337373447042  0.59246192907653850  0.60345819933580003  0.61434861754492964
  0.62512817332618065  0.63469551225403487  0.64446885448049884  0.65508834307509933
  0.66625878177485554  0.67751654638665815  0.68779686615267144  0.69899153939794179
  0.71013106669145398  0.72174314528247852  0.73336971987742894  0.74536282358625461
  0.75694446966303264  0.76745077718851007  0.77811983040687938  0.78876137129269930
  0.79966123347712736  0.81073436986814851  0.82251111778500841  0.83418905697124035
  0.84522473266304810  0.85611965752364516  0.86677077603588970  0.87660317757376904
  0.88634741315780108  0.89650120228369024  0.90740152344277991  0.91787638475130084
  0.92830467652463999  0.93869128683650171  0.94903728749905925  0.95957739320773938
  0.96953610369167520  0.97939358813372090  0.98946580416725594  1.00000000000000000
 -0.00227576381231273  0.00948473831144421  0.02005098395799139  0.03058726236551291
  0.04179978686463483  0.05301541613251341  0.06434577265870522  0.07624820455100703
  0.08825439161090015  0.09994420030885121  0.11121266739424561  0.12256819196320937
  0.13342578882104569  0.14400244452083702  0.15462569573477675  0.16476093011935741
  0.17453377388045474  0.18384385374683582  0.19339381173362016  0.20307339903142280
  0.21308793896499209  0.22367601476606139  0.23478746381840812  0.24626852860759935
  0.25699725077119778  0.26781637552148801  0.27832135711179701  0.28913178484681018
  0.30032170092800853  0.31158766436229074  0.32249700076437421  0.33330240987167453
  0.34415488186616244  0.35436358491990727  0.36434473162473036  0.37443963742755998
  0.38531810043332482  0.39616103654611268  0.40625729861697535  0.41613936370835763
  0.42614078259320320  0.43595261687177461  0.44528011598545442  0.45445594595434080
  0.46406382239466870  0.47426917427316623  0.48446408798557389  0.49488742753655313
  0.50479740991059119  0.51488415100127216  0.52511877548744501  0.53587302373077150
  0.54646934134231273  0.55701772247796066  0.56726732658820245  0.57732398766779180
  0.58737505073670471  0.59770501043299828  0.60868452156862607  0.61954439084230861
  0.63026947289267377  0.64044605227621632  0.65111778741230919  0.66193658010400169
  0.67214719588600191  0.68189529414416872  0.69136858956986735  0.70124926373664964
  0.71160663128208290  0.72227894269244086  0.73365186998428000  0.74537580041403173
  0.75742011301952594  0.76903824242720076  0.78022258494017849  0.79108332222080791
  0.80187870888474699  0.81317301907640749  0.82469334893979951  0.83588561561728514
  0.84703661485531412  0.85835459177243212  0.86983810062817035  0.88082034912513996
  0.89144387934184743  0.90158968173462428  0.91126869933236432  0.92074986427728456
  0.93027300860323714  0.93979509277891526  0.94933063304392218  0.95916566801636094
  0.96974224132048792  0.98010742006175955  0.99030298410805484  1.00000000000000000
  0.00238964514822331  0.10555364125351982  0.15796079429414331  0.19569602010149878
  0.22729205755643345  0.25462592325898253  0.27872317916379880  0.30070992022682780
  0.32115696420671769  0.33997592320247971  0.35749040804957155  0.37301796725175074
  0.38756159812573171  0.40188100136830135  0.41603737586997619  0.42949812108079721
  0.44215656954054511  0.45435852220362083  0.46615706141449981  0.47767738224440598
  0.48933524557662006  0.50096887029242043  0.51239096972907161  0.52335743000204271
  0.53409193557582590  0.54397828940582771  0.55337606396004335  0.56267481872097724
  0.57177004213924765  0.58087066484682548  0.58988110330723564  0.59901978567759706
  0.60823225164681549  0.61719232372735899  0.62613269418151629  0.63439651315992074
  0.64211302949740334  0.64943365116420815  0.65679582653981183  0.66437320798516697
  0.67184773713541934  0.67931143979739150  0.68632924042723165  0.69356226681113031
  0.70060475238138520  0.70762011638258548  0.71489100652044457  0.72182941034653014
  0.72883621916021868  0.73600834519415781  0.74348513687249052  0.75106113207369785
  0.75827990531116751  0.76516198689105142  0.77171106377460974  0.77803882775255073
  0.78432078508276537  0.79051640013028313  0.79655516896646883  0.80251279506836248
  0.80857728692521680  0.81446810012947179  0.81990908732313961  0.82518727727157914
  0.83069247317579764  0.83650719789337846  0.84238492951271471  0.84798873588175949
  0.85334734775472887  0.85854290475297468  0.86386957771496053  0.86908721803981070
  0.87424412277833452  0.87931488092035170  0.88439109382627357  0.88944037201411030
  0.89440000831601663  0.89923508789853912  0.90394772717835681  0.90867981994615254
  0.91346995514825480  0.91845323479429686  0.92367082636923437  0.92889271441141996
  0.93397138705464644  0.93914735412339712  0.94442123891226548  0.94967882105541535
  0.95477001835765485  0.95984071846864216  0.96490470032966180  0.97001746758855345
  0.97546465116206360  0.98103706348293740  0.98507541324278303  1.00000000000000000
 -0.00288488858449613  0.01147548203230784  0.02299038815475594  0.03295760596441853
  0.04257130941164211  0.05211840043886752  0.06240221806309813  0.07266065352355637
  0.08240719186815229  0.09277823628022409  0.10403151501904437  0.11500845816654008
  0.12559661867376087  0.13616600123401468  0.14662150003285490  0.15675965634940167
  0.16665671072903970  0.17690293013940478  0.18612716805685706  0.19564054268426664
  0.20488091134225592  0.21496434692948030  0.22560988231248502  0.23625412560611164
  0.24698376798632549  0.25799121616875081  0.26933093190637142  0.28086490459019242
  0.29186131861171316  0.30206290214100701  0.31183079004448944  0.32189352286712219
  0.33196605192512707  0.34211258367952352  0.35218186427386600  0.36250513262568645
  0.37279441238517141  0.38308051045537167  0.39324119172163641  0.40286329915606556
  0.41248666354028196  0.42238365209301909  0.43270162703218079  0.44304028195989476
  0.45329102008872063  0.46339597008245997  0.47387731925960264  0.48418386041469536
  0.49403268045177096  0.50391322649693493  0.51351628610676858  0.52337162226025857
  0.53344203883496122  0.54384463583343279  0.55430706699944554  0.56456929687606283
  0.57413203193709927  0.58366059065481124  0.59371048132914650  0.60437632742047698
  0.61521477114730616  0.62593041590120135  0.63715920281100158  0.64865119789812464
  0.66035810183693033  0.67225634663372835  0.68441720906416859  0.69615955812970021
  0.70736679189483864  0.71827422886589376  0.72855914112663189  0.73862957475552771
  0.74876104064950022  0.75915931998720421  0.76961662480501314  0.78033503033004326
  0.79138205374300630  0.80249784531826862  0.81333165010490116  0.82388007216256109
  0.83439191271831514  0.84495686948783133  0.85612369571347291  0.86836557327065633
  0.88104493380607929  0.89293809877191155  0.90414711327270469  0.91505535883762223
  0.92637317323574675  0.93739499105646062  0.94783425555309619  0.95821452525696327
  0.96892543431923606  0.97979111904055471  0.98989347568508390  1.00000000000000000
  0.02420938802861773  0.03333942958812715  0.04391967007584259  0.05436016528983575
  0.06465998402452514  0.07462679543136341  0.08457401178970779  0.09481301552848202
  0.10496775966203141  0.11448810140928177  0.12408557146655630  0.13406860898233419
  0.14422418969546674  0.15419915893528666  0.16427219486310077  0.17470801353548079
  0.18531238785851961  0.19488953135604281  0.20422626332667626  0.21290770208626900
  0.22205110841387118  0.23158889171946045  0.24117136336698974  0.25058419114506297
  0.25985915912164670  0.26929285123671165  0.27903707264560967  0.28916285241407896
  0.29903942813528767  0.30890934783619428  0.31911487827000429  0.33001609375857988
  0.34131042003950174  0.35275371806453176  0.36404564328162470  0.37467019699863635
  0.38460540843457147  0.39438068773557278  0.40412019057200771  0.41408413094761642
  0.42394939969514095  0.43425381168562355  0.44470294060056287  0.45512450637177071
  0.46515527415500907  0.47529863918964377  0.48566585615850216  0.49652831539129488
  0.50695769393353862  0.51724012166720701  0.52732031555785142  0.53734902298631826
  0.54702977426769317  0.55640152057661763  0.56617225695467999  0.57580783052113260
  0.58548427801139225  0.59533323087316481  0.60579391155004703  0.61731196958290990
  0.62839222051638066  0.63883761707282605  0.64861417905599594  0.65776534729726488
  0.66677036959329150  0.67581555942928750  0.68539889810945365  0.69523794542193740
  0.70427393679423544  0.71294316960615922  0.72203567566365989  0.73219608995933694
  0.74244882501795806  0.75256666155163110  0.76250452622551435  0.77234912298976677
  0.78215939625870790  0.79218980488169921  0.80306187346489255  0.81433487579452069
  0.82601194386540722  0.83699580071322977  0.84743924088274136  0.85788149372899469
  0.86831892656607201  0.87885632867605767  0.88951178563193922  0.90040218871937472
  0.91108333447537182  0.92123037661460416  0.93152785082881551  0.94295072704923844
  0.95518233591294766  0.96547324659485745  0.97105971000784863  1.00000000000000000
  0.04649399390230997  0.21157813254097324  0.23265713065415913  0.24602751046052140
  0.25892505896075768  0.27003457689116678  0.27894813899458287  0.28669621354964880
  0.29415142666353328  0.30159531728916994  0.30897649923090131  0.31594033621120071
  0.32222201745144158  0.32825176891628832  0.33431480103230532  0.34035875085053668
  0.34637383148597295  0.35218600152410034  0.35760036605897527  0.36292291591345932
  0.36852832629913779  0.37422143481475983  0.37967094287759601  0.38471105124493427
  0.38944624161067010  0.39427184606548754  0.39938268878126143  0.40487911712619207
  0.41034131227557430  0.41583008308435243  0.42127338338688242  0.42669738224645937
  0.43201873775871202  0.43742621013897770  0.44300681426936539  0.44868700217121099
  0.45441025453251915  0.46001377703164714  0.46549254193828793  0.47075796682732157
  0.47594200978250351  0.48084949012521333  0.48584660111772621  0.49084207599881696
  0.49586193258773376  0.50082043780571028  0.50576703166745884  0.51075609061069760
  0.51578518801197137  0.52102026103891552  0.52623406567235320  0.53152527253661641
  0.53670920092981389  0.54183327028790151  0.54705762093091181  0.55244593856418511
  0.55803262562432143  0.56372003816232930  0.56955835062277038  0.57543519588903447
  0.58143454814585627  0.58762110856506256  0.59378256497898751  0.59971535519573693
  0.60572124647170178  0.61203839299570428  0.61879873270933661  0.62583955731821639
  0.63256680305377400  0.63905865725273769  0.64564457614242832  0.65237854637418424
  0.65933913310418446  0.66639434179541401  0.67367059376406935  0.68131966549103717
  0.68950667002327004  0.69832329422776562  0.70728608217973821  0.71573552418160891
  0.72381686868029926  0.73218715182656380  0.74116886736001453  0.75034894158979870
  0.75956546864632679  0.76940447797973965  0.77988283256478408  0.79030372764210299
  0.80094552680711462  0.81284464618114705  0.82688717845680515  0.84252781420350242
  0.86037536482170540  0.88059041901844415  0.92834367895135816  1.00000000000000000
   8.3468685333572786E-029  -1.0000000000000000     
 T F F F F F F F F F F F F F F F T F T F T F T F T F T F T F T F T F T F T F T F F F F F F F F F T F T F T F T F T F T F T F T F T F F F F F F F F F F F F F F F T F T F T F T F T F T F T F T F T F T F T F T F F F F F F F F F T F T F T F T F T F T F T F T F
  <DiscreteSampler_grid>
  grouped_processes
  1 # 1 for a reference and 2 for a running grid.
  10 # Attribute 'min_bin_probing_points' of the grid.
  1 # Attribute 'grid_mode' of the grid. 1=='default',2=='initialization'
  0.0000000000000000 # Attribute 'small_contrib_threshold' of the grid.
  0.5000000000000000 # Attribute 'damping_power' of the grid.
 # binID   n_entries weight   weight_sqr   abs_weight
    13   10   1.148127870100940E-018   8.095042905138413E-036   1.148127870100940E-018
    14   10   1.148127870100876E-018   8.095042905137590E-036   1.148127870100876E-018
    25   10   1.215669487943397E-018   8.138378137489073E-036   1.215669487943397E-018
    26   10   1.215669487943391E-018   8.138378137489107E-036   1.215669487943391E-018
  </DiscreteSampler_grid>
