  0.00000000005659040  0.00000000012119982  0.00000000016086433  0.00000000020179574
  0.00000000026052827  0.00000000033326541  0.00000000040552589  0.00000000047928782
  0.00000000056480783  0.00000000066451495  0.00000000076619081  0.00000000087447142
  0.00000000099383781  0.00000000111786499  0.00000000123927396  0.00000000137500379
  0.00000000151699578  0.00000000165450460  0.00000000181764687  0.00000000196497459
  0.00000000210285721  0.00000000224403189  0.00000000238495475  0.00000000252722664
  0.00000000267814755  0.00000000283737237  0.00000000299291244  0.00000000315212494
  0.00000000332955854  0.00000000349730769  0.00000000365455198  0.00000000381174636
  0.00000000395462139  0.00000000407480418  0.00000000419092774  0.00000000430384039
  0.00000000441922031  0.00000000453400957  0.00000000464717990  0.00000000476605334
  0.00000000488716240  0.00000000501160464  0.00000000515589471  0.00000000531691603
  0.00000000548863676  0.00000000565776748  0.00000000582454664  0.00000000597619262
  0.00000000613101876  0.00000000628468257  0.00000000641514316  0.00000000655345086
  0.00000000668586570  0.00000000682385132  0.00000000699730816  0.00000000720864244
  0.00000000744648593  0.00000000767586694  0.00000000785612878  0.00000000802432479
  0.00000000820118438  0.00000000837749053  0.00000000855154814  0.00000000873874156
  0.00000000894111815  0.00000000915999106  0.00000000940291921  0.00000000966030189
  0.00000000987965326  0.00000001008724814  0.00000001031486137  0.00000001055017346
  0.00000001079095336  0.00000001110917596  0.00000001141186303  0.00000001161566481
  0.00000001180034891  0.00000001200281133  0.00000001221526649  0.00000001242006912
  0.00000001262041619  0.00000001281671190  0.00000001306310994  0.00000001344963369
  0.00000001389573389  0.00000001435506015  0.00000001481425384  0.00000001526116778
  0.00000001588230787  0.00000001658324717  0.00000001733765443  0.00000001816035290
  0.00000001912205833  0.00000002052163148  0.00000002121499504  1.00000000000000000
  0.00889082186646836  0.01866316906701696  0.02832798279851713  0.03843751381128718
  0.04912290457864385  0.05982924493340718  0.07147060491879864  0.08081873060157992
  0.08882693698950327  0.09660278566045935  0.10297556263665225  0.11053205841042625
  0.12117719278004556  0.13346897490503382  0.14654319348239594  0.16159117114033356
  0.17832205891347586  0.19542406721180752  0.21122555399538406  0.22181300788693065
  0.23457037752332172  0.24596122300598827  0.25592284612552268  0.26517289022569940
  0.27677286504058068  0.28977905940454024  0.30244380527885584  0.31522655785127840
  0.32867798164996748  0.34228403461584833  0.35447475451049609  0.36236934264592396
  0.36943947743523736  0.37713460662886988  0.38273584153917040  0.38879987650008502
  0.39453956835317117  0.39995735914734337  0.40581855105785303  0.41242951987583232
  0.42070402850603955  0.42908446642368520  0.43565197734525951  0.44317175444363255
  0.45580286845646018  0.46749177560179378  0.47721641976862955  0.48947763125040472
  0.50094998086672904  0.51253385675776264  0.52377322984255981  0.53367762840853150
  0.54215677936893902  0.55022709329563346  0.55898226497237435  0.56820591850447544
  0.57721709634590457  0.58681601949009710  0.59706057989222350  0.60693245682810915
  0.61690841197667234  0.62672585853806873  0.63586214624300375  0.64406240209450727
  0.65173392323475310  0.65748781056942984  0.66264208045094575  0.66840727798979283
  0.67435472757845627  0.68121957987563875  0.68858219144473987  0.69800298294555063
  0.70796823871353620  0.71794063889592452  0.72774411337116951  0.73661574598010637
  0.74625884212937277  0.75534016566674311  0.76464969714465636  0.77515559776488330
  0.78700486222206700  0.79895342858138829  0.80991380397504786  0.82071982707674584
  0.83123682890954642  0.84343785894095002  0.85800712492801645  0.87464349811728048
  0.89363983634677036  0.91024304762631392  0.92299766321557597  0.93533495750134088
  0.94875508574422518  0.96356025322204619  0.97969586872595560  1.00000000000000000
 -0.00000020120077470  0.00009168419309994  0.00067988614844217  0.00222276764258063
  0.00393823498726060  0.00660586875210644  0.00948415202069264  0.01243056876122094
  0.01598426325462294  0.02105587650931639  0.02616406470347655  0.03158149450341208
  0.03779579069470845  0.04525771156042529  0.05321962311444501  0.05934925766670614
  0.06365670983421817  0.06730232500573463  0.07052887473647323  0.07564686440384312
  0.08043933604581886  0.08507144440423120  0.08985086969434113  0.09508219604731044
  0.10005837211531421  0.10436875587798625  0.11081816867527020  0.12045288091312749
  0.13142814437942713  0.14329101839939284  0.15537892998106992  0.16739329354173169
  0.17949690795466652  0.19011187042507058  0.20122478313976142  0.21348155243469552
  0.22522222055130309  0.23719376949173704  0.24978668151390249  0.26172750679809420
  0.27179353170898379  0.28205685115849227  0.29229391742978106  0.30213838855730135
  0.31134845766959313  0.32132965525787410  0.33212627495648056  0.34325923049830298
  0.35509704637757594  0.36877624280040394  0.38612078726732690  0.40115333317486995
  0.41473143660142925  0.42752397014498233  0.44083444538936672  0.45635685348029925
  0.47136766093816845  0.48714012942068086  0.50156099364071072  0.51401322492134205
  0.52515560266380745  0.53610941216012276  0.54709616673441619  0.55846358558143450
  0.57021787318936967  0.58110936728497486  0.59149566843525636  0.60128371081719367
  0.61418568179615962  0.62895850807119202  0.64518912646631466  0.66262441927300464
  0.68006642081854385  0.69682817343253201  0.71301615685306863  0.72891807383073159
  0.74431266094842430  0.75849770152092577  0.77245729416123410  0.78720673640653338
  0.80531110175281650  0.82295487850559956  0.84068444988865465  0.85799673281461897
  0.87402776318201503  0.88900871040204132  0.90117649773383668  0.91287108366742509
  0.92458818190015024  0.93641364558325635  0.94795544907446805  0.95887634096939256
  0.96952324789383082  0.97976678824705365  0.98984290804545072  1.00000000000000000
 -0.00378340778513787  0.01232663244136923  0.02691208113358505  0.04135880517218805
  0.05602807376978170  0.07129864629763763  0.08933624320041123  0.10471369620289127
  0.11613447376217542  0.12684178097487181  0.13778602853678892  0.14845629945731553
  0.15886901640511897  0.16927069324171029  0.18020900812327217  0.18964784231153181
  0.19903926666389590  0.20869168597782981  0.21902106599732471  0.22826218672924253
  0.23711537682170197  0.24655228777017335  0.26000061782649170  0.27245456797641654
  0.28417093497251028  0.29496691837534417  0.30449735024906732  0.31537708033882433
  0.32533712243449570  0.33645736522063169  0.34734611943609184  0.35947361262086652
  0.37185533353974459  0.38364610527343318  0.39458401372388313  0.40564312630277771
  0.41286412704034592  0.41990697761308515  0.42700356113890531  0.43413963687556489
  0.44418480070776889  0.45554144294353749  0.46610141797503474  0.47725814779993714
  0.48884840587812772  0.50078343411022008  0.51327776559269356  0.52539022870391228
  0.53513231027915853  0.54613327310351112  0.55774952525538113  0.57058307508556838
  0.58628189563576139  0.60093830016321226  0.60981100526049659  0.61607339897332469
  0.62334617196459563  0.63388740519210662  0.64475797325799167  0.65361736863818587
  0.66246409549818019  0.67487851453580150  0.69304879889664472  0.70975260562138287
  0.72563573608249021  0.73629287729019155  0.74477416920918116  0.75160743179641254
  0.75785317338009550  0.76342752355804000  0.76953519394470538  0.77569239241107923
  0.78207867588027502  0.78971300437266834  0.80073865969572966  0.81300455705334873
  0.82269327151847282  0.83114545426491104  0.83989556022485223  0.84875046484812045
  0.85795716186703708  0.86488451689990398  0.86860794129529151  0.87226341805206375
  0.87674497622967418  0.88144576785797812  0.88695547063283442  0.89225686678425287
  0.89964145277304652  0.91139939266388303  0.92274939413443280  0.93451424438975306
  0.94653524064306760  0.96149049970256584  0.97930598558175630  1.00000000000000000
 -0.00286907452958657  0.01375310778920216  0.02696926275728431  0.03963850595431614
  0.05261570522158054  0.06659200871904217  0.07915009602150903  0.09203421272378115
  0.10387969962889609  0.11578974608711812  0.12917200596373218  0.14265577126567727
  0.15252320124490967  0.15892484819733205  0.16534285457578160  0.17195204044850046
  0.17947477671344070  0.18853066138074936  0.19829318270538623  0.20470421135982819
  0.21249569679106167  0.22157685502634938  0.22981275357404718  0.23934290918792331
  0.24929465258987718  0.26056135735599134  0.27221032690535990  0.28396155133379442
  0.29727751650507589  0.31175612747388087  0.32563132811282403  0.33785354039851695
  0.34841071341216812  0.35961117367526929  0.37254770643804164  0.38476571908465979
  0.39586459184397843  0.40320758189483197  0.41085403820314720  0.41826897556737003
  0.42616488076726211  0.43473016159612055  0.44286671746259548  0.45001144243700791
  0.45853681356411347  0.47152219028968273  0.48623724018915720  0.49894484333849526
  0.50739864085098552  0.51276622491513213  0.51840971463853813  0.52379572025440602
  0.52884108734908553  0.53413079450244871  0.54075067671483601  0.54773395525339053
  0.55503827437729658  0.56395213821074808  0.57609785984681250  0.59231526286686953
  0.60871585180621146  0.62305861136714102  0.63630510614867197  0.64865567665600121
  0.65901299114465406  0.66864067360349722  0.67766558278718225  0.68710221745762756
  0.69428316759620612  0.70075885914980418  0.70717570379059225  0.71432829541718512
  0.72304291885907312  0.73410286803877045  0.74704021055785874  0.76185217771519553
  0.77650559502668715  0.79221433926383633  0.80907086884347368  0.82244057698996720
  0.83015631951973234  0.83657353532362289  0.84360421830624999  0.85281504934743246
  0.86167274514298686  0.87026160975197175  0.87958679953299335  0.89002976555244917
  0.90176655794335037  0.91461398431050978  0.92546423008395340  0.93759360012894888
  0.95173708435357363  0.96774236381969847  0.98469466756534307  1.00000000000000000
 -0.00278502376753048  0.01163381359995246  0.02397134013345088  0.03554720521535697
  0.04610010553525667  0.05555510271738338  0.06570181820522616  0.07746536160707798
  0.08981733196978707  0.10158149110457004  0.11398368468042953  0.12675193676728019
  0.14247781103251791  0.15876721200466473  0.17477011877642906  0.18803795177751301
  0.19881302785599483  0.20864337833119054  0.21814257464596606  0.22958363138568941
  0.24262532544501650  0.25376940563013983  0.26359570767483276  0.27233488918545445
  0.28156127601800318  0.29068280413484682  0.30140971245862785  0.31213413463249540
  0.32098615313948647  0.32881614917333052  0.33727025991282344  0.34674085058452858
  0.35620698726835082  0.36418374877885268  0.36999620659232735  0.37619276561157050
  0.38345097992602173  0.39146337621635147  0.40055350044544846  0.41257542197805108
  0.42459299531091954  0.43340141293925494  0.44179591541817420  0.44919392853754325
  0.45649672746546965  0.46396942820282222  0.47333653834193834  0.48587334008135336
  0.50079647254806714  0.51710343318288887  0.53197724870798091  0.54648061707148721
  0.55961337775755160  0.57279459847710645  0.58791040459242105  0.60379471591089562
  0.61521359842384593  0.62610131086292187  0.63651751209429031  0.64633243623759806
  0.65798095437502868  0.67006824250906349  0.68234400643552007  0.69522170302556818
  0.70830235355892956  0.71980974965416289  0.72868682452248967  0.73616702268726475
  0.74401883542051195  0.75143641445687537  0.75916090460533758  0.76740323142826994
  0.77527764283029055  0.78251094529370602  0.78922693680462053  0.79619110501544832
  0.80353671657949277  0.80956501471025866  0.81623528700121384  0.82352110848939963
  0.83033103091836968  0.83920911412897803  0.84880528551509038  0.85731390285573583
  0.86718087787139575  0.88096927070242581  0.89308373403812091  0.90528233263336289
  0.91735811408943524  0.92933495908705610  0.94223411923634803  0.95674589259046783
  0.96802568199639472  0.97890555355616171  0.98939330744541454  1.00000000000000000
 -0.00804926721181227  0.12359572785906112  0.19385611344566389  0.23822329753059021
  0.27458960228169116  0.30709610830478401  0.33850077947305318  0.36268272257538564
  0.38113969330859049  0.39379128014813025  0.40277537708214284  0.41502296141432249
  0.43512909351788154  0.45431523604296936  0.47183979119530639  0.48821584477188534
  0.50333741974965451  0.51799547537462121  0.53570247208530308  0.55552903431396139
  0.57321796591811391  0.58544670388302200  0.59518599995643706  0.60473273314886278
  0.61425028114578106  0.62472786939902636  0.63619530459694684  0.64817691491056129
  0.65979399397109995  0.66859492412645527  0.67700732584985190  0.68515530940665004
  0.69424872731932508  0.70351645055192413  0.71005744444733598  0.71514664514982174
  0.71990824639023754  0.72559064697484466  0.73213104160987286  0.73936801232553340
  0.74618975778858299  0.75203053614566806  0.75725417414509244  0.76265259789905049
  0.76722880648731229  0.77272564752089501  0.77877893689083855  0.78473827932819296
  0.79166161668009338  0.79852315577337085  0.80464216632677055  0.81016782305444890
  0.81601528746671537  0.82185847927366551  0.82789884284303228  0.83401963989963745
  0.84100921304136156  0.84866003132639023  0.85675119681142575  0.86227482390969334
  0.86776337808995752  0.87393659367279386  0.87960460014116781  0.88466785737030329
  0.88935460183888826  0.89380210983025998  0.89803790522440674  0.90160878572999015
  0.90503226193524855  0.90844823737983793  0.91128277957925574  0.91404951087286113
  0.91690419696078385  0.92042399814268683  0.92427357600569482  0.92889530200146575
  0.93388970034960717  0.93873695278999514  0.94261801317585225  0.94532981830793383
  0.94762399547447407  0.94993593308688362  0.95228314287416382  0.95477150814523570
  0.95724022317970381  0.95991218725550165  0.96437991577880078  0.96875304058571932
  0.97269554451847473  0.97634921150767628  0.98002990086751218  0.98372842333289356
  0.98733036301961608  0.99133316407283023  0.99561813380751985  1.00000000000000000
 -0.00239089079834066  0.00796170614876087  0.01823815746945652  0.02551009429079842
  0.03439043605717819  0.04337538857479241  0.05213158885275969  0.05977069724297460
  0.06669254163154886  0.07373428167638645  0.08169961993915648  0.09410713206467669
  0.11024682292469801  0.12708912049195090  0.14207829021896540  0.15297264036509009
  0.16343844029144924  0.17353500516898571  0.18367032026276361  0.19459845522031718
  0.20713353830889336  0.21876363022023856  0.23144839182809435  0.24571055562667962
  0.25863909574229904  0.27147941057008423  0.28374084905676433  0.29490828955515602
  0.30503015923275845  0.31645767036990324  0.33037506484256285  0.34646122793660455
  0.35356431902854268  0.36001645000216920  0.36599456776921618  0.37169548929338814
  0.37734101652579460  0.38296331475580320  0.38963838972076309  0.39993144358533106
  0.40960533441813624  0.41876456557127834  0.42915573460170703  0.44068042819937969
  0.45418525613584659  0.46773980704743423  0.48049320489968833  0.49368459303332751
  0.50772556286941173  0.52106252734920377  0.53294016695483448  0.54490330110963980
  0.55724154812233573  0.56743155602032835  0.57612508031438736  0.58429076348352293
  0.59241613024896489  0.60207588805823686  0.61188316168384971  0.62037210157603107
  0.63036164698078445  0.64521039425765470  0.65959268015754280  0.66988551873269897
  0.67731957279223032  0.68489152184806212  0.69198854389247622  0.69722823546891310
  0.70317166790464014  0.71033442628058174  0.71770350690476725  0.72430143064322450
  0.73464887067549911  0.74888420999233918  0.76199635475724625  0.77387555540598285
  0.78655985901255632  0.79837136652822871  0.81104917100315110  0.82314430386888704
  0.83481079140316394  0.84526081971952816  0.85514366427872535  0.86534729841256175
  0.87510123946482521  0.88476667481913374  0.89457393645062144  0.90652315703094644
  0.91911811251393272  0.93093053478510646  0.94226055991174273  0.95450190469080420
  0.96623076319835510  0.97788600388779723  0.98893919076540859  1.00000000000000000
  0.64270808556252357  0.68906774387111147  0.71739410748153742  0.74180539892206465
  0.76320789781901766  0.78220616099043694  0.79905072773713137  0.81285046985316300
  0.82564370140355636  0.83643108148446954  0.84679565653303313  0.85635731743635579
  0.86531713338010219  0.87418697491055541  0.88305969760259273  0.89155515128465146
  0.90004320560190010  0.90753924160254817  0.91426957960095523  0.91891635035738917
  0.92249120110475025  0.92615978568386159  0.92975329891065350  0.93335079270230203
  0.93721512738792812  0.93939384521170799  0.94122347136279383  0.94288450635701648
  0.94458543057694355  0.94639744385575275  0.94812180514642352  0.94963321589624516
  0.95094378751721909  0.95219790120562586  0.95340820387178060  0.95462234212317454
  0.95579039605018057  0.95697426573556743  0.95816629690806765  0.95930400701367824
  0.96032999685924070  0.96124015292469744  0.96206412702405808  0.96279202710189171
  0.96347251359573693  0.96413551969563938  0.96476105155981751  0.96534685197940762
  0.96592823038200071  0.96651391701472844  0.96706554162258218  0.96761160093652054
  0.96808472180134519  0.96855225914785026  0.96902827930688928  0.96947219966674425
  0.96990725934970423  0.97044929526413437  0.97118233527560260  0.98156619707461523
  0.98187122438073515  0.98213138384608090  0.98236387247481360  0.98255862352408785
  0.98276534209747146  0.98299114761422490  0.98321682871196081  0.98344154397832395
  0.98366472240831104  0.98388643066573656  0.98411235029097155  0.98434461194181566
  0.98460719099643446  0.98486791805405005  0.98513151443776525  0.98540206980359712
  0.98568109068460807  0.98598044929847661  0.98628164469230151  0.98658695071557811
  0.98690395823970012  0.98723585351614107  0.98758638412999766  0.98800144098828013
  0.98848403097656434  0.98904474252996133  0.98967091573644472  0.99035228914809825
  0.99107910011578570  0.99185397259093100  0.99270466435355198  0.99372057172279515
  0.99500397221844361  0.99637735865746668  0.99804164046046118  1.00000000000000000
  0.04793872059596108  0.22324557599925535  0.26685712345154899  0.29496393911640012
  0.31865179660913789  0.33812336994250791  0.35482260760060519  0.37221866981912660
  0.38621891165542971  0.40214836935559661  0.41736616605266197  0.42999659742065066
  0.44078277205551014  0.45195768941093223  0.46358884386565041  0.47487364004628990
  0.48569935698960698  0.49722125152591878  0.50791787517148634  0.51930310532794965
  0.53005345714483587  0.54196507664463567  0.55364875418443671  0.56425892873946815
  0.57403074521889630  0.58289265451607197  0.58931059507834205  0.59557427318114953
  0.60234690856320527  0.60836628370947221  0.61419638423589562  0.61976221984361957
  0.62600655141646544  0.63653422072728782  0.64678014738868017  0.65533712858231852
  0.66427786057169835  0.67252047724921971  0.68009561238175054  0.68739965851300222
  0.69485318228920201  0.70279914364267482  0.71041332684939096  0.71781445591678961
  0.72426357207517744  0.72935566318404521  0.73233214206028929  0.73583240494118085
  0.73967310289042154  0.74332105427497108  0.74543969881663674  0.74753310876609724
  0.74941152723440452  0.75171546410755052  0.75419951450989986  0.75658151519086281
  0.75892491949095553  0.76127890043918467  0.76377973116616260  0.76676870246456386
  0.76993846289536461  0.77230438319794414  0.77458339915808727  0.77689870145849138
  0.77999253710329897  0.78343825802223821  0.78696864948898437  0.78936158641877185
  0.79331048902100332  0.79862999954907232  0.80574374652952752  0.81112913501035677
  0.81589129878453071  0.82005907257330590  0.82367609958733001  0.82699283930304501
  0.83087240015677577  0.83540615879397018  0.84037492532422864  0.84530314919560645
  0.84914048023157496  0.85298628181955771  0.85735902655282870  0.86425375209776389
  0.86693231556018691  0.86927854652870840  0.87153002605136720  0.87564797477434253
  0.87961014145543925  0.88348976740221641  0.88765332549149401  0.89479113772877095
  0.90480082140231055  0.91634470462373485  0.93533445646575841  1.00000000000000000
   1.2070077166805737E-029  -1.0000000000000000     
 F F F F F F F F F F F F F F F F T F T F T F T F F F F F F F F F T F T F T F T F T F T F T F T F T F T F T F T F T F T F T F T F F F F F F F F F F F F F F F F F T F T F T F T F F F F F F F F F T F T F T F T F T F T F T F T F T F T F T F T F T F T F T F T F
  <DiscreteSampler_grid>
  grouped_processes
  1 # 1 for a reference and 2 for a running grid.
  10 # Attribute 'min_bin_probing_points' of the grid.
  1 # Attribute 'grid_mode' of the grid. 1=='default',2=='initialization'
  0.0000000000000000 # Attribute 'small_contrib_threshold' of the grid.
  0.5000000000000000 # Attribute 'damping_power' of the grid.
 # binID   n_entries weight   weight_sqr   abs_weight
    13   10   1.749713159908217E-022   2.803387063613553E-043   1.749713159908217E-022
    14   10   1.749713159908198E-022   2.803387063613488E-043   1.749713159908198E-022
    25   10   8.160284902420516E-023   5.048786238826762E-044   8.160284902420516E-023
    26   10   8.160284902420563E-023   5.048786238826835E-044   8.160284902420563E-023
  </DiscreteSampler_grid>
