  0.00000000020635018  0.00000000071238150  0.00000000110260414  0.00000000140652120
  0.00000000167797115  0.00000000192618632  0.00000000215057689  0.00000000233912217
  0.00000000251264075  0.00000000268810813  0.00000000286248855  0.00000000303412842
  0.00000000321561178  0.00000000338393164  0.00000000356664557  0.00000000376067206
  0.00000000395777361  0.00000000416363724  0.00000000436341310  0.00000000456345975
  0.00000000476019412  0.00000000493056879  0.00000000509102373  0.00000000524269210
  0.00000000538870446  0.00000000555716928  0.00000000571095386  0.00000000584115646
  0.00000000596047467  0.00000000608347100  0.00000000622971751  0.00000000636771049
  0.00000000651630744  0.00000000666041623  0.00000000681908648  0.00000000696032657
  0.00000000709216200  0.00000000721284080  0.00000000733802041  0.00000000748098864
  0.00000000763539952  0.00000000779113318  0.00000000794731346  0.00000000809533269
  0.00000000824258872  0.00000000838924458  0.00000000851105632  0.00000000864109627
  0.00000000877089785  0.00000000890961773  0.00000000907432662  0.00000000925889251
  0.00000000944754669  0.00000000963387123  0.00000000979349571  0.00000000990217139
  0.00000001000590992  0.00000001010978912  0.00000001022014579  0.00000001034674354
  0.00000001048223704  0.00000001064788480  0.00000001081557645  0.00000001098693061
  0.00000001116563596  0.00000001136569730  0.00000001156116747  0.00000001175417027
  0.00000001193325156  0.00000001210262121  0.00000001226493779  0.00000001242971727
  0.00000001266541318  0.00000001295468455  0.00000001320982010  0.00000001342765531
  0.00000001364607373  0.00000001388165559  0.00000001412684353  0.00000001437258365
  0.00000001461910582  0.00000001488304684  0.00000001529256978  0.00000001574965829
  0.00000001622128843  0.00000001671378600  0.00000001718571676  0.00000001765079289
  0.00000001812154917  0.00000001869045545  0.00000001936449539  0.00000002009896371
  0.00000002108608997  0.00000002258518555  0.00000002360896695  1.00000000000000000
  0.00778948789975021  0.02212933625722142  0.03808771996415034  0.05228315436795185
  0.06522138548629167  0.07860323660388005  0.09257544056536895  0.10580618923377218
  0.11726584227455111  0.12882966271912183  0.14077269630513309  0.15367148539195619
  0.16729081656508679  0.18050948003676739  0.19088946134079804  0.19745675017007969
  0.20434107822960701  0.21114775745035674  0.21858228397871524  0.22704596320332585
  0.23470435819794080  0.24253489185012658  0.25237036197728629  0.26487746645684396
  0.27535387694197899  0.28430678577193752  0.29196821984838162  0.29957798146599773
  0.30859125822911898  0.31762311424995143  0.32586391656888225  0.33372349949592162
  0.34137028010544307  0.34913921485818311  0.35670814169340614  0.36459066126369222
  0.37227262654212068  0.38085913736273469  0.39011876176187327  0.39929627622324998
  0.41041101368639682  0.42163193219936401  0.43122287189004954  0.44104120107141298
  0.45124177941640070  0.46398801311605431  0.47643234097441783  0.48691436604834537
  0.49675746619438721  0.50544899398119414  0.51355624507722142  0.52165466425347107
  0.52987955926486385  0.53918560057625486  0.55155515152468704  0.56556857540454908
  0.57851443293146187  0.59010907778241084  0.60150970484051358  0.61278119525249508
  0.62303410812499216  0.63338420353965286  0.64511975544736877  0.66195467787093643
  0.67922194585850904  0.69372289479181581  0.70672679406462025  0.71980694643350518
  0.73415185104221659  0.74685224723917143  0.75485345772190215  0.76342801767539603
  0.77219962768508277  0.77966470687722123  0.78809774501005014  0.80054160110671979
  0.81539838202651360  0.82579261266181447  0.83197066296691402  0.83906196767589192
  0.84610145943964377  0.85391039311331485  0.86162872770212817  0.87248940213152559
  0.88149687695214185  0.88981740402888132  0.89863940145751064  0.90750716974373946
  0.91498056057253718  0.92176414518837313  0.92889291609351399  0.93813900534299344
  0.95155416810533366  0.96630350633539763  0.98176569651320122  1.00000000000000000
 -0.00000015387814147  0.00008189161855269  0.00073664760478963  0.00194480405123591
  0.00340573574370838  0.00529585135616545  0.00827684294132328  0.01224356266613787
  0.01711032532586120  0.02242792085793928  0.02805646489480862  0.03510413514426353
  0.04173342015126816  0.04768876279934488  0.05409194157692429  0.06097805506173099
  0.06814231749743097  0.07587327404058648  0.08425914926253072  0.09162872701580602
  0.09960324623929311  0.10749043586172352  0.11722664536030188  0.12840500696020393
  0.13937823289915960  0.15016844195658355  0.16009418320871160  0.16927453387524730
  0.17793524796225660  0.18633830920328487  0.19512966180673871  0.20148096675097227
  0.20720687421941847  0.21404560231004222  0.22094819671570365  0.22915148596403845
  0.23680242853957403  0.24469988029312209  0.25271883466839079  0.26065205706818778
  0.26845891610694933  0.27714130122285308  0.28686066088764700  0.29661706485106903
  0.30704020554513500  0.31724261082331012  0.32686726254775800  0.33646548326470033
  0.34634670903655790  0.35678908282083655  0.36825461998955444  0.38115282604255246
  0.39149486401084660  0.40134465128389363  0.41089371006058922  0.42083527802408943
  0.43206521787986352  0.44466804562415102  0.45782491719710272  0.47064803419150353
  0.48242275671287321  0.49280776853208197  0.50328043884391960  0.51281625119027463
  0.52321849427859413  0.53502256624192446  0.54926098109305033  0.56315249707279535
  0.57666936286270087  0.58963869227921817  0.60167547714551861  0.61246438837645956
  0.62409053202455556  0.63714747033306907  0.65134334849861186  0.66595443488766615
  0.68000137603664801  0.70017167494538601  0.72099694142177739  0.74109923571632952
  0.76155457701971763  0.77584008255900794  0.78779329721035019  0.79979736088901643
  0.81252118032639742  0.83065496775975833  0.84968590732939797  0.86901977099553718
  0.88804292638441851  0.90611620098538936  0.92202512365890099  0.93742296878773523
  0.95290822028707967  0.96807890835008958  0.98366411964023437  1.00000000000000000
 -0.00484223857305391  0.01203860538245763  0.02551625490032074  0.03662836159247686
  0.04891133176185616  0.06170442292074063  0.07444830338451389  0.08791194615735594
  0.10314682119966437  0.12030158694772526  0.13285714777916824  0.14215079896567981
  0.15088089205957875  0.15841359003673802  0.16987481540367819  0.18323959438126833
  0.19690531527570324  0.21086958911737885  0.22398162946867012  0.23266090374168125
  0.23940732906080445  0.24632413911483489  0.25367803570079084  0.26263984801258039
  0.27170286022242818  0.28009734629534161  0.28888101639340941  0.29666831332265514
  0.30479055492316448  0.31300987053821760  0.31841413189157319  0.32468512398196836
  0.33111349638045723  0.33790000717394192  0.34455527961007248  0.35101428827707204
  0.35845771743423938  0.36694155028622671  0.37471746238141490  0.38493352847020040
  0.39893757518385059  0.41329155288517516  0.43062561864198373  0.44662925176812912
  0.45832053091475472  0.46819723657266299  0.47842608127826275  0.48844909439979323
  0.49650927252547133  0.50389024800903148  0.51142037260879369  0.52000613148994790
  0.52999649532496917  0.54188633638502559  0.55558647370365810  0.56982581443887326
  0.58313843649588626  0.59401192423357008  0.60385631755210656  0.61287222024552046
  0.62189634575922104  0.63121398604799017  0.64037447573534245  0.64991629248383420
  0.65882750238369414  0.66930497307737469  0.68277385333062035  0.69593962530000675
  0.70809015527848207  0.71949666997908490  0.73209315862898938  0.74811228916931649
  0.76130997790989607  0.77221463259973755  0.78240012766642997  0.79127522483087798
  0.80064325170032347  0.81223656022499646  0.82559400689341977  0.83931599623641651
  0.85069036399022446  0.86105493268941669  0.87183796910480915  0.88371032522225756
  0.89462708501617860  0.90213064708488488  0.90917107466526903  0.91569610392692014
  0.92295754175378175  0.93160899178140344  0.94056153520714292  0.94860078862787445
  0.95706759093837146  0.96889140526205475  0.98432501776251125  1.00000000000000000
 -0.00256937470531277  0.00996795749806872  0.02254814126874725  0.03680312799446962
  0.05078477650676830  0.06295680071968048  0.07760450607288263  0.09161597848367431
  0.10688474754650358  0.12400517996142420  0.14044388888565523  0.15392870394906236
  0.16533995015076153  0.17555998516548588  0.18481613172666606  0.19215619432086628
  0.20028766777152268  0.20839275851475142  0.21537300698568534  0.22218651410800228
  0.23028383190527418  0.23942347117040907  0.24913980684396367  0.26179835020990694
  0.27459204471678927  0.28630830114638883  0.29790200446460835  0.31122533179953288
  0.32732058743339121  0.34386484685616003  0.35728246550952003  0.36745456738893190
  0.37814766234255409  0.38815075274954669  0.39770423108128694  0.40730648368430122
  0.41793550517161310  0.43418849133046727  0.44118799166573169  0.44904717754028101
  0.45652703893309066  0.46324889379022227  0.47109185640302426  0.48038008636497687
  0.48982174632683717  0.49825599855547631  0.50923271245776813  0.52149495061892948
  0.53301554903448511  0.54396298285440203  0.55515614757304577  0.56720396633758940
  0.58064546808045903  0.59770928201805928  0.61039134780111715  0.62109701494661973
  0.63157405125764376  0.64321908426036523  0.65533509858411032  0.66694561747844183
  0.67836415279094497  0.69020867854500023  0.70296701352974555  0.71329733584543220
  0.72267271551763734  0.73105222498799616  0.73740582342808281  0.74433739922648823
  0.75181916419449357  0.76036019298412350  0.76869189993954956  0.77725737123253791
  0.78584653874224197  0.79559496159768872  0.81125580603083780  0.82697382217863691
  0.83453910692790068  0.83968414001020308  0.84399255762389958  0.85039282018662887
  0.85731401202510471  0.86492345393394632  0.87254628871697515  0.88052517259713492
  0.88778156828122556  0.89534855619205667  0.90906327907565676  0.92110990756621769
  0.92898220703926160  0.93690197163705169  0.94479785203686861  0.95214489558238147
  0.96147459013232095  0.97399328653559247  0.98663763276488781  1.00000000000000000
 -0.00210185088553319  0.00662461964178838  0.01587661911245813  0.02511989643662109
  0.03507900936394436  0.04578871213094949  0.05579080624217432  0.06451995668278643
  0.07315242116006368  0.08184828779085403  0.09176782166923733  0.10127416649180232
  0.11131345618426393  0.12195073535928114  0.13279470065548737  0.14652996085305089
  0.15738785073456596  0.16453543138050530  0.17202369027302519  0.18113386008878901
  0.18918152707179645  0.19666037810985798  0.20415865610897202  0.21615825955673851
  0.23148995520406038  0.24648033255895402  0.25937253173619224  0.27080396402865159
  0.28212631732802584  0.29351943679187142  0.30653815783177230  0.32359688796099673
  0.34162386640927295  0.35380538955035784  0.36527335225787289  0.37512726884199887
  0.38341210277132015  0.39026979638601533  0.39652611185209835  0.40291919637857071
  0.40947927629063152  0.41648902288981254  0.42452033494014635  0.43947783890733300
  0.45584478498355513  0.47184300592672263  0.48766569520023578  0.50388355649285466
  0.52056863841812828  0.53207349417348726  0.54349173782273619  0.55041280225604172
  0.55928178874681689  0.56709207638583847  0.57444081917019607  0.58069544802022066
  0.58639163294332097  0.59283977962978907  0.60047115871802947  0.61200497353850036
  0.62708957712059221  0.64205169429580200  0.65622227721333715  0.66948774689028445
  0.68172790450514853  0.69223019799276941  0.70371902798782371  0.71601705926416115
  0.73035089449536317  0.74483401160859986  0.75863723557062768  0.77281082780179366
  0.79003296398211686  0.80717224736996818  0.82534345524040531  0.84200576558034956
  0.85399326932716790  0.86667321436361600  0.87911620864052731  0.89282957651199735
  0.90329955399725326  0.91162890433408983  0.91986220546603470  0.92817393195257270
  0.93525296847000217  0.94165292747455065  0.94945516681629338  0.95358975243456157
  0.95628880355215351  0.95916551289426311  0.96235084498087975  0.96646779722020304
  0.97383049575338687  0.98210754818021484  0.99012484642156040  1.00000000000000000
 -0.00724706664691124  0.10007059453121378  0.15941899799754278  0.20402520625430068
  0.23215038422223330  0.25842192343926634  0.28737698472790574  0.31435457416779639
  0.34011740388007572  0.36347299163953006  0.38534308790472649  0.40156352433820408
  0.41543806508165071  0.42971004654943601  0.44509682392058403  0.45988507471292939
  0.47270827799496173  0.48635333498727207  0.50073355966503819  0.51531980739033734
  0.52688478380941384  0.53633913765320618  0.54646207603412655  0.55738890618577586
  0.56460603355944894  0.57164475491164413  0.57915600085740560  0.59176556349711129
  0.60564957008214215  0.61844920318991636  0.62980779304259815  0.63885651354351713
  0.64943135857565570  0.65929531208124348  0.66879919613001959  0.67916787418569602
  0.68907565865229370  0.69865479570193667  0.70725340625049404  0.71572856731568102
  0.72466548783100260  0.73361859280809405  0.74204106994034180  0.75044462390636002
  0.75906771995354083  0.76777910472133559  0.77672808873085830  0.78537229326462810
  0.79258545993193186  0.79794008791716542  0.80321406058509948  0.80850781201082700
  0.81385648879810601  0.81952533155707563  0.82440486962390203  0.82903856414176402
  0.83473866842249733  0.84224298024884559  0.84936326594395528  0.85650194277829994
  0.86353392061116419  0.87131954289250491  0.87697251590098091  0.88104002229813094
  0.88514315736651017  0.88824949479683424  0.89130080038430159  0.89422191311876220
  0.89708907928785153  0.90030716403834077  0.90377373818529139  0.90757343175858740
  0.91141749019653173  0.91503609069738900  0.91920317581091082  0.92387746303491614
  0.92824838171072754  0.93197166858039449  0.93470777824669560  0.93738152915267137
  0.94024362197512257  0.94359262858809134  0.94858064168814138  0.95393724315682604
  0.95910716465185819  0.96286343887240344  0.96617154727035937  0.96934210889503802
  0.97253680349072735  0.97582485265137309  0.97892608021379213  0.98163799046034539
  0.98428816555659593  0.98790224491016421  0.99421720242647205  1.00000000000000000
 -0.00357237871319677  0.01306026466645461  0.02697937650089016  0.04302023715515155
  0.05685431319027320  0.07025168220066857  0.08257474756765359  0.09526498606180904
  0.10798650469862345  0.12220150881699778  0.13641918066861347  0.14780092807561432
  0.15750801829465821  0.16681863340368244  0.17571009519652492  0.18501652391557197
  0.19382936389776056  0.20322994428806168  0.21398369217003071  0.22260288430498254
  0.23168443525287438  0.24576134806116903  0.26106673396026742  0.27383286017261621
  0.27959225115588027  0.28738599603757264  0.29599354052470556  0.30341927735497742
  0.30946018120355706  0.31484811630281606  0.32069826456729400  0.32725861777797427
  0.33558082507798831  0.34765651712589818  0.35986816464166510  0.36963748005962710
  0.37893927110668019  0.38780713506813852  0.39538033909790826  0.40222904272823207
  0.40975218897650706  0.41691132367936606  0.42321645376171069  0.42684665018384366
  0.43059657039721300  0.43459453795599645  0.43898338991978697  0.44476727488049816
  0.45079375991889792  0.45679995757668840  0.46857005587683925  0.48052934785758805
  0.49153368497938438  0.50321449869216872  0.51759971193644516  0.53099761420539304
  0.54400818884204405  0.55710363979771949  0.57296473232075462  0.59160417768733620
  0.60967711446045225  0.61932373154934417  0.62982449288159936  0.63926186268962826
  0.64854544155296279  0.65807223994778896  0.66952929912063985  0.68423231558343045
  0.70073360057838652  0.71767562176193445  0.73488175018844237  0.75228413056583499
  0.76578601772001142  0.77636250632222925  0.78559830924009422  0.79498759765345417
  0.80495511762862104  0.81409889958074932  0.82300304956090042  0.83238090718478686
  0.84362566389371285  0.85534321225603438  0.86527341243591438  0.87519330098187154
  0.88354684742745471  0.89424445223511007  0.90810653379189632  0.92235653292712827
  0.93486106106414824  0.94456117043766086  0.95184253812883357  0.95958348764271251
  0.96847751334239385  0.97869545076508746  0.98904893427255014  1.00000000000000000
  0.64341623840431339  0.67132479320240368  0.68844849833710298  0.70697979048705439
  0.72438678325977923  0.74301712218309579  0.76196135177896496  0.77899037516591763
  0.79461646649608575  0.80867244859436638  0.82104995196046693  0.83229751856301060
  0.84223168957329408  0.85112434410720283  0.86140564753336824  0.87217813352563711
  0.88127746684307118  0.88846208683899475  0.89455160434451986  0.90033286092297560
  0.90598413293223257  0.91152333037489275  0.91655731338135105  0.92120247971128777
  0.92530017375439677  0.92905043238040941  0.93265750170527140  0.93655219824483504
  0.93917595177303614  0.94132242764277929  0.94288330914965190  0.94438414223820133
  0.94584292637610512  0.94752876250250206  0.94916156267117946  0.95055549415277840
  0.95180369544350985  0.95275089473390517  0.95354243037177011  0.95442337413097222
  0.95529195643298759  0.95613297691614152  0.95678810378899604  0.95778167628906741
  0.95864739644298147  0.95947346936828048  0.96033657163702113  0.96116896711215916
  0.96192243390257659  0.96263850913134485  0.96331539893155882  0.96388848661851223
  0.96441433716786107  0.96496625762335408  0.96554778056252255  0.96613083523130727
  0.96670841025419663  0.96712885483001310  0.96753951772401880  0.96795293730681420
  0.96837021737873930  0.96877443558170262  0.96913673409596812  0.96948407713961371
  0.96983021210893572  0.97019862576713289  0.97083066186260780  0.98157599039899557
  0.98192120566895158  0.98219975152193628  0.98245824104343626  0.98269473834211540
  0.98292344437648593  0.98318756201139579  0.98348292330468612  0.98379493790122952
  0.98411912812695801  0.98446660631243232  0.98486464830110798  0.98527024753912917
  0.98567317589725112  0.98607348424462693  0.98649518873688335  0.98697538246044669
  0.98745505524974209  0.98797094666743945  0.98856245782356311  0.98923597173537314
  0.98998751385064399  0.99086384712669318  0.99182706237715423  0.99285017326614589
  0.99405669232856175  0.99557318460400857  0.99754141010024378  1.00000000000000000
  0.07995853740538507  0.22795776862345760  0.24382514463187890  0.25762060980977936
  0.27124524676198764  0.28486765745312848  0.29761483790277193  0.30742789933676357
  0.31506268441014462  0.32231997343661473  0.32935078947662627  0.33551125609893662
  0.34239017209456668  0.34973467814267972  0.35559378487567084  0.36162753999728064
  0.36761907641123043  0.37367882541541486  0.38005152732396719  0.38715765387124701
  0.39410458375451840  0.40126111397180708  0.40952315526397659  0.41697602305879650
  0.42126123364179524  0.42591589534227053  0.43075945129445831  0.43502352163240088
  0.43755540315209945  0.44009568948176647  0.44271309420718613  0.44543555838646703
  0.44829174303133990  0.45372743603334209  0.45843713866338454  0.46329340089176602
  0.46818472540752964  0.47303296753239410  0.47767315964261897  0.48285578189251721
  0.48892865833934146  0.49513393096064373  0.49917629189511070  0.50343760372469226
  0.50718273658174606  0.51079951464509554  0.51457710536596346  0.51940039020099715
  0.52513077382611084  0.53011736085815198  0.53458040037819965  0.53855030540810800
  0.54242302643488716  0.54642634032031245  0.55102516551137537  0.55578006606224994
  0.56086588774451163  0.56629259612828842  0.57239730117268173  0.57808731815296399
  0.58359032971501357  0.59101728005970156  0.59864175227322247  0.60731050754660509
  0.61731934802883481  0.62655672702330156  0.63452139092143101  0.64164439980038190
  0.64769422782401698  0.65292107940077615  0.65823519131317654  0.66360145503225099
  0.66907831173974386  0.67478925979655513  0.68056106604148603  0.68567774640005330
  0.69064463787936536  0.69614729304068235  0.70225338819955996  0.70813415934172208
  0.71557710024907129  0.72313014603893355  0.73080911580787511  0.73693603775148009
  0.74348879548589697  0.75024899324193495  0.75871318967368273  0.76883126971405913
  0.78728548302695955  0.81068188576156242  0.83192040608138995  0.84548559960403635
  0.85693638719393339  0.87839875613419449  0.97926448790360543  1.00000000000000000
   1.0780631003001177E-040  -1.0000000000000000     
 T F T F F F T F F F F F F F F F T F T F T F T F T F T F T F T F T F T F T F T F F F F F F F F F T F T F T F T F T F T F T F T F T F T F F F T F F F F F F F F F T F T F T F T F T F T F T F T F T F T F T F T F F F F F F F F F T F T F T F T F T F T F T F T F
  <DiscreteSampler_grid>
  grouped_processes
  1 # 1 for a reference and 2 for a running grid.
  10 # Attribute 'min_bin_probing_points' of the grid.
  1 # Attribute 'grid_mode' of the grid. 1=='default',2=='initialization'
  0.0000000000000000 # Attribute 'small_contrib_threshold' of the grid.
  0.5000000000000000 # Attribute 'damping_power' of the grid.
 # binID   n_entries weight   weight_sqr   abs_weight
    13   10   6.460790609347257E-033   1.911787735338379E-064   6.460790609347257E-033
    14   10   6.460790609347261E-033   1.911787735338384E-064   6.460790609347261E-033
    16   10   3.825362138176509E-033   1.172270935036835E-064   3.825362138176509E-033
    17   10   3.825362138176528E-033   1.172270935036850E-064   3.825362138176528E-033
  </DiscreteSampler_grid>
