  0.00000000021932924  0.00000000062202781  0.00000000091182692  0.00000000116105580
  0.00000000139781213  0.00000000162468997  0.00000000183572244  0.00000000203420190
  0.00000000223499590  0.00000000242816818  0.00000000261231577  0.00000000280066139
  0.00000000299301032  0.00000000317678675  0.00000000335742465  0.00000000352924497
  0.00000000369634905  0.00000000385987135  0.00000000402373982  0.00000000418609776
  0.00000000434623901  0.00000000450752052  0.00000000466938242  0.00000000483292589
  0.00000000499554147  0.00000000515862748  0.00000000532214159  0.00000000548290769
  0.00000000564140757  0.00000000579881060  0.00000000595748926  0.00000000611583012
  0.00000000627098030  0.00000000642744667  0.00000000658621876  0.00000000673619803
  0.00000000688821893  0.00000000703691252  0.00000000718492738  0.00000000732769107
  0.00000000747875177  0.00000000763343192  0.00000000779031178  0.00000000794946401
  0.00000000811068342  0.00000000827483912  0.00000000844001509  0.00000000860205075
  0.00000000876463176  0.00000000892954738  0.00000000909342160  0.00000000925392181
  0.00000000941675859  0.00000000958128271  0.00000000975663361  0.00000000993927412
  0.00000001012203313  0.00000001030938425  0.00000001050481899  0.00000001068968825
  0.00000001087012508  0.00000001104911908  0.00000001122837867  0.00000001140895938
  0.00000001159029879  0.00000001177173491  0.00000001195555805  0.00000001213867647
  0.00000001233159426  0.00000001254369481  0.00000001277030013  0.00000001300507300
  0.00000001324050415  0.00000001347795118  0.00000001372794313  0.00000001397966871
  0.00000001423971323  0.00000001451442698  0.00000001478826739  0.00000001506117754
  0.00000001533444425  0.00000001560615670  0.00000001588869999  0.00000001621415685
  0.00000001660086768  0.00000001699685105  0.00000001742634583  0.00000001788622682
  0.00000001838587607  0.00000001891249180  0.00000001946959621  0.00000002007741184
  0.00000002085572912  0.00000002253139514  0.00000002367152973  1.00000000000000000
  0.00945061235047893  0.01646527111239939  0.02564162081955353  0.03579548455178150
  0.04620452658722157  0.05688026314621672  0.06745834190123506  0.07785158536731859
  0.08891272517049097  0.10065780380732499  0.11212804351573973  0.12289008510889080
  0.13275635700176133  0.14256278774156370  0.15264746742983870  0.16312122086516828
  0.17339976960104697  0.18389074219951757  0.19426230783001761  0.20487416698844402
  0.21562679196351081  0.22614968748936781  0.23697472486012144  0.24727772677300744
  0.25762905190580643  0.26796405003051116  0.27904909672220346  0.29024901998678881
  0.30078750814923633  0.31089709900577134  0.32167145446832407  0.33305668658040288
  0.34394047661879584  0.35441640792776530  0.36501144154462495  0.37539361297061430
  0.38515508302557544  0.39494502204378484  0.40516934475353811  0.41633512087180596
  0.42729177624221404  0.43776926367027458  0.44761225353588990  0.45772451496191618
  0.46801318448030382  0.47815447440714837  0.48828031253765009  0.49834033491008345
  0.50845787532192466  0.51875316315396780  0.52780584642792761  0.53741068009989157
  0.54695971093336648  0.55674737448491318  0.56624067609346862  0.57512645397319229
  0.58413968202893285  0.59399343922443393  0.60420114561758831  0.61419070084714367
  0.62353153902813341  0.63370802937432413  0.64427263145048541  0.65557031259704690
  0.66766934930679389  0.67995666165909829  0.69177045888367561  0.70268742685697949
  0.71349993322223015  0.72444956825529838  0.73506856176059709  0.74553396260905891
  0.75611141180698971  0.76686686640150070  0.77769584668700664  0.78851163817143488
  0.79959565468451632  0.81102211537492919  0.82236976646557580  0.83367168309847317
  0.84538949143345865  0.85670627035415026  0.86761808153069064  0.87834495632442700
  0.88912346715405277  0.89904115681832120  0.90821720468532641  0.91770159601076229
  0.92783472986257143  0.93830046601752415  0.94859893268031259  0.95884483289789524
  0.96932409395869978  0.97947392400652988  0.99126743712833976  1.00000000000000000
 -0.00189838680672470  0.00922841637654631  0.01936218949089813  0.02916973849515040
  0.03872836773634801  0.04796850224081423  0.05756710909477506  0.06749147974586323
  0.07781470027941884  0.08756099541176304  0.09693385697438325  0.10643943096211075
  0.11654684165257420  0.12784393491988030  0.13944134683711595  0.15157909586295368
  0.16438132104885439  0.17655583533040120  0.18826261508741526  0.19908105861794767
  0.20999819837688849  0.22032980290036097  0.23056236482124923  0.24091362068176184
  0.25086906449593910  0.26101326106303557  0.27105118393867861  0.28109626817935940
  0.29122989820373152  0.30109925226213557  0.31069604688415070  0.32091277632575693
  0.33084301232814101  0.34159793053261661  0.35228193139752273  0.36296998143349013
  0.37384132819023286  0.38431171231435213  0.39456868300852466  0.40536922433207273
  0.41625061594662710  0.42690664037192688  0.43762249702207806  0.44884104317183054
  0.46045216849552911  0.47230347377301563  0.48384762502106965  0.49488458795055895
  0.50592493076829925  0.51673728140258701  0.52720926866386952  0.53752128407017119
  0.54754587198582172  0.55770304561321582  0.56784648196059262  0.57831105562363783
  0.58846782002069487  0.59891556649107980  0.61016613044939139  0.62214122655133142
  0.63505947248859718  0.64803838175451933  0.66051262844489067  0.67217222581434588
  0.68296206668269932  0.69335543992327942  0.70345093828531480  0.71380323373304211
  0.72438804752272334  0.73504167292876765  0.74598109077144004  0.75717013319255499
  0.76825659343072628  0.77800232945189596  0.78679721060317187  0.79540748374184711
  0.80398962735013502  0.81274880238927039  0.82199692675831137  0.83110756844982647
  0.84064751885509703  0.84987087727493993  0.85900540791745950  0.86852821966332727
  0.87838380061185928  0.88872121021202399  0.89918837444808430  0.91026407634031758
  0.92064951406934281  0.93063299181304870  0.94068210186052847  0.95162807660446025
  0.96332176137990444  0.97488927344930820  0.98745474562262581  1.00000000000000000
 -0.00143653511031173  0.00751807164884243  0.01574169815255114  0.02496034544520412
  0.03452950237977707  0.04423549952872285  0.05488626091364888  0.06592994780798504
  0.07696406708668013  0.08816494375107561  0.09942692105823363  0.11104709913266494
  0.12263534706987619  0.13372397488709942  0.14434370836657073  0.15526113902210087
  0.16659390137396396  0.17803223673444588  0.18961972504185701  0.20123923274294492
  0.21273717953774682  0.22382639535849491  0.23450547483274053  0.24465291942974166
  0.25535108304711740  0.26591863607687455  0.27689829245331987  0.28839117151398680
  0.29984510712597845  0.31103348102813572  0.32097309958530040  0.33118959976790774
  0.34089455313700712  0.35051479582568046  0.36012504358332176  0.36975535441596152
  0.37916499828198957  0.38883604659209403  0.39886721868532971  0.40903735488009713
  0.41924490680359827  0.42929768993336564  0.43989233860974597  0.45062926227469535
  0.46096285362927508  0.47056261827955370  0.47975590010994013  0.48898841613006983
  0.49857335964642957  0.50825129075909325  0.51786150836671152  0.52764364867424440
  0.53748336327418467  0.54720610453911833  0.55724636386171866  0.56785072439191808
  0.57880714009622536  0.58968519758794058  0.60088401137454039  0.61220873386751551
  0.62310538797866399  0.63317600551799547  0.64326525256243217  0.65380326333785832
  0.66461710585370648  0.67551387848324507  0.68657973084620028  0.69905898793097665
  0.71170552297637879  0.72366685456517310  0.73495674668391409  0.74545364800932701
  0.75569373895157355  0.76564962334016284  0.77594151482870211  0.78576447588085729
  0.79597792501746323  0.80627222646449281  0.81688604619627891  0.82731128701974521
  0.83743696043209803  0.84772422222560651  0.85831054112451532  0.86882275215724158
  0.87997727675083592  0.89118085854611750  0.90159738942094658  0.91136592521639925
  0.92114232371421101  0.93141853992190216  0.94229790237366839  0.95338762611090966
  0.96551919873495817  0.97763916101884307  0.98906275831611379  1.00000000000000000
 -0.00254488901897210  0.00910439733418737  0.01906556008409224  0.02972853665677683
  0.04031119790220523  0.05028304825275946  0.06009291434013975  0.07008678853914856
  0.08052442282519676  0.09108334855564464  0.10154540085730138  0.11266575240145536
  0.12396544510491289  0.13452079621597873  0.14469740472631804  0.15494919894392700
  0.16548027346963745  0.17598194161268893  0.18625388524530961  0.19609446705570377
  0.20556111141121775  0.21462139229060173  0.22346874610256245  0.23246904624428602
  0.24149735897109170  0.25110920527007835  0.26114047293250370  0.27139191642636357
  0.28287343129718012  0.29454103867625331  0.30602716999704327  0.31775368383570179
  0.33028874588250756  0.34088767787119595  0.35141788251096168  0.36192513866404441
  0.37224224495749481  0.38205063884362805  0.39147257836813409  0.40165752549495282
  0.41200147917803775  0.42252659436614609  0.43328145250795985  0.44432187056603090
  0.45529609688645933  0.46629621548859679  0.47650433751108001  0.48666927710508162
  0.49721222487431532  0.50820391963915612  0.51933133869643278  0.53000819150932366
  0.54031376895888705  0.55038870642720583  0.56071483796080890  0.57139558147240488
  0.58207010493162192  0.59283157509035833  0.60396709725250852  0.61512927704473397
  0.62590664471143331  0.63630005529037881  0.64670477918435765  0.65721966180122560
  0.66755825517813983  0.67803426723175941  0.68908281714627306  0.70062903144905508
  0.71154432338478035  0.72168043704366625  0.73187779979075918  0.74183889254143354
  0.75170927150258315  0.76205152505162732  0.77325068783851836  0.78506764515221705
  0.79679621546188040  0.80797705319621582  0.81913475763942867  0.83019332788901279
  0.84090629737981426  0.85124065942207938  0.86140158417028168  0.87159690905867648
  0.88118257346457296  0.89144988779553980  0.90188023963899500  0.91257872074467306
  0.92292693043708096  0.93306740618341200  0.94427416348219861  0.95592089258156876
  0.96683428749010658  0.97790729413763056  0.98891555003982756  1.00000000000000000
 -0.00229461382691911  0.00996228447467509  0.01970634785845717  0.03004335398245729
  0.04027412202019478  0.05085005106516000  0.06159922547185909  0.07301742555192074
  0.08448361204237850  0.09586048131289911  0.10758483510984514  0.11946728259699188
  0.13061048371433809  0.14105290811418256  0.15115522914161642  0.16109071812951631
  0.17116316401894519  0.18155672746570434  0.19230009706531920  0.20316627827868991
  0.21412599473785854  0.22543903579637925  0.23695439775825825  0.24836241615037558
  0.25939844247599048  0.27038159500020464  0.28168848709787336  0.29326749661355134
  0.30476391973299033  0.31564674304333984  0.32633678411106143  0.33616293838140759
  0.34560740381365057  0.35528956357550345  0.36569071125066127  0.37670391605439557
  0.38815687669098803  0.39974570923133124  0.41164166800793672  0.42346877977934783
  0.43504937601900573  0.44525885564095191  0.45481959565438485  0.46475078747281268
  0.47484480692915743  0.48473898852519937  0.49444128663290621  0.50461032535090988
  0.51510543879107684  0.52539019899471207  0.53528947374366964  0.54471046314374705
  0.55354945062770700  0.56270522372016496  0.57219677382409762  0.58186394751337556
  0.59108149777299190  0.59991887810304068  0.60919700647835584  0.61888575112471711
  0.62877485142725864  0.63871836649138902  0.64940071982602010  0.66088367656968294
  0.67230657855024156  0.68349576499473719  0.69418357413071796  0.70407835531790230
  0.71393197503848671  0.72393618170857854  0.73387427577631437  0.74367304884818286
  0.75363845474280178  0.76392927929195786  0.77400203555692060  0.78418356163821301
  0.79480994774200298  0.80572973486554778  0.81633816571696327  0.82690796825785595
  0.83793694762433013  0.84864565381202273  0.85923623692249174  0.86958561084801744
  0.87990981285038072  0.89020549043073605  0.90081493741841168  0.91243009491309512
  0.92383477739812125  0.93485872759951871  0.94536098422701220  0.95645842225053324
  0.96723985472405549  0.97861084581350277  0.98920600395215430  1.00000000000000000
  0.00198730207147182  0.11836188481250629  0.17699249665922515  0.21838726066887376
  0.25420915664321120  0.28326628610844096  0.30708848659422278  0.32747341279937808
  0.34683428250278564  0.36692283213515209  0.38507108361592124  0.40123790843494656
  0.41718021886369511  0.43273198031559817  0.44816371489083007  0.46339219213621174
  0.47748227520609737  0.49089882207088759  0.50363230970645501  0.51560078639719775
  0.52680419582889293  0.53786659468730447  0.54920558686914711  0.56007047871165405
  0.57009110934267793  0.57965368967822029  0.58919506948343991  0.59885564958359994
  0.60814336360680110  0.61698118950830561  0.62556613712856379  0.63387576930214573
  0.64214701848263478  0.64991138231350098  0.65743088398485572  0.66495203053260576
  0.67252345694563653  0.68040857798224441  0.68800634258012572  0.69516889029585349
  0.70199964255279412  0.70875926986317650  0.71555357896420735  0.72251088729007373
  0.72944344658308502  0.73629000972507208  0.74280568097587896  0.74919040061820130
  0.75549438231685584  0.76178682132168885  0.76809856114792852  0.77433158993482087
  0.78046234256286329  0.78648953158530222  0.79265463098041822  0.79887776354555673
  0.80525130706177894  0.81154425202386016  0.81779787387722314  0.82391237818999730
  0.82966174061273812  0.83501074107752027  0.84019175885987241  0.84544932217590585
  0.85076269486880596  0.85589416459167100  0.86085622977396448  0.86577889798726981
  0.87072284535973377  0.87585362888003249  0.88112922593251708  0.88659633002961646
  0.89167313051238839  0.89673014635017045  0.90170499747551469  0.90662689811680741
  0.91161093058134746  0.91651874421803692  0.92133289998805656  0.92618328764934987
  0.93094573102804046  0.93559026977921134  0.94012481635219303  0.94447119617238739
  0.94879271897685602  0.95317532443919983  0.95740561680001013  0.96134208591551029
  0.96516003934947936  0.96906462728654441  0.97291510744032039  0.97674231624556307
  0.98064762809302575  0.98477212493783062  0.98637955866133376  1.00000000000000000
 -0.00240022834251755  0.00858169268203411  0.01818450102168113  0.02873301495638438
  0.03919548104657063  0.05031525125124331  0.06138432357448700  0.07180616730895464
  0.08191062265386675  0.09226650150934668  0.10307419057869663  0.11282829011967951
  0.12286401442841449  0.13336073197885789  0.14492882763427586  0.15649624866320247
  0.16743074739384456  0.17775033363724341  0.18794289473901021  0.19792568341564970
  0.20779398160826085  0.21736657853678462  0.22691618741585870  0.23724231798729362
  0.24821890107469657  0.25941542469723750  0.27061318153286917  0.28171523722667602
  0.29262162311165302  0.30329182823780709  0.31365741447469969  0.32386907951959720
  0.33417574088551483  0.34438018559810507  0.35441790003600498  0.36428448078953696
  0.37418686231512654  0.38405154435391942  0.39394078326397863  0.40389707656074758
  0.41385998873169044  0.42372944329237910  0.43386135564335515  0.44476742423467963
  0.45609842312844351  0.46689669362376834  0.47735712996180796  0.48794272001154215
  0.49841303000966636  0.50923345698685230  0.52046019503202501  0.53241347604346190
  0.54467700883426251  0.55634080497411120  0.56741600056492303  0.57822152088149836
  0.59000912473430023  0.60162194285173243  0.61323928067214084  0.62441911226887492
  0.63514994350796961  0.64570476825794987  0.65638441939014491  0.66720440873880416
  0.67705509731756031  0.68673918868868600  0.69709197994227745  0.70769821250369280
  0.71913875177251885  0.73014591070821055  0.74214780987592677  0.75344556824773434
  0.76461502836505280  0.77573267287537684  0.78679611678967321  0.79694435594105972
  0.80622234932576509  0.81576689714417627  0.82490627401572847  0.83339640961111083
  0.84198150033484664  0.85056497461730796  0.86013515796808482  0.87047231436565164
  0.88178101449024548  0.89342102138132384  0.90495441055809211  0.91570614726908262
  0.92728304723305255  0.93812157506845728  0.94816647714825009  0.95803591014854850
  0.96822907269537528  0.97850236801200996  0.98913853543891495  1.00000000000000000
  0.02425361711470759  0.03205385261544510  0.04151383646911186  0.05208816113974298
  0.06237911255233002  0.07243866761398114  0.08287106437091407  0.09422860328870090
  0.10556807197543612  0.11651009375198573  0.12753107571945260  0.13884816880922102
  0.15024298642203313  0.16116136686790694  0.17153710319961610  0.18111164309964814
  0.19107953429225044  0.20072026984413610  0.21102220467047964  0.22095367794472903
  0.23065077434046471  0.24084405989161556  0.25157974107061121  0.26269148302232298
  0.27391376022495223  0.28525324492890175  0.29675022698208131  0.30837810294293577
  0.31971408076638846  0.33069187100482700  0.34113663629624469  0.35125942397997323
  0.36108082568637717  0.37024077467028604  0.37903479083444802  0.38777324910719352
  0.39685131378477623  0.40629601204371452  0.41578732086884529  0.42524523902312411
  0.43466548404640171  0.44445207561263389  0.45461905204184339  0.46532483545006026
  0.47616312645673653  0.48634160062728171  0.49614563835706987  0.50606562992261250
  0.51564184537016500  0.52498005453699970  0.53412424103235323  0.54372394852339789
  0.55354907636656758  0.56334406433430917  0.57345188802840807  0.58396657808404584
  0.59472251129738851  0.60539997577384086  0.61597411975443561  0.62624213599518752
  0.63616149520594500  0.64632541942014499  0.65637541858743298  0.66629854287094348
  0.67612527117857801  0.68599781272035409  0.69575106275190157  0.70533343746866728
  0.71487465124762883  0.72457176088978725  0.73437616720079668  0.74432757974182562
  0.75434050979872069  0.76412423508740701  0.77369760007237420  0.78284186862564564
  0.79211810001368266  0.80180385797423182  0.81217282396161505  0.82310630060822898
  0.83420452070784068  0.84565432918756844  0.85696606526405006  0.86808328414603808
  0.87891773915703031  0.88951931168658105  0.89969689747208503  0.90947379679162288
  0.91915492502507568  0.92888437245789846  0.93848502696047331  0.94822412637505549
  0.95744698519368698  0.96536868982944612  0.97094954350985863  1.00000000000000000
  0.09666134782526084  0.20898038192792356  0.25557239962576261  0.28493182813346835
  0.30718455066922418  0.32643290625081878  0.34402781094568080  0.36086266066836109
  0.37677698624982475  0.39135630842871538  0.40410636457286969  0.41596876109994246
  0.42775236232309372  0.43930469040944092  0.45083038963090277  0.46199243330060535
  0.47295069374668519  0.48398235047935667  0.49546462820520570  0.50642870906733573
  0.51651930586415684  0.52658605770945222  0.53680670486112658  0.54748114540220705
  0.55791200409729247  0.56782011259764320  0.57737364156248605  0.58676843943953849
  0.59527711581650289  0.60351113292633196  0.61136772291088470  0.61920639891779439
  0.62708442567647360  0.63456431615883901  0.64163726686595923  0.64869155541356194
  0.65576923939730836  0.66278126238463830  0.66950600038005048  0.67601083006350504
  0.68248624320395090  0.68885832950006787  0.69508322077335782  0.70124949146949367
  0.70713327629009293  0.71277253707898436  0.71841030751369073  0.72415856995507988
  0.72971213950565450  0.73444405903114851  0.73897390380987082  0.74341035021640278
  0.74793185199869894  0.75228609901031740  0.75640559929134465  0.76077078752842331
  0.76517231374197769  0.76958654096952395  0.77337789051265149  0.77682509817408740
  0.78019704921979582  0.78358922131335484  0.78709692711095791  0.79068153873196922
  0.79417242045678305  0.79753683966370981  0.80084948945817569  0.80406919207194916
  0.80719211563007509  0.81034181890152479  0.81345786054488511  0.81653293661079640
  0.81955518477284095  0.82249333032592020  0.82542872407936041  0.82839302765763612
  0.83137756096544280  0.83456732510391429  0.83793649188874075  0.84126018837809746
  0.84460484717932027  0.84774919235865187  0.85080962677709171  0.85370890769424623
  0.85644711805603457  0.85920377829001038  0.86215829521163245  0.86511818492093606
  0.86661335736652612  0.86798797772649283  0.87302763854826526  0.88211698109834635
  0.89097564625815107  0.90212109562031340  0.91694469989539984  1.00000000000000000
   5.5281051121409315E-039  -1.0000000000000000     
 F F F F F F F F F F F F F F F F T F T F T F T F F F F F F F F F T F T F T F T F F F F F F F F F T F T F T F T F T F T F T F T F F F F F F F F F F F F F F F F F T F T F T F T F F F F F F F F F T F T F T F T F F F F F F F F F T F T F T F T F T F T F T F T F
  <DiscreteSampler_grid>
  grouped_processes
  1 # 1 for a reference and 2 for a running grid.
  10 # Attribute 'min_bin_probing_points' of the grid.
  1 # Attribute 'grid_mode' of the grid. 1=='default',2=='initialization'
  0.0000000000000000 # Attribute 'small_contrib_threshold' of the grid.
  0.5000000000000000 # Attribute 'damping_power' of the grid.
 # binID   n_entries weight   weight_sqr   abs_weight
    13   10   7.237460020129327E-030   2.309314536921775E-058   7.237460020129327E-030
    14   10   7.237460020129397E-030   2.309314536921820E-058   7.237460020129397E-030
    16   10   5.131303007494477E-030   8.425705390794684E-059   5.131303007494477E-030
    17   10   5.131303007494537E-030   8.425705390794597E-059   5.131303007494537E-030
  </DiscreteSampler_grid>
