  0.00000000005659040  0.00000000012119982  0.00000000016086433  0.00000000020179574
  0.00000000026052827  0.00000000033326541  0.00000000040552589  0.00000000047928782
  0.00000000056480783  0.00000000066451495  0.00000000076619081  0.00000000087447143
  0.00000000099383783  0.00000000111786501  0.00000000123927399  0.00000000137500382
  0.00000000151699581  0.00000000165450463  0.00000000181764690  0.00000000196497461
  0.00000000210285723  0.00000000224403191  0.00000000238495476  0.00000000252722665
  0.00000000267814757  0.00000000283737238  0.00000000299291245  0.00000000315212495
  0.00000000332955856  0.00000000349730770  0.00000000365455200  0.00000000381174637
  0.00000000395462140  0.00000000407480419  0.00000000419092775  0.00000000430384040
  0.00000000441922032  0.00000000453400957  0.00000000464717991  0.00000000476605335
  0.00000000488716241  0.00000000501160465  0.00000000515589471  0.00000000531691601
  0.00000000548863673  0.00000000565776746  0.00000000582454663  0.00000000597619261
  0.00000000613101876  0.00000000628468257  0.00000000641514317  0.00000000655345087
  0.00000000668586571  0.00000000682385133  0.00000000699730818  0.00000000720864247
  0.00000000744648596  0.00000000767586696  0.00000000785612880  0.00000000802432481
  0.00000000820118440  0.00000000837749055  0.00000000855154815  0.00000000873874158
  0.00000000894111819  0.00000000915999111  0.00000000940291927  0.00000000966030195
  0.00000000987965329  0.00000001008724815  0.00000001031486138  0.00000001055017346
  0.00000001079095335  0.00000001110917593  0.00000001141186299  0.00000001161566478
  0.00000001180034887  0.00000001200281128  0.00000001221526644  0.00000001242006908
  0.00000001262041615  0.00000001281671188  0.00000001306310990  0.00000001344963364
  0.00000001389573385  0.00000001435506011  0.00000001481425378  0.00000001526116772
  0.00000001588230776  0.00000001658324706  0.00000001733765435  0.00000001816035284
  0.00000001912205829  0.00000002052163141  0.00000002121499504  1.00000000000000000
  0.00889082185480219  0.01866316898501887  0.02832798267783925  0.03843751374847815
  0.04912290459330002  0.05982924537178135  0.07147060595131001  0.08081873177636276
  0.08882693815635796  0.09660278677555106  0.10297556319423733  0.11053205873401115
  0.12117719261619478  0.13346897479894337  0.14654319352479558  0.16159117084671867
  0.17832205792575923  0.19542406534419121  0.21122555252883657  0.22181300597853981
  0.23457037610324771  0.24596122245236957  0.25592284609484084  0.26517289023181512
  0.27677286543035601  0.28977905937216580  0.30244380478110083  0.31522655697882507
  0.32867798080512989  0.34228403369844856  0.35447475381389448  0.36236934213938626
  0.36943947694363344  0.37713460621605427  0.38273584108146008  0.38879987603378391
  0.39453956784803107  0.39995735853633385  0.40581855026196667  0.41242951927271254
  0.42070402775792398  0.42908446583805138  0.43565197690627450  0.44317175321724855
  0.45580286745045107  0.46749177429166372  0.47721641906788370  0.48947762994035671
  0.50094997968297794  0.51253385555259234  0.52377322870833820  0.53367762752386971
  0.54215677875638502  0.55022709262529168  0.55898226403673834  0.56820591769032169
  0.57721709556700729  0.58681601836542185  0.59706057866948758  0.60693245499428949
  0.61690841016298181  0.62672585687154725  0.63586214491439230  0.64406240064783704
  0.65173392135253716  0.65748780941910367  0.66264207886442050  0.66840727619150342
  0.67435472531646468  0.68121957713899595  0.68858218925934100  0.69800297944288070
  0.70796823586642088  0.71794063657492924  0.72774411181133714  0.73661574430789079
  0.74625884010633470  0.75534016293580564  0.76464969393434723  0.77515559396551281
  0.78700485884208693  0.79895342539704861  0.80991380106044597  0.82071982443701830
  0.83123682675745569  0.84343785677928584  0.85800712336056550  0.87464349723381951
  0.89363983677394421  0.91024304862770433  0.92299766417268381  0.93533495838743674
  0.94875508642809381  0.96356025385623867  0.97969586908181283  1.00000000000000000
 -0.00000020120077798  0.00009168419708486  0.00067988619413070  0.00222276770666731
  0.00393823501406040  0.00660586869334707  0.00948415208595409  0.01243056885832463
  0.01598426341602737  0.02105587663718890  0.02616406487220512  0.03158149480101043
  0.03779579107035506  0.04525771209113888  0.05321962380227941  0.05934925825368488
  0.06365671023660074  0.06730232503597261  0.07052887411329498  0.07564686395722584
  0.08043933548295340  0.08507144380535003  0.08985086919744775  0.09508219577113566
  0.10005837184956584  0.10436875567252947  0.11081816842003728  0.12045288045439247
  0.13142814389363919  0.14329101763216176  0.15537892853298599  0.16739329149865151
  0.17949690563751028  0.19011186803477856  0.20122478056148896  0.21348154997995014
  0.22522221857801955  0.23719376758258556  0.24978667970955154  0.26172750532083233
  0.27179353013343138  0.28205684956472776  0.29229391569670515  0.30213838680521843
  0.31134845552287582  0.32132965233739014  0.33212627165248176  0.34325922710855661
  0.35509704219420940  0.36877623761307554  0.38612078391593119  0.40115333035768708
  0.41473143483838992  0.42752396931009978  0.44083444531121679  0.45635685389853198
  0.47136766099949828  0.48714012963650699  0.50156099410923816  0.51401322540681949
  0.52515560282857476  0.53610941201310836  0.54709616638029313  0.55846358527485673
  0.57021787257936996  0.58110936639016619  0.59149566708937296  0.60128370945994059
  0.61418567923185319  0.62895850561396893  0.64518912485926994  0.66262441760839796
  0.68006641980307347  0.69682817244165618  0.71301615572684285  0.72891807259454267
  0.74431265990486573  0.75849770041742837  0.77245729316797251  0.78720673566708765
  0.80531110166094755  0.82295487860422045  0.84068445010496473  0.85799673306800495
  0.87402776358939693  0.88900871114115076  0.90117649815166900  0.91287108394546146
  0.92458818217823546  0.93641364603741595  0.94795544982450608  0.95887634172807634
  0.96952324842681281  0.97976678853555743  0.98984290812344233  1.00000000000000000
 -0.00378340786696152  0.01232663263655223  0.02691208124154656  0.04135880481972933
  0.05602807276421893  0.07129864447392299  0.08933624077364123  0.10471369473344912
  0.11613447270104722  0.12684178010686881  0.13778602759708186  0.14845629864912507
  0.15886901573739562  0.16927069277964568  0.18020900803974638  0.18964784244929472
  0.19903926684941886  0.20869168621841425  0.21902106596159951  0.22826218692933856
  0.23711537699308055  0.24655228829842202  0.26000061800395213  0.27245456727340950
  0.28417093384362146  0.29496691720528534  0.30449734898349468  0.31537707970042939
  0.32533712244584151  0.33645736585751446  0.34734612062413778  0.35947361448497406
  0.37185533556309036  0.38364610707933405  0.39458401577691377  0.40564312752871656
  0.41286412816332313  0.41990697853535941  0.42700356191507016  0.43413963755255397
  0.44418480172655456  0.45554144376631212  0.46610141896578605  0.47725814931098598
  0.48884840760265108  0.50078343575704176  0.51327776704202299  0.52539022969572902
  0.53513231143573314  0.54613327428824476  0.55774952626844021  0.57058307589455648
  0.58628189634672501  0.60093830018609529  0.60981100500052732  0.61607339843479714
  0.62334617090626376  0.63388740399816923  0.64475797255222045  0.65361736826948591
  0.66246409523416983  0.67487851455249015  0.69304879868329172  0.70975260489826575
  0.72563573561571126  0.73629287694080248  0.74477416920681783  0.75160743171374311
  0.75785317330817292  0.76342752355817844  0.76953519394901215  0.77569239238713050
  0.78207867589576485  0.78971300453497284  0.80073865921763765  0.81300455606786648
  0.82269327016983440  0.83114545296377040  0.83989555920851811  0.84875046394409759
  0.85795716123997323  0.86488451662027188  0.86860794097181815  0.87226341767528581
  0.87674497592596412  0.88144576751454506  0.88695547020849264  0.89225686631223244
  0.89964145151679253  0.91139939172108353  0.92274939327580163  0.93451424357826263
  0.94653523961713371  0.96149049914437090  0.97930598522324908  1.00000000000000000
 -0.00286907451642819  0.01375310772899071  0.02696926266929890  0.03963850580854027
  0.05261570489202795  0.06659200825660640  0.07915009553211703  0.09203421231003667
  0.10387969941851891  0.11578974583541657  0.12917200549318286  0.14265577093335136
  0.15252320097319097  0.15892484760768852  0.16534285384910377  0.17195203952473978
  0.17947477538738543  0.18853065956353479  0.19829318025476561  0.20470420985898294
  0.21249569399423313  0.22157685160644267  0.22981275011517313  0.23934290490095853
  0.24929464816755606  0.26056135225507265  0.27221032188948596  0.28396154655292682
  0.29727751138468334  0.31175612284315901  0.32563132403125955  0.33785353656677225
  0.34841070952800091  0.35961116838940754  0.37254770028063405  0.38476571314103580
  0.39586458701664157  0.40320757915133165  0.41085403457636926  0.41826897190399037
  0.42616487710318152  0.43473015771432871  0.44286671335358391  0.45001143833577290
  0.45853680889458920  0.47152218482582020  0.48623723456159373  0.49894483959088137
  0.50739863897332771  0.51276622286991402  0.51840971276134895  0.52379571844123107
  0.52884108590264400  0.53413079284064480  0.54075067445605773  0.54773395316767537
  0.55503827225997238  0.56395213551615753  0.57609785700405391  0.59231526080164476
  0.60871585094664082  0.62305861213222535  0.63630510753466007  0.64865567800589552
  0.65901299259529378  0.66864067483821488  0.67766558383832476  0.68710221850621400
  0.69428316820678515  0.70075885948323025  0.70717570405053842  0.71432829553515909
  0.72304291898273954  0.73410286792072932  0.74704021087819494  0.76185217791714899
  0.77650559496384219  0.79221433848750256  0.80907086716244092  0.82244057537652726
  0.83015631815913249  0.83657353403240431  0.84360421681324294  0.85281504808714148
  0.86167274413406192  0.87026160895526861  0.87958679878721258  0.89002976488150065
  0.90176655701850861  0.91461398302231689  0.92546422917806148  0.93759359912371565
  0.95173708327894546  0.96774236277098913  0.98469466675269857  1.00000000000000000
 -0.00278502377609512  0.01163381379414024  0.02397134054381823  0.03554720602472562
  0.04610010668137596  0.05555510414931911  0.06570182002128790  0.07746536323653275
  0.08981733349446902  0.10158149294429895  0.11398368701292773  0.12675194002154255
  0.14247781436074428  0.15876721509178121  0.17477012113688467  0.18803795351615890
  0.19881302897122249  0.20864337939689365  0.21814257651612984  0.22958363331528420
  0.24262532751669952  0.25376940800426673  0.26359570986744935  0.27233489138623890
  0.28156127801982600  0.29068280614766268  0.30140971450343856  0.31213413632888742
  0.32098615376457745  0.32881614954204486  0.33727026022042250  0.34674085090146151
  0.35620698808584483  0.36418374958273930  0.36999620701544905  0.37619276622387743
  0.38345098043583586  0.39146337667755532  0.40055350068078333  0.41257542244511758
  0.42459299576215376  0.43340141341560567  0.44179591581761379  0.44919392892807192
  0.45649672825584237  0.46396942928609897  0.47333654016567839  0.48587334198295501
  0.50079647446679010  0.51710343434726180  0.53197724941219560  0.54648061715055685
  0.55961337759945018  0.57279459844604508  0.58791040411655993  0.60379471568442000
  0.61521359793245423  0.62610131044863604  0.63651751164336978  0.64633243527603790
  0.65798095377487287  0.67006824232335127  0.68234400656947747  0.69522170326426369
  0.70830235375952555  0.71980974970437195  0.72868682452020717  0.73616702254215027
  0.74401883520717838  0.75143641428430541  0.75916090459780239  0.76740323166468649
  0.77527764310699299  0.78251094549701694  0.78922693689335832  0.79619110493769263
  0.80353671652217507  0.80956501436899531  0.81623528628259534  0.82352110760478303
  0.83033103000278918  0.83920911308492674  0.84880528405148037  0.85731390167596955
  0.86718087716776060  0.88096927017396098  0.89308373435304778  0.90528233377700540
  0.91735811580828230  0.92933496108483937  0.94223412131214568  0.95674589498155316
  0.96802568300862846  0.97890555440627602  0.98939330793776636  1.00000000000000000
 -0.00804926729726121  0.12359572563510915  0.19385611160530275  0.23822329576268128
  0.27458960070349070  0.30709610691954703  0.33850077796198053  0.36268272105449451
  0.38113969171991607  0.39379127935512553  0.40277537632874760  0.41502295934477340
  0.43512909128222177  0.45431523440351579  0.47183979024581713  0.48821584438643922
  0.50333741983799607  0.51799547598861495  0.53570247295228435  0.55552903536859899
  0.57321796692220517  0.58544670510977870  0.59518600152527790  0.60473273517642534
  0.61425028367451107  0.62472787262166563  0.63619530870146579  0.64817691946292433
  0.65979399753976598  0.66859492742497417  0.67700732899797744  0.68515531256220852
  0.69424873111753116  0.70351645395078266  0.71005744591148967  0.71514664635770120
  0.71990824770809703  0.72559064883390822  0.73213104449808553  0.73936801570691102
  0.74618976101315715  0.75203053904983719  0.75725417702716025  0.76265260077265529
  0.76722880859093889  0.77272565042350472  0.77877894009792215  0.78473828335961748
  0.79166162107005589  0.79852315975038646  0.80464216962573731  0.81016782636507967
  0.81601529055410926  0.82185848217737123  0.82789884559968985  0.83401964267681894
  0.84100921616598923  0.84866003487821817  0.85675119948454226  0.86227482646833209
  0.86776338120865371  0.87393659712805349  0.87960460325516387  0.88466786032453981
  0.88935460471103200  0.89380211264386733  0.89803790788147630  0.90160878811617973
  0.90503226443092344  0.90844823993746038  0.91128278148120889  0.91404951268329926
  0.91690419876470508  0.92042400027625038  0.92427357835744128  0.92889530466124126
  0.93388970295010809  0.93873695564222825  0.94261801534730294  0.94532981984932019
  0.94762399710907452  0.94993593468275850  0.95228314450377305  0.95477150994462090
  0.95724022478915261  0.95991219063566213  0.96437991925021260  0.96875304354246972
  0.97269554695091032  0.97634921394356800  0.98002990327926354  0.98372842552472139
  0.98733036500151772  0.99133316596138554  0.99561813494121187  1.00000000000000000
 -0.00239089065118648  0.00796170555664774  0.01823815679073673  0.02551009333815885
  0.03439043431867730  0.04337538678870229  0.05213158610855936  0.05977069470247670
  0.06669253874295898  0.07373427897520915  0.08169961516876384  0.09410712596929895
  0.11024681634881105  0.12708911365253647  0.14207828702676217  0.15297263611380429
  0.16343843613972819  0.17353500138796918  0.18367031681669327  0.19459845154479216
  0.20713353306422863  0.21876362618169098  0.23144838556888667  0.24571054939777573
  0.25863909016856607  0.27147940316479946  0.28374084152891693  0.29490828379762746
  0.30503015320267451  0.31645766415310955  0.33037505628284647  0.34646122176690441
  0.35356431571140695  0.36001644625580409  0.36599456427776456  0.37169548585230139
  0.37734101327884068  0.38296331157494962  0.38963838468717360  0.39993143737451764
  0.40960532849557535  0.41876455936549301  0.42915572709119532  0.44068041963853938
  0.45418524594806559  0.46773979713681835  0.48049319561616133  0.49368458300061135
  0.50772555212370818  0.52106251914083423  0.53294015915688409  0.54490329222521539
  0.55724153978707403  0.56743154972679943  0.57612507499349253  0.58429075829063060
  0.59241612511639141  0.60207588196017725  0.61188315551625860  0.62037209651270897
  0.63036163847250393  0.64521038322681845  0.65959267088114271  0.66988551312089673
  0.67731956731887888  0.68489151611588794  0.69198853897616286  0.69722823109266985
  0.70317166322331082  0.71033442067754293  0.71770350212999179  0.72430142627641037
  0.73464886134874696  0.74888420196780137  0.76199634819027007  0.77387554910905831
  0.78655985242613979  0.79837136052859459  0.81104916500263158  0.82314429776377029
  0.83481078624007288  0.84526081543368226  0.85514366008925979  0.86534729465763860
  0.87510123559995456  0.88476667114125962  0.89457393241027361  0.90652315242684034
  0.91911810933936222  0.93093053234471224  0.94226055789984875  0.95450190307633032
  0.96623076223755533  0.97788600354462485  0.98893919067018599  1.00000000000000000
  0.64270808554728809  0.68906774438578533  0.71739410833737194  0.74180539975114068
  0.76320789834510294  0.78220616122432096  0.79905072782639486  0.81285046988929810
  0.82564370141875276  0.83643108146820699  0.84679565655211475  0.85635731757716560
  0.86531713354437589  0.87418697497840603  0.88305969754433011  0.89155515128695606
  0.90004320567014784  0.90753924167898981  0.91426957984877588  0.91891635050408715
  0.92249120125175965  0.92615978589257719  0.92975329913009075  0.93335079292942724
  0.93721512748390823  0.93939384538312853  0.94122347152597408  0.94288450653064271
  0.94458543078234070  0.94639744408417792  0.94812180538220781  0.94963321611412055
  0.95094378772828891  0.95219790141124294  0.95340820407818416  0.95462234234333809
  0.95579039627747553  0.95697426597695789  0.95816629714417556  0.95930400723889120
  0.96032999708751277  0.96124015315184375  0.96206412724049817  0.96279202733721569
  0.96347251380717369  0.96413551989669877  0.96476105175399762  0.96534685216846328
  0.96592823057331567  0.96651391720896607  0.96706554180556192  0.96761160111613698
  0.96808472197228301  0.96855225930425781  0.96902827946603198  0.96947219983831834
  0.96990725952166645  0.97044929537545255  0.97118233521753261  0.98156619704609782
  0.98187122433286722  0.98213138381492548  0.98236387244978196  0.98255862349293943
  0.98276534204552923  0.98299114756053296  0.98321682865223792  0.98344154391394889
  0.98366472233942015  0.98388643058924807  0.98411235020070964  0.98434461184374378
  0.98460719088676851  0.98486791795218898  0.98513151433792734  0.98540206970458921
  0.98568109059272546  0.98598044920882333  0.98628164461614332  0.98658695064738156
  0.98690395816852183  0.98723585344135056  0.98758638403087318  0.98800144089048392
  0.98848403088707193  0.98904474245027674  0.98967091567364029  0.99035228909783146
  0.99107910006797051  0.99185397252931884  0.99270466427761272  0.99372057161692740
  0.99500397215032055  0.99637735863202281  0.99804164049009758  1.00000000000000000
  0.04793872068811768  0.22324557676780360  0.26685712503688053  0.29496394028350709
  0.31865179760253481  0.33812337047125385  0.35482260781157293  0.37221866980047763
  0.38621891151510179  0.40214836924126152  0.41736616589217385  0.42999659733398188
  0.44078277203899086  0.45195768959112353  0.46358884411613410  0.47487364041520502
  0.48569935754590421  0.49722125237906473  0.50791787635680363  0.51930310685624681
  0.53005345927425140  0.54196507898747370  0.55364875610986786  0.56425893039442476
  0.57403074668757392  0.58289265542668278  0.58931059595829194  0.59557427418215148
  0.60234690920006861  0.60836628432194351  0.61419638475235938  0.61976222047354190
  0.62600655290727181  0.63653422251879588  0.64678014957683261  0.65533712968248725
  0.66427786184626347  0.67252047831834538  0.68009561341901603  0.68739965942077752
  0.69485318330249801  0.70279914419252343  0.71041332735624119  0.71781445631109664
  0.72426357249390128  0.72935566359960080  0.73233214212368736  0.73583240507013437
  0.73967310292652733  0.74332105427423656  0.74543969871003657  0.74753310859428068
  0.74941152698425062  0.75171546374569298  0.75419951417738318  0.75658151485169922
  0.75892491906287918  0.76127890000280896  0.76377973079679240  0.76676870192933622
  0.76993846257732812  0.77230438294673176  0.77458339903858275  0.77689870150233253
  0.77999253733883289  0.78343825842406623  0.78696864981390591  0.78936158671089318
  0.79331048968354489  0.79863000055992850  0.80574374750524191  0.81112913597943315
  0.81589129964915219  0.82005907333162908  0.82367610029604710  0.82699284000111017
  0.83087240107860072  0.83540616001053181  0.84037492688068982  0.84530315068348827
  0.84914048137551768  0.85298628295837875  0.85735902801465813  0.86425375317046205
  0.86693231593530273  0.86927854700261331  0.87153002654867517  0.87564797565835628
  0.87961014216319555  0.88348976799607781  0.88765332613750048  0.89479113926384191
  0.90480082287732877  0.91634470537459334  0.93533445583847985  1.00000000000000000
   1.2070077178512874E-021  -1.0000000000000000     
 F F F F F F F F F F F F F F F F T F T F T F T F F F F F F F F F T F T F T F T F T F T F T F T F T F T F T F T F T F T F T F T F F F F F F F F F F F F F F F F F T F T F T F T F F F F F F F F F T F T F T F T F T F T F T F T F T F T F T F T F T F T F T F T F
  <DiscreteSampler_grid>
  grouped_processes
  1 # 1 for a reference and 2 for a running grid.
  10 # Attribute 'min_bin_probing_points' of the grid.
  1 # Attribute 'grid_mode' of the grid. 1=='default',2=='initialization'
  0.0000000000000000 # Attribute 'small_contrib_threshold' of the grid.
  0.5000000000000000 # Attribute 'damping_power' of the grid.
 # binID   n_entries weight   weight_sqr   abs_weight
    13   10   1.749713159908217E-014   2.803387063613553E-027   1.749713159908217E-014
    14   10   1.749713159908198E-014   2.803387063613487E-027   1.749713159908198E-014
    25   10   8.160284902420515E-015   5.048786238826761E-028   8.160284902420515E-015
    26   10   8.160284902420568E-015   5.048786238826839E-028   8.160284902420568E-015
  </DiscreteSampler_grid>
