  0.00000000005384425  0.00000000014660667  0.00000000021089284  0.00000000028345914
  0.00000000036340654  0.00000000045810805  0.00000000055140553  0.00000000065178812
  0.00000000075649335  0.00000000086330305  0.00000000097177650  0.00000000108623022
  0.00000000119635160  0.00000000130411874  0.00000000142121764  0.00000000153992449
  0.00000000165567910  0.00000000177325227  0.00000000189531119  0.00000000203463926
  0.00000000217969153  0.00000000231573614  0.00000000244347513  0.00000000255981023
  0.00000000265844398  0.00000000274832280  0.00000000284812319  0.00000000295977080
  0.00000000307873953  0.00000000318099443  0.00000000327923698  0.00000000338168861
  0.00000000348132276  0.00000000359543881  0.00000000372326877  0.00000000385758567
  0.00000000396875793  0.00000000408524554  0.00000000420281426  0.00000000431768034
  0.00000000443702090  0.00000000457022705  0.00000000469956884  0.00000000483161166
  0.00000000496627710  0.00000000511122277  0.00000000527894930  0.00000000546268504
  0.00000000564993868  0.00000000582897624  0.00000000600103954  0.00000000615373420
  0.00000000633005918  0.00000000651885521  0.00000000671071439  0.00000000690205459
  0.00000000709414434  0.00000000729284417  0.00000000750089878  0.00000000773823361
  0.00000000794320371  0.00000000812246335  0.00000000832202338  0.00000000852972035
  0.00000000875172602  0.00000000899103739  0.00000000924147138  0.00000000951199485
  0.00000000980383315  0.00000001008800914  0.00000001035860310  0.00000001061599386
  0.00000001087425255  0.00000001113970140  0.00000001140520192  0.00000001167006260
  0.00000001192716659  0.00000001216474012  0.00000001242377509  0.00000001270422098
  0.00000001299456583  0.00000001330576414  0.00000001366327540  0.00000001405660072
  0.00000001442197770  0.00000001479396491  0.00000001518282915  0.00000001565497371
  0.00000001626227064  0.00000001689749579  0.00000001757780382  0.00000001830559718
  0.00000001920133427  0.00000002035111860  0.00000002125622038  1.00000000000000000
  0.00906863966513378  0.01716054959244112  0.02805875220934593  0.03819219611212539
  0.04608935484721536  0.05218185255700280  0.05842991644334546  0.06499517689871658
  0.07188967548743175  0.07881355136172247  0.08561796407638424  0.09187316847224940
  0.09794025204219330  0.10643176868114468  0.11991961492017393  0.13537492249804473
  0.14950295856138657  0.16183078617925326  0.17212805798490963  0.18096771325016039
  0.19045507888056418  0.20032062588106653  0.21133467714668921  0.22335593798853146
  0.23416514220311399  0.24288083548407252  0.25094092034806792  0.25887488828965866
  0.26768590381228724  0.27628433088432813  0.28384639896485137  0.29138601243820433
  0.30050930508351331  0.31138455134067833  0.32201365761458539  0.33537093819272301
  0.35125946072056141  0.36722199256897581  0.38034659512160440  0.39029810219408972
  0.40031150668582793  0.40963946241141791  0.41835068280627208  0.42849119695096632
  0.43833017903512894  0.44807960365805088  0.45889975708865072  0.47073266204110642
  0.48185253935141276  0.49236734231597040  0.50271877196995129  0.51393672471633767
  0.52734577218790102  0.54126240838914097  0.55486555654298320  0.56770103539195371
  0.58022404331089072  0.59298442707945542  0.60623773569346096  0.62171279487748932
  0.63769146090877760  0.65021970759519221  0.65984903921273397  0.66869542683038286
  0.67826517952207488  0.68833509209847110  0.69832134148392200  0.70974131334238733
  0.72252259989207313  0.73469508792759097  0.74590194533520948  0.75694320585589170
  0.76817770005724617  0.77886088615907512  0.78971286582766342  0.80062208520969880
  0.81074754320389686  0.82194499988684033  0.83430718792980441  0.84613172388323110
  0.85778134171684206  0.86942270716257242  0.87900891556578187  0.88644939265174127
  0.89411636901258740  0.90193073041412353  0.90924324612256002  0.91617652182762399
  0.92345369024718249  0.93101919268799849  0.93737980121303710  0.94623934061422288
  0.95682430804748231  0.96852743881138337  0.98236212818953572  1.00000000000000000
 -0.00001455978392972  0.00060172688284019  0.00286446009661513  0.00633025302845313
  0.01111347576909656  0.01573885264685215  0.02100641848828848  0.02811396127129008
  0.03514070532211763  0.04193333223405962  0.04884302724212641  0.05587828462257843
  0.06340064500378796  0.07209420605510174  0.08262142311414557  0.09382348893786452
  0.10490517564682625  0.11506507619592291  0.12420967287006927  0.13303425106493855
  0.14072858264503496  0.14788843309199742  0.15522404081449098  0.16320360706736028
  0.17301359538339267  0.18305879364212285  0.19301541142275253  0.20115996623200938
  0.20825267545058995  0.21541472770764469  0.22248475054489358  0.22997444638080533
  0.23794305600283649  0.24583167204042916  0.25421636479314969  0.26270066135274334
  0.27059436431335654  0.27759654918509069  0.28392474515604377  0.29016332488409602
  0.29725540918308840  0.30588701139581542  0.31452532547776985  0.32278506016126557
  0.33120576690913939  0.34073543619537205  0.34997048972814243  0.35865275449094802
  0.36907668393766668  0.38103812387335295  0.39388740243705800  0.40697841054049022
  0.42010846247293065  0.43351183355318440  0.44788668397999631  0.46209497427183288
  0.47695787984370763  0.49251938163121661  0.50863013791888778  0.52504476987136661
  0.54145258713228361  0.55713684995264001  0.57159694040512166  0.58487391193472726
  0.59776189116231915  0.61159819690944917  0.62459965215776692  0.63761218803409458
  0.64997470514858158  0.66172121452881827  0.67309971035119842  0.68445515505736521
  0.69618213678657870  0.70857274722347452  0.72064968914816463  0.73136852273677000
  0.74115821594017062  0.75136759955888310  0.76181676816904409  0.77186424942046716
  0.78153299708295232  0.79685385821472077  0.81278858544514987  0.82854097657412318
  0.84336428593555801  0.85703853718189882  0.87066655624647249  0.88405467795552539
  0.89768856605297531  0.91167843735015219  0.92599429470926309  0.94035047289944862
  0.95498791644927727  0.96984116919928787  0.98486378821305509  1.00000000000000000
 -0.00270407975599147  0.01083895178383475  0.02075813508177610  0.03003687024418074
  0.03943585911559453  0.04926779048760409  0.06027439118127470  0.07097866742982974
  0.08295492333684347  0.09548923334802141  0.10806601026450303  0.12135362480941866
  0.13442643899724349  0.14774271940086392  0.15967135036977134  0.17034324438930284
  0.18110168871073049  0.19337707767067666  0.20814877355619554  0.22227425056840494
  0.23509589205324805  0.24562499227879697  0.25531948517600317  0.26402645145150738
  0.27328211800758923  0.28441799399983947  0.29515949009803844  0.30464218424406569
  0.31407337103463123  0.32414169360626610  0.33482553361678330  0.34546863792942395
  0.35575252489399534  0.36691541854542020  0.37857256154344238  0.39116919112496046
  0.40626935146269233  0.41923601392581761  0.43218921458980319  0.44365085106819957
  0.45494469768432666  0.46597422782954040  0.47727938165080114  0.48660278931297646
  0.49418228779059814  0.50247895520074959  0.51180078656560457  0.52200725461360586
  0.53351176753836260  0.54362670627849841  0.55227302977572301  0.55987385156271141
  0.56655925864786161  0.57280182330804774  0.57988333188454910  0.58617820621066707
  0.59156685907962725  0.59739523484953616  0.60626886767718879  0.62027466235946849
  0.63542029057349658  0.64883208483896193  0.66102864855452304  0.67268014650481200
  0.68403423128881868  0.69611190304629067  0.70869959236109403  0.71970050477828196
  0.73025311287503447  0.74029335105700889  0.75046565626011663  0.76012318484823327
  0.76912926641488744  0.77940242385227509  0.79074503379642891  0.80027036473117286
  0.80982766200458323  0.81923516949374531  0.82919513489320495  0.84093684826140591
  0.85417341738608876  0.86558110580815051  0.87769492570602659  0.88940474297112948
  0.90336886267902128  0.91684279792878287  0.92368888434841323  0.93092034913784105
  0.93815538773889273  0.94603160807934983  0.95405805558156642  0.96218980751282823
  0.96991292378250848  0.97716089636717296  0.98563633681156482  1.00000000000000000
 -0.00211604514243328  0.00857187197293955  0.01892638682533999  0.02710418858815620
  0.03521943851654803  0.04329468600048129  0.05293956494107566  0.06377562508181474
  0.07484596402827309  0.08559648917913279  0.09621974451184448  0.10521081510391196
  0.11396695326783170  0.12307170243704914  0.13104817142614872  0.13933648345929811
  0.14771132344412258  0.15479688647982992  0.16232433974475680  0.16972871185322619
  0.17675115727741356  0.18536884188106667  0.19372120385208086  0.20168351532590417
  0.21130217109890242  0.22378762087312112  0.23638362380016459  0.24796145558850391
  0.26256924532863790  0.27368676417857968  0.28275351242323304  0.29115086833821691
  0.29918386195585506  0.30672872512466032  0.31434276322617438  0.32216172753398969
  0.33051267477061164  0.33996786520078259  0.34849722160219443  0.35696595941980430
  0.36659457727657513  0.37873225512980252  0.38750406746698840  0.39875584388496937
  0.40996188235327480  0.42053424291357455  0.43008662304418216  0.43957565100579360
  0.44980475494138455  0.46217700383121346  0.47611001408313991  0.49237527903320710
  0.50823252901504312  0.52284452150563632  0.53626870206950750  0.54893322481607121
  0.56148003053268070  0.57424693213999700  0.58646681426699909  0.59729556661658290
  0.60741536129159523  0.61859916774650958  0.62873457941564448  0.63909258363033472
  0.64827901303221647  0.65797040900304660  0.66843600970116290  0.67933335311299770
  0.69061306812676626  0.70270278902540129  0.71579061330006555  0.72899440728735654
  0.74077426124864376  0.75145401664043998  0.76301641074536208  0.77561977834062079
  0.78794365909275510  0.80000010440214364  0.81158630667564369  0.82260201748204709
  0.83498768480296326  0.84618042312947039  0.85829444327218407  0.86979047297931222
  0.87937927986222031  0.88902506779177348  0.89964208330154416  0.91202403011530420
  0.92225894600452607  0.93348619479240091  0.94524570029740651  0.95714401572755781
  0.96909893996753449  0.98049551874483554  0.99104849123547900  1.00000000000000000
 -0.00183592494744826  0.00830902719776454  0.01859923130495453  0.02954607426240935
  0.04248594208800399  0.05282032686359157  0.06082634156458309  0.06831047430198554
  0.07506614850707451  0.08206832047537491  0.09123544264716234  0.10303532164872430
  0.11567536191294134  0.12978303091125573  0.14486084743353841  0.15923101626804248
  0.17217002382417967  0.18296739759172156  0.19480439036990455  0.20763437476478122
  0.22017763451626654  0.23183884584122294  0.24296403658281235  0.25339526096368037
  0.26264358217530459  0.27232231968567938  0.28251811614733080  0.29264428771894213
  0.30260851082531370  0.31267248232276956  0.32343558168246322  0.33467272238032097
  0.34608499209034704  0.35786451639277522  0.37001632998312128  0.38249568707054399
  0.39557701046086219  0.40948169623010594  0.42405081402711364  0.43638833339772459
  0.44963591733062469  0.46235588017218904  0.47631539661743855  0.49099364539601487
  0.50404091756204017  0.51559206962074744  0.52727642663245600  0.53943807005533184
  0.55148715492603273  0.56225007955882522  0.57440139612793439  0.58701729878524267
  0.59679179803903937  0.60876326410220005  0.62109434171590205  0.63173158667016815
  0.64154750094241109  0.65052071290821678  0.65874389984199233  0.66775767592009461
  0.67798213917034111  0.68924815069404299  0.70149272782040140  0.71395459000313033
  0.72634246584141826  0.73937569386249968  0.75018817168335672  0.75805872246290740
  0.76745596109851444  0.77812421704213064  0.78789794632089560  0.79586335533923258
  0.80296312761464683  0.81074721157508811  0.81793511688424947  0.82510233059542237
  0.83242549419013789  0.83907085356118583  0.84467470895118102  0.85039988883755302
  0.85770684124412289  0.86562221324924027  0.87275920635610660  0.88148769177368835
  0.89238011010612983  0.90273323620186541  0.91202260062777607  0.92138176931616211
  0.93094703755410613  0.94036850428654384  0.94903894774105702  0.95964800244135906
  0.97002196610090718  0.97969700078954436  0.98941832183896417  1.00000000000000000
 -0.00999375418950635  0.11507333578745706  0.18456489432937889  0.22980071472289368
  0.26326094275127121  0.28836432838413828  0.30810611197111687  0.33131641213115087
  0.35967751821836852  0.38537616690853987  0.40640906620224454  0.42455505812098859
  0.43784832026034071  0.45188157774586579  0.46588666814113544  0.48009222532087914
  0.49400678949142646  0.50748975962042986  0.51942051032561487  0.52832602552103225
  0.53629429213598589  0.54486518909605419  0.55347784144168299  0.56201971600353073
  0.56974000542762104  0.57673972912185689  0.58377390564702314  0.59164462803327844
  0.59963516170723841  0.60773572650125518  0.61626115464260411  0.62476393935817043
  0.63251721623700596  0.64017447825146334  0.64730584427447058  0.65556029041734942
  0.66371965450345327  0.67228632394268062  0.68132331840983673  0.68970163082129476
  0.69790817458408394  0.70619486981572499  0.71408487782544716  0.72214414762140078
  0.73047655572599690  0.73852199953580122  0.74578096026498408  0.75270166795703897
  0.75993884696498892  0.76717480034497476  0.77396389924472753  0.78061787466266397
  0.78718740911966767  0.79333213066866703  0.79972565210694047  0.80625067730408817
  0.81198082342836519  0.81452101115169484  0.81753479347579694  0.82057828647481801
  0.82428375968735645  0.82871933819128585  0.83287403286111450  0.83701468270396129
  0.84114032258863403  0.84584116011617250  0.84997158555787555  0.85356950464312698
  0.85716347205832233  0.86106902019603848  0.86586195556186718  0.87110076354032007
  0.87540086100515280  0.88094435789207204  0.88620732486400267  0.89145020280778620
  0.89667456965057402  0.90166114594674507  0.90712156615401385  0.91357015744575787
  0.91966825653703077  0.92512441774092369  0.93036558523945156  0.93523064043247595
  0.93984482127062030  0.94549227444061268  0.95096141816906699  0.95572501407430721
  0.96001904548831207  0.96399001864223843  0.96816797627786899  0.97266557566623268
  0.97729913797784884  0.98266082114718667  0.99006577651644534  1.00000000000000000
 -0.00231137538127073  0.01071565580134234  0.02225336803300450  0.03376913144834513
  0.04485227558374894  0.05598795746312610  0.06639161904067242  0.07676588988276233
  0.08579371773056432  0.09422162799004404  0.10328426217803752  0.11392441206920166
  0.12431538058686101  0.13613412677327674  0.14699055468260616  0.15873732122594100
  0.16773282871938966  0.17383171036855216  0.18123261700408561  0.18934172959185580
  0.19784815863955360  0.20547447786446330  0.21290053837653677  0.22082959918859690
  0.23078223224652714  0.24379814071625866  0.25497753060270251  0.26450543746341110
  0.27457930209109627  0.28436373091416939  0.29230540129812416  0.30028776909127597
  0.30777413126687370  0.31569661253528969  0.32285482164473189  0.32898506383714732
  0.33625863158694130  0.34288306536322677  0.34844180368297262  0.35570709082380941
  0.36743973128693608  0.38347554577971737  0.39529614159860427  0.40638835113796640
  0.41704863528111208  0.42739633651328784  0.43931524784397730  0.45356076363322484
  0.46890802303927803  0.48421340182049677  0.49894802195843413  0.51277349232571789
  0.52750417780261993  0.54250059296476028  0.55721641995615867  0.57166332810187548
  0.58559781993450888  0.59910302297332751  0.61311627079433828  0.62640756215282600
  0.63887111763750259  0.65169072432167852  0.66373269014768188  0.67774543572823842
  0.68956660177953710  0.70042210088307211  0.71067633234906136  0.72192281382336576
  0.73310209014095451  0.74329304980378397  0.75233879112940960  0.76062299278078582
  0.76943400889630775  0.78010199764068278  0.79183560689899135  0.80097404457747079
  0.80896871156478589  0.81718221944927638  0.82616368974945065  0.83413493863859545
  0.84252087415240740  0.85251858932674762  0.86299313136650524  0.87392823377520501
  0.88505330037587726  0.89645940251697487  0.90849832772959938  0.92140540220115263
  0.93394482948697188  0.94597237926817035  0.95698648332881087  0.96482620057878499
  0.97314974932848974  0.98195993717687358  0.99055511199461443  1.00000000000000000
  0.64332085598670885  0.68318199860241002  0.71151362678762742  0.73448586327773502
  0.75655873211751423  0.77667765589976323  0.79367107377267132  0.81076047974791943
  0.82671980826632896  0.84104746546182219  0.85461618116427307  0.86662246088116912
  0.87650908376252379  0.88446422509660338  0.89242974338176706  0.89938644729160677
  0.90529917628679279  0.91013549592233933  0.91441640333243768  0.91862722391651519
  0.92284802359032869  0.92662951990843867  0.93009946209794570  0.93345449737706376
  0.93655339514492086  0.93884980262615114  0.94073601921468009  0.94260412367695323
  0.94449541651009639  0.94621332537138203  0.94779020308007089  0.94926271847698773
  0.95074766690556090  0.95217484924116902  0.95351249886879996  0.95474825511798256
  0.95587024268781773  0.95687693830584375  0.95778169907000887  0.95859963480175536
  0.95932439839999539  0.96003246845516321  0.96069897258981463  0.96138136550430098
  0.96208503064341966  0.96277167596114888  0.96343661957584104  0.96405919482702440
  0.96460768532753383  0.96511167254411423  0.96559116451222582  0.96605093823507504
  0.96647986748854464  0.96691716820545948  0.96735249840762405  0.96774659297451382
  0.96805330695977898  0.96837219194858382  0.96868060602888639  0.96897616738771908
  0.96926566587519492  0.96956262869255483  0.96989304642459762  0.97029301845641258
  0.97184202828786381  0.98209284394714258  0.98241139922832832  0.98264095673401231
  0.98283510246425465  0.98303094746429831  0.98322000713562097  0.98339730206110454
  0.98358589381819350  0.98382289248770904  0.98408196230660616  0.98434695195585253
  0.98461396345545660  0.98489397488278563  0.98517537336807526  0.98545941739819332
  0.98577190437083362  0.98610448720760224  0.98644409057187443  0.98684603611308541
  0.98731146500714595  0.98783521097047433  0.98842384970485764  0.98912792688822937
  0.98991867960810975  0.99079729938168049  0.99173911604929488  0.99279700336336862
  0.99395264477747325  0.99520017693639906  0.99693546492974827  1.00000000000000000
  0.05432846074615309  0.20339193168885145  0.23035560116057130  0.24270693897637458
  0.25504235667519837  0.26765293089145797  0.28042247485099880  0.29051362545910187
  0.29863485115663230  0.30541912231548046  0.31141951936910012  0.31660080587076150
  0.32138612516035664  0.32685225114673422  0.33294018681055804  0.33896584880802422
  0.34457923249487604  0.34979507545566774  0.35500706430824458  0.36026710195606820
  0.36523011420565982  0.36964490194070398  0.37403771117908702  0.37925407019899476
  0.38602384152140412  0.39331442461139232  0.40060916487044884  0.40731409429507154
  0.41327606715659998  0.41782993990034295  0.42139886903052720  0.42527376840773390
  0.42957240186607515  0.43431254039066208  0.43873012623196350  0.44281378376969738
  0.44668586903222796  0.45061303017916737  0.45451610232686857  0.45845674866599107
  0.46227257667731353  0.46562844526992347  0.46840132098628889  0.47100775586966731
  0.47346834938222404  0.47718543876143737  0.48167249442765925  0.48671934038152331
  0.49134497512571407  0.49644918635189239  0.50123063723373695  0.50653529612546755
  0.51235793628104220  0.51771941231146379  0.52332680883261018  0.52929654472173160
  0.53569963297975365  0.54236020160488885  0.54886142175484087  0.55508555997552611
  0.56097064683655018  0.56695327497418846  0.57332461449118388  0.58000456628565511
  0.58637743825253563  0.59309085381770332  0.59985755190046908  0.60714854653378469
  0.61583122293049741  0.62261553944197012  0.62846627436115299  0.63456062161754812
  0.64054944134280156  0.64659628527376733  0.65406855326323010  0.66269650421579573
  0.67144011292017391  0.68036820395858499  0.68968330181107051  0.69963372055996065
  0.71070255208566602  0.72339835539038067  0.73740034002944144  0.75154443295137718
  0.76545852047833829  0.77955921966359965  0.79180096482332685  0.80110874133811749
  0.81004540045220219  0.81718034473200052  0.82619099091743764  0.83699281984518759
  0.84719251767754544  0.87098658732260437  0.93178807871766212  1.00000000000000000
   2.3709529989559099E-030  -1.0000000000000000     
 T F F F F F F F F F F F F F F F T F T F T F T F T F T F T F T F T F T F T F T F F F F F F F F F T F T F T F T F T F T F T F T F T F F F F F F F F F F F F F F F T F T F T F T F T F T F T F T F T F T F T F T F F F F F F F F F T F T F T F T F T F T F T F T F
  <DiscreteSampler_grid>
  grouped_processes
  1 # 1 for a reference and 2 for a running grid.
  10 # Attribute 'min_bin_probing_points' of the grid.
  1 # Attribute 'grid_mode' of the grid. 1=='default',2=='initialization'
  0.0000000000000000 # Attribute 'small_contrib_threshold' of the grid.
  0.5000000000000000 # Attribute 'damping_power' of the grid.
 # binID   n_entries weight   weight_sqr   abs_weight
    13   10   2.329264388782171E-021   2.768515110797803E-041   2.329264388782171E-021
    14   10   2.329264388782609E-021   2.768515110799243E-041   2.329264388782609E-021
    25   10   1.806649082646698E-021   1.756134360646898E-041   1.806649082646698E-021
    26   10   1.806649082646690E-021   1.756134360646874E-041   1.806649082646690E-021
  </DiscreteSampler_grid>
