  0.00000000021944290  0.00000000063640945  0.00000000091243553  0.00000000115368797
  0.00000000138982986  0.00000000163903023  0.00000000188091066  0.00000000210169938
  0.00000000229969514  0.00000000248560233  0.00000000267380272  0.00000000287615635
  0.00000000307213791  0.00000000325492161  0.00000000342607704  0.00000000359223851
  0.00000000375978824  0.00000000392943063  0.00000000409625770  0.00000000425812920
  0.00000000442058984  0.00000000458479966  0.00000000475317283  0.00000000492545316
  0.00000000509372173  0.00000000524699489  0.00000000538963453  0.00000000553241921
  0.00000000568057858  0.00000000583466234  0.00000000598789280  0.00000000613491179
  0.00000000627746406  0.00000000642305875  0.00000000657585334  0.00000000673519672
  0.00000000691272441  0.00000000708936266  0.00000000726106660  0.00000000742597229
  0.00000000758785034  0.00000000774503498  0.00000000789683706  0.00000000806060165
  0.00000000823071998  0.00000000839656332  0.00000000855757968  0.00000000871992880
  0.00000000888755602  0.00000000906135581  0.00000000922351546  0.00000000938599089
  0.00000000955298733  0.00000000973121189  0.00000000992285753  0.00000001010738157
  0.00000001028055865  0.00000001045850628  0.00000001063921977  0.00000001082172373
  0.00000001100641975  0.00000001119038213  0.00000001137144860  0.00000001155897906
  0.00000001175524647  0.00000001195345716  0.00000001214762612  0.00000001234748855
  0.00000001256429024  0.00000001278240782  0.00000001298752026  0.00000001320772504
  0.00000001343483953  0.00000001367088770  0.00000001391908669  0.00000001415296431
  0.00000001436982378  0.00000001458570902  0.00000001480762478  0.00000001504326582
  0.00000001530544624  0.00000001558724849  0.00000001586807004  0.00000001620339480
  0.00000001657813965  0.00000001696538447  0.00000001737173138  0.00000001783971866
  0.00000001835986878  0.00000001891655799  0.00000001951666903  0.00000002015580381
  0.00000002103870211  0.00000002256569040  0.00000002366041728  1.00000000000000000
  0.00990336044058222  0.01558787454227796  0.02408715272222543  0.03348409212736794
  0.04356620298718122  0.05549056822220333  0.06745562924560036  0.07866693908759653
  0.08966662126287543  0.10052585651069550  0.11099739144873319  0.12112402717781011
  0.13097804726106407  0.14038153887353413  0.14956377255646555  0.15868571937622494
  0.16795490541257491  0.17740536240392515  0.18782048860578893  0.19804564832318478
  0.20828695699698405  0.21780699207808066  0.22795078492062903  0.23895288890695324
  0.25032305435620900  0.26060571616462047  0.27097899919406210  0.28011726058965014
  0.28930063623410190  0.29859589427718275  0.30871556093492969  0.31900878761836271
  0.32904357295881231  0.33896949267622456  0.34935299393762625  0.35983123414246265
  0.37019596946333017  0.38039411254284961  0.39054610891078878  0.40094830132201253
  0.41154214518805832  0.42099242622680694  0.42977865660945369  0.43916075792142617
  0.44953799705307085  0.46008124788127469  0.47033462763876766  0.47911415439057470
  0.48963074558497111  0.49983501422431698  0.50992922896895654  0.51965728680531065
  0.52935781644420032  0.53944605410240587  0.54908849288404382  0.55835707743856688
  0.56817013162518815  0.57806956082371463  0.58854769908783244  0.59769728269293909
  0.60702959529551859  0.61727857317424939  0.62695796506195633  0.63695878898107394
  0.64719177052347521  0.65878693045993963  0.67062806222195637  0.68229286672648326
  0.69436399425727779  0.70706736147860660  0.71952744434577276  0.73180890223184847
  0.74356904789557299  0.75454408963408059  0.76495602233352156  0.77509375156926796
  0.78533737830432260  0.79539365792153394  0.80590447239329344  0.81656907069412421
  0.82749398251799677  0.83813902588870759  0.84876076494375796  0.85920184047323067
  0.86996597884459148  0.88122897857677140  0.89278618507035312  0.90504189938231028
  0.91746275179256864  0.92941470212268484  0.94083206070870262  0.95200624668608835
  0.96327977571933154  0.97459806801790583  0.98656598286758790  1.00000000000000000
 -0.00248846556926374  0.00909787315372956  0.01846476566433533  0.02905757914302804
  0.03952339422806721  0.05032805493826109  0.06111186140691523  0.07237400106781583
  0.08359688324756484  0.09364691918546951  0.10287576552441291  0.11235613726379290
  0.12207016554388643  0.13186518686366641  0.14113258601619022  0.15072250608414212
  0.16083703990911960  0.17114017149489075  0.18169317068607233  0.19360395616057072
  0.20597548921180955  0.21664091567679564  0.22611549903860850  0.23517067626626134
  0.24418870818653721  0.25317647242886709  0.26212411275841269  0.27152207168262171
  0.28152322377794953  0.29185028125925699  0.30197434402399154  0.31239424524963577
  0.32272015164416962  0.33272171455428162  0.34210025372335090  0.35129922360922616
  0.36104062821320126  0.37125264453004836  0.38236922781247235  0.39412099890881186
  0.40659001717639714  0.41825163703357643  0.42942621979716433  0.44088445534378107
  0.45222906411268926  0.46234538326553554  0.47198865616125041  0.48236442178150712
  0.49384384026715333  0.50426186296364472  0.51461044172744730  0.52496604248227341
  0.53581467351180212  0.54638774261854739  0.55688588043816611  0.56770726084261125
  0.57852623461904673  0.58902042660313070  0.59943789326742203  0.60994951359979033
  0.62190896564157794  0.63400962522985749  0.64623660693704621  0.65533753570105191
  0.66533329734340418  0.67567047273082004  0.68643832496171231  0.69614008114723036
  0.70603176122895361  0.71640343782750404  0.72715710063983985  0.73841027370837564
  0.74988633338892874  0.76039732556368933  0.77065423240347364  0.78147624115767866
  0.79233548404959897  0.80285758905338189  0.81347891707728393  0.82401130920128829
  0.83491884278038453  0.84576587153997440  0.85654778127891207  0.86679636681395855
  0.87740151649560294  0.88835396276515588  0.90034776547223139  0.91273519998434416
  0.92539508416542948  0.93807376550823529  0.94935654856994944  0.96038514309946954
  0.97034314975984948  0.98042344921294011  0.98990432476872026  1.00000000000000000
 -0.00294533601377594  0.01003302962381617  0.02015646027059281  0.02945142359936995
  0.03876990062269044  0.04842407424943336  0.05861839435854288  0.06880438577778789
  0.07954619822381100  0.09105070409716114  0.10309246755471500  0.11409231350489804
  0.12428966173748585  0.13459312408735583  0.14491138884497315  0.15575689550036950
  0.16637236336091302  0.17650870541373237  0.18688267212862469  0.19832467167418635
  0.21057411873089035  0.22240046907936836  0.23392806685445525  0.24575723523039084
  0.25726738123539422  0.26837186537049657  0.27879309361234872  0.28929231122143395
  0.30029021443262538  0.31228241167509879  0.32442902578646104  0.33646463730248560
  0.34912970951420402  0.36253672376792229  0.37525185572083702  0.38590101782705316
  0.39571319715069742  0.40572630416385191  0.41601805303323502  0.42636453019516546
  0.43677802941482363  0.44746974919338689  0.45738643705047732  0.46665106787524174
  0.47560225431999759  0.48495565068317265  0.49468099278372041  0.50463524848522934
  0.51429362459792705  0.52379075190231894  0.53276438153280403  0.54285208708890509
  0.55297124307009715  0.56274511126679283  0.57183660323952223  0.58136036689190096
  0.59236535731866746  0.60441529354734558  0.61534360601113613  0.62580347565787808
  0.63636918087795558  0.64663043914176455  0.65654127211328062  0.66680462299470988
  0.67787343651129794  0.68847969805092235  0.69871839693664695  0.70927659148639866
  0.72008802337612376  0.73069049008266684  0.74091834495951814  0.75152306640034860
  0.76252277327303197  0.77344087047176235  0.78396350310866070  0.79407777309189720
  0.80426630789392928  0.81497520502523102  0.82589011237014653  0.83736517840832247
  0.84965599127202585  0.86168530674559440  0.87366669104165784  0.88486578812999872
  0.89528127883631148  0.90408531875870712  0.91296916866443978  0.92183567979943215
  0.93149562112852302  0.94093077260653502  0.95024643767458461  0.95967908203502339
  0.96961176715014041  0.97933960088909500  0.98971708630015620  1.00000000000000000
 -0.00242346588329638  0.00911024024295534  0.01962575660406308  0.02999029418676497
  0.04102352086168189  0.05159583997098738  0.06182710028061872  0.07190191150873373
  0.08229267018020200  0.09250147614935104  0.10224815048230365  0.11198497205809622
  0.12215506158917025  0.13253274200619258  0.14276725208019353  0.15322229727404077
  0.16431147129910453  0.17611119738617587  0.18775720378802435  0.19833420219767423
  0.20826237672169404  0.21828855505714434  0.22921588338768292  0.24118375607111678
  0.25342957777600694  0.26572078688752471  0.27756273486611283  0.28883636453078054
  0.30026022829635524  0.31154591692117417  0.32239059228535832  0.33252019320236220
  0.34278926310105834  0.35329273525022636  0.36391618448124108  0.37441705178568974
  0.38445119555504992  0.39433263055056167  0.40312187254394538  0.41180241026049935
  0.42092188898877636  0.43081886276278142  0.44109959533895154  0.45147263456970982
  0.46164520501025458  0.47226577941412629  0.48321269530815603  0.49426751576565614
  0.50515263768949381  0.51609925179956528  0.52729915965327068  0.53855796499684572
  0.54891418082128274  0.55847540320569788  0.56836503578425679  0.57814144905497034
  0.58848360949115119  0.59911172837233706  0.60959925609408128  0.62002706319190004
  0.63043616794124158  0.64109842558772179  0.65191060949549029  0.66242324625752502
  0.67250126335176641  0.68258465871844509  0.69342611275398469  0.70440530444900118
  0.71519787860050188  0.72549432964559946  0.73686216538879001  0.74853806408041923
  0.76011807593681358  0.77093150246655107  0.78181636071637761  0.79301066705393242
  0.80440948157856762  0.81541077920492322  0.82543759006837059  0.83626841866311530
  0.84766431073499615  0.85911450525259880  0.87011303071921420  0.88133118320932613
  0.89266522963601147  0.90399304457431895  0.91501584712558026  0.92511549453048636
  0.93428743994586771  0.94289123402346464  0.95124872084759171  0.95995615438888382
  0.96926236832274781  0.97837176970921058  0.98953494535825093  1.00000000000000000
 -0.00223521980871007  0.00789099951391552  0.01736618466992421  0.02711791532153700
  0.03742268643427523  0.04809773765744040  0.05892179412091447  0.06998653924297298
  0.08116745193852908  0.09292869492347558  0.10442944615783392  0.11527533558399787
  0.12539335314893277  0.13522129808500441  0.14512260282042938  0.15508104352513424
  0.16513858415848978  0.17505665412453306  0.18510146684368739  0.19603024982132414
  0.20805881478962698  0.21980841604235915  0.23110638793505528  0.24148615896434750
  0.25212989722429657  0.26241910303836535  0.27309086591857040  0.28389859673493545
  0.29539461835567843  0.30785258843188568  0.31974513214438649  0.33023715921510288
  0.33986072916073240  0.34942516331758494  0.35926311839645730  0.36897914970213824
  0.37855214081669586  0.38840061946074750  0.39875539906456431  0.40973397498639474
  0.41969469478843163  0.42921108201900338  0.43836701554643287  0.44770929014719435
  0.45638441802749413  0.46503100685558657  0.47406292894526098  0.48387901891844071
  0.49350867049240382  0.50331588597691257  0.51361607896056394  0.52416492197158171
  0.53462738930442943  0.54482274450254853  0.55515442125087422  0.56609608932646227
  0.57783767712823364  0.59001717821107613  0.60171229121029834  0.61310698189849722
  0.62355158115456000  0.63363414704589727  0.64326514505534660  0.65343352898877205
  0.66423236254249562  0.67588066029087879  0.68721270697354331  0.69822724641518663
  0.70920593268951160  0.71959784843442776  0.73049043619942555  0.74243377319718840
  0.75444856606970867  0.76586520132054314  0.77676618473402848  0.78771456895015801
  0.79788899352423992  0.80770227248968818  0.81786703674692085  0.82802334871566174
  0.83778148151586385  0.84741945370611871  0.85835961550991102  0.87075366172666147
  0.88204872471320683  0.89305022529479838  0.90354773604757010  0.91453653697888893
  0.92510408062277738  0.93577132968984778  0.94673041357177412  0.95701479749273044
  0.96740188784491565  0.97761323257901611  0.98865572911559241  1.00000000000000000
  0.01401415664779907  0.01580934649948209  0.01924373570685501  0.02379772874055665
  0.02909794410796553  0.03452368825972595  0.04034872255879777  0.04596976763408915
  0.05167110729448506  0.05734829257710074  0.06296085135881956  0.06870106876212780
  0.07467545864479135  0.08019668278233930  0.08567388395397087  0.09132363779358058
  0.09733665958335407  0.10378601786361978  0.11034082579051646  0.11642265534670851
  0.12259913051805976  0.12849609504703691  0.13467468386131942  0.14040007257282158
  0.14619726185520018  0.15204274625305245  0.15789817082745428  0.16368286581674768
  0.16935340770282867  0.17507502195483221  0.18094902232525584  0.18696100709175062
  0.19310876776761465  0.19923749190210491  0.20543472929094131  0.21179507178048076
  0.21844761611373389  0.22527785268406314  0.23173403009678478  0.23801675285652268
  0.24439677208234550  0.25089374444964047  0.25753823505366297  0.26412318436361010
  0.27038542970676893  0.27640607231952719  0.28239860952014045  0.28875717936239920
  0.29612779653624277  0.30425156250165680  0.31183208157347653  0.31894928046652948
  0.32555950774757508  0.33256922878013495  0.33927959802332758  0.34603894451112138
  0.35289109763366999  0.35970238463720461  0.36702953678796929  0.37426675945660748
  0.38202018047903880  0.38914409676666228  0.39616972209694712  0.40496783926630364
  0.41439807661236749  0.42453251862764485  0.43482472232254760  0.44431829305900095
  0.45351839060688143  0.46213330198160024  0.47067554300187275  0.47989438804207762
  0.48965890120240824  0.49963210726765045  0.50947706151009764  0.51991160434993589
  0.53181987908849904  0.54426810467305364  0.55624268832196178  0.56901488318370186
  0.58258694392448018  0.59684960054450886  0.61180121208432281  0.62805272519211319
  0.64349023067091826  0.65917606041250043  0.67595241105714854  0.69486709527402746
  0.71502236225810956  0.73725890528189952  0.76139838540555171  0.78612382063087949
  0.81561519507879021  0.85524486378457720  0.90868826479453191  1.00000000000000000
 -0.00197036500228686  0.00935282029851639  0.01881970368933071  0.02944372843271933
  0.04045726895996672  0.05096017327032407  0.06113196813338365  0.07199638750890419
  0.08401247609288109  0.09533984527800134  0.10582893443502386  0.11535215168513788
  0.12495909821021094  0.13496835468327170  0.14517308429603942  0.15531923120161584
  0.16564595089165096  0.17633299790117143  0.18713571328558087  0.19787859039757744
  0.20859708032324009  0.21906106975931541  0.22970629148236082  0.24063605015978126
  0.25312076642326675  0.26643538740313699  0.27817057070340434  0.28867582774535949
  0.29900545733362799  0.30968992916699761  0.31992854975708884  0.32965610795855871
  0.34008382772919504  0.35127588297699863  0.36224930095574459  0.37294173820262233
  0.38320992967389350  0.39344681796448927  0.40347535814342056  0.41259407284635846
  0.42255469455156364  0.43299819497455982  0.44371641108755505  0.45452305369487223
  0.46470807800006025  0.47409527097360682  0.48325129375158526  0.49264773355431024
  0.50261445990810139  0.51259841535033546  0.52293583899686169  0.53383171387534567
  0.54492548556228992  0.55535815256858279  0.56585499492988089  0.57603622652679787
  0.58702280976813281  0.59824133155256554  0.60981872780956148  0.62094043016651213
  0.63215175226286302  0.64247684017864248  0.65301913355327690  0.66364355410784959
  0.67473843110001486  0.68582376005694046  0.69662321566589647  0.70720494272859946
  0.71776626381869901  0.72868080346108199  0.73916880738541413  0.74865215928345774
  0.75816613660043053  0.76821899657679871  0.77857905068833011  0.78887267983645570
  0.79938843992328434  0.80997637189775895  0.81994804647322539  0.83061142046948966
  0.84214259887739917  0.85391154703894101  0.86544076891343047  0.87664076457830409
  0.88762499200191891  0.89801196549398665  0.90748956408997694  0.91683949917096497
  0.92724238343824061  0.93828003689990014  0.94860280890418480  0.95894063063716395
  0.96931983454818649  0.97999310271570916  0.98995215797184644  1.00000000000000000
  0.02443305195455228  0.03264890270527265  0.04159553926931472  0.05106944461181202
  0.06087269344166976  0.07138542180705611  0.08197469717017992  0.09257178564150356
  0.10244935518773861  0.11194690983976793  0.12132633880929640  0.13061053791246982
  0.14017954108315853  0.14998337524063327  0.15997030660146996  0.16989047990809084
  0.17875117453762096  0.18759880449566241  0.19667450316219276  0.20618207179702483
  0.21586400795260693  0.22520351090274182  0.23467564588114387  0.24420338314437898
  0.25420187553053764  0.26450636811175443  0.27504612169754250  0.28546496000739918
  0.29553812041888256  0.30608987893548090  0.31697267970283455  0.32770766838461607
  0.33840862185463050  0.34838260583952696  0.35831163252182874  0.36822744035545496
  0.37849126548227219  0.38903619495904795  0.39902789649468645  0.40845107712753814
  0.41757051506364318  0.42683324001259904  0.43677320088091420  0.44667231513055794
  0.45605184024956363  0.46519894545760693  0.47469207883118436  0.48424345787248413
  0.49348932764034614  0.50251856848105736  0.51208313086434543  0.52311549598811935
  0.53517492726794724  0.54702851750476622  0.55861092771939980  0.56938802490650298
  0.58006329180797855  0.59082355630496664  0.60096275582907344  0.61075192415100232
  0.62016806251000811  0.63012863652658302  0.64073665747287212  0.65115311728897929
  0.66188654680840442  0.67213458016451366  0.68197538575246974  0.69182667595510716
  0.70234299929738553  0.71321889934238503  0.72338253527026875  0.73312438870239582
  0.74308471304695856  0.75325176741407263  0.76314839007971413  0.77338842573951461
  0.78393549100961024  0.79392626586624615  0.80372800297585378  0.81370495418846256
  0.82392872498007541  0.83406721216491853  0.84423895681030414  0.85428114167760882
  0.86472461122394129  0.87558057915166632  0.88653264928232511  0.89755231251950274
  0.90897897630719937  0.92068668113631469  0.93217806467184372  0.94346895654894747
  0.95486759182737202  0.96533594824689495  0.97082275134473806  1.00000000000000000
  0.11339080953056677  0.13191031203330469  0.15094267320995217  0.16675006207327983
  0.17969146475014766  0.19253642829058512  0.20424533761210217  0.21553268885009283
  0.22704799191013944  0.23780744860832206  0.24768554040116894  0.25673847629116103
  0.26574620574572455  0.27458529917966651  0.28270918480983842  0.29044303560934254
  0.29849429010165290  0.30658551358070302  0.31406704265125601  0.32088858949297994
  0.32787845867093257  0.33538723967477907  0.34294287486480635  0.35034368270158556
  0.35728962868116115  0.36418979279360209  0.37067006149022957  0.37716689937792974
  0.38396084506739026  0.39102619046349635  0.39811843556106619  0.40498717422282077
  0.41155526371212958  0.41825078093571305  0.42511924692780062  0.43209148049199564
  0.43823294428036574  0.44416551402573512  0.44995856086276587  0.45615662768377013
  0.46237796168615625  0.46855913675574951  0.47469458432301537  0.48041747349271430
  0.48653524536394510  0.49265246825262016  0.49885135188640906  0.50465375157992221
  0.51000338513014110  0.51532789771172760  0.52106839544160588  0.52733614807986773
  0.53372012258595058  0.53973140049521484  0.54553540396427980  0.55153585255562121
  0.55786437676779999  0.56442906311099028  0.57071373424371541  0.57689849387158609
  0.58301849187919585  0.58913758582606168  0.59553890269700627  0.60205464744432891
  0.60857866122085769  0.61507051991676798  0.62110229774970327  0.62707167600556657
  0.63305314395112278  0.63908209322362575  0.64496347820147693  0.65051964041420707
  0.65582072265556501  0.66114392650391907  0.66672863750892486  0.67248844861763779
  0.67824083907106381  0.68356639756645154  0.68928431207847829  0.69527063143897538
  0.70113076582354517  0.70687181717761960  0.71289371637852283  0.71961533526856214
  0.72726835487357155  0.73486629595422259  0.74224783077979384  0.74906528084052215
  0.75633851970355315  0.76401384246891701  0.77472621529224561  0.78868100225565929
  0.80743988772085518  0.83313743252287353  0.92524562647072284  1.00000000000000000
   7.9351189686923686E-034  -1.0000000000000000     
 F F F F F F F F F F F F F F F F T F T F T F T F F F F F F F F F T F T F T F T F F F F F F F F F T F T F T F T F T F T F T F T F F F F F F F F F F F F F F F F F T F T F T F T F F F F F F F F F T F T F T F T F F F F F F F F F T F T F T F T F T F T F T F T F
  <DiscreteSampler_grid>
  grouped_processes
  1 # 1 for a reference and 2 for a running grid.
  10 # Attribute 'min_bin_probing_points' of the grid.
  1 # Attribute 'grid_mode' of the grid. 1=='default',2=='initialization'
  0.0000000000000000 # Attribute 'small_contrib_threshold' of the grid.
  0.5000000000000000 # Attribute 'damping_power' of the grid.
 # binID   n_entries weight   weight_sqr   abs_weight
    13   10   3.056857103953233E-025   3.155779140711168E-049   3.056857103953233E-025
    14   10   3.056857103953222E-025   3.155779140711135E-049   3.056857103953222E-025
    16   10   1.517919659034493E-024   1.683905617863418E-047   1.517919659034493E-024
    17   10   1.517919659034494E-024   1.683905617863453E-047   1.517919659034494E-024
  </DiscreteSampler_grid>
