  0.00000000024855822  0.00000000033517761  0.00000000041068806  0.00000000048934693
  0.00000000056755082  0.00000000065059014  0.00000000073444484  0.00000000082058454
  0.00000000090176000  0.00000000098520454  0.00000000107859362  0.00000000117722938
  0.00000000127967949  0.00000000138228717  0.00000000147968713  0.00000000157667938
  0.00000000168365942  0.00000000179763444  0.00000000191162350  0.00000000202495150
  0.00000000213697409  0.00000000224973748  0.00000000236152422  0.00000000247468518
  0.00000000259054612  0.00000000271304213  0.00000000284321935  0.00000000297376300
  0.00000000310308808  0.00000000323224998  0.00000000336400832  0.00000000349976371
  0.00000000363839958  0.00000000377285873  0.00000000390673300  0.00000000404239692
  0.00000000417904374  0.00000000431345664  0.00000000444539027  0.00000000458470444
  0.00000000473293816  0.00000000488631953  0.00000000504495578  0.00000000520224794
  0.00000000535713509  0.00000000551421113  0.00000000566728950  0.00000000583616955
  0.00000000600785731  0.00000000618132924  0.00000000635250712  0.00000000652334369
  0.00000000669209865  0.00000000686054187  0.00000000703029968  0.00000000720033058
  0.00000000737421375  0.00000000755966475  0.00000000774650913  0.00000000793308172
  0.00000000811701151  0.00000000830867012  0.00000000850458655  0.00000000870305335
  0.00000000890319000  0.00000000910336929  0.00000000930637117  0.00000000951953462
  0.00000000974486421  0.00000001000355065  0.00000001026283163  0.00000001052619838
  0.00000001078477598  0.00000001104431668  0.00000001130777198  0.00000001157673980
  0.00000001185110498  0.00000001213222666  0.00000001244271208  0.00000001277852570
  0.00000001314341834  0.00000001352723090  0.00000001392208534  0.00000001432377848
  0.00000001473459605  0.00000001515921541  0.00000001560063013  0.00000001608209442
  0.00000001670414159  0.00000001739748277  0.00000001815973409  0.00000001904203473
  0.00000002012256830  0.00000002203269952  0.00000002361281235  1.00000000000000000
  0.00955647054742545  0.01568956920275702  0.02524255391995561  0.03576462504536596
  0.04568441652319746  0.05526437828541516  0.06485128408932882  0.07484994513182472
  0.08539270078130685  0.09622651605960808  0.10751494324398354  0.11938278749184607
  0.13127735804335416  0.14245690449298395  0.15315160852599957  0.16359380550906655
  0.17404890090444702  0.18491534632663578  0.19646344715936492  0.20859252703975734
  0.22008612549081988  0.23118944118431708  0.24231788561191611  0.25352469863525690
  0.26448765678548974  0.27523874331658049  0.28621441958503024  0.29692165652699287
  0.30789128755565837  0.31894913502707223  0.32999098316807740  0.34059214088681683
  0.35089004426047105  0.36135016640263629  0.37198373083501501  0.38255827139269766
  0.39323670223381219  0.40378298721937977  0.41470416482782763  0.42531565185096598
  0.43620440087074153  0.44713389191365543  0.45867378251352209  0.46951456523926310
  0.48034811960255203  0.49122901456206342  0.50147495851998547  0.51181804021249455
  0.52185695723987058  0.53229317944216370  0.54237184425747242  0.55253017067411148
  0.56269950569400096  0.57274712649959392  0.58257572548348180  0.59242630398421980
  0.60224993315422826  0.61213948305061605  0.62218858609349104  0.63219819475370131
  0.64238391190782196  0.65278595261919437  0.66344189873652759  0.67422087837071332
  0.68502008455432462  0.69573524969768386  0.70626808236671079  0.71671135314401879
  0.72660112883646288  0.73675291129737597  0.74674913245347307  0.75750646691058876
  0.76846604139610886  0.77925177002062929  0.78980312484224424  0.79950096045975327
  0.80887381479275411  0.81834572836895958  0.82799761814097406  0.83790750711984530
  0.84795867869453101  0.85826793265885781  0.86941102450280117  0.87997263205023812
  0.89084263720711554  0.90093066869256910  0.91119911482993421  0.92133083246137515
  0.93175230999870517  0.94248715759431945  0.95361232841744825  0.96365280691841204
  0.97364467082706252  0.98302869351869804  0.99097568566191052  1.00000000000000000
 -0.00307337563372580  0.01182950348931389  0.02355942972558418  0.03482750737950774
  0.04542907311523901  0.05592426097109322  0.06602635577077873  0.07586314377157816
  0.08592363139580200  0.09620176042015605  0.10686342551681205  0.11761928221292926
  0.12835168225060781  0.13939601399851234  0.15003763472107853  0.16039584444567043
  0.17017811787087087  0.17988879420093698  0.18965205828441684  0.19957213352120423
  0.20953682955602806  0.21985019972042225  0.23051894674934018  0.24149239736210124
  0.25285964058734062  0.26388870729214320  0.27488365559587391  0.28556734104717690
  0.29630437447661329  0.30706732121295899  0.31780810079057614  0.32863562382937223
  0.33952717170918606  0.35036060645413608  0.36110880864589529  0.37185780422708509
  0.38268726771513401  0.39389409079948723  0.40513025335789060  0.41620330526404109
  0.42684070872393420  0.43771862475406098  0.44864187507113118  0.45975467672478898
  0.47034318776442957  0.48117859460026435  0.49190599655549999  0.50275800763260881
  0.51366802705467940  0.52463499824995263  0.53559638020256406  0.54685987937243152
  0.55811953663902913  0.56916906430413194  0.58008407671977569  0.59081701337999060
  0.60198386327316422  0.61336138082103486  0.62467873362111337  0.63481615395009094
  0.64508173058569762  0.65608053558059742  0.66689438103256038  0.67706074729188326
  0.68708560262445328  0.69747520783724237  0.70812113445811065  0.71853712388815949
  0.72925377687581772  0.73981225414504304  0.75017304428910314  0.75991825798986101
  0.76951536360029471  0.77916332089406937  0.78896996437201838  0.79910001884449366
  0.80892846169235966  0.81874802777548961  0.82847550849170581  0.83828728703010591
  0.84878125187301423  0.85886103271475422  0.86895832574999476  0.87867916430281567
  0.88840340942507989  0.89851852609256189  0.90839067473512503  0.91848154156432360
  0.92869548930582158  0.93916080413912206  0.94955059784016627  0.95975304028589381
  0.96972474783204454  0.97958421140234653  0.98952270281156318  1.00000000000000000
 -0.00228409287817516  0.00969989512868553  0.02034827718470620  0.03064456492627725
  0.04094606297970903  0.05165677093819254  0.06298815951214429  0.07392305608959317
  0.08461470510930383  0.09582998121457437  0.10663107517549407  0.11741139089440199
  0.12776740484380258  0.13918815866283796  0.15022909534009229  0.16138547593019650
  0.17238856863853771  0.18314124914854535  0.19395419300054964  0.20427312431426561
  0.21478674199196277  0.22561643420841285  0.23605228570981859  0.24645058007731135
  0.25641457452886718  0.26627680633408718  0.27637478866914877  0.28649754045926812
  0.29710616574744736  0.30816610772813791  0.31922031667378031  0.33064571970130802
  0.34163268916655126  0.35231418446724955  0.36239282190143507  0.37226299141903246
  0.38262093725497970  0.39363488042815520  0.40499315575616873  0.41594488666163160
  0.42622100348854125  0.43595474136815454  0.44561727559572656  0.45551553154209257
  0.46575727511080961  0.47628024369655830  0.48678265771048662  0.49736710990630972
  0.50786933805659884  0.51842101402983787  0.52813457385655194  0.53741490673042958
  0.54678034919212526  0.55622363868508740  0.56613032166852750  0.57637284818940271
  0.58691314402672667  0.59796240903047904  0.60872792421480515  0.61936785505575698
  0.62972758247938954  0.64004760992049403  0.65059276990549142  0.66175231529303136
  0.67268482486357073  0.68275810386366786  0.69250310892867029  0.70190117052891254
  0.71149542489960860  0.72132526917983508  0.73140549250344356  0.74288288350360843
  0.75402811811536929  0.76493392014319439  0.77575149671829347  0.78659560573907772
  0.79712402036163632  0.80766394154826537  0.81769300223912167  0.82785306612511589
  0.83872871673204075  0.84948351656734955  0.85993806532902051  0.86995834886228185
  0.88035201873160263  0.89113551537031011  0.90217069588999510  0.91375305512112126
  0.92576133473955380  0.93690560479625495  0.94804098188836361  0.95860711716574287
  0.96875384617641425  0.97908913270597298  0.98945760422281348  1.00000000000000000
 -0.00261005127156132  0.00960386222379666  0.01956951983004366  0.03068415346959663
  0.04166072607240579  0.05180012134839397  0.06156795177781400  0.07139193017671114
  0.08151274245473041  0.09137049373312224  0.10102816460055254  0.11132940160898527
  0.12185966555163583  0.13276360288744185  0.14421241815979519  0.15610927204524847
  0.16807046817174334  0.17941082272703737  0.19048354180636540  0.20147186298800843
  0.21241211226829640  0.22319466431369431  0.23359094981984041  0.24371521259569690
  0.25394450919320061  0.26453693301619369  0.27514096480108768  0.28566895452761681
  0.29611057783138872  0.30658546355034849  0.31706360378052595  0.32746095374550283
  0.33762925426886420  0.34782675410606068  0.35753464729937517  0.36733848555689852
  0.37708132912117753  0.38723197357571876  0.39741059845058824  0.40696724251203009
  0.41615860180221664  0.42584206153124671  0.43609412501639394  0.44697103636504648
  0.45760404706523977  0.46875303255144440  0.48032073945746639  0.49229601856381550
  0.50414484208027510  0.51591197068179762  0.52682393805334760  0.53715974235364339
  0.54768072505922738  0.55857031806163793  0.56972430108708361  0.58073121588148868
  0.59151780306463453  0.60241659981896989  0.61325950254169581  0.62392209478052640
  0.63398571177024465  0.64364687103753027  0.65363508913273916  0.66414171407769240
  0.67457659891355282  0.68511764184835211  0.69499019138599216  0.70459689971018635
  0.71400718007252206  0.72379637653460027  0.73418890266598924  0.74521168319070719
  0.75645392876658402  0.76783090880415550  0.77886172626811156  0.78961644044950874
  0.80002762665265958  0.81077316895433249  0.82162724303028234  0.83260745378055967
  0.84331495932759637  0.85414758127291102  0.86493887484896503  0.87559082660124954
  0.88607180269994656  0.89641204972805910  0.90672320380486793  0.91716753032915477
  0.92782077353963888  0.93852536086810268  0.94919334534004018  0.96004488768068752
  0.97042481856482776  0.98075388615292758  0.99026853887919752  1.00000000000000000
 -0.00256840202530942  0.00944731532868111  0.02025528613320201  0.03121223104827543
  0.04237756020100343  0.05326437616336265  0.06412332452679269  0.07470586619407932
  0.08540875526298675  0.09689929133082772  0.10794842746892785  0.11875497980380800
  0.12879598530542605  0.13929055524162787  0.14975734553002043  0.16079829627548795
  0.17136587145217902  0.18191355469170967  0.19234749187145339  0.20262145039721438
  0.21294983528259637  0.22371328779362912  0.23501730639259349  0.24621968687454437
  0.25655210039621584  0.26654821489853076  0.27659808041401024  0.28694653848422708
  0.29718402608584860  0.30724354512173502  0.31741179398287095  0.32726279048481943
  0.33712872432221902  0.34664866800072752  0.35629056877254395  0.36625394166419128
  0.37636475810245923  0.38640948601499542  0.39614099871140296  0.40591736577471593
  0.41655510560304793  0.42754586736075345  0.43844971323463283  0.44850523613787041
  0.45851661269752919  0.46874602279735061  0.47882868282782393  0.48937749027461058
  0.49977485643289599  0.51039402533053946  0.52082218739146047  0.53103978651962225
  0.54119076816612444  0.55108388347305870  0.56098993865052627  0.57117862983062528
  0.58145528136906455  0.59169740884629984  0.60220864441872346  0.61339675517821057
  0.62497792372121286  0.63644940533088712  0.64752118644612411  0.65797181702189234
  0.66774591526847171  0.67739578012074864  0.68762936585018952  0.69852314771156754
  0.70931568299767744  0.71971907948371927  0.73040616188693352  0.74124474681131436
  0.75225195606820516  0.76320987416515018  0.77451158620480876  0.78604590492355253
  0.79729726590205496  0.80827830877676354  0.81924273530561831  0.83007644905277744
  0.84069623681034877  0.85136032567070308  0.86198081694690754  0.87270822849526497
  0.88329252596252461  0.89353177159129538  0.90398855557605851  0.91442237089594047
  0.92527494067219507  0.93644445165937906  0.94776088910554812  0.95866486657185856
  0.96886300797012948  0.97914422344598595  0.98959728241385270  1.00000000000000000
  0.01336596416519246  0.01555697193084245  0.01961932129701317  0.02355275045214855
  0.02912672376282762  0.03435619917972145  0.03989982951838955  0.04546823041795991
  0.05102466691921340  0.05657660604702536  0.06207404146918141  0.06752302213448277
  0.07275409371674918  0.07803722028609641  0.08340453826248143  0.08901699531581288
  0.09482662295427760  0.10064918000512407  0.10645892399864171  0.11231971175439005
  0.11828565470292733  0.12431618587194278  0.13026018846769125  0.13608100746108903
  0.14187009993267058  0.14787784821937119  0.15394428163849280  0.16023187896450983
  0.16632453755432833  0.17206330570892522  0.17773287810525093  0.18337170159674879
  0.18890649762448866  0.19467781365620382  0.20033620503263522  0.20614521174047218
  0.21173941695231899  0.21742665184665402  0.22325031950004379  0.22938424021329248
  0.23562847390738340  0.24203725752762192  0.24842026770528527  0.25501216037424868
  0.26169638015578173  0.26824002337004382  0.27534560455230150  0.28274272987897425
  0.29009428656799396  0.29746046354236932  0.30478413298801665  0.31215414739263631
  0.31981977200120809  0.32773846157007608  0.33582197664106389  0.34359353737032378
  0.35135603967209633  0.35907735804105101  0.36684982164502056  0.37489372806517218
  0.38317933077119604  0.39169660907980669  0.40043292493793919  0.40936639348370962
  0.41845742444540890  0.42765482058415544  0.43681237214738139  0.44610960528535493
  0.45576805272062554  0.46545387884381650  0.47523124475848849  0.48506753997610819
  0.49519246945262724  0.50531172619056386  0.51572411875443491  0.52628397712352681
  0.53698292088344068  0.54805156010063316  0.55974527539325702  0.57204004780803475
  0.58495263626925009  0.59861034565332549  0.61300962149923988  0.62815813262644415
  0.64375932864689445  0.66003780725967409  0.67699976155203601  0.69487138887747846
  0.71420527769086628  0.73639489704352568  0.76095830804812448  0.78767910660229590
  0.81824681368000818  0.85588422182727031  0.90811080303275149  1.00000000000000000
 -0.00220438714595333  0.00952159382783486  0.01964535197638796  0.03054920455818097
  0.04135662100158455  0.05248485527425694  0.06327760389794670  0.07459676421420836
  0.08575126448552892  0.09692116418519767  0.10800053878008636  0.11896572694342238
  0.12938607032660640  0.13950602162798176  0.14934093254260200  0.15918212711229149
  0.16903723735148052  0.17899528096343870  0.18932505962627580  0.19968962214988778
  0.21037239450616466  0.22112351881384909  0.23199400525182307  0.24257955678547996
  0.25249892772193849  0.26221969878184653  0.27178663271840053  0.28195838040157228
  0.29213577901311188  0.30261559941459210  0.31265277375329392  0.32362494486591409
  0.33441499240997496  0.34546603453106339  0.35636271154692417  0.36719490342220484
  0.37736081200935623  0.38738329115560249  0.39788355449435603  0.40831458425317568
  0.41822734158726604  0.42743313044783404  0.43680567525435543  0.44622831463137091
  0.45585311515629040  0.46588764508596736  0.47633522217894941  0.48706014829339189
  0.49776974752499270  0.50871491952017411  0.51968161775205413  0.53074669627525528
  0.54187511006098998  0.55336159712833410  0.56481306629059491  0.57578318177397869
  0.58633965275527677  0.59663080059946594  0.60701204758026539  0.61724480618178457
  0.62777199622798352  0.63868665067580255  0.64974136915682323  0.66088776179360498
  0.67190769231806347  0.68277475224752493  0.69320991222299289  0.70289403018943297
  0.71306285674958225  0.72321177312141960  0.73405356716559678  0.74489727251821758
  0.75561196779923656  0.76620266247253166  0.77645431797910125  0.78686439443795875
  0.79707369905153702  0.80707538149218250  0.81712310017882628  0.82777630287832715
  0.83916144483383481  0.85046109052278274  0.86181046631474234  0.87332700766324023
  0.88458224017834375  0.89547094291452145  0.90611401118586765  0.91632475147208259
  0.92643120278927282  0.93659853062010523  0.94732681865540647  0.95835891657129346
  0.96926679337126065  0.97986516243896138  0.99013231081828113  1.00000000000000000
  0.02447606202651854  0.03155746320674081  0.04042189395854468  0.04927261078106348
  0.05800061677349762  0.06706984947370398  0.07685700603917191  0.08724657339845977
  0.09813055225954584  0.10850498005223447  0.11822568177699255  0.12748102416110424
  0.13652479284070757  0.14590070654718040  0.15608421951278742  0.16657819378636393
  0.17712698106690716  0.18747033593402460  0.19759591150449543  0.20751327684927762
  0.21731391411329437  0.22676690759353249  0.23651382141363447  0.24587709360446905
  0.25539041294374770  0.26494798467642955  0.27482037409211230  0.28492592428322233
  0.29513166628867971  0.30535043462744554  0.31541087889298342  0.32547831947841394
  0.33578252334312780  0.34655219750478944  0.35701079509054645  0.36703329786138050
  0.37670292671585720  0.38696931461550282  0.39728318230455112  0.40744380977637334
  0.41764130330186222  0.42762153912572454  0.43771400715063408  0.44784842115346807
  0.45824834343646337  0.46887613972458514  0.47951614040584362  0.49008056341248940
  0.50019341544474494  0.51089503127870728  0.52140351523479189  0.53222831170325069
  0.54293483520122321  0.55375517770604599  0.56473438623552541  0.57579806304494607
  0.58649612182864819  0.59667049933637761  0.60655356659815274  0.61651228674893721
  0.62695594583648562  0.63809043121823061  0.64953213787944353  0.66036530040957830
  0.67023973478529553  0.67968444993186838  0.68912485457872719  0.69895570448832001
  0.70925223374960988  0.72000526113094043  0.73063403142373906  0.74099995553430409
  0.75137277117668422  0.76207115252917945  0.77255306519320488  0.78269434282196781
  0.79223788841100229  0.80151686716430837  0.81068076092123742  0.82033283827942349
  0.83052950495593314  0.84086243320713738  0.85092691256464303  0.86070533673317928
  0.87024051711273798  0.88009980910549568  0.89002245888314135  0.90034247834543890
  0.91062997547285507  0.92120881497286766  0.93172033089182871  0.94269641162468132
  0.95432812722429439  0.96385517814855282  0.97130295116011911  1.00000000000000000
  0.09621247351010964  0.11360503224633728  0.13518817758610838  0.15386003050420946
  0.16884920111107118  0.18235005837073451  0.19419307503019162  0.20545275814102121
  0.21661983495334039  0.22730116237200665  0.23724055668371391  0.24679536053180548
  0.25607474950357562  0.26503676076422517  0.27379973873351732  0.28246923070479329
  0.29104470437320107  0.29931284939704467  0.30743803571365419  0.31543284457790083
  0.32327353662770386  0.33099522369484796  0.33872474799900426  0.34632866103300319
  0.35364598607021069  0.36109911172624726  0.36861853772537434  0.37611724844865380
  0.38334761253488309  0.39035179981449319  0.39713132183866939  0.40375843601936207
  0.41049211574329170  0.41729163360208760  0.42408589196753010  0.43070679638189674
  0.43707245725637928  0.44331475612696397  0.44954312601638430  0.45574045884076242
  0.46190312783772763  0.46806214856323836  0.47418694496056724  0.48020187605193659
  0.48605296673450715  0.49170125599418346  0.49746672643759926  0.50320817378027305
  0.50921756790073058  0.51543068153978155  0.52174592374729400  0.52787501524656566
  0.53386833359774943  0.53975035223912504  0.54552341116416581  0.55128788524110017
  0.55707690418577638  0.56282909942888892  0.56849734779651062  0.57409070633980408
  0.57970181424418044  0.58534193538534496  0.59095388600550980  0.59662378608430711
  0.60217358379122865  0.60768378137622836  0.61303282328598052  0.61824766721219226
  0.62343615864332280  0.62867277975005453  0.63395704032077649  0.63940868959175245
  0.64487413997817078  0.65011681208733296  0.65520340082730966  0.66023944641489185
  0.66529952912981627  0.67051718884105638  0.67606682244166250  0.68161085191992310
  0.68733558928415739  0.69322787490052040  0.69922095505278836  0.70528088398718991
  0.71172683416183657  0.71882664470214153  0.72633471534590788  0.73453465271521767
  0.74349265179050039  0.75319908418114911  0.76328946487634175  0.77345764510497983
  0.78430789504978082  0.79739630422263519  0.82330141686923619  1.00000000000000000
   4.4002720929370476E-020  -1.0000000000000000     
 F F F F F F F F F F F F F F F F T F T F T F T F F F F F F F F F T F T F T F T F F F F F F F F F T F T F T F T F T F T F T F T F F F F F F F F F F F F F F F F F T F T F T F T F F F F F F F F F T F T F T F T F F F F F F F F F T F T F T F T F T F T F T F T F
  <DiscreteSampler_grid>
  grouped_processes
  1 # 1 for a reference and 2 for a running grid.
  10 # Attribute 'min_bin_probing_points' of the grid.
  1 # Attribute 'grid_mode' of the grid. 1=='default',2=='initialization'
  0.0000000000000000 # Attribute 'small_contrib_threshold' of the grid.
  0.5000000000000000 # Attribute 'damping_power' of the grid.
 # binID   n_entries weight   weight_sqr   abs_weight
    13   10   4.024212912845703E-010   7.392326047242950E-019   4.024212912845703E-010
    14   10   4.024212912845902E-010   7.392326047243992E-019   4.024212912845902E-010
    16   10   2.364584330080636E-010   1.377549123044251E-019   2.364584330080636E-010
    17   10   2.364584330080731E-010   1.377549123044372E-019   2.364584330080731E-010
  </DiscreteSampler_grid>
