  0.00000000005559751  0.00000000013688184  0.00000000020036638  0.00000000026061190
  0.00000000032434446  0.00000000039185591  0.00000000046188848  0.00000000053415473
  0.00000000060701479  0.00000000068541769  0.00000000076420632  0.00000000084901230
  0.00000000093654040  0.00000000102331844  0.00000000111721720  0.00000000121398447
  0.00000000131224080  0.00000000141740083  0.00000000152005022  0.00000000162465863
  0.00000000172827798  0.00000000184542540  0.00000000196203589  0.00000000207977903
  0.00000000219807095  0.00000000231713276  0.00000000244222420  0.00000000256813189
  0.00000000269637475  0.00000000282295335  0.00000000295099026  0.00000000308983355
  0.00000000323111288  0.00000000337501425  0.00000000351753630  0.00000000365995239
  0.00000000379487531  0.00000000393274864  0.00000000407602073  0.00000000422453500
  0.00000000437201741  0.00000000451946219  0.00000000466746719  0.00000000481522470
  0.00000000496738472  0.00000000512928697  0.00000000530012138  0.00000000547395558
  0.00000000564533249  0.00000000581483768  0.00000000598444280  0.00000000615284418
  0.00000000632354905  0.00000000649003846  0.00000000666004079  0.00000000683521452
  0.00000000701990409  0.00000000720797922  0.00000000739561712  0.00000000758478391
  0.00000000777568922  0.00000000796806358  0.00000000816358700  0.00000000835903287
  0.00000000855467694  0.00000000875081921  0.00000000896423379  0.00000000919191669
  0.00000000942353849  0.00000000965773719  0.00000000988449399  0.00000001011111906
  0.00000001033861249  0.00000001057619541  0.00000001082012081  0.00000001106989987
  0.00000001132950393  0.00000001161438465  0.00000001193276426  0.00000001227482952
  0.00000001263466740  0.00000001299923458  0.00000001336829445  0.00000001375666896
  0.00000001416008148  0.00000001458410849  0.00000001500182442  0.00000001549164134
  0.00000001608806850  0.00000001674471515  0.00000001744388071  0.00000001823079752
  0.00000001914133036  0.00000002041015304  0.00000002121246318  1.00000000000000000
  0.00963049851953410  0.01570730580019101  0.02383933559249195  0.03321155189171848
  0.04255578464296440  0.05204520584373858  0.06193030703796770  0.07213104695902725
  0.08253210592190392  0.09314531130122176  0.10374412910594759  0.11425886044809251
  0.12458294620877378  0.13469938676567653  0.14501029303062191  0.15553817192554548
  0.16611585985524108  0.17646067616499345  0.18680486002467148  0.19773256205631551
  0.20911662184072344  0.22054389871732050  0.23164053451315295  0.24242454801214175
  0.25291337042545758  0.26336574521209272  0.27405981752139369  0.28460351497275171
  0.29473530993799157  0.30457439952750848  0.31445852308636635  0.32479345700326662
  0.33529502988463256  0.34569283848254256  0.35604260515084357  0.36628573505984841
  0.37663095743618852  0.38666807475789450  0.39645320517913091  0.40595527781232699
  0.41531091022652739  0.42436691401034482  0.43327995329409047  0.44223110276466565
  0.45176523463707591  0.46214675463940935  0.47270077634524771  0.48270586414435790
  0.49264651943790755  0.50298420244741404  0.51412393796660660  0.52512936686609779
  0.53607922475005776  0.54677619873443761  0.55732276937593861  0.56786593104722838
  0.57856066226942549  0.58910978609705456  0.59945358673746341  0.60940711154574145
  0.61967735048097083  0.63051718908873344  0.64193044897627183  0.65297224906340401
  0.66355995668180234  0.67422754697246878  0.68518738088178666  0.69646561016857134
  0.70778452011509019  0.71890268827749237  0.72974402340383548  0.74026434261003748
  0.75057847303360259  0.76099345515255901  0.77152687690047628  0.78200590166864059
  0.79271095078080667  0.80354310122270434  0.81421460485918074  0.82438906111395072
  0.83435499634401156  0.84419369242779185  0.85448581354067943  0.86499021410687360
  0.87551405267001969  0.88577764690192762  0.89588091565216199  0.90634092450925263
  0.91720554831449741  0.92798156982786395  0.93886020331664644  0.94920655066516102
  0.96023832682258270  0.97094755695798562  0.98128229121135080  1.00000000000000000
 -0.00231203485760581  0.01081321925777650  0.02188352480423597  0.03287166228728515
  0.04322427895040343  0.05324796218082339  0.06384888150815518  0.07539605454139353
  0.08659624215601619  0.09765093071322389  0.10860707935442696  0.11989873592778008
  0.13090901244937425  0.14175130088806714  0.15239712654915771  0.16291989979764065
  0.17380234090270524  0.18514751368807222  0.19658291129011168  0.20810641608784314
  0.22021456458217586  0.23186611231097984  0.24291700931771837  0.25414816706769477
  0.26610419105563093  0.27783876377237521  0.28910065987356337  0.30018436283072603
  0.31104041824319667  0.32165453694770818  0.33181039656724293  0.34163178160325725
  0.35141311630458655  0.36194813251701607  0.37288148031490392  0.38374635062195583
  0.39473328203919372  0.40616540792205957  0.41738950378451589  0.42787188045740998
  0.43807239175927559  0.44825444752341181  0.45840162248362820  0.46878021467040853
  0.47937490487170353  0.48993257301097087  0.50016867439751966  0.51029167021758648
  0.52052085494416922  0.53094398613817040  0.54140876104894442  0.55142091557814588
  0.56125537874621534  0.57122014244994657  0.58153625046198132  0.59161478013551672
  0.60132072425125571  0.61105269296849896  0.62112333356217664  0.63136302796136690
  0.64163615765351811  0.65177953612497475  0.66206196715360155  0.67191849426083083
  0.68177083637490443  0.69171125361132157  0.70190946548253252  0.71193383239490182
  0.72149921792386862  0.73104148005710212  0.74124253307510102  0.75162546469134262
  0.76247679059016238  0.77302686590293912  0.78325206973573747  0.79286869155595097
  0.80253855493699178  0.81245561331556060  0.82275014270422542  0.83341014024657867
  0.84416787311500519  0.85486485702967063  0.86573871306093486  0.87653649657501420
  0.88662701654867226  0.89673087283672748  0.90647923558008181  0.91651357150723056
  0.92621527218861732  0.93605361284909383  0.94592498506078893  0.95612354065111971
  0.96692080180774498  0.97799490930112398  0.98901690382080032  1.00000000000000000
 -0.00242022629531308  0.00837362262015915  0.01796215261061274  0.02826264452307701
  0.03935386702268590  0.05049239309168903  0.06179102757546940  0.07256345174718871
  0.08308783154643801  0.09358324216967229  0.10425232653679832  0.11464016702151918
  0.12465829917213174  0.13559187829169769  0.14673522440345541  0.15793094426603285
  0.16932162465005030  0.18107282291642995  0.19245071410053829  0.20302967379694015
  0.21343726883905703  0.22359629868521474  0.23365023706560611  0.24314465723098766
  0.25284503314125978  0.26290142176696202  0.27330367802233363  0.28396907524628029
  0.29488782822898979  0.30605322332305135  0.31696712503836449  0.32769337769413226
  0.33858601154117385  0.34972631327152531  0.36052335285049297  0.37107233785579302
  0.38153159146460014  0.39207205077779755  0.40269510788141066  0.41339418213824464
  0.42345655054348869  0.43282967253760452  0.44206774430916018  0.45167659916023345
  0.46130634970187684  0.47092756101556166  0.48073123632989057  0.49117924933274487
  0.50143374947295338  0.51172502251049135  0.52182134669119129  0.53186191102441882
  0.54193411481193821  0.55207900102014629  0.56210641173421072  0.57222988261842345
  0.58241582742039288  0.59319072112327187  0.60419989719928402  0.61536718545181424
  0.62614171985925815  0.63739890507111208  0.64838823534938383  0.65985876193269521
  0.67076833582609985  0.68175440790143382  0.69271529979362978  0.70437840016774711
  0.71535215709284783  0.72674518696354296  0.73795604096671763  0.74907661284299965
  0.75963828125452393  0.76982944273040843  0.78061705815924187  0.79148632082769055
  0.80171898508023243  0.81164812064724179  0.82130238216258145  0.83146417443683585
  0.84237052071680862  0.85333215345268787  0.86363639833673755  0.87391020815190157
  0.88443703740744539  0.89515753878970616  0.90540127381819990  0.91555875674783549
  0.92702178030437987  0.93833987879888769  0.94990907081906151  0.96072661258211589
  0.97070181532116562  0.98056622126725890  0.99028126762905000  1.00000000000000000
 -0.00274894218173752  0.01039095390897992  0.02142818653719963  0.03171494163599502
  0.04260708040761162  0.05224783374635058  0.06214531033734640  0.07184826830313985
  0.08154999011253186  0.09085886542502393  0.10036849275993501  0.11030742515194215
  0.12090518438949693  0.13154860081433425  0.14225009441786873  0.15293130256971332
  0.16338195767196870  0.17365235834965020  0.18393464406151172  0.19447375932640515
  0.20490066547248820  0.21499829369451520  0.22497072260162282  0.23502591650263568
  0.24523037414784132  0.25557760381559791  0.26633156705169553  0.27733946249058189
  0.28823462871580974  0.29901978567114212  0.30966035486530136  0.32013425493814629
  0.33029156074070887  0.34042965492897459  0.35065283752144460  0.36076274971812111
  0.37101161253965348  0.38118705025849103  0.39116188838411597  0.40092169780158576
  0.41068929423466510  0.42063127693646701  0.43117011346142597  0.44241520694395098
  0.45414923145585029  0.46553091111481076  0.47677401522266405  0.48752650845424172
  0.49812577646677980  0.50810542862655428  0.51782327351669921  0.52720921533780740
  0.53654525176840817  0.54634415286304172  0.55622397068532259  0.56645787136443315
  0.57697853868446247  0.58872282410612520  0.60097737581583188  0.61285417440340850
  0.62429275452330224  0.63588699357079703  0.64778675579650091  0.66043678400132244
  0.67308311802619880  0.68551543552827021  0.69778609182410190  0.70937745429684951
  0.71943233808019169  0.72896858739714820  0.73860012511305939  0.74823932049989561
  0.75769257392883915  0.76696856648884615  0.77692432640167630  0.78749131741776390
  0.79832202219173298  0.80928582076085198  0.82037465516764230  0.83129806280401708
  0.84215052970162974  0.85307585855797274  0.86416355236133957  0.87530685514424966
  0.88640886502099303  0.89752538048106678  0.90842055590304926  0.91902103795823864
  0.92951369435348885  0.93974389679478987  0.94986752493438564  0.96031718841633984
  0.97051783993842289  0.98059425031597969  0.99014075536108037  1.00000000000000000
 -0.00213988121464368  0.00865356850616389  0.01797709351669510  0.02769412710248541
  0.03760869125761174  0.04741925314032745  0.05714970050155986  0.06685070689634051
  0.07684064747145479  0.08720854652996354  0.09769425477898135  0.10828950161612357
  0.11927884146898039  0.13046835688115394  0.14158601102495216  0.15226928769470244
  0.16306267905613259  0.17350235579013723  0.18392803683054720  0.19397091768388580
  0.20356826644217813  0.21326982973179764  0.22292371307491782  0.23261058860531356
  0.24206127033110342  0.25183814497325208  0.26270986174061411  0.27419109288829602
  0.28505521417328777  0.29561176118426341  0.30615057317312239  0.31652502216998329
  0.32701916526592112  0.33825778869150108  0.35005513629924040  0.36158752175596409
  0.37288898314026991  0.38402042369399808  0.39484483344979987  0.40500600550548321
  0.41456853984724323  0.42390099891891542  0.43332165725968108  0.44330848492472930
  0.45364016784889960  0.46454287078968426  0.47589319436289884  0.48700045183307206
  0.49795318727501325  0.50876675641189484  0.51976846136414545  0.53037502986978180
  0.54075107593110383  0.55130864338284991  0.56182854943440441  0.57241139480491110
  0.58291268744895641  0.59352908988258324  0.60417459795498685  0.61437400929238373
  0.62462453651560912  0.63544751432703805  0.64649743179669039  0.65757097094933004
  0.66866703281011919  0.67985376164264899  0.69080881978697695  0.70111316943534574
  0.71132691537588499  0.72166027322213655  0.73237610027202549  0.74378340506889706
  0.75586041173111229  0.76842912119678930  0.77975839237689049  0.79068042815277684
  0.80142175803976867  0.81189642212713309  0.82226351935219477  0.83259258027675653
  0.84382534257076613  0.85466467297797988  0.86541381513432147  0.87591539386113026
  0.88620537365506269  0.89662621373613427  0.90686820749907582  0.91698621506095623
  0.92733842625330853  0.93748299827958459  0.94866666035119607  0.95944112173145679
  0.96990763425963711  0.98025936755333132  0.99026930746104169  1.00000000000000000
  0.00277615029289273  0.11435700618799657  0.17133847833164179  0.21012120952988589
  0.24166525582358392  0.26764744538566521  0.29047147958565706  0.31291838991956894
  0.33517272349399135  0.35512866445812041  0.37342848958747177  0.38991469131468043
  0.40561561194296181  0.42037703814769800  0.43481379111391233  0.44917059436819429
  0.46359327755706747  0.47725725829509597  0.48998228832668567  0.50242415596759427
  0.51507675716180790  0.52740120026008697  0.53921933077428297  0.55043534056550036
  0.56117310462310033  0.57141922401567080  0.58110157426807996  0.59063619165847003
  0.60018983384617286  0.60980226723204678  0.61936120854410637  0.62828635342390615
  0.63674904898412044  0.64496713081565082  0.65320343208274900  0.66118647407225206
  0.66870350023208713  0.67548683789058717  0.68232591328142111  0.68926086933259212
  0.69642701253316541  0.70354835066486532  0.71067438651344872  0.71753035303892765
  0.72430395447760254  0.73081233691391445  0.73712816531200387  0.74329612609097973
  0.74944938787683224  0.75573090757376182  0.76212784937553790  0.76831507461286186
  0.77408231352321000  0.77957479125612728  0.78515816794314663  0.79100200913095287
  0.79694391847966606  0.80290618019832594  0.80855333787646955  0.81409561556679333
  0.81966166251721251  0.82525683512098091  0.83086412221200601  0.83655931076484125
  0.84209203078417894  0.84770667863127380  0.85322860036884007  0.85858277295682617
  0.86383688346595400  0.86906875400532912  0.87443220903039232  0.87937594344485792
  0.88421312973950372  0.88880179716907348  0.89317908547426061  0.89746278382430833
  0.90168742292767134  0.90614729311178643  0.91059735838402500  0.91506178576651442
  0.91956860153481379  0.92407743847050450  0.92858803842711612  0.93312740098871960
  0.93768965776818736  0.94239320770937929  0.94733265720642823  0.95221260314987455
  0.95703826198524333  0.96213794505159222  0.96708926442452792  0.97194347051637198
  0.97674861445766359  0.98123144899002412  0.98565583703690129  1.00000000000000000
 -0.00211158922894362  0.00918780858193666  0.01914955402730400  0.02958799572731985
  0.03967131630415548  0.05004784472675832  0.06085814106570321  0.07242668702682110
  0.08363615097084759  0.09426552950513012  0.10457074338964953  0.11528320034971345
  0.12590007222075417  0.13747915327709073  0.14823374208332121  0.15909576592236982
  0.16910811844446094  0.17898199601804632  0.18932882938249204  0.19975311918219268
  0.20985532913408203  0.21982690006102529  0.22986680355664402  0.24071868626145157
  0.25128783136174881  0.26156387538411574  0.27199763082885264  0.28287300099549201
  0.29385995474748683  0.30492267191164507  0.31506547642581317  0.32473127122573953
  0.33437349149678830  0.34427783156748304  0.35441992624707824  0.36454890030833381
  0.37457880661423115  0.38507387275221944  0.39542400892105883  0.40514578843589971
  0.41478793005571191  0.42500353266602447  0.43571021154723677  0.44583605293574846
  0.45585167980435776  0.46624277738751208  0.47692202073578271  0.48712611457607508
  0.49720710045424754  0.50779356615483162  0.51871833925883870  0.52935175750631491
  0.53976902499982604  0.54974500409417704  0.55972422265189747  0.56939768531314661
  0.57904182730006803  0.58876657994153425  0.59877942592866862  0.60895415230783856
  0.61923795350499256  0.62972208781685890  0.64046379213431281  0.65147912850590528
  0.66233325259978248  0.67327940203178560  0.68431112835580166  0.69543461924063399
  0.70616354132910275  0.71668753065150537  0.72765676984190908  0.73854663435039580
  0.74962559238929272  0.76059249423966158  0.77164304047881982  0.78229136633027141
  0.79294925634727453  0.80403287518442212  0.81541718933141150  0.82650674889027775
  0.83734321479444862  0.84856434221047849  0.86006151649867291  0.87196133467394876
  0.88283681498676114  0.89381333133656271  0.90413775462366697  0.91518742394789510
  0.92532492677127487  0.93545648799016012  0.94584592876967510  0.95632050074664376
  0.96693405553469869  0.97748470947808763  0.98868238038422995  1.00000000000000000
  0.02477899586267504  0.03111844749925906  0.03991344239468263  0.04897678046854088
  0.05844641420578323  0.06841153909117277  0.07927498732379253  0.09051573290416562
  0.10140418075940838  0.11165620385000977  0.12133045155841742  0.13092680797438455
  0.14093514158785581  0.15102031847782518  0.16131274740667112  0.17147149350175339
  0.18159596226964372  0.19169858329138281  0.20181683294797384  0.21195389239801668
  0.22186921921143515  0.23149928547033338  0.24083022468315982  0.25014724099868901
  0.25949002842238245  0.26906941965328141  0.27917590103522527  0.28957543170770683
  0.30046015940836451  0.31165713734710054  0.32278053813691848  0.33363833213658289
  0.34400088064966361  0.35425778392911988  0.36448348493801508  0.37493142565072596
  0.38579505327439323  0.39662489887410857  0.40718023939620990  0.41784439560697423
  0.42904196433292546  0.44035262688135124  0.45113090891926272  0.46185136722728398
  0.47225620023406495  0.48233959976092872  0.49206384750184923  0.50147579178907942
  0.51114523409342827  0.52140824409776099  0.53220136991030420  0.54281097797306255
  0.55299982356246524  0.56319493379370111  0.57367746814688669  0.58423358382669466
  0.59476543971503093  0.60524539324732785  0.61575189196197888  0.62653609102077046
  0.63749446128103771  0.64853680128573943  0.65874897258159704  0.66867108153286636
  0.67858071702373868  0.68888786021540593  0.69920170345987542  0.70940083587125990
  0.72014160296659468  0.73088924446621539  0.74139538645907854  0.75180465450571554
  0.76216276310337949  0.77225226918540912  0.78175663374565663  0.79157619247074873
  0.80139464292016083  0.81077262038028086  0.81962038564356099  0.82854053786966275
  0.83829713387345328  0.84830152757814259  0.85794738111345692  0.86706501387927160
  0.87629388296146904  0.88583987930214947  0.89530719946942783  0.90456894661386511
  0.91411238255252714  0.92442938186572565  0.93512783901367447  0.94571005115118689
  0.95612703301233681  0.96556770931773783  0.97087425563099861  1.00000000000000000
  0.06986324156318696  0.23323295019026155  0.26439364997397063  0.28711632854714836
  0.30608486539030305  0.32284513000548748  0.33824542308316752  0.35269433525146943
  0.36677500557765164  0.38037651022533209  0.39355436370487823  0.40618517143964405
  0.41831507446422317  0.43011895232594066  0.44162418084078930  0.45297420169085661
  0.46443981933432027  0.47582624466865842  0.48714611577682393  0.49805751328200032
  0.50863493368228485  0.51885008731443771  0.52867120751777963  0.53814739407638812
  0.54767321496614507  0.55744757946492896  0.56722643597987832  0.57655373223804540
  0.58549432889226760  0.59448357631305471  0.60350990080020983  0.61210463686954020
  0.62055251412247758  0.62834450335089798  0.63575815167924210  0.64297775369990073
  0.64983584931681937  0.65655656675932828  0.66344195328341438  0.67008024744930261
  0.67660597685997192  0.68295695699814274  0.68915012972527945  0.69514085017414295
  0.70102618478359591  0.70695935361186235  0.71255896001063512  0.71784062355969802
  0.72317225173322019  0.72839526838593593  0.73370103659103936  0.73909869727358224
  0.74457827541225263  0.75009608212932610  0.75537738291596179  0.76039248654063818
  0.76521958290292802  0.76980432527316411  0.77419526427580632  0.77845089930906985
  0.78288465909368499  0.78728972558759647  0.79155165992890597  0.79590642798354638
  0.79996465648166681  0.80387046280402674  0.80786962270528484  0.81209196948208195
  0.81653064618105031  0.82107850912752334  0.82550423834753450  0.82959278418563598
  0.83344934115854630  0.83728902633173619  0.84117071823044343  0.84515786683237992
  0.84921702728342041  0.85314171041271170  0.85703870868950627  0.86098179384813589
  0.86493993495850008  0.86887569064481218  0.87260228631021175  0.87700809556578807
  0.88218376533497711  0.88762682688227623  0.89248776047033929  0.89757439035602726
  0.90229181218592225  0.90686829558529003  0.91165243249922778  0.91839628247218497
  0.92553046524329341  0.93127938858143622  0.93368209494040999  1.00000000000000000
   2.2889129264244771E-027  -1.0000000000000000     
 F F F F F F F F F F F F F F F F T F T F T F T F F F F F F F F F T F T F T F T F F F F F F F F F T F T F T F T F T F T F T F T F F F F F F F F F F F F F F F F F T F T F T F T F F F F F F F F F T F T F T F T F F F F F F F F F T F T F T F T F T F T F T F T F
  <DiscreteSampler_grid>
  grouped_processes
  1 # 1 for a reference and 2 for a running grid.
  10 # Attribute 'min_bin_probing_points' of the grid.
  1 # Attribute 'grid_mode' of the grid. 1=='default',2=='initialization'
  0.0000000000000000 # Attribute 'small_contrib_threshold' of the grid.
  0.5000000000000000 # Attribute 'damping_power' of the grid.
 # binID   n_entries weight   weight_sqr   abs_weight
    13   10   1.212125911046127E-017   4.062670163259538E-034   1.212125911046127E-017
    14   10   1.212125911046231E-017   4.062670163260147E-034   1.212125911046231E-017
    25   10   8.133766931894911E-018   1.117317448051853E-034   8.133766931894911E-018
    26   10   8.133766931894897E-018   1.117317448051864E-034   8.133766931894897E-018
  </DiscreteSampler_grid>
