  0.00000000005500563  0.00000000015677342  0.00000000023301715  0.00000000030034715
  0.00000000037473824  0.00000000044568445  0.00000000052430472  0.00000000060775652
  0.00000000069198225  0.00000000077782145  0.00000000088877721  0.00000000101065838
  0.00000000110053314  0.00000000117357776  0.00000000124850526  0.00000000133738374
  0.00000000144166644  0.00000000154401383  0.00000000164131260  0.00000000173824767
  0.00000000185676015  0.00000000194885653  0.00000000201759893  0.00000000208403477
  0.00000000215001489  0.00000000222864719  0.00000000232159448  0.00000000251294025
  0.00000000268323627  0.00000000282426479  0.00000000296060725  0.00000000310680007
  0.00000000327397825  0.00000000345017176  0.00000000363893305  0.00000000383581638
  0.00000000402338068  0.00000000419608055  0.00000000435804198  0.00000000453592684
  0.00000000470904194  0.00000000489809691  0.00000000508477980  0.00000000526752155
  0.00000000543920354  0.00000000559076546  0.00000000577332116  0.00000000592090933
  0.00000000606606473  0.00000000621924476  0.00000000635611733  0.00000000648067871
  0.00000000661160865  0.00000000675944792  0.00000000690266217  0.00000000703541061
  0.00000000720177744  0.00000000738185433  0.00000000758899318  0.00000000782904432
  0.00000000806737695  0.00000000826321132  0.00000000842562064  0.00000000856079119
  0.00000000871914676  0.00000000888573703  0.00000000908504012  0.00000000932862166
  0.00000000960325007  0.00000000987946958  0.00000001014150820  0.00000001040403223
  0.00000001068152616  0.00000001096087774  0.00000001122694151  0.00000001148770695
  0.00000001174900008  0.00000001198692408  0.00000001225012143  0.00000001251625734
  0.00000001276328661  0.00000001300333344  0.00000001325407940  0.00000001349237069
  0.00000001375428450  0.00000001406958297  0.00000001441371379  0.00000001479418871
  0.00000001530264770  0.00000001598377384  0.00000001682283642  0.00000001780024401
  0.00000001895257005  0.00000002041456675  0.00000002117373605  1.00000000000000000
  0.00975181009258150  0.01682838771175425  0.02762668601588943  0.04008150509942288
  0.05322298709663467  0.06481667975115789  0.07526195771842273  0.08583005310220046
  0.09803369951799031  0.11045263001634305  0.12365106406179235  0.13684446342245485
  0.14880208897633751  0.15837800927028409  0.16684124415713986  0.17526138580478096
  0.18407898680259113  0.19415323124838038  0.20391325319268250  0.21348141693890110
  0.22080830415812674  0.22984440890134236  0.23804227914298254  0.24494057856724546
  0.25198546508579656  0.25916440298665916  0.26624111892675950  0.28092712051161617
  0.29444263170590951  0.30736339912481164  0.31810177963642833  0.32923852204240078
  0.33877036420320855  0.34694759498121114  0.35459463347553127  0.36265568181642782
  0.37201820840587130  0.38556393764942043  0.40233158435472272  0.41674566405495878
  0.42850142588954859  0.44033648936449477  0.44965873600056200  0.46075441084686336
  0.47187197215155663  0.48176178158794541  0.49410929347802318  0.50755488090282608
  0.52534407632614943  0.54111145573663288  0.55613958524802276  0.57055962588009979
  0.58426255151227824  0.59724430518562888  0.61051351546634613  0.62368755519824703
  0.63756388408156905  0.65135051302758729  0.66383721917311023  0.67548936282879957
  0.68762216749912830  0.69851083143268045  0.71028924635917245  0.72386302316846307
  0.73914932846541559  0.75426618563934922  0.76872179009521302  0.78280305223587954
  0.79356034943228881  0.79888214604235852  0.80528861776798943  0.81159854935910913
  0.81849395398564173  0.82495566985003121  0.82950364958465739  0.83363597515058063
  0.83868649946712581  0.84436921205111382  0.84958984916480984  0.85382987851740433
  0.86309143077771577  0.87421490369724963  0.88311715527746526  0.89053232124602832
  0.89788278321511683  0.90527329347818353  0.91256140624963744  0.91988672654403203
  0.92721410175858765  0.93433427201071984  0.94194889449517838  0.95116800416603531
  0.96174219857046905  0.97465650699077999  0.98718555243848061  1.00000000000000000
 -0.00000014655760885  0.00006480594768149  0.00055002357202854  0.00156071438630182
  0.00359665341998080  0.00633962043496573  0.01011843734417002  0.01465491980377036
  0.01968861636578039  0.02430001423704474  0.02836174975405355  0.03213348733478662
  0.03710114440475179  0.04307356943938613  0.04832276698289690  0.05382322985978056
  0.05964187451461801  0.06606672702734678  0.07330084104914672  0.08090071841958531
  0.08938532416362219  0.09777072076056333  0.10586729616596292  0.11470556946329626
  0.12424884339587620  0.13474162922524663  0.14685565848542828  0.15958032338228526
  0.17282634811780029  0.18372446730865813  0.19522010181610563  0.20721975858454472
  0.21961105052154212  0.23408997087234207  0.24962696178360869  0.26530056010873271
  0.27994742477249562  0.29249139998512369  0.30276327335062136  0.31117833253437288
  0.31928230790793533  0.32776548008898526  0.33732502077678794  0.34792410387568701
  0.35880773027712670  0.36926407530636851  0.37970679266828333  0.39018881339485517
  0.40027418989880775  0.40935428425071524  0.41796952984212682  0.42671400724903574
  0.43590743911282925  0.44550726925023337  0.45515475902822455  0.46487223893497448
  0.47239569235111861  0.48045218622636687  0.48849898144007431  0.49613533074546462
  0.50554527851021058  0.51812434950777475  0.53204716397903018  0.54621409823172462
  0.56019335663205372  0.57444822395082140  0.58854676444801379  0.60393514623970102
  0.62049078106405886  0.63652857577870781  0.65043448921990887  0.65920005197613118
  0.66889612313634417  0.67987519239020744  0.69235889104819781  0.70548155229179754
  0.71535805323804713  0.72516658699816072  0.73532523046889597  0.74544758298563207
  0.75549993496005241  0.76540513354859263  0.77497614141490689  0.78502126929142813
  0.79492032821286407  0.80426206004663936  0.81948615329260299  0.84115162331190407
  0.86379928323340860  0.88399696283244433  0.90355911044376869  0.92315284090119676
  0.94225701713022192  0.96189987512837272  0.98130917869667056  1.00000000000000000
 -0.00098738442700255  0.00565484704700241  0.01126356061753814  0.01707174023000893
  0.02177716691278689  0.02700354409815198  0.03277038061690016  0.03919121506440497
  0.04711285545509233  0.05357187095132180  0.05897124672799278  0.06629233888218120
  0.07732519966521059  0.08796115879631791  0.09805515716712550  0.10965940078416324
  0.12230690673443248  0.13321839501209809  0.14345555254295220  0.15611323307845121
  0.17126366749312991  0.18289487080998867  0.19224843459973967  0.20032423170229033
  0.20811675103827945  0.21658979909057310  0.22655794690681108  0.23804817070645146
  0.25006744675655590  0.26231604880366860  0.27530587687576097  0.28901541155868649
  0.30219510582414449  0.31523402885468033  0.32804911660297853  0.34067944066685169
  0.35292305070169261  0.36393578880051630  0.37034851794356999  0.37493836189630597
  0.38065716410887118  0.38602478951087416  0.39125951578822199  0.39711812710189703
  0.40296040486184914  0.41223625975097361  0.42563178964630638  0.43983280118419776
  0.45366722656526903  0.46649654535093082  0.47981816847449987  0.49388134453518417
  0.50733080718150414  0.52094415811948680  0.53527251567388878  0.54757973564705864
  0.56063687063988465  0.57192488583520240  0.58272245468538941  0.59296117460069908
  0.60276868123530591  0.61108396507166796  0.61881616334185974  0.62645251837812310
  0.63529570642552313  0.64493867833755447  0.65338499472418710  0.66102535775914661
  0.66854094642425976  0.67696229501942595  0.68571129504056383  0.69418370311085054
  0.70185706136121706  0.70733883160393629  0.71691632482299028  0.72820727658829654
  0.73976718007128550  0.75189067175900248  0.76560478690846157  0.78137634362747477
  0.79707494810951907  0.81045448627225580  0.82173085676831825  0.83298488095436207
  0.84506650878474854  0.85911104385280457  0.87204373729250095  0.88410258642153750
  0.89628621704815992  0.91038721441947235  0.92834854776746822  0.94809782749550042
  0.96793294424998211  0.98055031988143371  0.99088510063499569  1.00000000000000000
 -0.00377430627890840  0.01110853762633251  0.02317603119539378  0.03409280686764265
  0.04519929117777267  0.05714573123185118  0.07007566820622790  0.08471805618142524
  0.10042069357563027  0.11647101269234843  0.13177646622617489  0.14438100486046135
  0.15343902286589234  0.16083433557933272  0.16879954073030004  0.17727646700780392
  0.18566281444971205  0.19317107133326794  0.20055703222596610  0.20871715956407272
  0.21990725433116184  0.23117626364868551  0.24190618793792004  0.25287561773766248
  0.26530507838146467  0.27837867271843675  0.29163304867152862  0.30572651085345093
  0.31997945141606543  0.33299891553505317  0.34609228569299816  0.35733314526023524
  0.36765753506619897  0.37953448663598105  0.39180990696089923  0.40322025714451654
  0.41158097349032358  0.42074766159719384  0.43112946548182407  0.44129403079157109
  0.45180712064382456  0.46295140908167781  0.47484814459562658  0.48744890633797389
  0.50296336492086668  0.51738097099612068  0.52844961486953768  0.53900991721571090
  0.55046783763818707  0.56332125505223896  0.57758359799330139  0.59218946909135495
  0.60653512739528204  0.61889403378745245  0.62928650649630513  0.63915401303505592
  0.64942462889565356  0.66020704523097939  0.67383737174982772  0.68762264170913578
  0.69843823180395515  0.70769536694391277  0.71759019999317464  0.72830050221018028
  0.73981129403605284  0.75023302707221540  0.75875812268947407  0.76732774859671504
  0.77418478621986797  0.78295887107264495  0.79068570919632364  0.79580951946020040
  0.80221832401623150  0.81080457973474007  0.81853886355955929  0.82383221345790703
  0.82855122883854104  0.83368493629070473  0.84003088489031719  0.84716053991404605
  0.85490839387713669  0.87043732113358596  0.88238939650490633  0.89157750655311652
  0.90158756948053331  0.90970039801862101  0.91649180197542657  0.92250702005474072
  0.92864178246989615  0.93472328197523313  0.94185586446874903  0.94909577010536939
  0.96039634090446890  0.97484175520381633  0.98832521102877757  1.00000000000000000
 -0.00182025399205288  0.00924839157762332  0.01765153591959601  0.02599959411139662
  0.03440058263622895  0.04286758059976339  0.05529190411523797  0.07004922617189216
  0.08384294695562738  0.09649075635817451  0.10978379779310052  0.12512889850812750
  0.14095742383725651  0.15411345957960360  0.16488174444144629  0.17446612999859415
  0.18366061875243067  0.19173638280376396  0.19952157932802914  0.20727360947617518
  0.21492501531499009  0.22379463555852391  0.23465909714525368  0.24544973967508768
  0.25824721076330126  0.27388980867229157  0.28990909569626416  0.30363924970616279
  0.31520438774162657  0.32595478827189200  0.33754630290343041  0.35089390644007024
  0.36562964180698337  0.37980186242910241  0.39199226963212247  0.40187153850112151
  0.41244624896426613  0.41930410508856863  0.42488901773739290  0.43053061577552759
  0.43755501575909922  0.44455255283323775  0.45165024936521314  0.45943831137017105
  0.46724668225156324  0.48170307144009256  0.49594188816039919  0.51018233764517040
  0.52264808299582233  0.53292772653664300  0.54223782972100965  0.55163587725893992
  0.56232680791676903  0.57050290514575042  0.57706902431267559  0.58336254762961270
  0.58955205711460523  0.59585853888104445  0.60318552094804734  0.61006461874147810
  0.61550164543908870  0.62082729742108611  0.62756692933114655  0.63588670721125573
  0.64452766488017121  0.65438530993159882  0.66491072051573208  0.67624212439360054
  0.68807574000122884  0.69946411466782010  0.71071964463713377  0.72149940435763771
  0.73359503713818408  0.74564227235395997  0.75591272465015269  0.76593105694317909
  0.77627531133622030  0.78733119834707344  0.79837898781206562  0.80795714755339032
  0.81880535523491083  0.83020535712270460  0.84198983280920336  0.85443425970930420
  0.86293786110602388  0.87209634311910500  0.88179900035005288  0.89179806799707728
  0.90212503205418870  0.91298973248962723  0.92444184484314518  0.93700557241136029
  0.95134286798509426  0.96653905522973094  0.98186667355578305  1.00000000000000000
  0.01587656095674381  0.01855822813811981  0.02150096692192873  0.02566977973992923
  0.02959024980881428  0.03270509685801852  0.03459663530466434  0.03661507034403649
  0.03844793022840381  0.04051878938125567  0.04334363795184447  0.04630367549272742
  0.05004103070066816  0.05348980432572596  0.05664630137515574  0.05989630160188082
  0.06336458708155998  0.06649712585050649  0.06908682775954020  0.07166124552096588
  0.07481639130581452  0.07843385183572456  0.08169765789105743  0.08527691564381833
  0.08999467073035776  0.09459957045219244  0.09934692466646938  0.10427461252210875
  0.10894123351125308  0.11367198799992938  0.11853672829379826  0.12384365492969980
  0.12993997841834812  0.13597465208498472  0.14193339693419801  0.14860896889217975
  0.15664539399716748  0.16449255591757633  0.17200215759511597  0.17937293351852127
  0.18719352346434359  0.19529812111926922  0.20390795462157277  0.21269290389351472
  0.22154570532389936  0.23033411850832455  0.23759792199880303  0.24326822771504111
  0.24844597890744541  0.25369605821545349  0.25969359682310322  0.26698219148239793
  0.27392366257693357  0.28071717206600572  0.28698250401641179  0.29412330337713288
  0.30254642933570491  0.31142440922884246  0.32130565553905677  0.32785370398551417
  0.33316262872936886  0.33868625952960746  0.34412088930633877  0.34969727645139970
  0.35490907635182223  0.36060279662124872  0.36922625977656770  0.38093120287341486
  0.39249305221581038  0.40300786907264941  0.41255353405887690  0.42190168233353181
  0.43138293924757248  0.44207759332944191  0.45403689873118896  0.46724410370505493
  0.48238304568617729  0.49665039360232305  0.50978985165636970  0.52291089567859417
  0.53591944281770476  0.54926804181141820  0.56423009493191556  0.58054730003652888
  0.59680056646681034  0.61688473291235102  0.64250900280744982  0.66741534575898509
  0.69084041987027500  0.71769071195332168  0.75054344120349914  0.78990902012678887
  0.83110237858805946  0.87147775105534186  0.91880620819687608  1.00000000000000000
 -0.00403139508103850  0.01716214526902983  0.02766426777376156  0.03581743411303303
  0.04321526515167313  0.05075473593562638  0.05844202987824153  0.06529163479375236
  0.07130392835550300  0.07718777685109320  0.08524053014389167  0.09471059566845999
  0.10418507645360767  0.11258855723739726  0.12060211580490454  0.12988874451092733
  0.13947848083280606  0.15084127034919162  0.16440009005248818  0.17388450405986564
  0.18030497004244833  0.18638455160170830  0.19169969136477022  0.19676896565553018
  0.20174225485091962  0.20608550264605455  0.21420251484330596  0.22354887022902645
  0.23385387041985142  0.24630121077521144  0.26374608609472194  0.28306337510219509
  0.29652685792113354  0.30924125968338723  0.32157300731586680  0.33499349618642976
  0.34872643333144099  0.36763672106031892  0.38341348822410676  0.39731373375563422
  0.40934256195917285  0.42032003155550685  0.43124704525741964  0.44214871804391359
  0.45245866567829551  0.46271632163372739  0.47451343772509269  0.48635416504226986
  0.49835054418479208  0.51198782548659094  0.52552394502145994  0.53821777040879881
  0.55113343732398046  0.56394319511609103  0.57672552301555646  0.58897275489697110
  0.60092415794982645  0.61299349935870795  0.62453794285483422  0.63428224262104449
  0.64487062609723300  0.65619333251781697  0.67064063759224846  0.68645233559535346
  0.69828841913742845  0.70943698271901090  0.71967690603683510  0.72871965901131908
  0.73657593436999391  0.74386751042572297  0.75255302164013516  0.76318353134909456
  0.77518584656183198  0.78765323949772037  0.80117102958026232  0.81504323367598386
  0.82660444965552238  0.83443652112282674  0.83978095970141031  0.84404899664733990
  0.84888257121368960  0.85405888974955158  0.86044805080888653  0.86745760961752605
  0.87417210352587571  0.88050437549123950  0.88643996044304985  0.89362123368551138
  0.90575957928475570  0.92551680872452036  0.94401700211939665  0.96058076723237662
  0.97173717931061621  0.98197338264130307  0.99137675464986375  1.00000000000000000
  0.64555678194567723  0.67682225212105374  0.69860390826898267  0.71558213328128273
  0.73108195186949754  0.74682198268658206  0.76408868624962445  0.77975681326443003
  0.79380390878235041  0.80794046694793997  0.81940569852811473  0.82938267445017111
  0.83981352113009877  0.84894495355945887  0.85775032853437505  0.86575380854921102
  0.87362167625248877  0.88112828011388167  0.88837316406900158  0.89458908402662896
  0.89964486688712675  0.90434813956034155  0.90936817966157890  0.91446351811373827
  0.91834016418321307  0.92078750403499587  0.92318986180044005  0.92574960870962919
  0.92837759722963042  0.93102783467078309  0.93363427338749549  0.93643532825513864
  0.93897120655317068  0.94109454486983157  0.94301658595244719  0.94487003738684083
  0.94674696072098286  0.94865443964274443  0.95057012263383212  0.95232840539760544
  0.95383130008947858  0.95529895684113930  0.95662938846421397  0.95791442998856979
  0.95901562335675805  0.95982661253621104  0.96055021740727864  0.96126262443530086
  0.96184973134792995  0.96247416929045393  0.96312609681692185  0.96378707652901119
  0.96447103654569832  0.96510743279052702  0.96568941485714466  0.96622684521381308
  0.96672065664455298  0.96719884305365700  0.96766381286490255  0.96807405973948690
  0.96847928382063997  0.96888383181035931  0.96927889264894573  0.96971833026672105
  0.97025979595018053  0.98187636852255200  0.98224985938233000  0.98252514385784762
  0.98277524475159872  0.98301424643825708  0.98324432864138023  0.98347029740726377
  0.98369145355003407  0.98391039370089062  0.98413601699583708  0.98438544318695931
  0.98466845142561643  0.98495527281181683  0.98525154016037042  0.98557644720579995
  0.98594701632455284  0.98632233978051065  0.98674216401084924  0.98720423293536652
  0.98770506234361166  0.98826911086663682  0.98886513894508710  0.98958776476512356
  0.99034171163240670  0.99110232598033121  0.99190909330995469  0.99300347089164198
  0.99427225134255859  0.99573268361621958  0.99751890638597063  1.00000000000000000
  0.09510070269663534  0.12264546424465536  0.14057542832679401  0.15823833879079158
  0.17230169105685023  0.18610150148074842  0.19550585239373736  0.20322060973113643
  0.21046355803056549  0.21824678604672271  0.22610878720068275  0.23193339541718855
  0.23627005345157881  0.24096287618676068  0.24577378275855361  0.25007519881019813
  0.25368025716737552  0.25726270783306487  0.26096671212112565  0.26450131197082677
  0.26823165690748657  0.27164544799425822  0.27488939423419045  0.27818861096206349
  0.28137763608670635  0.28442471435505662  0.28766604499808013  0.29166296707301931
  0.29704887274099573  0.30225303079341176  0.30721729545744858  0.31205597084871417
  0.31859498145193138  0.32520131725866291  0.33206135884152349  0.33846763583676898
  0.34495181554817100  0.35105892249685433  0.35598700303557873  0.36039393214259458
  0.36468869824900463  0.36886461037902241  0.37290360256577149  0.37735575964044205
  0.38225736025098422  0.38642510325688090  0.38939246892069429  0.39264053160603074
  0.39601879734320677  0.39978615573672843  0.40450312487260048  0.40884548477101046
  0.41448845858880334  0.42018301035415362  0.42541504727130525  0.43037064858992163
  0.43569821678872728  0.44100665897651137  0.44674767042065505  0.45300293999011382
  0.45919329715370255  0.46584011768800304  0.47292641787010803  0.48031967643635148
  0.48755764607365382  0.49386718608546348  0.50003488567566023  0.50616759670670231
  0.51225020119002385  0.51954189706954534  0.52786780122802868  0.53732627375088338
  0.54747080899606126  0.55419772228806397  0.56100533913669648  0.56702944362485252
  0.57304650745498731  0.57986393300551786  0.58761054614196639  0.59496777595708317
  0.60342425121515808  0.61255317330094738  0.62184387108891370  0.63111166044306954
  0.64053083161283930  0.65100142075494938  0.66241106510415348  0.67457466378670505
  0.68747634336279373  0.70165369685609480  0.71895502097533204  0.73756328461306930
  0.76847740544070464  0.82084661899909428  0.92559841940516296  1.00000000000000000
   5.3067781619458583E-030  -1.0000000000000000     
 F F F F F F F F F F F F F F F F T F T F T F T F T F F F F F T F T F T F T F T F F F F F F F F F T F T F T F T F T F T F T F T F F F F F F F F F F F F F F F F F T F T F T F T F T F F F T F T F T F T F T F T F F F F F F F F F T F T F T F T F T F T F T F T F
  <DiscreteSampler_grid>
  grouped_processes
  1 # 1 for a reference and 2 for a running grid.
  10 # Attribute 'min_bin_probing_points' of the grid.
  1 # Attribute 'grid_mode' of the grid. 1=='default',2=='initialization'
  0.0000000000000000 # Attribute 'small_contrib_threshold' of the grid.
  0.5000000000000000 # Attribute 'damping_power' of the grid.
 # binID   n_entries weight   weight_sqr   abs_weight
    13   10   1.549246260930581E-022   1.329927624129624E-043   1.549246260930581E-022
    14   10   1.549246260930649E-022   1.329927624129693E-043   1.549246260930649E-022
    25   10   2.565986760640795E-022   3.467667351165514E-043   2.565986760640795E-022
    26   10   2.565986760640033E-022   3.467667351160716E-043   2.565986760640033E-022
  </DiscreteSampler_grid>
