  0.00000000022004900  0.00000000061645006  0.00000000090069836  0.00000000116342879
  0.00000000140435083  0.00000000163361854  0.00000000185756399  0.00000000205637781
  0.00000000225125693  0.00000000243721212  0.00000000261848067  0.00000000280968786
  0.00000000300837649  0.00000000320466836  0.00000000339152945  0.00000000356605334
  0.00000000372912370  0.00000000388836920  0.00000000405706504  0.00000000422879332
  0.00000000440317579  0.00000000457619173  0.00000000473839737  0.00000000490204074
  0.00000000505375272  0.00000000520701817  0.00000000535847061  0.00000000550321474
  0.00000000565180457  0.00000000580611058  0.00000000596816185  0.00000000613345340
  0.00000000629682777  0.00000000645928584  0.00000000662220369  0.00000000677884920
  0.00000000692911309  0.00000000707704219  0.00000000721724558  0.00000000736638687
  0.00000000752599414  0.00000000770127397  0.00000000788019857  0.00000000805699390
  0.00000000822491378  0.00000000838891338  0.00000000855341894  0.00000000871732630
  0.00000000888236355  0.00000000904590756  0.00000000920900601  0.00000000937455680
  0.00000000953771886  0.00000000970459240  0.00000000987415556  0.00000001004158435
  0.00000001021184956  0.00000001039172749  0.00000001057785935  0.00000001076432669
  0.00000001094166991  0.00000001111681957  0.00000001128939544  0.00000001146519510
  0.00000001164501859  0.00000001182634470  0.00000001201542833  0.00000001221517123
  0.00000001243990432  0.00000001267953110  0.00000001291037354  0.00000001313734616
  0.00000001336691298  0.00000001360524148  0.00000001385428814  0.00000001410264415
  0.00000001434061662  0.00000001458434587  0.00000001485071830  0.00000001512600982
  0.00000001541195628  0.00000001571522503  0.00000001606768124  0.00000001643019027
  0.00000001679470205  0.00000001716125581  0.00000001752654068  0.00000001788414835
  0.00000001829746027  0.00000001880177275  0.00000001939534738  0.00000002006723325
  0.00000002096657920  0.00000002259933752  0.00000002366379047  1.00000000000000000
  0.00947945277490383  0.01664319248207756  0.02653743213090274  0.03781953648773441
  0.04857787354088439  0.05911641416836353  0.06885596748934185  0.07758723022304959
  0.08662132735436258  0.09592465348261497  0.10544035267816919  0.11519133917050443
  0.12532977758214528  0.13595502377018601  0.14690926433413834  0.15775877550443040
  0.16819677881940850  0.17782720831829674  0.18759418919779217  0.19765573339671688
  0.20749293156873086  0.21665055578722089  0.22571193091350342  0.23528045086531452
  0.24473196127264593  0.25431388795743182  0.26329821287647731  0.27262418115780118
  0.28251798494026703  0.29333140909152544  0.30464483008698362  0.31557431319402618
  0.32588979108205485  0.33628607159054702  0.34761051354466443  0.35975460404890963
  0.37222313241759886  0.38433231062780243  0.39565731831125439  0.40732319648138132
  0.41966408245563996  0.43181207487762463  0.44350656815563150  0.45394922268291232
  0.46406288725353273  0.47406499349575959  0.48506181068450721  0.49603117424523602
  0.50588921419214805  0.51541350206801373  0.52573082427063567  0.53701782401019971
  0.54824463767685616  0.55886104253833735  0.56888295123940658  0.57873588134449949
  0.58857917623659983  0.59826459717689806  0.60826858343175649  0.61841860828829165
  0.62866832971213027  0.63888669439232892  0.64947515325168925  0.66072979136136389
  0.67227767684383666  0.68346496048163563  0.69403280530917211  0.70458690897761800
  0.71431010905262193  0.72374427047130663  0.73340879435123296  0.74287926745691701
  0.75318417207303412  0.76395516629236759  0.77526039665328039  0.78731131490100215
  0.79879218809202479  0.81023687812656442  0.82146229424634942  0.83326111633835687
  0.84503144804908847  0.85748579354248833  0.86954344606436074  0.88087851425055275
  0.89175676990729280  0.90268474306536106  0.91343680369600766  0.92398263775372280
  0.93375452201832809  0.94283340015271355  0.95137558030924019  0.96073901231673753
  0.97125914752700881  0.98195172580045853  0.99092965702809899  1.00000000000000000
 -0.00188906925538097  0.00858388653269270  0.01794139666608473  0.02859941599140367
  0.03949670491703280  0.05124922312326446  0.06316206366469815  0.07492943134416707
  0.08695271801767090  0.09900895259402609  0.11021765993034469  0.12036799463000711
  0.13088340718471506  0.14141391116519944  0.15352776993842657  0.16372868375887567
  0.17413760011646753  0.18471311552593891  0.19600119047649056  0.20776645753648684
  0.21942646545168537  0.23075278161813731  0.24202551127698513  0.25249829800366708
  0.26251506804749730  0.27223025098030568  0.28249404933917555  0.29285161026548018
  0.30241842952614445  0.31191893949197386  0.32168316676984482  0.33169087971736905
  0.34166999268532905  0.35161803091390031  0.36173351768179879  0.37187103108028385
  0.38162872670337533  0.39107740813916259  0.40083047375314862  0.41101377159248148
  0.42105282737731281  0.43012417701580763  0.43878081964978966  0.44764028527784400
  0.45671196636889916  0.46644430247301355  0.47646788927694272  0.48752918888916519
  0.49894343893991772  0.51034410882256975  0.52135877395590913  0.53224263019866591
  0.54248758906589645  0.55227048848306182  0.56184202870915523  0.57146241632679351
  0.58133937480673337  0.59148102746891684  0.60162118530396991  0.61239521169008004
  0.62365888714248674  0.63448165458840400  0.64534869298981890  0.65601689564722443
  0.66666291250382570  0.67728622097277624  0.68784838107997948  0.69829296861416301
  0.70874402521426572  0.71946847976243844  0.73101683470720114  0.74292512767070829
  0.75470832507638386  0.76527313791126317  0.77569932986749535  0.78592866494841562
  0.79648455607843105  0.80691372902456537  0.81740741991135391  0.82732984375925434
  0.83698010770267173  0.84635892969285731  0.85625311635210921  0.86813432913153021
  0.87983777084671222  0.89136265714819596  0.90316621853114754  0.91411233083850796
  0.92428094477606948  0.93421072312909237  0.94463889867264239  0.95610677697296553
  0.96702436393610491  0.97800946912967845  0.98878869555089577  1.00000000000000000
 -0.00253685704936554  0.00820951239572012  0.01715877714065862  0.02641396646867320
  0.03605132100701238  0.04613912674103909  0.05716275505994739  0.06888827611874310
  0.08027571199271076  0.09127242576407120  0.10204192037495935  0.11368724529205530
  0.12536224012978892  0.13703556654470694  0.14754908866962091  0.15855756061555795
  0.16820734281026450  0.17648417371127051  0.18564982722441975  0.19411950122608507
  0.20355156087745277  0.21195411522091245  0.21958322623155427  0.22817630267819286
  0.23874696149880420  0.24964931253948272  0.26045337094051851  0.27099337872500906
  0.28088045347978996  0.29048104710273820  0.29997674059231977  0.30937944173210680
  0.31893532140707415  0.32879010703828931  0.33880557865341054  0.34833423331464036
  0.35753705546798425  0.36701832892389685  0.37689458111003482  0.38678035934693389
  0.39666931653002591  0.40665742948622574  0.41685402121706405  0.42691062322556456
  0.43700607365277128  0.44705689875982141  0.45717927929580016  0.46759448045558782
  0.47786176571329070  0.48810082663105803  0.49859925419525020  0.51009483940929901
  0.52177802530722539  0.53306161933817509  0.54401527247324077  0.55457104624546205
  0.56483273425733704  0.57510675920421539  0.58534867226488319  0.59529931680072623
  0.60541557025736936  0.61659507525571622  0.62900235630655199  0.64195717895856264
  0.65432142407861027  0.66644884938713089  0.67757623977442816  0.68802548467191404
  0.69844349610129697  0.70920278238581924  0.72044243262020002  0.73142055426182639
  0.74242834713493611  0.75353575949962948  0.76454020529792677  0.77617307336790708
  0.78844743912980653  0.80037924241150671  0.81173077246999903  0.82251318077889901
  0.83408339596957826  0.84623807940194840  0.85826179420733884  0.86938665458890074
  0.88028736993277479  0.89197166085636059  0.90278167448968594  0.91332970159779003
  0.92404059401679206  0.93485431705025324  0.94572039118293338  0.95546630085544182
  0.96606848481523500  0.97685420695797720  0.98832929525225865  1.00000000000000000
 -0.00273388801317389  0.00995690423964645  0.02113044069600244  0.03204460696799558
  0.04310986920586887  0.05391091083391426  0.06463498618794847  0.07515254583840406
  0.08550890972222794  0.09601855087680193  0.10677631850182071  0.11801501484588668
  0.12899289897784971  0.13916306235386444  0.14887910832312384  0.15849574067618416
  0.16861899563488519  0.17893884385935588  0.18950008769232218  0.20030748232064643
  0.21099145187930843  0.22124137668659766  0.23147840207504236  0.24193997495372971
  0.25230183786207661  0.26275678669432856  0.27372870288855400  0.28513809210206426
  0.29610796536724138  0.30679327734204759  0.31708605907109649  0.32709638649469441
  0.33718601230349926  0.34745773403508601  0.35791094715763860  0.36779109251608638
  0.37678414225690254  0.38627136471012385  0.39566914130112130  0.40620787528163627
  0.41684241208506162  0.42820237523263505  0.43992706214344030  0.45220899403098508
  0.46381721375050677  0.47430108299820589  0.48407947588780342  0.49370027670315558
  0.50319928793185253  0.51287262893930841  0.52284072604043152  0.53367979090219675
  0.54423254614880101  0.55510321396733375  0.56613268420377605  0.57634201744411762
  0.58661466489847280  0.59725682781552047  0.60825164140676202  0.61934613230680036
  0.63097567046475256  0.64270473604901734  0.65407325388068460  0.66535876376978254
  0.67649410034574808  0.68768785534836885  0.69931274829580270  0.71096730124187590
  0.72313836672789256  0.73450613447205448  0.74499474546497124  0.75562099637176794
  0.76588034269762351  0.77567453135634656  0.78515084623701437  0.79518575897350896
  0.80569919965374592  0.81657286238036597  0.82804190374523401  0.84051865309070140
  0.85353731750035255  0.86505475885676619  0.87487067348230008  0.88335919500367532
  0.89153260198511064  0.89976077223115769  0.90830135236065734  0.91718328743837763
  0.92668557912842597  0.93634040190845069  0.94783271455667051  0.95872972320045502
  0.96941352342092502  0.97964447360727580  0.99011553595335300  1.00000000000000000
 -0.00283326208625863  0.01114745098388537  0.02250237037143527  0.03315074437289334
  0.04275859826072265  0.05264588018519809  0.06256207203155420  0.07315406358491565
  0.08394060815667019  0.09406273755883676  0.10377915842853054  0.11358861689267015
  0.12400631760795205  0.13468786004260092  0.14537531829365583  0.15571787085257105
  0.16601855420466005  0.17618075318500157  0.18593636747248857  0.19521690973937561
  0.20455009249133113  0.21471700905904684  0.22546279078151837  0.23620550920662833
  0.24673508499904437  0.25705412401795541  0.26768203356565673  0.27918679014724984
  0.29158746798267476  0.30358312961628742  0.31439374547914040  0.32436647864004642
  0.33478875780394857  0.34556998707014719  0.35632888298434567  0.36662925283483905
  0.37701359578363869  0.38700053094317538  0.39705943608215044  0.40739575159313718
  0.41856948290047397  0.43014264728479296  0.44176702048294336  0.45343703553723003
  0.46507545685304741  0.47716811970967826  0.48954774378896831  0.50191848906451397
  0.51340325111627172  0.52394206636560936  0.53397841739521246  0.54435567853747491
  0.55451427755192539  0.56413966770085877  0.57385306315385243  0.58431939678689560
  0.59520633686517521  0.60605623188813063  0.61711580551903888  0.62840636777753556
  0.63945515796064867  0.64988944796373016  0.65999738645725115  0.67031638237977276
  0.68087456472707142  0.69153819941352390  0.70243034628149037  0.71218313059326188
  0.72133480314521670  0.73042855219227076  0.74022946341096552  0.75057245699318864
  0.76153734808989404  0.77262804227732429  0.78391136073770662  0.79549264187551583
  0.80693665750622490  0.81927285401872019  0.83200217669069776  0.84397585405634790
  0.85457174513650491  0.86418660306783512  0.87303564598694983  0.88242799734089794
  0.89176911959510441  0.90142529130538518  0.91102296083063183  0.92097245315758147
  0.93152042348054709  0.94240750153711261  0.95307409967170276  0.96364452407232581
  0.97271680760628265  0.98180216983231428  0.99103004892605950  1.00000000000000000
  0.00201996367114312  0.11947070950737039  0.18022039408065119  0.22120505046091221
  0.25510421971200409  0.28174688163083877  0.30641018773861201  0.32739890121566761
  0.34749765824670992  0.36814457284872593  0.38663367073638871  0.40449265298873843
  0.42177009952496819  0.43772152568931183  0.45299597454545565  0.46708817513344342
  0.47957038431014359  0.49170970020518046  0.50354540632438993  0.51513615186022987
  0.52652078011624615  0.53793095937692137  0.54916595119861789  0.56070210580787316
  0.57167508134884504  0.58081316328942423  0.58910501206839094  0.59692179126040623
  0.60470547095088023  0.61316302545229462  0.62137857281928854  0.62974007613253447
  0.63826091711982114  0.64690000566584183  0.65557463766167723  0.66434199290348539
  0.67267303079417584  0.68077963840424804  0.68897792416231984  0.69671912806778435
  0.70414715320859911  0.71143357089247505  0.71823228759561408  0.72484320428381721
  0.73108062344988578  0.73779526330456646  0.74457737476256181  0.75138659460778401
  0.75790203011668422  0.76417297849597843  0.77047944293291881  0.77689677167073157
  0.78338134271562887  0.78954313366697415  0.79562155157728132  0.80150747652548038
  0.80743268194110152  0.81322480244044182  0.81909761215726296  0.82517903217765654
  0.83148167798032746  0.83763685305547131  0.84339137686525922  0.84898787483386251
  0.85451968055165473  0.85999960687273103  0.86562788207772912  0.87117423149358697
  0.87656979147272940  0.88178047557547823  0.88702614193744089  0.89220371613569482
  0.89698493290744252  0.90150324227435441  0.90608733899661087  0.91086497342075534
  0.91562233825205575  0.92004815904898807  0.92421008254317416  0.92813743074074573
  0.93243719994630603  0.93685707077086489  0.94125686546158926  0.94566081863935125
  0.94986263027611606  0.95391777405044753  0.95795722117872795  0.96220460647016293
  0.96652120455234847  0.97045332348303570  0.97454336593470037  0.97867809880304568
  0.98272156021457568  0.98505906221817674  0.98569193549392398  1.00000000000000000
 -0.00164531085835064  0.00689278435368960  0.01448554292965930  0.02254670560969772
  0.03194140497253480  0.04110819152949287  0.05247325846640527  0.06325379347139325
  0.07244004140089122  0.08133763580110968  0.09017235524169598  0.09945197198378151
  0.10731818687997660  0.11524127169061064  0.12325271479575479  0.13348140708652806
  0.14418484353953356  0.15584397839168301  0.16800632347707400  0.18053563469719547
  0.19269334655592615  0.20456105274560327  0.21608026362059130  0.22754806677008757
  0.23889794838232695  0.24970146452784314  0.26012193427614894  0.27077192816301626
  0.28178204767316478  0.29372781518689989  0.30602860773999296  0.31739372150898393
  0.32795549306536920  0.33793123586360813  0.34777838015353701  0.35798900379874687
  0.36882503305886061  0.38023929783953625  0.39192396364780946  0.40346526803074534
  0.41511055971468525  0.42683128233253864  0.43848079640531384  0.45020767020141506
  0.46132199636128701  0.47102527325606480  0.47984675130533411  0.48834667564405748
  0.49661492619496322  0.50482153209630687  0.51334713911022012  0.52310817476471072
  0.53718997731567353  0.54879808285515397  0.55927325807907569  0.56900270294102728
  0.57838223098191477  0.58722160844277371  0.59627767214143923  0.60638986426345143
  0.61792887637789662  0.63007828196568905  0.64170403217253846  0.65353172259147640
  0.66489882936191558  0.67769980977787825  0.69011288724309827  0.70161341056812765
  0.71295793418880482  0.72440649033405535  0.73610917598516024  0.74769698812479091
  0.75992483884401851  0.77185466931646263  0.78299916624781118  0.79323371679940435
  0.80358019177789741  0.81433830059189893  0.82485775992698274  0.83532493338040203
  0.84520048008072202  0.85556112553394614  0.86634459121094676  0.87783209877741109
  0.88909941114945357  0.89995453595416575  0.91017647831521975  0.92050390511940783
  0.93117636268112924  0.94149794074696991  0.95109956159576892  0.96110747079041092
  0.97120317189744876  0.98086755576066254  0.99022804791698482  1.00000000000000000
  0.02569437567001579  0.02640264395078505  0.02789629371613445  0.03129601590201239
  0.03538067026698935  0.04265769219422227  0.05380606562475400  0.06472986111256378
  0.07493281828282108  0.08496998968858158  0.09501889952961087  0.10503428088900504
  0.11457494793798316  0.12515351763567956  0.13630623993614119  0.14742023980930569
  0.15801432295823603  0.16797067189220605  0.17777192116123949  0.18818163370966859
  0.19963672577506320  0.21157255014693302  0.22272474940546938  0.23333941204365968
  0.24397689958381702  0.25362579930681983  0.26296159240608191  0.27264921320303520
  0.28218313586442595  0.29161280980556642  0.30055561829048016  0.30978809577141891
  0.31987506913262365  0.33045557035020795  0.34078024964448356  0.35103738463373696
  0.36164598233465789  0.37252603128279937  0.38336341136617591  0.39417489512616383
  0.40473689748268710  0.41439984583279871  0.42382544914089643  0.43356646232451335
  0.44356707316434352  0.45389856859467814  0.46423213526444984  0.47485034557406414
  0.48547657415867224  0.49555709212699278  0.50640002175543009  0.51630719073814313
  0.52768625847779371  0.53979660842190436  0.55352198489325477  0.56707855515195360
  0.57983753996101561  0.59006786144394241  0.60041183872774784  0.60950758581490749
  0.61819775903440988  0.62676893225204933  0.63526825743842741  0.64450319083552621
  0.65421150943421269  0.66306089106021393  0.67142376922795655  0.67992165868423415
  0.68838660874462232  0.69664021733963988  0.70518356378623948  0.71434327842485268
  0.72387440375365619  0.73354222836751404  0.74441899112409260  0.75553575931158568
  0.76654606495372157  0.77825829936251290  0.79058120210131999  0.80320344258959508
  0.81553791859373204  0.82783234776086212  0.83987767628976651  0.85187362535954447
  0.86428499328408104  0.87722569366566194  0.88798112240169857  0.89871104447885530
  0.90958506022932817  0.92079726251668670  0.93147656637464837  0.94247843561666245
  0.95469425643037775  0.96516260758776640  0.97104571267772966  1.00000000000000000
  0.05179842534143189  0.23174418305764583  0.26105963816237265  0.28265925548556270
  0.30096954222446992  0.31831975187977429  0.33455081705982559  0.34836439071776543
  0.36122026127556278  0.37311411084331580  0.38405250107434374  0.39440912084953761
  0.40449019484724685  0.41439183683876074  0.42407279249753571  0.43375304295660699
  0.44358318043168216  0.45369290823560293  0.46368066392214063  0.47345386852900984
  0.48309757610595849  0.49242350297818283  0.50148625603700914  0.51020049162152914
  0.51910725237586142  0.52713918077382216  0.53479540665748959  0.54237025134657557
  0.54981545593908687  0.55706919409826705  0.56445075659726585  0.57184238995793057
  0.57909887973671670  0.58658555356860564  0.59434620449267839  0.60170635115468540
  0.60864747991424417  0.61522755209401725  0.62157506336464896  0.62800563086609762
  0.63488395766709937  0.64290316128011982  0.65053626138362330  0.65745785694303505
  0.66410319348024327  0.67099662862021270  0.67808745228979994  0.68525529896883641
  0.69239586124219699  0.69941871204854544  0.70579881621286134  0.71144578384264767
  0.71689209981400814  0.72251572267853359  0.72821783249278760  0.73367366641909859
  0.73870886303368322  0.74330953044728765  0.74756238041427236  0.75144801474742984
  0.75526111132415230  0.75879202202064766  0.76270248062642276  0.76683372067229028
  0.77077732729284931  0.77461141580381254  0.77831148393474148  0.78203825498120838
  0.78565289043418807  0.78922353435435699  0.79289576865151601  0.79652533283119342
  0.80012455553323969  0.80373159505638225  0.80744443446452341  0.81119505118566770
  0.81459009032771956  0.81780598920830749  0.82097517702927847  0.82435015179445315
  0.82816776302095918  0.83200528777982941  0.83561245343605084  0.83935446879622411
  0.84301883423770863  0.84685953754224708  0.85136207706313294  0.85610961358515025
  0.86039070407524809  0.86457451414307329  0.86906750615303741  0.87312067560161355
  0.87544300044267298  0.87730051690877542  0.87900059717715884  1.00000000000000000
   1.3576492039664379E-033  -1.0000000000000000     
 F F F F F F F F F F F F F F F F T F T F F F T F F F F F F F F F T F T F T F T F F F F F F F F F T F T F T F T F T F T F T F T F F F F F F F F F F F F F F F F F T F T F F F T F F F F F F F F F T F T F T F T F F F F F F F F F T F T F T F T F T F T F T F T F
  <DiscreteSampler_grid>
  grouped_processes
  1 # 1 for a reference and 2 for a running grid.
  10 # Attribute 'min_bin_probing_points' of the grid.
  1 # Attribute 'grid_mode' of the grid. 1=='default',2=='initialization'
  0.0000000000000000 # Attribute 'small_contrib_threshold' of the grid.
  0.5000000000000000 # Attribute 'damping_power' of the grid.
 # binID   n_entries weight   weight_sqr   abs_weight
    13   10   8.929447740075135E-025   1.911194454977744E-048   8.929447740075135E-025
    14   10   8.929447740074617E-025   1.911194454977391E-048   8.929447740074617E-025
    16   10   3.559940177430392E-024   5.018752783328637E-047   3.559940177430392E-024
    17   10   3.559940176574668E-024   5.018752779903697E-047   3.559940176574668E-024
  </DiscreteSampler_grid>
