  0.00000000022996950  0.00000000041223057  0.00000000055309430  0.00000000068507948
  0.00000000081021174  0.00000000091722988  0.00000000102742381  0.00000000114729653
  0.00000000125842734  0.00000000135053499  0.00000000144808086  0.00000000155411641
  0.00000000166590979  0.00000000177692265  0.00000000189018788  0.00000000201639635
  0.00000000213972738  0.00000000225229302  0.00000000233823577  0.00000000241041553
  0.00000000249456360  0.00000000259480305  0.00000000270550144  0.00000000282858992
  0.00000000295210418  0.00000000308460959  0.00000000321737560  0.00000000333871544
  0.00000000345224112  0.00000000357189052  0.00000000369440456  0.00000000382367725
  0.00000000395301073  0.00000000408643245  0.00000000421757051  0.00000000433508223
  0.00000000445088903  0.00000000459412526  0.00000000473861013  0.00000000489606967
  0.00000000505090113  0.00000000520338187  0.00000000536227411  0.00000000553523071
  0.00000000572075865  0.00000000590547564  0.00000000607498070  0.00000000623405928
  0.00000000639905198  0.00000000657324805  0.00000000675415893  0.00000000694482268
  0.00000000714148076  0.00000000735209340  0.00000000758348815  0.00000000780879401
  0.00000000803365462  0.00000000826194520  0.00000000848474022  0.00000000869301300
  0.00000000888206586  0.00000000906256212  0.00000000925008922  0.00000000944306013
  0.00000000964395366  0.00000000985223283  0.00000001005257465  0.00000001023515059
  0.00000001043138107  0.00000001062797862  0.00000001084317058  0.00000001106449895
  0.00000001131581687  0.00000001159507585  0.00000001186938566  0.00000001216346064
  0.00000001244701766  0.00000001269040072  0.00000001291998726  0.00000001317083596
  0.00000001342819051  0.00000001367565412  0.00000001391088225  0.00000001417261430
  0.00000001455282585  0.00000001495387350  0.00000001537168277  0.00000001582606040
  0.00000001634889069  0.00000001697290652  0.00000001771490856  0.00000001856797627
  0.00000001969280180  0.00000002161772571  0.00000002387891872  1.00000000000000000
  0.00907849587070055  0.01792289151233492  0.02788183034339175  0.03854076967146240
  0.04833216296844939  0.05875455070846530  0.06880756871780916  0.07897396233351769
  0.09167748395118856  0.10490134830104952  0.11854186519901547  0.13220843666806584
  0.14613134276857220  0.16074450454434738  0.17565976211937800  0.18857745429254227
  0.19736743378381169  0.20498081304770774  0.21340723230124833  0.22303720021162318
  0.23330731744850927  0.24264493049572858  0.25273806997539588  0.26431320343761372
  0.27646920397618974  0.28773789163907637  0.29751192493414097  0.30597897708200955
  0.31355353541618175  0.32126470733196572  0.32947521447016365  0.33804414480715339
  0.34683915414099353  0.35607653094985009  0.36817111864267837  0.38045721096920992
  0.39190211898081229  0.40313711983178718  0.41410686262115204  0.42653249901703871
  0.43912892409299437  0.45149727340470014  0.46400981454271073  0.47677294286220928
  0.48992906023640320  0.50389090628323574  0.51736736046395804  0.52794547024267757
  0.53648627916836444  0.54468979992563293  0.55366934452191019  0.56296282297517186
  0.57224471690163337  0.58163171693140658  0.59171426760070878  0.60405527154114791
  0.61524659826567207  0.62605077457064151  0.63678559332752738  0.64786326681976292
  0.65808722145619358  0.66812249570204274  0.68041196440333884  0.69408446526263079
  0.70771674404008422  0.72115760417240227  0.73320188690733190  0.74362005142035337
  0.75434069855125674  0.76356827420097628  0.77273260300708424  0.78081431891621811
  0.78924896146897616  0.80015776978560305  0.81243676907464546  0.82454735199190643
  0.83707933126371059  0.84889253059495196  0.85731981724592188  0.86374668752302952
  0.87082767385057924  0.87795155956712434  0.88510944121511659  0.89278205434516045
  0.90101203387737894  0.90841683398151596  0.91579558439045328  0.92675123030054718
  0.94055373345361248  0.95220418608234747  0.96129467254765966  0.96950770197271918
  0.97780964983255869  0.98579062298799303  0.99015486045997314  1.00000000000000000
 -0.00001588613505236  0.00081693388402202  0.00359799007818453  0.00795319990069525
  0.01395564790142854  0.02101645340460688  0.02795289103391188  0.03470935491618777
  0.04098319659460222  0.04703588059568307  0.05289526621864524  0.05952665211414917
  0.06759723075906876  0.07576311007800235  0.08375682886882979  0.09262038878048837
  0.10199638222983649  0.11162120880744678  0.12126649338406266  0.13006121051601058
  0.13917996570223279  0.14793877062190366  0.15548697638597594  0.16431008211599432
  0.17535549724511443  0.18664479306848064  0.19783523103862846  0.21067719788197717
  0.22388237499144772  0.23703292312719815  0.25029815768361585  0.26409069318842815
  0.27881630636893906  0.29303130421881823  0.30804507684241567  0.32353688912204803
  0.33979228177058901  0.35864360442640109  0.36749338198088344  0.37632693236447445
  0.38602665986583412  0.39591940576121942  0.40590548462245457  0.41654747985550039
  0.42790389661695344  0.43716845126638804  0.44486669748881658  0.45307490936786948
  0.46134515215184874  0.46930916783592896  0.47822598829767893  0.48997054724866179
  0.50113788068965393  0.51202744192476624  0.52304924940241937  0.53450404611292557
  0.54612566116231509  0.55771909582590617  0.56953569701149764  0.58012095492348648
  0.59000420418532629  0.59973787548523350  0.60874776748463444  0.61815132224038971
  0.62793171370734246  0.63827529425604856  0.64866059468336001  0.65791570699350177
  0.66809497316246014  0.68051188102092541  0.69347330322592904  0.70772400971878691
  0.72481183658649051  0.74141613928408878  0.75737766390902905  0.77294293352132648
  0.78836247328690445  0.80368656131344129  0.81808123644790620  0.83113783746033587
  0.84355906147482240  0.85574987461894891  0.86799789491372970  0.88053162088996495
  0.89312882058978682  0.90605422188906770  0.91651886199929899  0.92727559866425002
  0.93749095509595104  0.94676628342983249  0.95603069223632431  0.96536219579884874
  0.97415488185859955  0.98270840822802019  0.99076842499087181  1.00000000000000000
 -0.00300399883139585  0.00867289354894931  0.02126825805635298  0.03363302362133064
  0.04527583298208383  0.05660364620635661  0.06803167671769665  0.07911207280718804
  0.08964105008740202  0.10111543899853827  0.11358299752036105  0.12504234242135906
  0.13518737467845965  0.14479795294939937  0.15217278590696451  0.16132567875964018
  0.17002199537083373  0.17706024453327354  0.18415986705625814  0.19141985857759525
  0.19811068378940758  0.20571380035642639  0.21380207504674373  0.22114152853666122
  0.22863887426329177  0.23765554393383995  0.24675451613807331  0.25773406580205366
  0.27124556749319628  0.28470547002446428  0.29802591458499789  0.31095290083224875
  0.32389378644181593  0.33719650617433100  0.35017135864540883  0.36324791588002364
  0.37619745447128566  0.38935637948220442  0.40500298927630241  0.41971020952385879
  0.43183158319735032  0.44197522496139374  0.45157562143984831  0.46136590685145612
  0.47139842288534445  0.48078956083889257  0.48968167096249998  0.49883809575024313
  0.50722183637578244  0.51526956281078073  0.52155798946558274  0.52756533737734157
  0.53461663658290692  0.54289552956762199  0.55129884346985469  0.56052772019826513
  0.57145604693802621  0.58250016008167516  0.59203962525277898  0.60106051344484401
  0.61092589625960114  0.62067080150941867  0.63181402883549997  0.64419406632284071
  0.65581161247989861  0.66718924477073349  0.67971833518178204  0.69350569058217504
  0.70746317014750315  0.71973667019563126  0.72765966921856917  0.73658295955215725
  0.74530604758845442  0.75418423400002998  0.76312037338828076  0.77190413426081805
  0.78353553269794474  0.79476931466251577  0.80746099359709478  0.81798880785924355
  0.82653302075195190  0.83481324213250907  0.84300829894107177  0.85148705605033359
  0.86053027301686569  0.87021422449795138  0.88065302009157809  0.89280794770819905
  0.90449664288567599  0.91652030663708650  0.92861769420165652  0.94224341579363691
  0.95815452418482949  0.97309009663209778  0.98709663683966442  1.00000000000000000
 -0.00285702127708637  0.01038758443090511  0.02074714708927039  0.03016808661991788
  0.04054901999098730  0.05108108843569439  0.06173996945008218  0.07254967870181062
  0.08199587172871545  0.09027614189203136  0.09984941890393034  0.10939318767082028
  0.11947546477671420  0.13220939590757735  0.14803779249305216  0.16414607096550771
  0.17913969134005051  0.19217942789375672  0.20312813707184635  0.21330337157644652
  0.22348391026596340  0.23371945635040353  0.24419415302533379  0.25377760523138115
  0.26199030170753246  0.26975722208484954  0.27744520908097892  0.28492598926235974
  0.29254468036752496  0.30009407890656764  0.30862027916555651  0.31977479064383107
  0.33288547848785383  0.34447354284832732  0.35440599652190963  0.36372166838940789
  0.37429662468528491  0.38604083227769526  0.39566479911862529  0.40434976493535946
  0.41288766003288507  0.42090693945001406  0.42742963906383957  0.43506720627445161
  0.44400870299694767  0.45272958254128809  0.46242452592336575  0.47237629669021680
  0.48203859583292957  0.49188141308341526  0.50364921125994055  0.51767614317658506
  0.53198883137366415  0.54636789502417227  0.55990537726098133  0.57234916147200210
  0.58432166872432190  0.59614829928751145  0.60736793342609874  0.61729600275765573
  0.62712217740629217  0.63770542418790788  0.64806491372323394  0.65733842176691226
  0.66604794124032318  0.67520959962594884  0.68442631313245039  0.69436908498025085
  0.70368147202007736  0.71383336485832105  0.72547498703320989  0.73803916167016093
  0.75174364216347522  0.76556030647070838  0.77652924634322595  0.78481195574304596
  0.79332259579339315  0.80121759729553566  0.80954764897306142  0.81804941303797030
  0.82656386613145472  0.83570978333417156  0.84759000581485799  0.86050867952401611
  0.87284660902699629  0.88395910649330234  0.89410044550820222  0.90356218106098274
  0.91314959379322658  0.92416646651818946  0.93649540942607168  0.94862166887731147
  0.96135932463901175  0.97488930736603097  0.98779754614130810  1.00000000000000000
 -0.00132161102456297  0.00684515600623159  0.01469667701693944  0.02249014971692661
  0.03048692023121148  0.03870219994357438  0.04756542796453390  0.05584052126605346
  0.06374639651210481  0.07435386291328233  0.08456926672075034  0.09318634265524720
  0.10164850866516661  0.11153281493792155  0.12183559114922236  0.13142139604306613
  0.14093510181553831  0.15011400418105705  0.16110100644419342  0.17190540524006465
  0.18206771079813844  0.19168028291460262  0.20105876065038378  0.21058618318424732
  0.22048305701175000  0.23198556591374028  0.24485904013220144  0.25881782671413078
  0.27428245948902596  0.29008898443552089  0.30531074495453103  0.31997128811003783
  0.33342774195003799  0.34569864194372724  0.35760733589637761  0.36845890546285281
  0.37662837381626652  0.38287128278033888  0.39098476001479932  0.39819694267656408
  0.40433046197268846  0.41110213703274673  0.41770679859649834  0.42370093768114081
  0.43039476505271240  0.43753826494487835  0.44826483642842735  0.45962353739161110
  0.47135829024718989  0.48081472980054979  0.48937579672619796  0.49731883661250609
  0.50706350373062070  0.51991289646484551  0.53066508657930223  0.54202085872466277
  0.55396558263134354  0.56644116922336840  0.58028324756745908  0.59495849052360772
  0.60958027918645863  0.62294683224175618  0.63352697463103647  0.64249825297351326
  0.65202560214212768  0.66246762063970399  0.67380761996446814  0.68444461957178948
  0.69607982020210990  0.71010513528561370  0.72278375331033662  0.73416402366563005
  0.74470544868790745  0.75515348374090630  0.76536680776494603  0.77708363479048026
  0.78920494778203198  0.80035861057063551  0.81129321312711378  0.82258782042540857
  0.83477226812840644  0.84807147842560526  0.86201039126623591  0.87616789510666060
  0.89141228023894659  0.90105079563084622  0.91030019954923935  0.91942946950152604
  0.92670187840665996  0.93318510284867595  0.94006346813609587  0.94731264883142885
  0.95585201015105892  0.96766973778694143  0.98296546992708445  1.00000000000000000
 -0.00761000471885265  0.14178101209804556  0.19770354204134191  0.22862237335725022
  0.25368795975204056  0.28068045215946597  0.31019098938078526  0.34305963618191515
  0.37010605604909819  0.39193323185264711  0.41175383207940375  0.43012676398638006
  0.44651344343679289  0.46121394867606169  0.47459874754858283  0.48889537261795868
  0.50152696936259156  0.51359617867098240  0.52560355039182116  0.53927480347984191
  0.55521222992250541  0.57083514795906498  0.58305203249065329  0.59284067279976527
  0.60147158612780993  0.60926210072150966  0.61716261476048784  0.62557068447217690
  0.63365153348961090  0.64136325149236784  0.64914907759086482  0.65663437246170675
  0.66366156630509809  0.67036810162352567  0.67753062482477011  0.68462009548745129
  0.69177090699151533  0.69886216188170969  0.70608938867559201  0.71352014794830543
  0.72207944445862438  0.73145799680746826  0.74141467231889779  0.75172541061623288
  0.75886177533464760  0.76525534310011722  0.77218630852111625  0.77961138944695640
  0.78657621828434043  0.79256030802383393  0.79834886037071084  0.80417434354188688
  0.80997016655346410  0.81596015138799571  0.82248102644805310  0.82953274050774306
  0.83642861613176089  0.84269365419380093  0.84872959094465628  0.85404373117219901
  0.85963739582347076  0.86530037928314885  0.87091044266946305  0.87597871684873041
  0.88064455178580858  0.88498485420221740  0.89045160817545954  0.89521988580093759
  0.89818398370700014  0.90124038164173825  0.90468066864050178  0.90813289115919216
  0.91128996072888513  0.91434314754453005  0.91741374894100214  0.92083635257430096
  0.92447079484229078  0.92809073808216613  0.93146746226886579  0.93486083084874971
  0.93851604777648301  0.94190234613163548  0.94477972418244849  0.94759837745709541
  0.95041046105816662  0.95309173553038939  0.95571187174985539  0.95839928254788276
  0.96127099250611614  0.96433624137765561  0.96739857992491629  0.96995530586752887
  0.97804494002528897  0.98979604516182462  0.99521642651006315  1.00000000000000000
 -0.00183735191826863  0.00699433486744154  0.01800646574430636  0.02754545738087888
  0.04085681186871539  0.05261688535084787  0.06298017412507403  0.07343799193150403
  0.08362552517140605  0.09114690969132240  0.10049871540705699  0.11169059296155084
  0.12376054064648986  0.13538814250244299  0.14578890145736165  0.15863880901476979
  0.17166916769479432  0.18384488235838845  0.19624466864746007  0.20846701963364112
  0.22148157869010840  0.23594598360661906  0.25132439284780339  0.26697841335331801
  0.28242556851877393  0.29773032589099829  0.31287477728277246  0.32732763063197423
  0.34048697551996077  0.35321155136732452  0.36614274560351057  0.37861114019005310
  0.39070905706228071  0.40341943629777310  0.41497046830749390  0.42369662469851621
  0.43205766481372554  0.44040742393752258  0.44891746956083728  0.45751402617318132
  0.46740290830311476  0.47946098563209816  0.48999814650400048  0.49818204018541795
  0.50538214623279076  0.51283216290681199  0.52053851312552057  0.52865675086295694
  0.53653864322639400  0.54494222870493414  0.55542276629628584  0.56903469078033553
  0.58538979952094028  0.59998488961409335  0.61304584233917636  0.62582955590810152
  0.63862787046773783  0.65139618636229568  0.66441551504742657  0.67797707609452817
  0.69059697592978708  0.70046658529599415  0.71169328763436235  0.72127710873512185
  0.72979836005169407  0.73679109351666083  0.74454128190558633  0.75267165825443327
  0.76136718745721677  0.76936632544657679  0.77604075484936141  0.78256562985634870
  0.78938178280309679  0.79950031128677634  0.81152371509001386  0.82299828072346026
  0.83365581387131071  0.84462272273110228  0.85807936657809714  0.87178101263894392
  0.88099141748269849  0.88784344448667429  0.89619580828902667  0.90368737105554020
  0.91118764796477891  0.91859901090137819  0.92603291498053142  0.93229188446601663
  0.93907648184395864  0.94825490683870239  0.95873297622158493  0.96797808623294335
  0.97596185459596285  0.98333781542892118  0.99137835315817557  1.00000000000000000
  0.64266405723819531  0.69444727642406201  0.73498085252378831  0.77012697156039300
  0.79921431575847579  0.81942825617526083  0.83466752206132566  0.84876986305116997
  0.86277286778848861  0.87560656402574366  0.88620529420528871  0.89509695577619508
  0.90313604300778560  0.91090338991652386  0.91716263733664050  0.92175362611085565
  0.92607701095135631  0.93061335463265094  0.93449490257992651  0.93774794679634432
  0.94017288207889771  0.94236768250198377  0.94436130757426651  0.94613636488857089
  0.94786784529795531  0.94952924618935064  0.95109795908973838  0.95248367461753247
  0.95380761488099175  0.95502676131650110  0.95611098400746886  0.95724062679510868
  0.95826368909457160  0.95920341504828466  0.96004610299557258  0.96080246124462265
  0.96152060570841547  0.96221731816559797  0.96287237183433938  0.96346617734903439
  0.96401877330358343  0.96453890758087391  0.96503951589981196  0.96553099244012963
  0.96601555516352244  0.96646168402900900  0.96682721257688153  0.96715447602424476
  0.96747457744616105  0.96778485719763363  0.96808677266952992  0.96839706404101622
  0.96870529717469012  0.96901299570660082  0.96928631454524916  0.96958979802017908
  0.96995017109331305  0.97041858319454688  0.98195942628862798  0.98222403913873446
  0.98243298432644688  0.98258669271254617  0.98272830652883703  0.98287893530039572
  0.98303980623770237  0.98321811059308351  0.98341318498035712  0.98362785693582144
  0.98386764200454635  0.98410806936474360  0.98434369121672671  0.98459605892650626
  0.98487770106014039  0.98518885780357757  0.98551838810053949  0.98579078144081511
  0.98603102591517056  0.98627864181777058  0.98655175269782636  0.98684003891550820
  0.98713090847044216  0.98742102811430699  0.98771365429007307  0.98803900774622255
  0.98846325393641177  0.98899172809834057  0.98958169777262328  0.99021087784218331
  0.99094396290109310  0.99177450113178511  0.99265676947536741  0.99363713277734544
  0.99477272690514096  0.99610226165378413  0.99779251965910754  1.00000000000000000
  0.05276849914059321  0.22062359180647648  0.25827594491787353  0.28953440610231923
  0.31167563063552767  0.33094528445384847  0.34852597408417901  0.36559990446030599
  0.38133878415513894  0.39480343483620706  0.40669680601005481  0.41816273206279714
  0.42933326246998377  0.43884569487234470  0.44784661408332344  0.45705869234438634
  0.46643559776122628  0.47545658122230067  0.48569584230745599  0.49908663069321002
  0.50939421258502082  0.52145669569138309  0.53315228586984187  0.54384372870157416
  0.55416700312787726  0.56492296404900388  0.57632988737683233  0.58714115034130088
  0.59677507586931267  0.60452097032803653  0.61099802865571673  0.61728925530079526
  0.62393147712018260  0.62994690260616337  0.63574582104412181  0.64126989369953191
  0.64701468921001559  0.65304149726120486  0.65881512862597413  0.66401107340377019
  0.66923798659908884  0.67485617984587043  0.68037988328805810  0.68598581749264465
  0.69174670587453579  0.69733808053023127  0.70310645977016151  0.70888883513420586
  0.71476509552669309  0.72058301013051906  0.72561978081952483  0.72980922450219887
  0.73308984114084808  0.73693135830939893  0.74122577865181238  0.74531188656251190
  0.74900100266415071  0.75227192758526085  0.75535325977650924  0.75828819713161388
  0.76126794778440832  0.76446981691906890  0.76730952630937854  0.77023022257023921
  0.77343617440538370  0.77676129774751534  0.78016755676492033  0.78360602401158252
  0.78686903161541522  0.79026288323289562  0.79386438537591275  0.79774222180153020
  0.80131233623331710  0.80388299379256889  0.80668702054157093  0.80942531680849472
  0.81213901736140237  0.81503577258396120  0.81976578308369152  0.82511106780515886
  0.83055246217515433  0.83620005384727802  0.84187161570862568  0.84771918205452002
  0.85381685667962626  0.86056687395034914  0.86856520022220729  0.87596024982039566
  0.88158361844512412  0.89252943163294407  0.90593635375787063  0.92065794298968773
  0.93477052897615032  0.93893042992168063  0.94309033086721117  1.00000000000000000
   1.3238829886898296E-018  -1.0000000000000000     
 F F F F F F F F F F F F F F F F T F T F T F T F F F F F F F F F T F T F T F T F F F F F F F F F T F T F T F T F T F T F T F T F F F F F F F F F F F F F F F F F T F T F T F T F F F F F F F F F T F T F T F T F F F F F F F F F T F T F T F T F T F T F T F T F
  <DiscreteSampler_grid>
  grouped_processes
  1 # 1 for a reference and 2 for a running grid.
  10 # Attribute 'min_bin_probing_points' of the grid.
  1 # Attribute 'grid_mode' of the grid. 1=='default',2=='initialization'
  0.0000000000000000 # Attribute 'small_contrib_threshold' of the grid.
  0.5000000000000000 # Attribute 'damping_power' of the grid.
 # binID   n_entries weight   weight_sqr   abs_weight
    13   10   1.742951941185253E-011   2.689696901326323E-021   1.742951941185253E-011
    14   10   1.742951941185259E-011   2.689696901326341E-021   1.742951941185259E-011
    16   10   9.280923447053018E-012   5.955297674229935E-022   9.280923447053018E-012
    17   10   9.280923447052979E-012   5.955297674229887E-022   9.280923447052979E-012
  </DiscreteSampler_grid>
