  0.00000000022512536  0.00000000061011960  0.00000000087087194  0.00000000112790567
  0.00000000134428443  0.00000000149936840  0.00000000164392446  0.00000000180140484
  0.00000000200685370  0.00000000221569104  0.00000000239000271  0.00000000258325736
  0.00000000278744036  0.00000000308395396  0.00000000333807743  0.00000000357928996
  0.00000000378998605  0.00000000398773204  0.00000000416598212  0.00000000432309249
  0.00000000448599671  0.00000000465532121  0.00000000488222789  0.00000000514519661
  0.00000000545046769  0.00000000575728611  0.00000000592214114  0.00000000600606291
  0.00000000607955188  0.00000000615832705  0.00000000623759309  0.00000000631996258
  0.00000000641135863  0.00000000654257280  0.00000000669884976  0.00000000686012982
  0.00000000703340311  0.00000000719455288  0.00000000736963630  0.00000000755793266
  0.00000000776166351  0.00000000795145474  0.00000000809991442  0.00000000822297072
  0.00000000834609152  0.00000000846808172  0.00000000859263784  0.00000000876132523
  0.00000000893518537  0.00000000909750151  0.00000000925512466  0.00000000940528025
  0.00000000956604182  0.00000000974524989  0.00000000993751641  0.00000001012450637
  0.00000001031507105  0.00000001044225179  0.00000001057484074  0.00000001071158573
  0.00000001085072779  0.00000001102007574  0.00000001120414066  0.00000001138983819
  0.00000001157308806  0.00000001174485384  0.00000001190736972  0.00000001207392598
  0.00000001223832207  0.00000001242396970  0.00000001266936983  0.00000001289560197
  0.00000001310612327  0.00000001330781441  0.00000001351108368  0.00000001370158259
  0.00000001388765713  0.00000001408969941  0.00000001432160016  0.00000001457047891
  0.00000001479719259  0.00000001500756470  0.00000001528883210  0.00000001560533789
  0.00000001596300907  0.00000001636837304  0.00000001685492443  0.00000001737298826
  0.00000001798364027  0.00000001864907898  0.00000001930476815  0.00000001994271855
  0.00000002087016681  0.00000002286075167  0.00000002369811807  1.00000000000000000
  0.00976649729042417  0.01663930784618027  0.02603406134616016  0.03594933498330266
  0.04863789795775352  0.05799750319342597  0.06872900659913249  0.08193266136031506
  0.09804436909296750  0.11253133517762771  0.12278682747414553  0.13177689616776073
  0.14057434480509667  0.15027071798909994  0.15983741968910112  0.16976430077115845
  0.18056431484641414  0.19105167027365688  0.20043354010399747  0.20904751575837666
  0.21720182406778255  0.22545260290104374  0.23592517069888591  0.24979193547364412
  0.26503034461323011  0.28014740480903250  0.29521355017667467  0.30872941166614565
  0.31829447501050434  0.32648056733390973  0.33487687813018019  0.34278903711459141
  0.35029171150556415  0.36159267264716183  0.37358327023249266  0.38133488545448413
  0.38694248398942649  0.39339410529191227  0.39942066691822831  0.40511902441747505
  0.41245229301505321  0.42063828925217361  0.42815105215314625  0.43348677505714756
  0.43835222661943940  0.44645514567040950  0.45403756901740677  0.46298206252537072
  0.47302261772337961  0.48410277403555302  0.49794798716742600  0.50893456273212989
  0.51744003294283869  0.52589453595549529  0.53558188470200052  0.54818351766771778
  0.56668420139662445  0.58526065370378000  0.60213445010570388  0.61698454122074664
  0.63050172851807795  0.64225983459364133  0.65304926389736717  0.66431599834960398
  0.67575586103448282  0.69069509789010219  0.70801698310760819  0.71610325629812088
  0.72407969533488747  0.73136407571275941  0.73832168097835793  0.74507721422890716
  0.75442502925555543  0.76587623817774997  0.77692919000338045  0.78706249048618182
  0.79617257383041196  0.80306831991897931  0.80818778347687514  0.81355867008011085
  0.81912821971719618  0.82777781837466580  0.83903010756089080  0.84820913303422885
  0.85578612036319335  0.86511758630376179  0.87762782781131132  0.89475523718736494
  0.91391520903660717  0.93206006772710226  0.94798172786413804  0.95991684833341917
  0.97126615070333910  0.98212569055128962  0.99115777880103983  1.00000000000000000
 -0.00000012866219611  0.00006763284735212  0.00051163206398744  0.00170961317455822
  0.00386962125617661  0.00640885196104708  0.00970203811791927  0.01380086790349114
  0.01796403913768421  0.02171798809008473  0.02557384595244052  0.03077626780284791
  0.03653876972259063  0.04252148406779184  0.04903215157455736  0.05547690596698822
  0.06161015146861114  0.06866545000188029  0.07714459764319397  0.08641912153322831
  0.09666870709138653  0.10820347859939551  0.11743900218682038  0.12557344616255245
  0.13320972516678811  0.14102158116759986  0.14962909052958906  0.16011510015810235
  0.17114569405822377  0.18141610654762616  0.19165289331836494  0.20365919876803998
  0.21623709165018803  0.22893042990179743  0.24197937383758650  0.25529000552594194
  0.26716987142134091  0.27935126725998932  0.29183742273423230  0.30394155259668509
  0.31770553487314118  0.33356204560960923  0.34879425613788378  0.36269088261557031
  0.37603493182204301  0.39172096239572862  0.40961087893259190  0.42652125834457078
  0.44082723170911253  0.45322204981500380  0.46451785942646967  0.47732665051988704
  0.48901284956431856  0.49730329913272037  0.50534493246164836  0.51280994670846669
  0.51963163641066390  0.52642506644490483  0.53346148253032510  0.54123287396843711
  0.54913106643957554  0.55712930845282194  0.56548656070091963  0.57403605658062795
  0.58214858069575504  0.59083261844855539  0.59997123903587368  0.60934052353385060
  0.62050432986873849  0.63181843034742813  0.64338854903744380  0.65477671025061990
  0.66624236787392122  0.67953548834368227  0.69312930628339375  0.70462521392821087
  0.71688813408670371  0.72936355902953487  0.74203840461474191  0.75521763222513327
  0.76989060920256469  0.78170702010302884  0.79338030741112164  0.80501238526488461
  0.81786305147124383  0.83142692313951627  0.84502397490108172  0.85864992200733270
  0.87125901026039942  0.88908087717447359  0.90717044510806921  0.92485029146573094
  0.94411172488800854  0.96269449428892595  0.98114365579419693  1.00000000000000000
 -0.00279650335044811  0.01495552620791129  0.02718374558719560  0.03816592053757459
  0.04671811471010638  0.05562225264011562  0.06559521101065652  0.07553228394771642
  0.08348601847038961  0.09160834160713173  0.09822336966498388  0.10339656385183810
  0.11361940872334156  0.12455502856383591  0.13960492978514466  0.16015764520446232
  0.17438057675720703  0.18407558480707384  0.19377695927454908  0.20285533380465498
  0.21209574160477704  0.22175291533200492  0.23166178865512860  0.24134337934178410
  0.25122647176449303  0.26076493601020206  0.26937037259277768  0.27858047684008086
  0.28915842242844059  0.29899121769152814  0.31022293833320819  0.32276842656405169
  0.33807877985044932  0.35437643327737667  0.36926233995752239  0.38276049669754836
  0.39543962702966456  0.40596349073836818  0.41335039856390027  0.42039048530528039
  0.42870414669443546  0.43634741110494840  0.44484449357177225  0.45471517300611941
  0.46466283193667413  0.47494612392929453  0.48551431672147660  0.49695395558663208
  0.51140313081117128  0.52560184512941155  0.53588286055137224  0.54492252209370917
  0.55295456888351269  0.56066611566542202  0.56854637916470441  0.58143782615326489
  0.59685053743899008  0.61134763032505757  0.62578974992633962  0.64186707155763478
  0.65672469083042184  0.66850329606725722  0.67937777924044462  0.69048740602681957
  0.70079941558728742  0.71064449276489505  0.72102488183601421  0.73079151055593383
  0.73768806740559112  0.74500470591673296  0.75243761990490443  0.76064439412971818
  0.76920314932348355  0.77641273538170008  0.78262507113326019  0.78931584030262403
  0.80027468718756578  0.81241762450188915  0.82265110881923720  0.83250228333435272
  0.84309838361276634  0.85498667162692532  0.86930664609010178  0.88092700875598351
  0.89220855884520023  0.90307004478257635  0.91352284771796466  0.92325483420625987
  0.93246201205076051  0.94319118706329030  0.95293847850746383  0.96225078553679422
  0.97125162877058246  0.98018225364961531  0.98981686508845546  1.00000000000000000
 -0.00252373223262946  0.00966003780727387  0.01929317095361009  0.02826340258839978
  0.03839179250494856  0.05097738523233380  0.06482721641059860  0.07681234393315621
  0.08878134368008819  0.10167630026837646  0.11551412331782668  0.13122177272818641
  0.14757837269037791  0.16320480312252705  0.17474325569830712  0.18692636684500052
  0.20120927879236333  0.21426280105773171  0.22430068252520946  0.23237047453982326
  0.24024246643965558  0.24841893680658417  0.25906657853348963  0.27204375406266434
  0.28401452740784283  0.29383225809705721  0.30070999189659908  0.30775275761206056
  0.31482062870545335  0.32310449000031854  0.33244595507787822  0.34108973708121426
  0.34935048714562161  0.35947091369502426  0.37044476328126758  0.38031393851922485
  0.39067204354104440  0.40072562168056614  0.41030959919410881  0.42116100593872174
  0.43169811794197305  0.44019538395933661  0.44816439396563390  0.45651686897360583
  0.46518136209612887  0.47437790034513277  0.48516635222669713  0.50129623755064057
  0.51887936103269827  0.53350851996077731  0.54553496246612054  0.55492055276929741
  0.56353583783693495  0.57267629156950017  0.58313758506422242  0.59494100796538352
  0.60749800428445033  0.62118250803788144  0.63337413824386235  0.64468985448139726
  0.65770641521561557  0.67247541496056074  0.68440014313709607  0.69297856043671546
  0.70086729078043264  0.70838892346412052  0.71637094695017778  0.73250734568830267
  0.74800667511130514  0.75961913662841052  0.77036219461090405  0.77844713711692726
  0.78617258868457085  0.79411052065868915  0.80260019230441282  0.81155366796805595
  0.81984954301411628  0.82786667029636296  0.83470429627845188  0.83838018012705573
  0.84345727758518396  0.84947688887230699  0.85789847052076251  0.86621489984322531
  0.87315581753365512  0.87938193713649537  0.88512222241902505  0.89100073155278037
  0.90042474827182628  0.91570285765248949  0.93070133221698292  0.94344803472654459
  0.95592701182641338  0.96946308593427366  0.98427759744256105  1.00000000000000000
 -0.00165259191840704  0.00692561014920890  0.01724782075417824  0.02808645521161275
  0.03769038436897727  0.04560481009542605  0.05282205350111557  0.05947640689072080
  0.06633678488837756  0.07416823332220977  0.08340049450935660  0.09123011617681849
  0.09868415331240549  0.10651165453813934  0.11479259674998141  0.12666130215257226
  0.13680823573944983  0.14770281570427291  0.15924775030563101  0.17152945968447339
  0.18880866570346261  0.20667482988816410  0.21544321088370927  0.22263484641658154
  0.22976288431140551  0.23693458017223334  0.24352190725977854  0.24978848612253626
  0.25663475062676933  0.26339754825968503  0.26833199742193514  0.27466263809863189
  0.28541217342661418  0.29628254681596761  0.30597461754379723  0.31620364085467845
  0.32700341982862019  0.33786218063283385  0.34823380442938956  0.36098175992040238
  0.37561805640282570  0.39163599007540956  0.40852361237079660  0.42140301005599989
  0.43106654420108242  0.43951553517514780  0.44833689490977985  0.46149062576035188
  0.47700610160561824  0.48818512531351610  0.49653219859223985  0.50513172642934479
  0.51419565863206185  0.52722844434620630  0.53769776028237304  0.54811747378754450
  0.55978891824828925  0.57132930113326208  0.58183613275504498  0.59104748413242159
  0.60035695103798747  0.60992153956391504  0.62007552015361023  0.62979206441451552
  0.63734263508213118  0.64541651594943927  0.66043929369159526  0.67730820776538514
  0.69111857600813753  0.70375748967046148  0.71579567697938307  0.72757584689127264
  0.73734784393348418  0.74872387686170827  0.75682626535477204  0.76418372860934458
  0.77204108839436947  0.78141885289987512  0.79137211694873033  0.80256967456128459
  0.81486610598033404  0.82656677641118537  0.83806593488773751  0.84706093142051986
  0.85372408106823561  0.86048521689708646  0.86768653872312707  0.87471210849004544
  0.88468961064653262  0.89865520310856239  0.91227105775089690  0.92668235880183447
  0.94256164541907772  0.96060226822312478  0.97990203362266037  1.00000000000000000
 -0.00490296545751637  0.01008325465068536  0.02380982562639746  0.03483559847267319
  0.03657696812444594  0.03831833777621869  0.04183647673864396  0.04551098824468258
  0.04959501484255434  0.05365840172059622  0.05746330019168801  0.06165172102486022
  0.06711673539083174  0.07390734936602442  0.08010863974108565  0.08563312209437746
  0.09058431236062187  0.09526190487142058  0.09966368080713373  0.10394933221656671
  0.10882169951268734  0.11456946988176797  0.12060924376485797  0.12653228975449793
  0.13237110066937260  0.13828567489121404  0.14328144590118949  0.14843283245119548
  0.15427696739356278  0.16030488295496775  0.16619928857557684  0.17085502700940561
  0.17483487235940157  0.17896314136519184  0.18318997241466112  0.18779147759485951
  0.19116924748172143  0.19520229338912090  0.19940048053336937  0.20393582767865892
  0.20906601111466400  0.21400715012587995  0.21593019742697517  0.21815074034489104
  0.22028913045929074  0.22262545242619913  0.22763248549512047  0.23263682922389700
  0.23796487621362800  0.24334047943089990  0.24818097412760223  0.25415999176415621
  0.26195931524977423  0.27094477199829453  0.28028675068241593  0.28822225995552320
  0.29544214131209823  0.30320498355640108  0.31153163041587767  0.31954387172620874
  0.32762360966960952  0.33580327657300602  0.34436785828758476  0.35388488220613595
  0.36355106634972140  0.37357815485722401  0.38305059301468330  0.39556988207728799
  0.40808229425527953  0.42065754161382046  0.43346015538001947  0.44534531313874282
  0.45436905462063065  0.46348051191171252  0.47290269716400363  0.48133759083509975
  0.49198812244786050  0.50781608465459449  0.52534320495811293  0.54215679740454026
  0.55811285040733161  0.57462482003788928  0.59036156506250459  0.60675767725119167
  0.62498871817679591  0.64841646858025670  0.66468929271378041  0.68204547579388131
  0.70192540106169277  0.72477021053572033  0.74832568194687432  0.77984920005279545
  0.82127957507027649  0.84968591810819727  0.89470337173682979  1.00000000000000000
 -0.00265521540773791  0.01332101887508975  0.02621579954775786  0.03583621397799589
  0.04396512538464815  0.05207712358338260  0.05968885049847497  0.06779506446730403
  0.07672083977634464  0.08833310150319122  0.09938216836345577  0.10887300935761536
  0.11743791629931713  0.12657113391267882  0.13647962354555040  0.14668008195491594
  0.15757053705396964  0.16891496286018151  0.17895248313844586  0.18837387067057471
  0.19606103565176097  0.20336918398481804  0.21031164316337914  0.21787674258794190
  0.22581193421355317  0.23518716176293147  0.24525178399407588  0.25497791173639750
  0.27018948839593604  0.28343907123366757  0.29650100723052836  0.30812981377855714
  0.31905142513592183  0.33084171402551205  0.34506630022644480  0.36395495801149630
  0.38078359939854545  0.39590096574007633  0.40802554599779922  0.41879286642618385
  0.42999208357326801  0.43980250842156410  0.44636313806902111  0.45520934909903221
  0.46409337508997334  0.47174056498240385  0.47864022976045795  0.48381124773173856
  0.48882249007348211  0.49430615160937813  0.50199106831170004  0.51361717698623843
  0.52796274520481645  0.54115779647358730  0.55625591021300091  0.57090944273834521
  0.58451139696147469  0.59563991583683285  0.60490951519116898  0.61196587162819327
  0.61928600653408550  0.62619874538705722  0.63161411352621966  0.64095746874440040
  0.65123113672098365  0.66393907070053326  0.67826504545750965  0.69373185203490428
  0.70758508587205071  0.71919773607309412  0.73010532831199204  0.74090458536088610
  0.75335055998730749  0.76807983092539545  0.78362661286533308  0.79702909860738069
  0.80831687254402151  0.81792669120324890  0.82695715651419610  0.83579122906043901
  0.84438341457228150  0.85333043923699503  0.86440423790845367  0.87708264277090731
  0.88883715436706168  0.89946870319043282  0.91026286942432877  0.92167313247315641
  0.93565104426558554  0.94654802152427198  0.95560075386137755  0.96317078162043235
  0.97063949870110411  0.98008813790325156  0.99013980285675018  1.00000000000000000
  0.64449181793196608  0.67665765485827001  0.70106024834331360  0.72404888703179837
  0.74343474820648248  0.76115805181693863  0.77564320282794430  0.78952840846366257
  0.80151034979568447  0.81243880421899606  0.82270766559887976  0.83383874786033563
  0.84454026231122215  0.85299117660224411  0.86111744491156561  0.86954614499686578
  0.87755693334348039  0.88297426176352201  0.88824496851299417  0.89294529970430714
  0.89698888195337212  0.90058022768102097  0.90467175592585292  0.90841792889107975
  0.91213115181443905  0.91581711980184444  0.91839920964015520  0.92053212972644238
  0.92274491704319250  0.92516292457510219  0.92754428031778879  0.92947038335388033
  0.93132606297043408  0.93332139033224526  0.93544881894164433  0.93726547664958260
  0.93903800308566987  0.94090213176963178  0.94271878764119010  0.94424361998648731
  0.94562175258262882  0.94703490067783502  0.94852954163554615  0.94988216498601330
  0.95107524503703966  0.95223598933576159  0.95328207709295021  0.95428371534893985
  0.95524191616528142  0.95611812800445550  0.95699239920151391  0.95788172806057315
  0.95876468526785297  0.95964023970946055  0.96043786517032870  0.96119132819110686
  0.96192232015045809  0.96264555877471825  0.96326815593415538  0.96387464607977713
  0.96445959552603311  0.96499808501322148  0.96552208884194279  0.96606833005299586
  0.96660430014504162  0.96713296773788604  0.96765821035721389  0.96814384599332359
  0.96855250027405615  0.96890732087519049  0.96925073123967176  0.96959145460771379
  0.96992978027928933  0.97036739024452490  0.97087274832868353  0.97979064664332094
  0.98058957029394878  0.98133187486431428  0.98191679758167194  0.98250172029902949
  0.98305212669986530  0.98358976164530199  0.98412739659073867  0.98468120179544893
  0.98523546714267063  0.98590861970990695  0.98663459505626350  0.98748282318251701
  0.98835828674023118  0.98929079282563714  0.99029908607046491  0.99136794128231986
  0.99278296110691588  0.99445203097909873  0.99622167763208569  1.00000000000000000
  0.01802821691882110  0.12076218999076671  0.17470138468560928  0.19162862711639536
  0.20206463170179606  0.21241942776679673  0.22155658943260823  0.22791991089359220
  0.23272356061205338  0.23732152979887611  0.24308289759031121  0.25259172642388567
  0.26301274848278117  0.27013906733362475  0.27614140951916299  0.28143091686776561
  0.28607165626903625  0.29061137151171446  0.29661141776073202  0.30276907691461979
  0.30790009001516128  0.31488658554684046  0.32054935964010678  0.32607883703939522
  0.33320398360951298  0.34023774990811240  0.34547882961841136  0.35179744424174447
  0.36030967025608235  0.36808054584387473  0.37466330933463449  0.38011256455746817
  0.38553729886747568  0.39209092444175841  0.39902706010982797  0.40646403940716358
  0.41328646429966792  0.41936579262139856  0.42600678798105823  0.43290873861936874
  0.43910284775394665  0.44535825353793096  0.45195771350055586  0.45760620725883422
  0.46326023769551317  0.46894955003166944  0.47436774064319293  0.47983337294379680
  0.48584319603708870  0.49267448243170858  0.49955369855494491  0.50646329139366719
  0.51300398113953671  0.51955690887207562  0.52622239811372173  0.53274338325400450
  0.53993817831103641  0.54557638503000572  0.55063664068212648  0.55538150911645545
  0.55992650916503517  0.56504150165463785  0.57196311376154219  0.57994108067101391
  0.58781462814057495  0.59391576157411452  0.59801607384541822  0.60217873504038610
  0.60661169291651429  0.61144245711301715  0.61685396265708647  0.62303177280738664
  0.62708673396689085  0.63072600889990726  0.63473638229689799  0.63844485693504771
  0.64232486788399590  0.64679787135105882  0.65205325230123290  0.65687665847224075
  0.66095066917031542  0.66487327793778750  0.66891513681442372  0.67365881022171403
  0.67883707377403768  0.68480901865180743  0.69283358677067064  0.70301121514752440
  0.71430120024972732  0.72710489757067343  0.74008942836585101  0.75387916332476224
  0.76690671534820687  0.78368304028443392  0.95288620083708797  1.00000000000000000
   1.3879283518386545E-035  -1.0000000000000000     
 T F T F T F T F F F F F F F F F T F T F T F T F T F F F T F T F T F T F T F T F T F T F T F T F T F T F T F T F T F T F T F T F T F T F T F T F F F F F F F F F T F T F T F T F T F F F T F T F T F T F T F T F T F T F T F T F T F T F T F T F T F T F T F T F
  <DiscreteSampler_grid>
  grouped_processes
  1 # 1 for a reference and 2 for a running grid.
  10 # Attribute 'min_bin_probing_points' of the grid.
  1 # Attribute 'grid_mode' of the grid. 1=='default',2=='initialization'
  0.0000000000000000 # Attribute 'small_contrib_threshold' of the grid.
  0.5000000000000000 # Attribute 'damping_power' of the grid.
 # binID   n_entries weight   weight_sqr   abs_weight
    13   10   1.074275050830867E-027   7.956097467884502E-054   1.074275050830867E-027
    14   10   1.074275050830782E-027   7.956097467883007E-054   1.074275050830782E-027
    16   10   4.050373765550365E-028   4.982315617724609E-055   4.050373765550365E-028
    17   10   4.050373765551898E-028   4.982315617729637E-055   4.050373765551898E-028
  </DiscreteSampler_grid>
