  0.00000000025244076  0.00000000032207723  0.00000000037884519  0.00000000043097128
  0.00000000049641517  0.00000000057314451  0.00000000065927373  0.00000000073363232
  0.00000000083282805  0.00000000093217886  0.00000000103124466  0.00000000112876374
  0.00000000122507989  0.00000000132170023  0.00000000142367594  0.00000000153189753
  0.00000000165302045  0.00000000177973429  0.00000000188050496  0.00000000197642401
  0.00000000208151375  0.00000000220155194  0.00000000233475261  0.00000000247273038
  0.00000000260822644  0.00000000274702636  0.00000000289526840  0.00000000305369597
  0.00000000320998302  0.00000000336370255  0.00000000352337393  0.00000000369988173
  0.00000000387051918  0.00000000399959838  0.00000000412838175  0.00000000424671812
  0.00000000437044815  0.00000000449964232  0.00000000465738949  0.00000000483876645
  0.00000000503269823  0.00000000521997845  0.00000000537433498  0.00000000551727969
  0.00000000565913536  0.00000000580039804  0.00000000598828509  0.00000000618528462
  0.00000000638221203  0.00000000657514462  0.00000000676257138  0.00000000694587607
  0.00000000714304474  0.00000000734671668  0.00000000753164940  0.00000000770097338
  0.00000000787130248  0.00000000803883148  0.00000000819806077  0.00000000837167729
  0.00000000856614771  0.00000000876904428  0.00000000896157782  0.00000000914579321
  0.00000000931995917  0.00000000949999326  0.00000000969463076  0.00000000989784931
  0.00000001010315351  0.00000001029966800  0.00000001050013285  0.00000001071064094
  0.00000001092563842  0.00000001116434699  0.00000001144625985  0.00000001174803068
  0.00000001201305399  0.00000001225903830  0.00000001253442045  0.00000001283596145
  0.00000001317232692  0.00000001354500152  0.00000001394104705  0.00000001435073581
  0.00000001476910516  0.00000001519793453  0.00000001565049931  0.00000001616550434
  0.00000001678270381  0.00000001751665133  0.00000001829850168  0.00000001919982171
  0.00000002026010627  0.00000002210792388  0.00000002371783757  1.00000000000000000
  0.00921289407588409  0.01671610316479386  0.02517477149000677  0.03691903114095286
  0.04617569289047369  0.05574096935990607  0.06418495632752147  0.07359777321505688
  0.08284084214971657  0.09262267534091752  0.10292042802365660  0.11688238876679197
  0.12921032939238791  0.13961317813110299  0.14984058551253931  0.15926895004910463
  0.16843292522200148  0.17772812886203407  0.18577858485425103  0.19340443067970686
  0.20159991473985805  0.20992773165686898  0.21995984513176323  0.23115974043661355
  0.24383806030289085  0.25746906133916975  0.26945918891558807  0.27951255448542311
  0.28932731890014851  0.29891866191421035  0.30687451058016468  0.31501050188421814
  0.32507187538378435  0.33611518428832976  0.34695951440391626  0.35763744438933681
  0.36856711828469729  0.37784553551111844  0.38513921639622667  0.39266789439111122
  0.40051358637217976  0.40841901268972575  0.41623373054704338  0.42414186265663778
  0.43272862985864796  0.44316744645819572  0.45582473792581946  0.47035087801818182
  0.48622758261697391  0.49987063129154907  0.50872251296353432  0.51574709641895644
  0.52383597674585602  0.53229176898417652  0.54043214770600723  0.54822776026535469
  0.55557900251500159  0.56350016695288929  0.57386878539461483  0.58631979973740167
  0.59874314471527623  0.61142513649338082  0.62241626167295905  0.63272985615234878
  0.64320444267932553  0.65600492465947757  0.66902905800513135  0.68097376384900721
  0.69256606708037705  0.70445653438098776  0.71501829588993082  0.72419821828871478
  0.73367846202014064  0.74291415323422294  0.75264097475943126  0.76277353900313249
  0.77537509639863911  0.78919468597249343  0.80130050163691469  0.81150316653066101
  0.81978055333074518  0.82732458121723484  0.83654180401950085  0.84578442699536105
  0.85557883669460311  0.86471194085570890  0.87368027471902610  0.88475920990503631
  0.89770706331009886  0.91241655717326708  0.92595953762063887  0.94023823661528128
  0.95469891553436426  0.96912607834386155  0.98474645317221987  1.00000000000000000
 -0.00000017251880280  0.00008610477579080  0.00057153392099804  0.00189304706955496
  0.00345870996489843  0.00536148287653753  0.00773052263562529  0.01113604146429359
  0.01495782579765459  0.01894959944602644  0.02315139607825602  0.02757459729972760
  0.03320633951129084  0.03887934282816712  0.04500220003805433  0.05168485293114273
  0.05951985602790734  0.06817535717698966  0.07701995114453468  0.08578420331444202
  0.09384249398330433  0.10225528819539824  0.11108689446758443  0.12057027559025128
  0.12970375698790340  0.13780860055556921  0.14542864811333073  0.15270333615261866
  0.16007469605150013  0.16847146514208172  0.17761077330151914  0.18701317578467594
  0.19671003752033270  0.20717226847813930  0.21844942868232975  0.23012476398228901
  0.24302229052085128  0.25674703469122195  0.27017272401047221  0.28302357019910890
  0.29571019311673019  0.30889733756474042  0.32262953300932945  0.33705200497004900
  0.35250443655580221  0.36647070666950821  0.37844161280081268  0.39036359035706347
  0.40215675250083927  0.41363964576864087  0.42535740646687786  0.43719860012830986
  0.45016249647277801  0.46365513077074810  0.47719139279785727  0.48935813582132359
  0.50056138445926501  0.51146956878576388  0.52254565919824636  0.53368739742638416
  0.54409041853061013  0.55405056440259415  0.56393392321696856  0.57375072777412972
  0.58365405383856550  0.59383910213738833  0.60522021398469383  0.61652179335215285
  0.62755554290718296  0.63849788731876400  0.64968709509740463  0.66167856950046289
  0.67501518400584415  0.69211166561022464  0.70829647275775287  0.72445131394260520
  0.74023345193644807  0.75516610838381648  0.76942088648001516  0.78343939490176540
  0.79734015694598714  0.81136944563737390  0.82567329157040115  0.84023265316990658
  0.85495782873739068  0.86947899881921598  0.88364501241032956  0.89786793028577450
  0.91037408809316445  0.92231464424501586  0.93481710223347747  0.94799583275689581
  0.96201777979039471  0.97518736251009430  0.98777334348596024  1.00000000000000000
 -0.00338399488374144  0.01083448171707987  0.02366198180402142  0.03682297272802236
  0.05045649858698673  0.06256319390868310  0.07249037981711950  0.08214215960066584
  0.09253114881353167  0.10330091285980146  0.11187283024453068  0.11901411036207128
  0.12620706538727330  0.13457497772035404  0.14508023944350903  0.15681629502188474
  0.16633301343338477  0.17607849301843911  0.18588196686949199  0.19653720103671762
  0.20777338383244620  0.21978843276042367  0.23297339914679518  0.24609596203278963
  0.25822022472782979  0.26906576928847104  0.27859617383579977  0.28825818192866476
  0.29794127901551543  0.30641563540406586  0.31480083675500758  0.32348084865845111
  0.33279781007092812  0.34372074325283608  0.35671716146562826  0.37086214950044366
  0.38248655963397515  0.39360408208247183  0.40468570066250065  0.41474608912850075
  0.42393882112891096  0.43222070968145632  0.44067604965539031  0.44980810246553238
  0.45981996038006478  0.47070447987700814  0.48203247201237553  0.49385110882666050
  0.50571586075253683  0.51713594547347586  0.52822612052517315  0.53868236965934768
  0.54847646428166319  0.55842097331684604  0.56752616764882780  0.57552326726028791
  0.58332949090081454  0.59149771760018144  0.60022606034233006  0.60871760991011403
  0.61729705435572380  0.62617051082135999  0.63813040849517022  0.65115675046204036
  0.66357272780209520  0.67767807498068944  0.69000848543302939  0.70048072993547050
  0.70992877640021312  0.71981576831750904  0.73085347506088960  0.74136157487603915
  0.75203213096195287  0.76345657135409006  0.77440126149470667  0.78486641434460991
  0.79502165150669812  0.80552383925869608  0.81717112004960568  0.82931857726455327
  0.84297061646808713  0.85645787140211194  0.86859190642559669  0.88004568917294235
  0.89067437852964415  0.90033502794767428  0.91027551042883026  0.91992700886767553
  0.92937711965127934  0.93958930215365388  0.95039541774081782  0.96146063741025911
  0.97159731811389405  0.98104575925603277  0.99054007560931656  1.00000000000000000
 -0.00145988853511334  0.00622560057725169  0.01262093960220839  0.01871100954216508
  0.02511887534511835  0.03311351486931019  0.04196957821478767  0.05144719725941344
  0.06198730087507915  0.07229182085577812  0.08182266066200965  0.08994591407484498
  0.09803123568441366  0.10716757579016184  0.11717002241561011  0.12851632324384135
  0.14000390954102496  0.15214272608535781  0.16523067882171194  0.17924422568194837
  0.19398847489194715  0.20674986785578675  0.21909453149838196  0.23065876795693646
  0.24126559810702186  0.25197551596714213  0.26358805682420172  0.27593822486979180
  0.28855901195197969  0.30004369010973841  0.30954005588095906  0.31891485969080197
  0.32828101437694895  0.33871785006380722  0.34798925195771974  0.35822274610365090
  0.36815476542736070  0.37837853100588958  0.38925241270788202  0.39915846074734618
  0.41033548774250916  0.42317759707930258  0.43604992849987773  0.44768848754533375
  0.45765864479290325  0.46762144652236975  0.47877789631110773  0.48847355805610604
  0.49716540297931866  0.50606452845236860  0.51466795779605112  0.52351582854473722
  0.53318130051030943  0.54424590245318849  0.55817007480688707  0.57068277340389162
  0.58265496371885550  0.59510783974869097  0.60758297027474262  0.61796091080089233
  0.62917896865597511  0.64257785413301005  0.65531353612425436  0.66799638500172109
  0.68052570739128515  0.69638305188605198  0.71099136806815466  0.72326626467422617
  0.73383308659414870  0.74448682770566899  0.75528544890750116  0.76622144984397222
  0.77664111509841072  0.78597074729186711  0.79553508388517502  0.80504954515130533
  0.81465471616886509  0.82403212204931975  0.83322555265961673  0.84268394506567335
  0.85411835832007343  0.86654167804538629  0.87923550061617128  0.89116800891111980
  0.90330502048027550  0.91587776811413346  0.92480976757760158  0.93335221702155924
  0.94217519387405413  0.95046664415462179  0.95745816615245405  0.96366430745492659
  0.97049526374985928  0.97925986719385572  0.98969473099690242  1.00000000000000000
 -0.00493153892260333  0.01776655062175653  0.02736378018269726  0.03442994988649327
  0.04183712592711433  0.04983500330752987  0.05767381906986799  0.06482269986808702
  0.07214174308148585  0.08044561745875796  0.09245738532153402  0.10751517814333483
  0.12257231902352850  0.13608382725372792  0.14859479105750970  0.16000245138797367
  0.16976451044567409  0.17970387628722245  0.18966246770907921  0.19954758151911769
  0.20947214427362926  0.21769397583066571  0.22593395848053491  0.23514560121808442
  0.24421602628107109  0.25378270893461496  0.26504204178081658  0.27836996644064371
  0.29232630746232369  0.30413389918394523  0.31585089994887389  0.32773039078048882
  0.33778914132903642  0.34684552384894579  0.35526730212082319  0.36630462223424937
  0.37516185163778670  0.38476850553595954  0.39421247341275883  0.40405722761734458
  0.41341641138063984  0.42210766148651879  0.43067956862831641  0.43941587977035784
  0.44867933962220402  0.45859843442785453  0.46942660100432948  0.48050272918870574
  0.49130609331325686  0.50188473077254692  0.51183232324625050  0.52235745483838902
  0.53441481496710086  0.54670747366341499  0.55982459793633621  0.57287586278343738
  0.58602779756613099  0.59889060950805351  0.61019636473119576  0.61929835365305674
  0.62899898502894191  0.63956457069141481  0.65101566841070058  0.66119823626503116
  0.67086275829214936  0.67996409391158241  0.68885128231703874  0.69817396032819168
  0.70588838770271067  0.71374008127543931  0.72266351329460055  0.73164637711700553
  0.74211131346859527  0.75643820505795156  0.77191953664282131  0.78598719626083480
  0.79974817961070843  0.81338413007692079  0.82778042232808835  0.84053722493644201
  0.85048943415650913  0.85957394683447563  0.86838955706567467  0.87676714377059617
  0.88566213093599877  0.89509376881481706  0.90590411898619683  0.91574082067950691
  0.92544639590436306  0.93422854249608744  0.94414785954779923  0.95518946664046511
  0.96634186385363530  0.97767569395850595  0.98865595218765157  1.00000000000000000
  0.01527232728273833  0.02708350509567221  0.03411566334877865  0.03933367100785799
  0.04428289203913403  0.04872151543447149  0.05344532911916117  0.05850138563903227
  0.06341489035050139  0.06780160744367809  0.07197013560335136  0.07611999820608364
  0.08004462234082474  0.08368641005666282  0.08738193659974604  0.09124262930123453
  0.09539583016503440  0.09997873108058893  0.10446281036606433  0.10889525457430485
  0.11323760826982995  0.11720250897195540  0.12140634044470490  0.12634216716906460
  0.13157009762513966  0.13616695596804604  0.14039463331696989  0.14488629111362411
  0.15036905898773523  0.15740615669080738  0.16490347929770621  0.17201052267595021
  0.17921498187370746  0.18579013135368788  0.19137837392423615  0.19662647768319258
  0.20147574096310089  0.20584252392121330  0.20995462820157859  0.21419440330207412
  0.21876658176866698  0.22393144143355531  0.22932995619556604  0.23455492335102721
  0.23993974591349068  0.24546506518853375  0.25140510070404987  0.25983634837792463
  0.26742971018756756  0.27427927080860837  0.27969259537316055  0.28668647247424650
  0.29427987075152245  0.30164353505583547  0.30925957428109674  0.31760797666958251
  0.32559515978744041  0.33324503228780378  0.34150252113896662  0.35009048327523662
  0.35877063039990531  0.36721142102146825  0.37567819114318601  0.38410319947863736
  0.39293247692125932  0.40308466681301186  0.41416688849520927  0.42281442281999859
  0.43017447510557566  0.43729675705050453  0.44432396117771067  0.45167457131490923
  0.45959587660218021  0.46744738783067052  0.47519798096079330  0.48402188137268920
  0.49329423484183432  0.50220677177279371  0.51054912796191743  0.52013201002169951
  0.53096233962780237  0.54319632868210954  0.55964664817515541  0.57905220439690674
  0.59917885943938098  0.61945218514935008  0.63983122525703517  0.66063096941042510
  0.68546858938685906  0.71223339004309638  0.73616921815824388  0.76440079663626814
  0.80212218755472731  0.84156541292989417  0.88872981351378411  1.00000000000000000
 -0.00227326852371014  0.00919340772563389  0.01854226527897091  0.02897153015176324
  0.03792562426543591  0.04648893421597549  0.05470647832830866  0.06480274925631606
  0.07853238452798425  0.09309336177291140  0.10505431551492861  0.11467238811817215
  0.12338436192466183  0.13248594167057262  0.14143717651975277  0.15008330271480874
  0.15845413566679828  0.16743287259002790  0.17765619326363369  0.18800475038071562
  0.19820455567173517  0.21011981837194466  0.22661322075718979  0.24123355222297591
  0.25352692107292685  0.26458574879924668  0.27495442103539319  0.28493416622820367
  0.29603221787261041  0.30815360493023142  0.31909459812735608  0.32866411406240531
  0.33789434441613814  0.34680871512654787  0.35500058683770735  0.36241470917459012
  0.37022714304125937  0.37915456917407536  0.38818165055935155  0.39662812335163827
  0.40477157708527800  0.41446670873104202  0.42431436034642456  0.43424001234436821
  0.44485740742279778  0.45621801219712099  0.46886969171371901  0.48102661921497247
  0.49044862537814105  0.49883856130907717  0.50591839879619349  0.51324191214165460
  0.52111092070522336  0.53026810380205647  0.53857223693753098  0.54987341498790854
  0.56065030026803953  0.57151362099921821  0.58147691827520076  0.59392055006061029
  0.60734092223609926  0.61888847724206009  0.63073811247667722  0.64327101014845245
  0.65546172098666733  0.66910167888854544  0.68382235254997881  0.69817850309482121
  0.71063427543595248  0.72060065622235592  0.72957328956474277  0.73885328959431129
  0.74869015553706186  0.75839557087772469  0.76709568233016889  0.77628733531441974
  0.78617360498228928  0.79595658597103236  0.80607748202062890  0.81539655516309240
  0.82643608251654399  0.83922046725956789  0.85725796490069950  0.87338109005786568
  0.88665747159577546  0.89919904115985005  0.91126330068566119  0.92317478097787098
  0.93446216768033674  0.94457693888398642  0.95395716065792924  0.96321943170739666
  0.97269818247468687  0.98154669218935520  0.99043011498523614  1.00000000000000000
  0.64301190883301373  0.68411037779492911  0.70931663148878210  0.72947139731706023
  0.74669019076512810  0.76378195059779241  0.77997773009733029  0.79508363754938172
  0.80751962062572324  0.81871487719907843  0.82948558449605592  0.83960847484796575
  0.84963742153537214  0.85921164055718247  0.86701134138080427  0.87399697236700402
  0.88106720843200925  0.88787918334958038  0.89438604250773690  0.89945919222774062
  0.90423335349975265  0.90853315361790776  0.91240971542957339  0.91614196376301160
  0.91920230144191262  0.92227041374593410  0.92540195956605620  0.92836826305719233
  0.93122832617931550  0.93391930853980087  0.93637758291961637  0.93852620322899882
  0.94038227277672548  0.94225916383786290  0.94404111156150761  0.94568909167154613
  0.94722221270219009  0.94868620503234935  0.95012435479952284  0.95147274626354239
  0.95267345817158666  0.95377452481243596  0.95484020896641975  0.95588838264257470
  0.95702431245333275  0.95807579136305177  0.95902035239465599  0.95989874769057815
  0.96075338998684512  0.96158066942390130  0.96232360069615230  0.96290842902839091
  0.96347566535284290  0.96404730615264544  0.96459044756301771  0.96510306970057536
  0.96559164229935357  0.96606562481806013  0.96661032262664814  0.96714959711096682
  0.96766548860524249  0.96811512700715663  0.96855202612468083  0.96899019360804850
  0.96944130390002292  0.96993207090431377  0.97048621100443977  0.97445790148945477
  0.98147313256703528  0.98187167503648209  0.98220864757643644  0.98252339484211115
  0.98279068458370145  0.98306586653829009  0.98337332967397939  0.98367779294693103
  0.98397700843118296  0.98428599968975727  0.98460898349292081  0.98498333088403944
  0.98538924014021434  0.98580434320513999  0.98623311255537471  0.98674184878573235
  0.98723462683883523  0.98781770900187438  0.98845758958912444  0.98915245181896494
  0.98994630765647773  0.99078841025252662  0.99170306218081228  0.99272689065508268
  0.99391340801469708  0.99540128865803201  0.99736898277245023  1.00000000000000000
  0.05034085505384341  0.10405683835354801  0.13601359714618888  0.16033972016169354
  0.17896523602460401  0.18955185851264733  0.20158009329851925  0.21002562338155586
  0.21763608824248293  0.22653626502665705  0.23426861334892707  0.24031045166007628
  0.24537717952588942  0.25057115897701004  0.25605163452780411  0.26145372036516212
  0.26654132290974208  0.27138742750459538  0.27585345766558977  0.28034991798939152
  0.28463688188154268  0.29048671178666252  0.29759338372638455  0.30509584281264240
  0.31165525145506828  0.31763122072233019  0.32369961982513151  0.33000789279170406
  0.33670445028278922  0.34400021446723833  0.35157756486068537  0.35898045417600449
  0.36617963044995278  0.37328023530870408  0.38002846832792708  0.38700701109609215
  0.39396275429842303  0.39954397417601373  0.40491942410484416  0.41077170113624428
  0.41685082668444334  0.42241032526000311  0.42841885296644994  0.43440435660257892
  0.43966883552452918  0.44480981007613507  0.44951058406837335  0.45456002083534897
  0.46006038761160362  0.46560332670526078  0.47082625758656604  0.47568973761528049
  0.48103432047113964  0.48713180754028568  0.49385418359182326  0.50117913966664718
  0.50793249266018203  0.51392702137096657  0.52002630960658458  0.52612645079798748
  0.53247368332045442  0.53868110961276505  0.54440752201313025  0.55018129455257969
  0.55623685205452100  0.56167273600056467  0.56619836625094733  0.57007994901715942
  0.57404173087746713  0.57828894588241042  0.58269703625071667  0.58665856700606345
  0.59077462259329250  0.59495526508617558  0.59989933517409988  0.60496225916376689
  0.61014488082869955  0.61540282231216392  0.62076902878433871  0.62563104355533072
  0.63218243022861531  0.63915802511787501  0.64791344478910728  0.65769761995359943
  0.66780345107532191  0.67855256802133757  0.69063337563066707  0.70404643761020080
  0.71858011237872399  0.73091433099980008  0.74286099465161126  0.76217180547537922
  0.78224742688945614  0.81962877648401988  0.86295137992063131  1.00000000000000000
   7.9874748384023387E-026  -1.0000000000000000     
 T F T F T F T F F F F F F F F F T F T F T F T F T F F F T F T F T F T F T F T F T F T F T F T F T F T F T F T F T F T F T F T F T F T F T F T F F F F F F F F F T F T F T F T F T F F F T F T F T F T F T F T F T F T F T F T F T F T F T F T F T F T F T F T F
  <DiscreteSampler_grid>
  grouped_processes
  1 # 1 for a reference and 2 for a running grid.
  10 # Attribute 'min_bin_probing_points' of the grid.
  1 # Attribute 'grid_mode' of the grid. 1=='default',2=='initialization'
  0.0000000000000000 # Attribute 'small_contrib_threshold' of the grid.
  0.5000000000000000 # Attribute 'damping_power' of the grid.
 # binID   n_entries weight   weight_sqr   abs_weight
    13   10   1.056780285113587E-018   5.795091930386002E-036   1.056780285113587E-018
    14   10   1.056780285113586E-018   5.795091930385982E-036   1.056780285113586E-018
    16   10   6.371177775092997E-019   8.853864392730323E-037   6.371177775092997E-019
    17   10   6.371177775093211E-019   8.853864392731080E-037   6.371177775093211E-019
  </DiscreteSampler_grid>
