  0.00000000005312419  0.00000000015846740  0.00000000025917491  0.00000000034471216
  0.00000000043192468  0.00000000051206031  0.00000000058015590  0.00000000066316854
  0.00000000076192585  0.00000000086178108  0.00000000095837084  0.00000000106336538
  0.00000000118374932  0.00000000130530903  0.00000000142594683  0.00000000154584348
  0.00000000166406662  0.00000000177564608  0.00000000187554020  0.00000000197197918
  0.00000000206055603  0.00000000214761292  0.00000000223820890  0.00000000234951763
  0.00000000246338256  0.00000000257769438  0.00000000269010396  0.00000000280421944
  0.00000000292247681  0.00000000305245644  0.00000000318203474  0.00000000329488793
  0.00000000340828488  0.00000000353649835  0.00000000368046495  0.00000000382720105
  0.00000000396168037  0.00000000416710942  0.00000000437943414  0.00000000455858307
  0.00000000471359338  0.00000000486259056  0.00000000500330069  0.00000000512724376
  0.00000000524897998  0.00000000536727118  0.00000000548282157  0.00000000560770681
  0.00000000576069503  0.00000000594953352  0.00000000614083716  0.00000000631730547
  0.00000000648690198  0.00000000666055087  0.00000000684164702  0.00000000703898756
  0.00000000723667663  0.00000000743709752  0.00000000759845813  0.00000000776040702
  0.00000000791016385  0.00000000805867662  0.00000000821813145  0.00000000838882375
  0.00000000856731626  0.00000000873785311  0.00000000891555824  0.00000000913214196
  0.00000000937338050  0.00000000960833363  0.00000000984818289  0.00000001009294357
  0.00000001030733130  0.00000001050938227  0.00000001071233041  0.00000001091602479
  0.00000001115823517  0.00000001141074919  0.00000001167270362  0.00000001194775521
  0.00000001224343951  0.00000001254764718  0.00000001285302167  0.00000001322288730
  0.00000001360459861  0.00000001398148568  0.00000001438777378  0.00000001484741301
  0.00000001535038490  0.00000001597576350  0.00000001669712398  0.00000001754691240
  0.00000001866055998  0.00000002023514512  0.00000002133205631  1.00000000000000000
  0.00994785566695067  0.01553771497808112  0.02313060434020089  0.03341228579275060
  0.04658557843162783  0.06108960143654290  0.07535138960617288  0.08624598674018501
  0.09577173752757698  0.10515299363242014  0.11519163015005567  0.12786840825196352
  0.14226980764631247  0.15660916743109946  0.17069110457290276  0.18399906226875604
  0.19712143407700766  0.21031183957280816  0.22327533390420506  0.23520408841331297
  0.24605134406703461  0.25702498911460592  0.26808168858239151  0.28060815050822990
  0.29470526701310168  0.30847749885133063  0.32078234703734076  0.33157856834785410
  0.34212735620356038  0.35320908351140956  0.36532762938616309  0.37783549101593111
  0.38991434903792660  0.40223975916967941  0.41450460706371772  0.42355284001712878
  0.43058767433942752  0.43873155625299010  0.44619229614593076  0.45260509317175862
  0.45918149364941152  0.46570275244798975  0.47248147198575124  0.47996468160397926
  0.48841052767063725  0.49715025223768639  0.50608265269245156  0.51537125661509031
  0.52461253885406600  0.53381165578269563  0.54210265442238392  0.55220705620813249
  0.56276057923419276  0.57408478681561792  0.58700576311664121  0.60048458542972816
  0.61148504004452842  0.62236068626198404  0.63255535164920784  0.64363421645960472
  0.65465103813838821  0.66460498677735624  0.67469795051789805  0.68493652328362364
  0.69481720664925894  0.70440857107402222  0.71312613466269048  0.72220902717121105
  0.73268353270240649  0.74336763619390689  0.75384520292445267  0.76464227295288822
  0.77340504496715889  0.78083694244120494  0.78864890645754604  0.79738541836250210
  0.80608986812392802  0.81362237348923672  0.82044423509272935  0.82782753564815303
  0.83661168304318523  0.84635468001081204  0.85556647491460414  0.86481755921440151
  0.87391296005572383  0.88537346395635330  0.89833254063192425  0.91011647441875843
  0.92087899241229976  0.93128382899311180  0.94176283133366745  0.95267909065136291
  0.96143232868624751  0.97264445158038715  0.98606628015949893  1.00000000000000000
 -0.00001645596647043  0.00073226977900336  0.00309584063466343  0.00649435265046988
  0.01092925870879792  0.01552485645210124  0.02099233539090444  0.02758514385966182
  0.03421554052663933  0.04088392740550115  0.04810016817189360  0.05540331971540950
  0.06251975270518334  0.07020568214506641  0.07833464052821612  0.08654343485134261
  0.09522505577607937  0.10398526175221826  0.11238790620919345  0.12046528298679381
  0.12812800079823061  0.13538891200957340  0.14304569577679921  0.15100017170202340
  0.15953270641637698  0.16858014060392529  0.17779850825497917  0.18686796079010712
  0.19670174194715451  0.20881725025626699  0.22204506900248530  0.23486962613506515
  0.24731191342830053  0.25942000321270792  0.27141876347420901  0.28350792034199485
  0.29555943303952892  0.30796685389795497  0.31994979553630987  0.33244136369261862
  0.34510814293447545  0.35765597171227742  0.36938531002821368  0.37986494066261889
  0.39020370908678997  0.40118371685875531  0.41279544720103306  0.42414838071645589
  0.43474340701747555  0.44548206611579727  0.46009300371639195  0.47266230346858029
  0.48532696213873150  0.49843748851274067  0.51114941487571519  0.52299224740983741
  0.53324158520370146  0.54314315555914150  0.55280596455757824  0.56172821686880448
  0.57135206217140322  0.58161500441714808  0.59282852099066141  0.60504542655423987
  0.61701086890632828  0.62847480849095738  0.64007179905084710  0.65156532505039744
  0.66396371891592787  0.67602573972074065  0.68893602239420937  0.70093710137389975
  0.71322669987191556  0.72546587361346060  0.73785975233423984  0.75075618326912852
  0.76387526510662240  0.77663265637195045  0.78856682229665387  0.79981885874360659
  0.81160781998991349  0.82391602403152664  0.83586240014294844  0.84741833093217267
  0.85913607074101972  0.87183233933400894  0.88582075303313623  0.90039173622296975
  0.91387153029471069  0.92459564698823349  0.93561054225120810  0.94656645165218634
  0.95776796057890590  0.97010874856882545  0.98393698045152866  1.00000000000000000
 -0.00382096421749359  0.01200752863026482  0.02556422684415936  0.03879821335014354
  0.05145870876966652  0.06317664655245640  0.07453183635667765  0.08640321505434451
  0.09706933894132590  0.10838783507106849  0.11970389635542121  0.12936357377672938
  0.13844581846611226  0.14689987747412886  0.15586699129126305  0.16395174713898164
  0.17265045086016026  0.18241427052327125  0.19274200373031897  0.20470333093695112
  0.21768074914751812  0.23028712847496077  0.24136644334105301  0.25108138155268395
  0.26072306542886603  0.27128438819888945  0.28317415577949040  0.29503722375901309
  0.30502543370233220  0.31376846983563073  0.32374795694425534  0.33440806268387180
  0.34452599211907337  0.35487804968061093  0.36517202491734746  0.37578243487286250
  0.38600137014529068  0.39587147560719155  0.40511621208980797  0.41397998327087393
  0.42298956461790088  0.43350469019709198  0.44626757856153809  0.45840589630556755
  0.47226431553209464  0.48571139522478013  0.49818382551295820  0.51147560945033776
  0.52573246339325452  0.53997599563135068  0.55419387778237295  0.56765334457497807
  0.58109969834182640  0.59546130833981470  0.60890682690569076  0.62119881030477364
  0.63167012736842343  0.64066960952653629  0.64935703785259380  0.65799275667297208
  0.66696325870262407  0.67628538440589303  0.68545973409079042  0.69232077984407259
  0.69824899055506828  0.70472876068249812  0.71193978729836904  0.71878138097131627
  0.72512923376161253  0.73132378048834823  0.73784165960808268  0.74499747861317511
  0.75197315215972427  0.76117404610520922  0.77026996349310417  0.78124099651708589
  0.79381737026918908  0.80540107456626531  0.81634354501318840  0.82556441945243897
  0.83548100787691260  0.84636749143202950  0.85766267608252178  0.86955652681007856
  0.87973974023629298  0.88902619664890981  0.89837917897380026  0.90843382958566610
  0.91995758006546668  0.93053865156890070  0.94134051556628062  0.95295393556728181
  0.96398470225922195  0.97525035704302998  0.98715991167135142  1.00000000000000000
 -0.00411942380995914  0.01039634267360715  0.02326482168085269  0.03583455641445338
  0.04944826526028633  0.06115630243293228  0.07226717365183306  0.08338985668779129
  0.09421176289219357  0.10459650916502293  0.11368618924107192  0.12252042437013191
  0.13155912991741178  0.14022364425315950  0.14922558077106449  0.15788513855802822
  0.16643013295830189  0.17498942921281083  0.18366146825945975  0.19409858824905687
  0.20591007837918895  0.21700701195216371  0.22716037905065561  0.23696462588951231
  0.24665089232964718  0.25706329774813597  0.26858202728712555  0.27987920267625266
  0.28925031617780644  0.29775063005112712  0.30681534397951776  0.31698963718545986
  0.32904200633935404  0.34376223745674650  0.35746569531605388  0.37013427863728621
  0.38002467050886696  0.38746990124301023  0.39562011380517298  0.40449493530068181
  0.41426445624367531  0.42345523653878719  0.42972086481192023  0.43619840775364649
  0.44545591404683349  0.45585695955941119  0.46589499259520656  0.47687359683209180
  0.48852762435096631  0.49990797805906045  0.50942134960841345  0.51820248119356815
  0.52657918949758176  0.53426148766006754  0.54147389276882629  0.55001913709591566
  0.55747371317211303  0.56774125846721335  0.58062406846395020  0.59440558853526460
  0.60844714339225170  0.62271380335735749  0.63604918121525866  0.64652290779162513
  0.65457119508661532  0.66126983460706656  0.66883693456594373  0.67708283118843016
  0.68642947555131040  0.69506480438319906  0.70196682250905984  0.71207973276080549
  0.72585222990640252  0.74012103459918566  0.75347604777838451  0.76586327248644837
  0.77646344541108381  0.78637293610006043  0.79619539215429391  0.80622196162788207
  0.81668351698393515  0.82666708925503829  0.83659185032203143  0.84614770264788985
  0.85672595155056974  0.86826976896449093  0.87962452879132236  0.89074738714362578
  0.90268746145266643  0.91760227432498187  0.93153908828654042  0.94493572676537674
  0.95825073081044032  0.97198461769337174  0.98625129349474061  1.00000000000000000
 -0.00380005265756476  0.01333215432488749  0.02843454543154574  0.04341324975700485
  0.05629751680009316  0.06730152814501209  0.07726255017141870  0.08681063989468797
  0.09728823307676822  0.10779944071081581  0.11781813564978666  0.12949656647930402
  0.14217697604657228  0.15603974200136125  0.16854321814101475  0.18008189101874775
  0.19245775332747889  0.20544319926234580  0.21755246122477717  0.22801793141381596
  0.23777177862720328  0.24731951679091249  0.25680263402083930  0.26643097081893180
  0.27657870822819469  0.28830512800837155  0.30256573095509809  0.31755662726359984
  0.33152947536573851  0.34439047253770910  0.35673974762276045  0.36813815360932423
  0.37888620212855051  0.38923014302686199  0.39930395956344328  0.40709764091309325
  0.41431899648455156  0.42158510154806533  0.42958192479481605  0.43732598457166921
  0.44466796249497664  0.45153036760442483  0.45773814102940535  0.46918508802370429
  0.47934424222494643  0.48786850904837115  0.49549985943114511  0.50323919083172253
  0.51188833881012474  0.52073454537603259  0.52863536733942895  0.53569132881612447
  0.54246662462583983  0.55225208308001650  0.56361202574532521  0.57550988047426577
  0.58800127490988396  0.60014851872151931  0.61150985141887637  0.62299669926562218
  0.63446723378635261  0.64578548542040171  0.65762750086730937  0.66950724852058896
  0.68084966002942982  0.69264182464549007  0.70402773495616988  0.71307540396863911
  0.72243956724062175  0.73292494683916176  0.74553060939491467  0.75921627717414963
  0.77148741912479657  0.78299724843112328  0.79428939764629547  0.80580136452157813
  0.81802983426850495  0.83074220994410097  0.84305319008329282  0.85301954158756776
  0.86058740634597919  0.86795333801027486  0.87549756120067268  0.88329739770070048
  0.89117373409337586  0.89939692575984909  0.90773107331376102  0.91592955620493521
  0.92309627051725218  0.93012222326583927  0.93810150421331917  0.94916538727513744
  0.96116790107937700  0.97343609164945688  0.98701024401724202  1.00000000000000000
  0.00743959183772568  0.01775118477514302  0.02484343594051364  0.03054402995313983
  0.03621826991709440  0.04225294929505076  0.04807552664482360  0.05328561586335120
  0.05940028108561286  0.06559763162494217  0.07181335084375186  0.07802069645072607
  0.08411558582243296  0.09024671998178853  0.09646110307663738  0.10166532527429605
  0.10562743519203520  0.10931336406345601  0.11316476350423813  0.11739207114564114
  0.12156881169643403  0.12565227627084030  0.13016305408071061  0.13446296396708626
  0.13896196008667333  0.14304583792864956  0.14704386211158185  0.15118451948213951
  0.15535075059557826  0.15947400217391955  0.16291661481968811  0.16707024064451068
  0.17230707067572673  0.17754750502989225  0.18287710836203805  0.18821393303783757
  0.19302395293346400  0.19771081533153531  0.20294561170430675  0.20936517102007127
  0.21690970869365378  0.22511782991612297  0.23317645714414920  0.24108795905996874
  0.24877300606971309  0.25535959741769693  0.26071636242681978  0.26609814162861728
  0.27145958628830358  0.27745598280633149  0.28430941635629020  0.29170876918971561
  0.29763095836747694  0.30375947644768575  0.30975220026393996  0.31591011881751396
  0.32255145816062841  0.32947710520091250  0.33639414541219076  0.34312102483508294
  0.35021540232251430  0.35826681591854737  0.36719593155845409  0.37593526763006208
  0.38391558897785466  0.39196673784987185  0.40094545009698956  0.41095591450597058
  0.42058903516484419  0.43041592879421303  0.44080857323080497  0.45167419171353024
  0.46164446021970929  0.47093051472117886  0.48055172301374349  0.49098302998898724
  0.50182222059916537  0.51363572744515240  0.52682798155337218  0.54376538629185789
  0.55991992837238469  0.57404201794253673  0.58674327193124431  0.60024886537586453
  0.61471449400497913  0.63288891090432942  0.65114622804081268  0.66992116984637196
  0.69287796897811804  0.72137655781469556  0.75054474557530571  0.77437349825258595
  0.79758119027600316  0.83678870081759238  0.90218752616404418  1.00000000000000000
 -0.00200607188326381  0.00821651619610565  0.01908298772254417  0.02832992840583696
  0.03658883672109976  0.04583012673904464  0.05638785918898163  0.06716255775017461
  0.07784198482533439  0.08831475920937315  0.10022933031052834  0.11187114941022860
  0.12322957436223907  0.13525777931894736  0.14783789777698089  0.16095076841767908
  0.17465339222604859  0.18810923421606818  0.20183958702968091  0.21466468588521403
  0.22950175108250406  0.24168368537931353  0.25403587891809926  0.26594131997409892
  0.27718423588496843  0.28922876203110282  0.30305844896920386  0.31642776335756351
  0.33010643824807195  0.34504784645276942  0.35919539551371249  0.37187113806846350
  0.38328681441248719  0.39381903438663585  0.40424692022739267  0.41445845157986522
  0.42385451349980502  0.43273080170167211  0.44190481401074466  0.45129292523549952
  0.46168733169090986  0.47189224510876837  0.48208549781710197  0.49369814764306652
  0.50580810349382199  0.51659738234109431  0.52952525149198915  0.54320361992046851
  0.55597095354487958  0.56589390077100610  0.57653550966298373  0.58729932717262456
  0.59833704110920782  0.60963453170425708  0.62013466449907906  0.62955579442210863
  0.63919683738669542  0.64861302650343289  0.66001672682974988  0.67105934334234651
  0.68397907080230969  0.69528454824619945  0.70527708326840799  0.71389753058394290
  0.72266224470423956  0.73171032596106056  0.74273167403337592  0.75375173462819245
  0.76449989702945920  0.77661061938479259  0.78976061929078800  0.79877259122188260
  0.80662694364969834  0.81504942104763789  0.82357172541856372  0.83211675198466750
  0.84042168386532512  0.84943616414842171  0.86063440057272178  0.87111865659664556
  0.87870101401524447  0.88469785278123103  0.89164708053904307  0.89992903865212914
  0.90778393270704105  0.91586451707951522  0.92315238535332189  0.92993827722198164
  0.93696955357800282  0.94511547610489033  0.95434799924948543  0.96257971106410833
  0.97070794296209417  0.98004795026950509  0.99048315012121035  1.00000000000000000
  0.64749682183017310  0.67677310720521744  0.70651836346962726  0.73671465650920764
  0.76619332546947638  0.79182663918022589  0.81182441595884902  0.83093946740815416
  0.84637171573974213  0.85924096494152669  0.86969579582199963  0.88009164971680698
  0.89008802983217794  0.89971975203512544  0.90814399965984738  0.91533854948683646
  0.92067472569147712  0.92486489041578013  0.92893135813477723  0.93297391519178241
  0.93690313405863024  0.93952419026921929  0.94165733102317506  0.94346065074305663
  0.94519775214959423  0.94691370902402006  0.94855787357409937  0.95013294407712878
  0.95173848807741290  0.95310832132364542  0.95420208351148172  0.95520640466847395
  0.95618816132368578  0.95715155491293469  0.95807974841753052  0.95882892148495757
  0.95948201568628433  0.96006553399592487  0.96066970896524495  0.96129534055735444
  0.96188945372142065  0.96243932466109683  0.96299044190628524  0.96352722865850715
  0.96404776392648894  0.96454776795522412  0.96503083844598703  0.96548680077512727
  0.96590615618130804  0.96630394847047685  0.96668563774756733  0.96706231315163294
  0.96742749538218586  0.96777771868831908  0.96812802242819018  0.96848471553694615
  0.96881522051000435  0.96910812326620510  0.96936928006801693  0.96963454364628510
  0.96995029997475513  0.97080806370724504  0.98197220136810337  0.98221948085483979
  0.98240013275780025  0.98255149192566005  0.98269584968977763  0.98283452714831554
  0.98298978971793605  0.98316048179489834  0.98334518140946836  0.98354297558632420
  0.98375575454327779  0.98396121918412072  0.98417740494613115  0.98441446146082190
  0.98465330248204441  0.98488245172195243  0.98517913284962533  0.98549468435559873
  0.98583787809116386  0.98623986757148208  0.98667186208342195  0.98715162773264697
  0.98770665166061122  0.98831295229805716  0.98895874516666415  0.98962929802113142
  0.99033587748212382  0.99112147394250527  0.99201724719792805  0.99306891645831752
  0.99429377771098637  0.99573475571297432  0.99752184332932781  1.00000000000000000
  0.08964586144982783  0.13990686555104592  0.15386923517849885  0.16568833226566787
  0.17444704799612643  0.18382089326896939  0.19194442565962255  0.19947012220722787
  0.20433084963782905  0.21367359919186965  0.22997351768347812  0.24392580775577288
  0.25684150961246788  0.26865259409738224  0.27929699424283849  0.28985202197818505
  0.30086575820191402  0.31212246477895683  0.32291023216928172  0.33351206170667402
  0.34405202367048870  0.35448713656291947  0.36523796871285352  0.37740976089029077
  0.38833980374325461  0.39816694882734527  0.40740207839375348  0.41539587823170110
  0.42272516775557428  0.42917651437012816  0.43494357065532191  0.44099949622899115
  0.44599875361712676  0.45073567998467196  0.45591067892904680  0.46100459619222411
  0.46666317007469427  0.47307683960370422  0.47970236655263204  0.48705027692762792
  0.49467390166645331  0.50213810577038065  0.50841162828483699  0.51463167422602385
  0.52073306899342953  0.52664848485657978  0.53272657604650342  0.53911291342671364
  0.54509235615723084  0.55087705135839038  0.55661457922900304  0.56233395763563843
  0.56813791501954525  0.57391347739895482  0.57949519823912166  0.58492104642346820
  0.59014141385507290  0.59497667167288681  0.60000386274910489  0.60543802143791414
  0.61081753920536852  0.61606772333469040  0.62129454000328654  0.62670241940362370
  0.63248513778460047  0.63871674734670170  0.64490916529107889  0.65061390365735638
  0.65590773502551536  0.66070844492256353  0.66513600472403855  0.66950558349880507
  0.67300765789744654  0.67750209488319513  0.68157276676050427  0.68536082748195426
  0.68946997706308155  0.69362495435802130  0.69777743245690782  0.70254641146776398
  0.70788180155752722  0.71338911974997221  0.71900687471860114  0.72379262003228007
  0.72887408613457172  0.73432043312026107  0.74144825448287022  0.74873494346620062
  0.75604181730892095  0.76296889359256748  0.77415219328941776  0.78981596992965941
  0.80941248313777525  0.83659002486284029  0.96934593602364372  1.00000000000000000
   3.1447561333815678E-026  -1.0000000000000000     
 T F F F T F T F F F F F F F F F T F T F T F T F F F F F F F F F T F T F T F T F T F T F T F T F T F T F T F T F T F T F T F T F T F F F T F T F F F F F F F F F T F T F T F T F F F F F F F F F T F T F T F T F T F T F T F T F T F T F T F T F T F T F T F T F
  <DiscreteSampler_grid>
  grouped_processes
  1 # 1 for a reference and 2 for a running grid.
  10 # Attribute 'min_bin_probing_points' of the grid.
  1 # Attribute 'grid_mode' of the grid. 1=='default',2=='initialization'
  0.0000000000000000 # Attribute 'small_contrib_threshold' of the grid.
  0.5000000000000000 # Attribute 'damping_power' of the grid.
 # binID   n_entries weight   weight_sqr   abs_weight
    13   10   6.825660080784680E-019   1.011790167720896E-036   6.825660080784680E-019
    14   10   6.825660080784666E-019   1.011790167720891E-036   6.825660080784666E-019
    25   10   2.544333690795034E-018   2.252190122531860E-035   2.544333690795034E-018
    26   10   2.544333690795094E-018   2.252190122531928E-035   2.544333690795094E-018
  </DiscreteSampler_grid>
