  0.00000000005610043  0.00000000013430221  0.00000000019525627  0.00000000025503147
  0.00000000031807506  0.00000000038594346  0.00000000045780478  0.00000000053297682
  0.00000000060842362  0.00000000068685833  0.00000000076998278  0.00000000085785903
  0.00000000094697658  0.00000000103913076  0.00000000113744321  0.00000000123302195
  0.00000000132733828  0.00000000142522784  0.00000000152858056  0.00000000163472864
  0.00000000175090614  0.00000000187065822  0.00000000198938098  0.00000000210364114
  0.00000000221892052  0.00000000234228309  0.00000000247107929  0.00000000259763149
  0.00000000272256614  0.00000000284954939  0.00000000298125802  0.00000000312013090
  0.00000000326430959  0.00000000340723338  0.00000000355157421  0.00000000369615437
  0.00000000384407234  0.00000000398993398  0.00000000415126926  0.00000000430861989
  0.00000000446493290  0.00000000462168667  0.00000000477478996  0.00000000492882884
  0.00000000508576093  0.00000000524781187  0.00000000541782905  0.00000000559376578
  0.00000000576816675  0.00000000593947188  0.00000000611307683  0.00000000628835316
  0.00000000646616102  0.00000000663804047  0.00000000681152925  0.00000000699854978
  0.00000000719104773  0.00000000738650387  0.00000000758298809  0.00000000777724036
  0.00000000797125663  0.00000000817130587  0.00000000837280281  0.00000000856680832
  0.00000000876099862  0.00000000897123614  0.00000000920264192  0.00000000944476599
  0.00000000968834053  0.00000000993392236  0.00000001018497140  0.00000001043616117
  0.00000001068060776  0.00000001092274916  0.00000001116648669  0.00000001141917527
  0.00000001167725014  0.00000001197722243  0.00000001229401397  0.00000001261469118
  0.00000001294690841  0.00000001329285947  0.00000001365687890  0.00000001403555430
  0.00000001443179600  0.00000001481694867  0.00000001524197614  0.00000001571969329
  0.00000001626724123  0.00000001687979574  0.00000001754684031  0.00000001830449717
  0.00000001922033265  0.00000002045854063  0.00000002118108678  1.00000000000000000
  0.00925794413569793  0.01599968048843278  0.02609023923167461  0.03769187086275669
  0.04822974196166192  0.05864430379878273  0.06855112215693768  0.07851127306578884
  0.08850012802883375  0.09912544533224998  0.11047916213715429  0.12187659363775991
  0.13291621841154683  0.14388006805359826  0.15476529311670023  0.16551257221378995
  0.17625682592293443  0.18657547969609717  0.19629951948264157  0.20562998061248083
  0.21502191946045313  0.22483797879529852  0.23531365488131956  0.24622999281603011
  0.25760382123753106  0.26878698971709114  0.28016182565961911  0.29214407958790956
  0.30420501502651315  0.31575504843692226  0.32655589998715695  0.33685033376547130
  0.34712734443846976  0.35722748230635343  0.36698282807094196  0.37654582269329046
  0.38586020864202791  0.39494661873547587  0.40407264946653254  0.41339668708741401
  0.42315022930855889  0.43297467208704898  0.44243765518888939  0.45175778700276747
  0.46101042981762985  0.47033950250447598  0.48012416295667443  0.49014914541556576
  0.50032709710351952  0.51077656902174295  0.52133304041168671  0.53197971259585408
  0.54245333345846247  0.55294139080265825  0.56373240351707532  0.57378135989310441
  0.58347173523123341  0.59271524594318359  0.60220210117699835  0.61200432937684912
  0.62203300658763905  0.63272920999805427  0.64356726822901167  0.65406584838321058
  0.66426979673602016  0.67440263848256743  0.68492183919263649  0.69587594625379856
  0.70748265172556468  0.71915113633401739  0.73044997976782311  0.74051415771128681
  0.75011142610207315  0.75992625363927391  0.76986583077509374  0.77974305441614022
  0.78924035377534585  0.79959795561910429  0.81057583770630004  0.82195924048393798
  0.83299482083800369  0.84395522988710980  0.85466796830566583  0.86460600143693056
  0.87464958148588223  0.88491516642911017  0.89496738454467095  0.90443492693156258
  0.91371698821424863  0.92382848045216959  0.93528134415492725  0.94665269826595422
  0.95839820886952187  0.96989099963685677  0.98083834926359259  1.00000000000000000
 -0.00308649052467230  0.01127495891650332  0.02286555791415573  0.03416698125013055
  0.04507463387541862  0.05657604185821370  0.06768300361201025  0.07864921117433125
  0.08954695460764225  0.09991873019442518  0.11021046816905221  0.12023458618986356
  0.13102059262224053  0.14257277156307888  0.15314035501710427  0.16388739520785212
  0.17466559620475966  0.18591850734796295  0.19752705952689067  0.20877879436255781
  0.21952887209163541  0.23034645884361901  0.24126960699777583  0.25248795220838194
  0.26321148500203501  0.27378583326370498  0.28426392118413579  0.29455089559352493
  0.30489843333680217  0.31513324850605223  0.32576621815782192  0.33640209165857704
  0.34747365754687864  0.35845612572757618  0.36905506451094333  0.37935980519315687
  0.38949825848982877  0.39964616222800886  0.41039296623869165  0.42207184390510760
  0.43477283517531462  0.44748961421535266  0.45982885979624327  0.47129089844258631
  0.48170590853772971  0.49112144519967832  0.50043843079516626  0.50989573126432408
  0.52003819174432431  0.53069375527193086  0.54179664588782905  0.55324126166613552
  0.56472844372326425  0.57623271509334151  0.58769390151951761  0.59868302645855931
  0.60969353324304054  0.61992125969296952  0.62971301312557193  0.63879791860642743
  0.64825062436243563  0.65794378428567013  0.66699327349300652  0.67598141110237919
  0.68547903213468975  0.69569097397947222  0.70601852052918668  0.71612864238305307
  0.72626161757627938  0.73660916603617710  0.74701597095601424  0.75746571504282534
  0.76768776002938877  0.77800818850833209  0.78863732072430692  0.79939008602074579
  0.81025022575328209  0.82080009800815534  0.83181494667426858  0.84264757845248284
  0.85286607511395451  0.86295424506460727  0.87304993816592613  0.88349837262496911
  0.89377870266746595  0.90372890591424604  0.91334777421814117  0.92361420926112403
  0.93350480916617773  0.94342891437936549  0.95320618390331202  0.96284888387376444
  0.97226109191394783  0.98183314263871035  0.99069776466918080  1.00000000000000000
 -0.00228162967333938  0.00902432538515064  0.01846667763898085  0.02946143709877160
  0.03984416864126357  0.05078235971058839  0.06192052027694615  0.07348560782690024
  0.08529048337861939  0.09626361093228793  0.10705635133781692  0.11740340126809209
  0.12804202997976363  0.13886010132888152  0.14961704120471225  0.16006150339023789
  0.17030061555680820  0.18088888897879782  0.19220155470436898  0.20374005395962774
  0.21522441142172871  0.22678674883657321  0.23850294013357962  0.25006726770213095
  0.26159168924958109  0.27239072067955900  0.28318367392934457  0.29398537347349646
  0.30495183718045044  0.31565955341583418  0.32543425168813345  0.33475404540222287
  0.34398862034920169  0.35353126106879068  0.36387193008499996  0.37425058866069461
  0.38428140270191774  0.39433084999175422  0.40563191128653120  0.41768845563613111
  0.42902141684166173  0.43987506510380525  0.45052525228984042  0.46135376822591806
  0.47195272882797151  0.48164301763600176  0.49067533855808931  0.49952377496642947
  0.50846344819026368  0.51784404386572680  0.52773151785461270  0.53794256881208113
  0.54826616602716138  0.55897164578846581  0.57029753637031155  0.58174015523951517
  0.59268270751106478  0.60411796153148078  0.61533164278691943  0.62627235781279489
  0.63637764326156587  0.64630018023683267  0.65681418877563524  0.66742185419588163
  0.67778423911051833  0.68811336230162501  0.69861995303273361  0.70920794344819182
  0.71956270185630855  0.73058248865310460  0.74202521604235849  0.75300786064935454
  0.76378898971122422  0.77439388522872632  0.78491750350750411  0.79517689095955624
  0.80533226038067063  0.81571533832810739  0.82665895650725729  0.83759026919970869
  0.84809626767156943  0.85809829085982126  0.86769684254956692  0.87718088952839246
  0.88659746278218921  0.89649843168608823  0.90639507600941405  0.91663876154113932
  0.92638000249267671  0.93600613791231979  0.94553850434490128  0.95518648831747222
  0.96617108996729828  0.97741632141471191  0.98873915085275366  1.00000000000000000
 -0.00200575808783325  0.00917510974456151  0.01897136052882649  0.02965871745276559
  0.04047291710543151  0.05118027032790719  0.06187214489496560  0.07320503421459362
  0.08416281747760557  0.09497014333906011  0.10557269167864043  0.11656569876987689
  0.12733886039734660  0.13781587647913424  0.14784946280254871  0.15802410054988417
  0.16794242426276626  0.17768029624350853  0.18743914741200901  0.19767176745789558
  0.20784496848065501  0.21809819470755248  0.22832116126731686  0.23903512443799180
  0.24948719597303426  0.25951205206128769  0.26953979397666961  0.28015207433341960
  0.29128762821115378  0.30215328237851202  0.31305908974681329  0.32374047550179791
  0.33431533757413590  0.34441388145935253  0.35369346507408161  0.36296940281415224
  0.37257200377902006  0.38298595440578037  0.39388938177499994  0.40464509807101462
  0.41534133937040801  0.42582438475109169  0.43623078634316242  0.44632856046178693
  0.45623943520819221  0.46622919883482988  0.47675768929974577  0.48797239753134525
  0.49912093825648918  0.50926137481689127  0.51893379758331182  0.52901675277015225
  0.53950741754726728  0.55034268264620578  0.56083565874497243  0.57143761270379423
  0.58200337332270846  0.59246192866748448  0.60345819885613905  0.61434861697719756
  0.62512817270677068  0.63469551164991023  0.64446885386195907  0.65508834241567304
  0.66625878098980795  0.67751654560260044  0.68779686528966888  0.69899153851980400
  0.71013106579933050  0.72174314432919062  0.73336971881720914  0.74536282230414908
  0.75694446818691552  0.76745077578943999  0.77811982899363286  0.78876136998425483
  0.79966123224493491  0.81073436877577476  0.82251111690057033  0.83418905625593698
  0.84522473209896953  0.85611965699158266  0.86677077560965743  0.87660317719273573
  0.88634741277394513  0.89650120189893301  0.90740152315178790  0.91787638464753341
  0.92830467653115722  0.93869128687497416  0.94903728757498618  0.95957739330875302
  0.96953610382851496  0.97939358823964562  0.98946580423717545  1.00000000000000000
 -0.00227576383097186  0.00948473826370680  0.02005098379320801  0.03058726208412276
  0.04179978641060910  0.05301541559574365  0.06434577217519551  0.07624820409837473
  0.08825439120727030  0.09994419987999144  0.11121266694148539  0.12256819145849777
  0.13342578832686708  0.14400244408288876  0.15462569529355200  0.16476092970817746
  0.17453377345339430  0.18384385339510120  0.19339381144140869  0.20307339878307817
  0.21308793867318754  0.22367601439688325  0.23478746338695394  0.24626852817686998
  0.25699725030142828  0.26781637501322475  0.27832135655712892  0.28913178418468494
  0.30032170020858301  0.31158766366600216  0.32249700017744459  0.33330240933450939
  0.34415488139434802  0.35436358450434846  0.36434473122552241  0.37443963705716721
  0.38531810014515044  0.39616103641330525  0.40625729861322513  0.41613936377670241
  0.42614078269192041  0.43595261694360893  0.44528011600795453  0.45445594593523303
  0.46406382237651250  0.47426917424867848  0.48446408799391333  0.49488742767913019
  0.50479741012098067  0.51488415123539188  0.52511877566221621  0.53587302392441183
  0.54646934162039540  0.55701772286805917  0.56726732702898575  0.57732398806659868
  0.58737505106607701  0.59770501069775728  0.60868452179537835  0.61954439105591297
  0.63026947310326131  0.64044605252348441  0.65111778769594253  0.66193658049193316
  0.67214719625775365  0.68189529441964214  0.69136858964370218  0.70124926365752593
  0.71160663109432609  0.72227894253466018  0.73365186985027420  0.74537580035305451
  0.75742011310084256  0.76903824257575237  0.78022258514891962  0.79108332242417212
  0.80187870906620218  0.81317301922679552  0.82469334902061486  0.83588561570116471
  0.84703661489665560  0.85835459169098860  0.86983810041297460  0.88082034886120542
  0.89144387903497879  0.90158968139951023  0.91126869901055707  0.92074986401291692
  0.93027300837629989  0.93979509258502336  0.94933063286832564  0.95916566783754276
  0.96974224112818119  0.98010741991125694  0.99030298401521566  1.00000000000000000
  0.00238964511267278  0.10555364173422789  0.15796079450633754  0.19569602029439284
  0.22729205777954764  0.25462592344133389  0.27872317932301899  0.30070992036937239
  0.32115696434807367  0.33997592332076781  0.35749040796585019  0.37301796703352108
  0.38756159785115157  0.40188100113594566  0.41603737565958959  0.42949812086483036
  0.44215656922635260  0.45435852170760277  0.46615706074656837  0.47767738149258809
  0.48933524484629215  0.50096886963916198  0.51239096914625848  0.52335742941693864
  0.53409193499075047  0.54397828888087740  0.55337606352135948  0.56267481833997435
  0.57177004183952718  0.58087066459794623  0.58988110318438691  0.59901978564104941
  0.60823225169436601  0.61719232372725363  0.62613269401473548  0.63439651297355615
  0.64211302933298664  0.64943365107047568  0.65679582644547518  0.66437320786361265
  0.67184773704369805  0.67931143969916563  0.68632924032921516  0.69356226670687715
  0.70060475228096941  0.70762011628464228  0.71489100644504433  0.72182941025559344
  0.72883621908430596  0.73600834511169710  0.74348513678504113  0.75106113190640988
  0.75827990506607568  0.76516198658870072  0.77171106343583784  0.77803882742597619
  0.78432078471411670  0.79051639969363452  0.79655516845526109  0.80251279442258316
  0.80857728628959669  0.81446809956252841  0.81990908675500362  0.82518727671736058
  0.83069247262105095  0.83650719730218792  0.84238492885113769  0.84798873522497764
  0.85334734709747506  0.85854290408672562  0.86386957704132872  0.86908721735923011
  0.87424412214045788  0.87931488034463923  0.88439109330073096  0.88944037151864153
  0.89440000782528761  0.89923508743502800  0.90394772671282386  0.90867981949777510
  0.91346995469020598  0.91845323431810066  0.92367082585571736  0.92889271383507699
  0.93397138643397171  0.93914735355203138  0.94442123831124469  0.94967882054222486
  0.95477001795839733  0.95984071818870387  0.96490470016720242  0.97001746755286278
  0.97546465118274117  0.98103706351424813  0.98507541325994008  1.00000000000000000
 -0.00288488856465679  0.01147548188714889  0.02299038792103376  0.03295760567915813
  0.04257130895011919  0.05211839980025956  0.06240221726718631  0.07266065277061433
  0.08240719111718045  0.09277823545691462  0.10403151417814469  0.11500845729973329
  0.12559661777084960  0.13616600036640558  0.14662149914619418  0.15675965547185189
  0.16665670983037434  0.17690292940366881  0.18612716726529011  0.19564054186813334
  0.20488091047423762  0.21496434610497936  0.22560988157740533  0.23625412490875750
  0.24698376725039511  0.25799121536388042  0.26933093094155930  0.28086490353129673
  0.29186131747910532  0.30206290101694877  0.31183078883015736  0.32189352167027058
  0.33196605077464791  0.34211258260406524  0.35218186318230460  0.36250513151270136
  0.37279441129211810  0.38308050934058752  0.39324119067843083  0.40286329813740535
  0.41248666255897165  0.42238365106395770  0.43270162602047035  0.44304028090783865
  0.45329101903373298  0.46339596894680640  0.47387731813149508  0.48418385941089737
  0.49403267952727303  0.50391322572563180  0.51351628538150373  0.52337162152039096
  0.53344203814316959  0.54384463509850667  0.55430706630347604  0.56456929616353291
  0.57413203125482593  0.58366058982602920  0.59371048034648755  0.60437632628572291
  0.61521476993336655  0.62593041461457188  0.63715920140985782  0.64865119651480452
  0.66035810047645960  0.67225634532818535  0.68441720778550719  0.69615955691251419
  0.70736679061772134  0.71827422767074345  0.72855914014537482  0.73862957395210771
  0.74876103999821320  0.75915931939880843  0.76961662432426625  0.78033502995698689
  0.79138205344321300  0.80249784504448984  0.81333164979725781  0.82388007176760925
  0.83439191223562625  0.84495686896924549  0.85612369521299991  0.86836557279792737
  0.88104493333939526  0.89293809829541293  0.90414711286206739  0.91505535849306419
  0.92637317301703759  0.93739499092901335  0.94783425548818145  0.95821452523046791
  0.96892543438401535  0.97979111916185468  0.98989347577154263  1.00000000000000000
  0.02420938803654250  0.03333942962630362  0.04391967020507584  0.05436016548775194
  0.06465998423752260  0.07462679563046699  0.08457401205382487  0.09481301591154799
  0.10496776008096502  0.11448810176429827  0.12408557173860771  0.13406860916753480
  0.14422418982365226  0.15419915905991849  0.16427219510845792  0.17470801390057980
  0.18531238828399163  0.19488953168864037  0.20422626368632010  0.21290770244849716
  0.22205110877656817  0.23158889202072908  0.24117136357267535  0.25058419129012532
  0.25985915918977548  0.26929285121027358  0.27903707247852366  0.28916285223064475
  0.29903942794845106  0.30890934771535355  0.31911487825962870  0.33001609392510062
  0.34131042044324872  0.35275371867494698  0.36404564402545114  0.37467019774561133
  0.38460540916244212  0.39438068848702101  0.40412019140788707  0.41408413188818899
  0.42394940070112802  0.43425381274252201  0.44470294162127388  0.45512450733803633
  0.46515527506776261  0.47529864015668305  0.48566585713268623  0.49652831635311773
  0.50695769481897257  0.51724012265196917  0.52732031652250366  0.53734902394855522
  0.54702977513401230  0.55640152146296096  0.56617225798627502  0.57580783162809412
  0.58548427928308833  0.59533323227284118  0.60579391311660036  0.61731197132647664
  0.62839222208443402  0.63883761860011778  0.64861418041059649  0.65776534851446977
  0.66677037072970091  0.67581556055366476  0.68539889930726972  0.69523794667217631
  0.70427393803162530  0.71294317093660831  0.72203567709962735  0.73219609156159793
  0.74244882664886536  0.75256666328143529  0.76250452804434876  0.77234912493686492
  0.78215939823780511  0.79218980692826801  0.80306187548421359  0.81433487787611247
  0.82601194589625337  0.83699580262224904  0.84743924275898130  0.85788149565451699
  0.86831892837213076  0.87885633051520751  0.88951178743997228  0.90040219050278092
  0.91108333589461210  0.92123037762586080  0.93152785154617135  0.94295072748843500
  0.95518233615405990  0.96547324664291378  0.97105971000731361  1.00000000000000000
  0.04649399396424510  0.21157813260697886  0.23265713108684025  0.24602751090562211
  0.25892505953294576  0.27003457748103488  0.27894813948636793  0.28669621392942141
  0.29415142698350438  0.30159531755237690  0.30897649948712153  0.31594033644348402
  0.32222201766785058  0.32825176917798571  0.33431480134381658  0.34035875117490028
  0.34637383182802101  0.35218600185877547  0.35760036644214183  0.36292291639484558
  0.36852832684668502  0.37422143535455382  0.37967094336285429  0.38471105167642705
  0.38944624203767203  0.39427184654472308  0.39938268921825465  0.40487911761816175
  0.41034131281822545  0.41583008368889735  0.42127338401579340  0.42669738287616610
  0.43201873834982629  0.43742621076580807  0.44300681491100358  0.44868700281401419
  0.45441025512661243  0.46001377760255707  0.46549254248508343  0.47075796735440850
  0.47594201028936917  0.48084949060950521  0.48584660163561944  0.49084207651838258
  0.49586193312406568  0.50082043832541723  0.50576703221238695  0.51075609113948206
  0.51578518854967215  0.52102026150939851  0.52623406615912727  0.53152527302941843
  0.53670920145743384  0.54183327084096411  0.54705762153705928  0.55244593917497808
  0.55803262626707417  0.56372003878637900  0.56955835123271703  0.57543519646762620
  0.58143454870782152  0.58762110910495569  0.59378256546010977  0.59971535561456402
  0.60572124691652807  0.61203839347230582  0.61879873319772316  0.62583955766592791
  0.63256680331087256  0.63905865752293700  0.64564457643055739  0.65237854666891049
  0.65933913337658900  0.66639434204984271  0.67367059406631991  0.68131966583197789
  0.68950667041249292  0.69832329464276999  0.70728608262663062  0.71573552462509960
  0.72381686912851517  0.73218715234298259  0.74116886790079517  0.75034894209114256
  0.75956546917698009  0.76940447862207784  0.77988283332955999  0.79030372843330898
  0.80094552764985805  0.81284464719986782  0.82688717973428949  0.84252781572626889
  0.86037536637689249  0.88059041992185461  0.92834367891226710  1.00000000000000000
   8.3468685332295626E-021  -1.0000000000000000     
 T F F F F F F F F F F F F F F F T F T F T F T F T F T F T F T F T F T F T F T F F F F F F F F F T F T F T F T F T F T F T F T F T F F F F F F F F F F F F F F F T F T F T F T F T F T F T F T F T F T F T F T F F F F F F F F F T F T F T F T F T F T F T F T F
  <DiscreteSampler_grid>
  grouped_processes
  1 # 1 for a reference and 2 for a running grid.
  10 # Attribute 'min_bin_probing_points' of the grid.
  1 # Attribute 'grid_mode' of the grid. 1=='default',2=='initialization'
  0.0000000000000000 # Attribute 'small_contrib_threshold' of the grid.
  0.5000000000000000 # Attribute 'damping_power' of the grid.
 # binID   n_entries weight   weight_sqr   abs_weight
    13   10   1.148127870100939E-010   8.095042905138407E-020   1.148127870100939E-010
    14   10   1.148127870100876E-010   8.095042905137591E-020   1.148127870100876E-010
    25   10   1.215669487943396E-010   8.138378137489064E-020   1.215669487943396E-010
    26   10   1.215669487943391E-010   8.138378137489102E-020   1.215669487943391E-010
  </DiscreteSampler_grid>
