  0.00000000005384425  0.00000000014660667  0.00000000021089284  0.00000000028345914
  0.00000000036340654  0.00000000045810805  0.00000000055140553  0.00000000065178812
  0.00000000075649336  0.00000000086330305  0.00000000097177650  0.00000000108623022
  0.00000000119635161  0.00000000130411874  0.00000000142121764  0.00000000153992449
  0.00000000165567910  0.00000000177325227  0.00000000189531119  0.00000000203463926
  0.00000000217969154  0.00000000231573615  0.00000000244347514  0.00000000255981024
  0.00000000265844398  0.00000000274832281  0.00000000284812320  0.00000000295977081
  0.00000000307873955  0.00000000318099445  0.00000000327923700  0.00000000338168864
  0.00000000348132279  0.00000000359543885  0.00000000372326882  0.00000000385758570
  0.00000000396875797  0.00000000408524558  0.00000000420281430  0.00000000431768038
  0.00000000443702095  0.00000000457022711  0.00000000469956889  0.00000000483161171
  0.00000000496627715  0.00000000511122283  0.00000000527894936  0.00000000546268510
  0.00000000564993875  0.00000000582897631  0.00000000600103960  0.00000000615373425
  0.00000000633005924  0.00000000651885527  0.00000000671071445  0.00000000690205465
  0.00000000709414439  0.00000000729284422  0.00000000750089882  0.00000000773823365
  0.00000000794320374  0.00000000812246337  0.00000000832202340  0.00000000852972037
  0.00000000875172604  0.00000000899103741  0.00000000924147139  0.00000000951199486
  0.00000000980383316  0.00000001008800915  0.00000001035860311  0.00000001061599387
  0.00000001087425256  0.00000001113970141  0.00000001140520194  0.00000001167006261
  0.00000001192716660  0.00000001216474014  0.00000001242377511  0.00000001270422100
  0.00000001299456584  0.00000001330576415  0.00000001366327541  0.00000001405660072
  0.00000001442197769  0.00000001479396489  0.00000001518282913  0.00000001565497367
  0.00000001626227060  0.00000001689749577  0.00000001757780382  0.00000001830559719
  0.00000001920133428  0.00000002035111860  0.00000002125622038  1.00000000000000000
  0.00906863964807308  0.01716054976234425  0.02805875256901837  0.03819219649125034
  0.04608935510177983  0.05218185273350717  0.05842991656481428  0.06499517713736515
  0.07188967602750075  0.07881355231003617  0.08561796492678021  0.09187316914974440
  0.09794025311601534  0.10643177078009868  0.11991961727404070  0.13537492463036768
  0.14950296002630603  0.16183078723065178  0.17212805866562461  0.18096771382571283
  0.19045507903710338  0.20032062584449853  0.21133467693524785  0.22335593761088079
  0.23416514181227521  0.24288083502745586  0.25094091945983804  0.25887488712001844
  0.26768590239267093  0.27628432942071990  0.28384639736294043  0.29138601055316299
  0.30050930244321489  0.31138454870074733  0.32201365520872982  0.33537093498668874
  0.35125945826386257  0.36722199096816666  0.38034659379279062  0.39029810060609904
  0.40031150519961473  0.40963946100765913  0.41835068042493506  0.42849119429447274
  0.43833017621663184  0.44807960050061713  0.45889975363401592  0.47073265840689249
  0.48185253628255964  0.49236733928760934  0.50271876909776514  0.51393672126720003
  0.52734576811456391  0.54126240444109797  0.55486555305236374  0.56770103215798418
  0.58022404033991781  0.59298442432619813  0.60623773372017842  0.62171279294549830
  0.63769145870627630  0.65021970663726170  0.65984903828453134  0.66869542584814989
  0.67826517881324444  0.68833509135718507  0.69832134055532968  0.70974131243517335
  0.72252259899311500  0.73469508716812892  0.74590194461277504  0.75694320480717825
  0.76817769901578570  0.77886088458610458  0.78971286408569663  0.80062208325082840
  0.81074754120877546  0.82194499805076571  0.83430718568766082  0.84613172201196662
  0.85778133939547074  0.86942270482136463  0.87900891391809977  0.88644939110054310
  0.89411636746453549  0.90193072909160166  0.90924324504289722  0.91617652082036816
  0.92345368917416415  0.93101919191088967  0.93737980042783942  0.94623933959076123
  0.95682430708961153  0.96852743801984287  0.98236212761824571  1.00000000000000000
 -0.00001455978372276  0.00060172686895408  0.00286446005199061  0.00633025297030219
  0.01111347569643266  0.01573885254595350  0.02100641831315750  0.02811396102061584
  0.03514070518129504  0.04193333232311989  0.04884302747596122  0.05587828490577589
  0.06340064537467600  0.07209420653244161  0.08262142373010714  0.09382348943151993
  0.10490517599245980  0.11506507628513178  0.12420967279575536  0.13303425108509193
  0.14072858268809738  0.14788843315133418  0.15522404082983504  0.16320360704708720
  0.17301359514012388  0.18305879344519135  0.19301541135219080  0.20115996633542838
  0.20825267570043043  0.21541472817196608  0.22248475111389826  0.22997444711010082
  0.23794305666214391  0.24583167298241024  0.25421636577575490  0.26270066278206711
  0.27059436572709411  0.27759655066803884  0.28392474645565952  0.29016332605767392
  0.29725541055361476  0.30588701248893557  0.31452532656044424  0.32278506097054421
  0.33120576756491310  0.34073543693790359  0.34997049080660914  0.35865275556567611
  0.36907668534923244  0.38103812505480156  0.39388740368562397  0.40697841212131591
  0.42010846420883874  0.43351183554697298  0.44788668608799870  0.46209497646235959
  0.47695788231596226  0.49251938440519688  0.50863014063406320  0.52504477303996722
  0.54145259020216974  0.55713685260840884  0.57159694255106430  0.58487391382005993
  0.59776189279848579  0.61159819803724402  0.62459965255081185  0.63761218811775133
  0.64997470508443878  0.66172121435019882  0.67309971018197334  0.68445515490712860
  0.69618213646209715  0.70857274731923769  0.72064968874299007  0.73136852190724788
  0.74115821493815026  0.75136759839066725  0.76181676677533383  0.77186424777298179
  0.78153299545268562  0.79685385582499824  0.81278858304668888  0.82854097424402917
  0.84336428354913429  0.85703853471311708  0.87066655373171531  0.88405467533272553
  0.89768856328150859  0.91167843441523622  0.92599429162875169  0.94035047001722782
  0.95498791407966621  0.96984116754152561  0.98486378737768165  1.00000000000000000
 -0.00270407986037064  0.01083895227997856  0.02075813576306879  0.03003687110267407
  0.03943585968338991  0.04926779064938417  0.06027439069283673  0.07097866660451072
  0.08295492265369092  0.09548923304636797  0.10806601031497579  0.12135362524616784
  0.13442643958487127  0.14774272007606512  0.15967135084019177  0.17034324478007404
  0.18110168914063715  0.19337707823793959  0.20814877445041935  0.22227425114739058
  0.23509589211270107  0.24562499181909464  0.25531948444173413  0.26402645037148081
  0.27328211646522016  0.28441799231572873  0.29515948895038363  0.30464218329860920
  0.31407337028964333  0.32414169318866742  0.33482553335617693  0.34546863733265815
  0.35575252400676155  0.36691541719664733  0.37857255965202469  0.39116918922491167
  0.40626934731577224  0.41923601017980733  0.43218921006880895  0.44365084735237259
  0.45494469429031442  0.46597422400308031  0.47727937821705513  0.48660278674061475
  0.49418228592194852  0.50247895242679685  0.51180078328484346  0.52200725098677114
  0.53351176488238616  0.54362670362020182  0.55227302754564533  0.55987384988657762
  0.56655925697611731  0.57280182168417337  0.57988333002624570  0.58617820483930816
  0.59156685815445720  0.59739523380201809  0.60626886559731574  0.62027466139014020
  0.63542028907758019  0.64883208371367584  0.66102864762459113  0.67268014529201081
  0.68403423026433652  0.69611190171534409  0.70869959024350060  0.71970050341044722
  0.73025311152010464  0.74029335010062436  0.75046565517032404  0.76012318380517163
  0.76912926534864179  0.77940242170300766  0.79074503199777046  0.80027036291138776
  0.80982766010593943  0.81923516756845294  0.82919513283064938  0.84093684540560676
  0.85417341528334068  0.86558110434120983  0.87769492518954384  0.88940474319414109
  0.90336886327830457  0.91684279875620045  0.92368888483497757  0.93092034973773086
  0.93815538835738965  0.94603160850247880  0.95405805575913327  0.96218980758220851
  0.96991292375047722  0.97716089628335423  0.98563633665619210  1.00000000000000000
 -0.00211604514910524  0.00857187177279997  0.01892638648803031  0.02710418824520576
  0.03521943812391788  0.04329468544711910  0.05293956442290550  0.06377562472942126
  0.07484596379491515  0.08559648890940744  0.09621974419410199  0.10521081452854980
  0.11396695226055785  0.12307170115267042  0.13104816994471413  0.13933648147833805
  0.14771132206123638  0.15479688512798642  0.16232433801567897  0.16972871008978987
  0.17675115592719670  0.18536883978080465  0.19372120199266318  0.20168351358957975
  0.21130216873018406  0.22378761796676191  0.23638362146478226  0.24796145360387772
  0.26256924246906366  0.27368676181778517  0.28275351065660920  0.29115086652872191
  0.29918386050775392  0.30672872377238436  0.31434276178616349  0.32216172607792870
  0.33051267315191979  0.33996786354407221  0.34849721992114180  0.35696595741054782
  0.36659457488577174  0.37873225385164261  0.38750406578647401  0.39875584165797390
  0.40996188000778477  0.42053424075146745  0.43008662088149596  0.43957564875489935
  0.44980475206707449  0.46217700110333382  0.47611001106795425  0.49237527522072472
  0.50823252532381225  0.52284451815258570  0.53626869858073389  0.54893322149545165
  0.56148002728892954  0.57424692875929784  0.58646681081796126  0.59729556333860001
  0.60741535726989682  0.61859916455083030  0.62873457559982371  0.63909258004964020
  0.64827900983824172  0.65797040549837260  0.66843600611395537  0.67933334927268418
  0.69061306395740585  0.70270278452039581  0.71579060894118740  0.72899440353756884
  0.74077425797121055  0.75145401315981974  0.76301640718889996  0.77561977455809017
  0.78794365566754565  0.80000010110328279  0.81158630394618436  0.82260201481284057
  0.83498768267526735  0.84618042093893053  0.85829444157910861  0.86979047177704749
  0.87937927868030052  0.88902506639313028  0.89964208149772595  0.91202402841399888
  0.92225894434892619  0.93348619268555022  0.94524569858615271  0.95714401437181040
  0.96909893907866462  0.98049551813619529  0.99104849100939962  1.00000000000000000
 -0.00183592481478788  0.00830902672132907  0.01859923054116238  0.02954607284617925
  0.04248594016743817  0.05282032441074270  0.06082633976589957  0.06831047263151149
  0.07506614699532103  0.08206831894044787  0.09123544089875003  0.10303532000979494
  0.11567536033535034  0.12978302877964104  0.14486084452181638  0.15923101290433073
  0.17217002089347017  0.18296739462855596  0.19480438734515079  0.20763437171567622
  0.22017763150659797  0.23183884300297614  0.24296403400518451  0.25339525869899482
  0.26264357991766046  0.27232231714187599  0.28251811344284122  0.29264428475790760
  0.30260850770287145  0.31267247918063440  0.32343557893037533  0.33467272018481375
  0.34608499029483780  0.35786451481471754  0.37001632861976519  0.38249568581888665
  0.39557700895346631  0.40948169417121788  0.42405081192900618  0.43638833097090324
  0.44963591459826924  0.46235587787083499  0.47631539424979763  0.49099364372983167
  0.50404091668278050  0.51559206859618401  0.52727642541554554  0.53943806896486979
  0.55148715419406191  0.56225007871197819  0.57440139521501665  0.58701729792015733
  0.59679179701154139  0.60876326345607246  0.62109434081952597  0.63173158574842725
  0.64154750020887452  0.65052071212266227  0.65874389892354435  0.66775767489967475
  0.67798213843759858  0.68924814979622329  0.70149272694805553  0.71395458948111246
  0.72634246558268789  0.73937569386802926  0.75018817237481683  0.75805872195264967
  0.76745596144882766  0.77812421724273018  0.78789794704476102  0.79586335588727808
  0.80296312832951411  0.81074721228972046  0.81793511758728232  0.82510233146280221
  0.83242549530655841  0.83907085429472239  0.84467470939812361  0.85039988941052846
  0.85770684212680348  0.86562221408998263  0.87275920680935015  0.88148769298125829
  0.89238011143277740  0.90273323742561040  0.91202260134916213  0.92138176965896312
  0.93094703784828525  0.94036850443143738  0.94903894756076312  0.95964800206951817
  0.97002196576455602  0.97969700058724785  0.98941832175009548  1.00000000000000000
 -0.00999375424231597  0.11507333621205204  0.18456489562426395  0.22980071604466284
  0.26326094413119244  0.28836432914541166  0.30810611293570661  0.33131641339638940
  0.35967751980663404  0.38537616842908196  0.40640906761419365  0.42455505944904859
  0.43784832119350586  0.45188157876784540  0.46588666924710231  0.48009222641606414
  0.49400679044001489  0.50748976009040159  0.51942051041025916  0.52832602550701657
  0.53629429228855541  0.54486518950986151  0.55347784193012106  0.56201971627656755
  0.56974000552882043  0.57673972907255822  0.58377390546452013  0.59164462781865745
  0.59963516138119610  0.60773572606453352  0.61626115429014339  0.62476393917475992
  0.63251721607965694  0.64017447831522634  0.64730584461862806  0.65556029122994153
  0.66371965575710545  0.67228632570234936  0.68132331979577598  0.68970163208151569
  0.69790817587068843  0.70619487098890177  0.71408487936960507  0.72214414921964143
  0.73047655724524341  0.73852200103595156  0.74578096185604870  0.75270166956685947
  0.75993884858727978  0.76717480193123944  0.77396390085148170  0.78061787628684753
  0.78718741111087509  0.79333213259935620  0.79972565412808294  0.80625067981775211
  0.81198082564539886  0.81452101227196694  0.81753479439883792  0.82057828729592908
  0.82428376037345197  0.82871933870760817  0.83287403334739496  0.83701468298158643
  0.84114032282639606  0.84584116028541811  0.84997158574262188  0.85356950475794080
  0.85716347211134147  0.86106902016357567  0.86586195554103629  0.87110076384233404
  0.87540086075353807  0.88094435785397684  0.88620732466419538  0.89145020268405095
  0.89667456951122237  0.90166114596035862  0.90712156626046780  0.91357015753336523
  0.91966825672165298  0.92512441796051892  0.93036558531704916  0.93523064054145499
  0.93984482114367540  0.94549227476292641  0.95096141898095188  0.95572501492161999
  0.96001904635364466  0.96399001951961549  0.96816797693471324  0.97266557631072104
  0.97729913861882067  0.98266082147768419  0.99006577692902331  1.00000000000000000
 -0.00231137532170438  0.01071565552684356  0.02225336768464942  0.03376913117824906
  0.04485227528800702  0.05598795718858236  0.06639161869788722  0.07676588957312634
  0.08579371741706161  0.09422162743718732  0.10328426152820057  0.11392441127025724
  0.12431537964879165  0.13613412601316394  0.14699055386315266  0.15873732099142879
  0.16773282870030620  0.17383171027851710  0.18123261695788392  0.18934172939778812
  0.19784815856902119  0.20547447770520322  0.21290053814688084  0.22082959923629539
  0.23078223238486026  0.24379814140453707  0.25497753113815180  0.26450543718147873
  0.27457930137211434  0.28436372989270481  0.29230540006453348  0.30028776756191272
  0.30777412961127476  0.31569661072898292  0.32285482030067475  0.32898506261109334
  0.33625863009708079  0.34288306416047593  0.34844180219405946  0.35570708868929013
  0.36743972960535271  0.38347554541859874  0.39529614115351275  0.40638835062305406
  0.41704863447782126  0.42739633545744432  0.43931524553741869  0.45356076064172196
  0.46890802003904142  0.48421339868590707  0.49894801868967864  0.51277348916219589
  0.52750417448601095  0.54250058974403370  0.55721641690696488  0.57166332543216880
  0.58559781769363128  0.59910302100158375  0.61311626895946225  0.62640756054460911
  0.63887111599700974  0.65169072259624927  0.66373268816845477  0.67774543358168993
  0.68956659998364356  0.70042209916332387  0.71067633060290025  0.72192281212629206
  0.73310208866210091  0.74329304837396848  0.75233878981615887  0.76062299141138789
  0.76943400718188915  0.78010199602550123  0.79183560510926088  0.80097404316852305
  0.80896871024878036  0.81718221805848978  0.82616368833571596  0.83413493786192194
  0.84252087339663395  0.85251858865674868  0.86299313054573079  0.87392823293562150
  0.88505329939623345  0.89645940203921981  0.90849832709255995  0.92140540152667327
  0.93394482869531348  0.94597237849220506  0.95698648273537446  0.96482620012291420
  0.97314974880565763  0.98195993656105274  0.99055511148346864  1.00000000000000000
  0.64332085600720845  0.68318199879363073  0.71151362712218746  0.73448586377795710
  0.75655873257460493  0.77667765624323748  0.79367107407264048  0.81076047997720924
  0.82671980831376324  0.84104746541872999  0.85461618117101812  0.86662246097644247
  0.87650908393811133  0.88446422536228753  0.89242974363424266  0.89938644754853259
  0.90529917659806669  0.91013549619759704  0.91441640362765197  0.91862722423223242
  0.92284802387847387  0.92662952018691147  0.93009946240766739  0.93345449779507239
  0.93655339553159778  0.93884980290440956  0.94073601945482277  0.94260412391266268
  0.94449541672657522  0.94621332554402260  0.94779020321620921  0.94926271859167943
  0.95074766701002766  0.95217484932281438  0.95351249894165113  0.95474825519261564
  0.95587024277033372  0.95687693840673715  0.95778169918243650  0.95859963491058264
  0.95932439851767670  0.96003246856809121  0.96069897273882865  0.96138136566368348
  0.96208503080233876  0.96277167611609904  0.96343661971220018  0.96405919491876058
  0.96460768542668318  0.96511167264498876  0.96559116460344219  0.96605093831729993
  0.96647986756592130  0.96691716830405849  0.96735249848618321  0.96774659304465671
  0.96805330703938586  0.96837219202478597  0.96868060609938134  0.96897616745506321
  0.96926566594169550  0.96956262877194044  0.96989304649992980  0.97029301855099237
  0.97184202863862701  0.98209284392029894  0.98241139925986487  0.98264095675929608
  0.98283510250175865  0.98303094749703157  0.98322000716899915  0.98339730209634058
  0.98358589385236617  0.98382289252895150  0.98408196236583279  0.98434695202134859
  0.98461396352627895  0.98489397495192954  0.98517537343235240  0.98545941744860821
  0.98577190442547358  0.98610448726170730  0.98644409059937610  0.98684603616449684
  0.98731146506860445  0.98783521102048821  0.98842384973967579  0.98912792690364426
  0.98991867961869995  0.99079729937792960  0.99173911605823672  0.99279700341604771
  0.99395264482126489  0.99520017694059681  0.99693546483119633  1.00000000000000000
  0.05432846135441232  0.20339191947898369  0.23035559735035832  0.24270693527322260
  0.25504235193108910  0.26765292543727409  0.28042246979316465  0.29051362120451790
  0.29863484726448519  0.30541911888017997  0.31141951674205098  0.31660080390334250
  0.32138612325095434  0.32685224860014506  0.33294018383598067  0.33896584589467244
  0.34457922992519402  0.34979507315816377  0.35500706217067651  0.36026709992111206
  0.36523011241025116  0.36964490038697700  0.37403770944936987  0.37925406803235256
  0.38602383919231570  0.39331442238632497  0.40060916261421797  0.40731409203281588
  0.41327606518114468  0.41782993850362932  0.42139886778306385  0.42527376701705577
  0.42957240037771321  0.43431253876454962  0.43873012478483242  0.44281378244893671
  0.44668586763559215  0.45061302877988979  0.45451610091902050  0.45845674724550534
  0.46227257532719923  0.46562844411498544  0.46840131997992690  0.47100775488653540
  0.47346834834159979  0.47718543729874746  0.48167249266070267  0.48671933870585871
  0.49134497327294480  0.49644918446517350  0.50123063531733414  0.50653529409049758
  0.51235793415474018  0.51771941033252633  0.52332680668134324  0.52929654234605261
  0.53569963046014546  0.54236019909212740  0.54886141931827193  0.55508555778677648
  0.56097064493820703  0.56695327328069511  0.57332461293662818  0.58000456492010144
  0.58637743691567212  0.59309085271531825  0.59985755095771853  0.60714854608328617
  0.61583122158788772  0.62261553839786876  0.62846627310018033  0.63456062020569437
  0.64054943982820989  0.64659628360636723  0.65406855124125562  0.66269650212388731
  0.67144011080230748  0.68036820165264889  0.68968329913881077  0.69963371739988156
  0.71070254845740821  0.72339835145675324  0.73740033600095278  0.75154442911799335
  0.76545851704826640  0.77955921644211146  0.79180096258939614  0.80110873902753466
  0.81004539868243308  0.81718034329403155  0.82619098848742956  0.83699281739966958
  0.84719251530783801  0.87098658216726055  0.93178807540585362  1.00000000000000000
   1.4818456243002570E-019  -1.0000000000000000     
 T F F F F F F F F F F F F F F F T F T F T F T F T F T F T F T F T F T F T F T F F F F F F F F F T F T F T F T F T F T F T F T F T F F F F F F F F F F F F F F F T F T F T F T F T F T F T F T F T F T F T F T F F F F F F F F F T F T F T F T F T F T F T F T F
  <DiscreteSampler_grid>
  grouped_processes
  1 # 1 for a reference and 2 for a running grid.
  10 # Attribute 'min_bin_probing_points' of the grid.
  1 # Attribute 'grid_mode' of the grid. 1=='default',2=='initialization'
  0.0000000000000000 # Attribute 'small_contrib_threshold' of the grid.
  0.5000000000000000 # Attribute 'damping_power' of the grid.
 # binID   n_entries weight   weight_sqr   abs_weight
    13   10   1.455790242988856E-010   1.081451215155391E-019   1.455790242988856E-010
    14   10   1.455790242989130E-010   1.081451215155953E-019   1.455790242989130E-010
    25   10   1.129155676654186E-010   6.859899846276942E-020   1.129155676654186E-010
    26   10   1.129155676654181E-010   6.859899846276846E-020   1.129155676654181E-010
  </DiscreteSampler_grid>
