  0.00000000021755343  0.00000000061916115  0.00000000090555954  0.00000000116572475
  0.00000000139967604  0.00000000161619584  0.00000000182684629  0.00000000202061125
  0.00000000220731253  0.00000000239390204  0.00000000258488608  0.00000000277135240
  0.00000000295335221  0.00000000312471883  0.00000000329678280  0.00000000346738665
  0.00000000364369602  0.00000000381935241  0.00000000399117822  0.00000000416098390
  0.00000000433036308  0.00000000450425006  0.00000000467563761  0.00000000483702430
  0.00000000499645005  0.00000000515536291  0.00000000531432891  0.00000000547432529
  0.00000000563061217  0.00000000578880056  0.00000000594873554  0.00000000610872826
  0.00000000626961156  0.00000000643101014  0.00000000659162088  0.00000000674699718
  0.00000000690165059  0.00000000705730740  0.00000000721234898  0.00000000737117679
  0.00000000753802140  0.00000000771013251  0.00000000788171153  0.00000000804946664
  0.00000000821465709  0.00000000837759395  0.00000000853951783  0.00000000870152419
  0.00000000886394371  0.00000000903065917  0.00000000919950222  0.00000000936685422
  0.00000000953727245  0.00000000971500576  0.00000000989802555  0.00000001008116869
  0.00000001026153183  0.00000001043966824  0.00000001061757138  0.00000001079708624
  0.00000001097648175  0.00000001115903168  0.00000001134389123  0.00000001152983107
  0.00000001171397439  0.00000001189646136  0.00000001207925292  0.00000001226160129
  0.00000001245989970  0.00000001266986103  0.00000001288895782  0.00000001311030391
  0.00000001333165222  0.00000001355791462  0.00000001379499194  0.00000001404003806
  0.00000001428470069  0.00000001453888963  0.00000001479806641  0.00000001505980532
  0.00000001533076860  0.00000001561291255  0.00000001590519052  0.00000001623187376
  0.00000001663568170  0.00000001702133765  0.00000001742166197  0.00000001783951655
  0.00000001828987714  0.00000001878683690  0.00000001934310301  0.00000001999181312
  0.00000002085026036  0.00000002254754812  0.00000002368562726  1.00000000000000000
  0.00952451600823203  0.01586815291790636  0.02425100960923278  0.03439569066145479
  0.04463067388994094  0.05553883881025693  0.06644679411085264  0.07690457463828161
  0.08745288331336948  0.09800268737223611  0.10797564306949929  0.11768125046416408
  0.12763054334708968  0.13811499459726873  0.14882793060921318  0.15965752344649900
  0.17131877431790832  0.18347735013416377  0.19496764315650086  0.20581796799439345
  0.21703162377073612  0.22852226721543634  0.23962288096184076  0.25039787280462378
  0.26104539287601353  0.27149833187897365  0.28161489263436118  0.29148498850607779
  0.30104409115807962  0.31057203541215161  0.32057658403799155  0.33118190092652422
  0.34205375619849521  0.35280803536530259  0.36335645750633672  0.37364342180752164
  0.38388636456388037  0.39387520550874938  0.40378948098968920  0.41396628876814351
  0.42426395318723359  0.43469833469263447  0.44489323287615301  0.45478727064152186
  0.46473407470456929  0.47482797767244084  0.48535533116635210  0.49545424451830350
  0.50514544942217132  0.51446617494860480  0.52390560971132016  0.53380181010414818
  0.54397815168402686  0.55519315944204872  0.56630027859033594  0.57684153208510436
  0.58680020033159819  0.59680233115485504  0.60694150880371733  0.61698384458892930
  0.62685360106741306  0.63654689529153718  0.64647907008176542  0.65699804557282249
  0.66781904258600833  0.67866824408224968  0.68919241896104055  0.70028754008585015
  0.71124529896742106  0.72204357572159616  0.73225202664855982  0.74248071609963084
  0.75314839490403018  0.76391861995564292  0.77433065930456291  0.78428290757544827
  0.79483712059809575  0.80581528535807379  0.81692375303232312  0.82815050701710891
  0.83871526089634985  0.84918729267777715  0.85955698199184383  0.86983746724436939
  0.87984926058321022  0.88964350260930414  0.89980853326009957  0.91017907919273700
  0.92022060109224180  0.92990895183470057  0.93995447721571479  0.95091115075173949
  0.96231039407011310  0.97415138411531910  0.98653597902850032  1.00000000000000000
 -0.00257859178547374  0.01089554712020352  0.02208822739739180  0.03466295160059482
  0.04618066191718300  0.05634355240614391  0.06636766484079037  0.07690555554888083
  0.08754069767236400  0.09763505876159900  0.10724912991778351  0.11695462688177069
  0.12696954263044280  0.13750600650179026  0.14852786519758668  0.15989374663827124
  0.17189184347237021  0.18360088980211520  0.19480918378049211  0.20521097246398587
  0.21600237145490092  0.22681081207929996  0.23721234853927839  0.24729230095534951
  0.25767240740828501  0.26854557230606840  0.27937505213188435  0.29004298837339026
  0.30067497627191453  0.31104891130021456  0.32105773855734887  0.33063946392057580
  0.34026592458213017  0.35008661708365457  0.36004426714291937  0.37001005330011510
  0.38001265048884647  0.39011567248162282  0.40044236653802368  0.41116020266056708
  0.42220429457181774  0.43338535359954033  0.44462928139985980  0.45612157204952214
  0.46781594444153496  0.47932145394518405  0.49021471189891769  0.50057108343270085
  0.51053443269761611  0.51995548375335054  0.52922784866418415  0.53860494372827161
  0.54876047161064601  0.55964902732669908  0.57088684548059654  0.58171945517430668
  0.59230063148893652  0.60305959739566384  0.61415080862612481  0.62550225121282188
  0.63677227655074642  0.64775392902717610  0.65855326701559136  0.66932839649925946
  0.67996229895329752  0.69045103290271104  0.70043255117131420  0.71034525394688297
  0.71997092821489861  0.72942426854320908  0.73976255551962422  0.75022691689756549
  0.76115695310802145  0.77210434497434066  0.78317783546485842  0.79406751969302802
  0.80404238066252709  0.81363136141403369  0.82335621129086078  0.83357038060766164
  0.84419911648031509  0.85467646187137858  0.86538405920087302  0.87558717751242854
  0.88580582810425490  0.89641040740396638  0.90765576955941263  0.91913971731810562
  0.92979452308610533  0.94039313763731092  0.95121362102704488  0.96183178756880361
  0.97178254645166640  0.98117174844289634  0.99054477606984326  1.00000000000000000
 -0.00209920926287712  0.00910883824761011  0.01844561989970022  0.02908347829140152
  0.03966561311444225  0.05040087103685568  0.06081938816317072  0.07130275580625078
  0.08165338061037435  0.09223376110685040  0.10260342615331672  0.11253455252231898
  0.12191431475508029  0.13193727624464968  0.14241735002378686  0.15302782086796407
  0.16376288421147978  0.17518333007144576  0.18764234883565734  0.19969604710133354
  0.21089247147502341  0.22174229937084752  0.23192004405211350  0.24165798088490789
  0.25200350267872029  0.26265090438212013  0.27372848346842926  0.28416174619421536
  0.29437275709876265  0.30457737404182711  0.31483945465775226  0.32539597735476505
  0.33567346690286137  0.34591197883749331  0.35580488053295117  0.36594413445125323
  0.37629391338858520  0.38682013532481274  0.39726541166021917  0.40733957473630183
  0.41757999885344615  0.42786418876091881  0.43830399172048007  0.44870874895199875
  0.45929457696643522  0.46985519791020880  0.48059155035038514  0.49172777987037047
  0.50310667118025332  0.51465904655112182  0.52614055300475537  0.53734942397643926
  0.54807988333332647  0.55832615953747278  0.56840063223640158  0.57841418825459712
  0.58880251460454469  0.59948269087210215  0.61048711184543214  0.62195821526035466
  0.63334885849972844  0.64490732055527999  0.65634582552238641  0.66702690017803634
  0.67730649957004418  0.68794635830666095  0.69921226987433960  0.71070459366678829
  0.72176799535371416  0.73249221782633311  0.74299095920867719  0.75336201928827595
  0.76361242802232976  0.77379077711847666  0.78422243300772665  0.79463098911326668
  0.80475116526419077  0.81490953597085036  0.82480979359882889  0.83475275492326484
  0.84442560875059891  0.85429458175879525  0.86457507863490701  0.87526062631112977
  0.88606700834887242  0.89690584444478594  0.90745725489216800  0.91806247356391890
  0.92839596406521607  0.93880090061821497  0.94958809055046212  0.96035795965671378
  0.97024299229438371  0.98005770226285305  0.98969267953433115  1.00000000000000000
 -0.00264902509428490  0.00981035879705095  0.02012158742076039  0.03117927100545654
  0.04198037791383204  0.05187000024272248  0.06155721856537533  0.07133922264605430
  0.08106354610621738  0.09010140870743401  0.09919790039567980  0.10892401051722880
  0.11946019396106076  0.12962601572175783  0.13985800801144452  0.15045474539033121
  0.16148843767735990  0.17249936114924963  0.18361875964714044  0.19427182819162114
  0.20442001677585792  0.21447129143639490  0.22455737403785483  0.23468549856216817
  0.24491813971124335  0.25569884080219851  0.26692874394927940  0.27815781393952854
  0.28898229438317630  0.29939033408900556  0.30966140834953426  0.31957928424401372
  0.32971977519862505  0.33993443775041160  0.35041455814633082  0.36104141417432739
  0.37144187905301368  0.38142912650032967  0.39073018075262572  0.39986719057535697
  0.40909431119731965  0.41862771985970099  0.42827489033596144  0.43826763897253418
  0.44871611807400258  0.45967645345679359  0.47047349872347982  0.48115314838645523
  0.49202149383106131  0.50359070398642813  0.51538072946270630  0.52633984264444211
  0.53656651051520932  0.54683780758695288  0.55649711683964742  0.56703927776988827
  0.57741135653375308  0.58819476072634957  0.59892064879280438  0.60969577460396585
  0.62017015709447576  0.63020865064409637  0.64004350390753806  0.65007404362721000
  0.66047296773141695  0.67137202745277058  0.68283436981823376  0.69394506310073090
  0.70463761891410104  0.71485549861287645  0.72465349241363219  0.73396103730497764
  0.74340526088936065  0.75297789804278181  0.76317747301630778  0.77374132003793106
  0.78506560645064505  0.79671068803677747  0.80841965079302225  0.81990165834253137
  0.83107096133687863  0.84197830496701720  0.85249223199422941  0.86284528216637524
  0.87319670294224594  0.88395722750660866  0.89505271119783603  0.90640795859935086
  0.91821043165013161  0.93039527482580964  0.94275748061394826  0.95482495889858332
  0.96663752054595220  0.97756461772664571  0.98899632626156486  1.00000000000000000
 -0.00229862700748721  0.00952190387217782  0.01912050410908860  0.02906631800097243
  0.03870096550373681  0.04834894451117547  0.05777416591483729  0.06759120258337817
  0.07771241347505822  0.08780979569533061  0.09818914705721710  0.10866328201001843
  0.11960248523503070  0.13056653334227863  0.14145851226085512  0.15189166913003840
  0.16192031930452871  0.17197816739405919  0.18181418719231823  0.19177655532447549
  0.20181471357364017  0.21251745933107213  0.22377202511567373  0.23498975035671305
  0.24648047894874578  0.25742072197843141  0.26771844536659528  0.27782084760827186
  0.28800049995882943  0.29878605949250459  0.30972768304049020  0.32089533819045807
  0.33199331868394261  0.34303674333367451  0.35388422245587975  0.36491117185591804
  0.37550863977679511  0.38658312541529877  0.39707192718231604  0.40794744404152983
  0.41824521720676211  0.42851604957459577  0.43914014342638680  0.45016951467744992
  0.46100153398012889  0.47153677384191234  0.48208379656358119  0.49266131753849168
  0.50307571810558094  0.51334541667901146  0.52411628877834182  0.53497606103287620
  0.54550233479259091  0.55610769839747509  0.56688931860076419  0.57807097684615494
  0.58953691265887120  0.60065037363585505  0.61144689777152428  0.62229196584301993
  0.63353957018369478  0.64487162479282811  0.65594743850428638  0.66674423875628164
  0.67699403191278684  0.68693557019056828  0.69617895051312406  0.70529321876284212
  0.71453278869217351  0.72422167388521275  0.73402490331463188  0.74428547129579348
  0.75517686022200137  0.76628530849901799  0.77760111512234298  0.78855607872554168
  0.79944938825987455  0.80973484554935082  0.82037672624432867  0.83105957506277761
  0.84172466887647424  0.85206243109840174  0.86273711169957179  0.87328007953100228
  0.88487131199921254  0.89562506502901906  0.90696905871330114  0.91795957682912055
  0.92891562399443450  0.93993649015386649  0.95019388355351775  0.96048298148123656
  0.96974339646864460  0.97968668851494956  0.98951795954761224  1.00000000000000000
  0.00221769565486844  0.10554741281744245  0.16078756256250284  0.20010248759874050
  0.23173530464648295  0.25819145851970843  0.28242704482366271  0.30482276227202409
  0.32546998716264380  0.34457064634230805  0.36197735251888141  0.37879600729953478
  0.39465999440666849  0.40944012771397598  0.42332924831657864  0.43649356460018024
  0.44872856570473596  0.46086766497843457  0.47304573444488973  0.48413798484262610
  0.49410878371745220  0.50441757349018257  0.51485727079562871  0.52473560941069597
  0.53405680784302390  0.54394571243969192  0.55410695341464611  0.56392342577195909
  0.57308186886478374  0.58186239567228959  0.59035988730825373  0.59860880760711954
  0.60680628551203430  0.61482440941469430  0.62278327565632174  0.63060843186281046
  0.63829545161334333  0.64596527866287912  0.65365481193048502  0.66128637727050332
  0.66860253081925736  0.67585207227611088  0.68296569154840814  0.69017342055690467
  0.69734080564938494  0.70456176792015845  0.71173328922138712  0.71902085040700126
  0.72613277400400078  0.73357723327189739  0.74026731561317349  0.74698284429072559
  0.75355464256853266  0.75991288937518664  0.76647000495904316  0.77293792827736518
  0.77940580630868539  0.78591277280895677  0.79228529689400284  0.79856478680444032
  0.80475457449943733  0.81085914815333815  0.81667160925570936  0.82228524623283195
  0.82808036231630777  0.83373060566035140  0.83935468180338935  0.84497169864233623
  0.85073828736770341  0.85649844142169207  0.86217060146506252  0.86776050460669241
  0.87310706016743334  0.87876978627787006  0.88428401298694614  0.88984608159973055
  0.89535300326955436  0.90093085428237729  0.90654481387779551  0.91208713108711215
  0.91737709099721598  0.92241859747142307  0.92748095148812904  0.93265367220297501
  0.93777365916892130  0.94250186601120800  0.94711842177868855  0.95182929644804493
  0.95679912297057323  0.96186618531526114  0.96689358798284442  0.97193145001083003
  0.97711272260897575  0.98243364142424627  0.98712771452582981  1.00000000000000000
 -0.00211116118104782  0.00921377418603501  0.01932865141376525  0.02981003815140743
  0.04041474561688588  0.05121844641631057  0.06203479535363718  0.07304889277324424
  0.08380029780745098  0.09425797834895937  0.10492676699363232  0.11573183110577748
  0.12615228305532908  0.13641938297144063  0.14625961129200840  0.15689815235934795
  0.16803063125039708  0.17966381595461231  0.19086657179464009  0.20066313843235251
  0.21013720429412500  0.21962411159172543  0.22920728266183005  0.23896163606893403
  0.24891658790940857  0.25959504305648406  0.27076530638143154  0.28191273938695144
  0.29314201174302185  0.30321644872996245  0.31307801597495893  0.32265096691306777
  0.33215815245506836  0.34206651071798899  0.35245687995957947  0.36344332035199017
  0.37400162655692243  0.38388530332247317  0.39378940990504790  0.40426064401914952
  0.41545325055147797  0.42652273157627424  0.43725596851986992  0.44771386008676994
  0.45809558494506614  0.46831282160683912  0.47878471972379005  0.48923423681620870
  0.50050557984816424  0.51131731956152660  0.52155900624233387  0.53145923633842762
  0.54154285729310569  0.55209696120267637  0.56290676547401330  0.57416533951925597
  0.58570864148545543  0.59731598310364242  0.60814843323358414  0.61837303807274180
  0.62850957969530608  0.63861010981791000  0.64848398591047740  0.65819838992872071
  0.66817064416487815  0.67859526027997641  0.68908109534912432  0.69985399440404528
  0.71075842746208073  0.72154005933010379  0.73199316428064343  0.74242293386632596
  0.75276651691059104  0.76274874031663609  0.77292760763990265  0.78323786273844653
  0.79366236690323311  0.80367328664854676  0.81385950063478818  0.82458989887572753
  0.83574396414064178  0.84684142310513588  0.85792165214415572  0.86946291209021398
  0.88119936228957541  0.89292239312657806  0.90407025891778137  0.91503410963343346
  0.92589667661821362  0.93769606433574060  0.94828818123239345  0.95857670647077520
  0.96860620563752975  0.97900573027196491  0.98946332337438070  1.00000000000000000
  0.02468584281363894  0.03072351589966503  0.03905085619842991  0.04814918553986506
  0.05777601246487860  0.06759454811102082  0.07696859542950078  0.08623390744234311
  0.09530694436754721  0.10442756585085282  0.11367259434955441  0.12332998105631343
  0.13354843978581377  0.14407613119510146  0.15474577211127041  0.16525306835827927
  0.17536000007956731  0.18551975501611848  0.19528372191981394  0.20498437965479366
  0.21479710244908709  0.22468238091878673  0.23451938619116613  0.24422601510032915
  0.25434956681355669  0.26521622466078948  0.27597068294740751  0.28663551172713597
  0.29706691575310190  0.30745436321738989  0.31744262243868376  0.32765808287377340
  0.33780340838547684  0.34811696416379950  0.35775033957377506  0.36729961383961651
  0.37650598766651761  0.38590799447561752  0.39538150991058857  0.40490787294076669
  0.41435578637575154  0.42383355555989483  0.43324019102743633  0.44277595881927451
  0.45261701070111349  0.46285439418578656  0.47342823449355170  0.48398131730519167
  0.49436072222724348  0.50505388801502427  0.51597078784498773  0.52681220961930642
  0.53746240664968759  0.54784961756142858  0.55855906685150081  0.56930910165510584
  0.58038612806432499  0.59107968841042635  0.60186004554904882  0.61301122815261089
  0.62362056548636868  0.63308935600809235  0.64254039430045951  0.65251193835353594
  0.66297603733578725  0.67347559636334031  0.68390537338731872  0.69503994269107017
  0.70617248121357645  0.71690754831403447  0.72761606339670237  0.73803033268478480
  0.74825894191644349  0.75818567584480956  0.76806868455970190  0.77731434661847487
  0.78628949482330468  0.79545364123661044  0.80495538798443778  0.81447585336138595
  0.82424603383824813  0.83426102379787204  0.84509818168785988  0.85667076633902672
  0.86834974428616374  0.87950498813596523  0.89003763238514844  0.90021413797978078
  0.91020446356836016  0.92022250198404121  0.93060289973171795  0.94154770518176401
  0.95320445042054003  0.96329094937337423  0.97102989226245917  1.00000000000000000
  0.10225332122120875  0.20072999831375546  0.22612107629130684  0.24487898465389946
  0.26021890541258241  0.27379490244709986  0.28622600871788789  0.29741912792499270
  0.30738586525251355  0.31628597260912156  0.32439528255699329  0.33243013345061417
  0.34028193304152821  0.34790975355808124  0.35535792015609219  0.36248939544995890
  0.36943893347374729  0.37615417763521602  0.38272612248547666  0.38934259648535902
  0.39591679776365751  0.40234783314231359  0.40873506133517723  0.41504209607622106
  0.42098706034043143  0.42670423005172103  0.43211313278052527  0.43738239729843303
  0.44281023046082124  0.44826130692644051  0.45386154232340048  0.45940039362666352
  0.46487974765555645  0.47038445517343541  0.47591909340028205  0.48145904732326000
  0.48701449208592601  0.49274213403664674  0.49849841548058205  0.50433856550943046
  0.51005318357651774  0.51562116294394034  0.52106001033388383  0.52653065472441485
  0.53212247471156104  0.53778623367659917  0.54358495278599095  0.54936596403814897
  0.55505486711326202  0.56073361448539205  0.56651198245214163  0.57202494405924131
  0.57768226630141373  0.58319871442471960  0.58866055320263855  0.59426964754381761
  0.59982372779950466  0.60547966664454200  0.61115920650805811  0.61688305525469445
  0.62259723020089175  0.62825025384267497  0.63398797568606535  0.63989988375616136
  0.64619639647571947  0.65295849380064852  0.65983953090532610  0.66644128876843567
  0.67262592621805783  0.67868658859132680  0.68498386032083713  0.69144724779272915
  0.69807842914780360  0.70461044328226108  0.71103854288544677  0.71740901696818438
  0.72395774378397992  0.73107530426558676  0.73857802252320959  0.74616623512948810
  0.75368541124613508  0.76140657317382332  0.76965292854217926  0.77790192791946522
  0.78581647683384481  0.79391687430422286  0.80295604227705175  0.81239290904282146
  0.82146783326971362  0.83097032926020364  0.84262339954517462  0.85667889326801261
  0.87320251518804803  0.89634786036724323  0.91207659779392047  1.00000000000000000
   1.5461221652436772E-027  -1.0000000000000000     
 T F T F T F T F F F F F F F F F T F T F T F T F T F F F F F T F T F T F T F T F F F F F F F F F T F T F T F T F T F T F T F T F T F T F T F T F F F F F F F F F T F T F T F T F T F F F F F T F T F T F T F T F F F F F F F F F T F T F T F T F T F T F T F T F
  <DiscreteSampler_grid>
  grouped_processes
  1 # 1 for a reference and 2 for a running grid.
  10 # Attribute 'min_bin_probing_points' of the grid.
  1 # Attribute 'grid_mode' of the grid. 1=='default',2=='initialization'
  0.0000000000000000 # Attribute 'small_contrib_threshold' of the grid.
  0.5000000000000000 # Attribute 'damping_power' of the grid.
 # binID   n_entries weight   weight_sqr   abs_weight
    13   10   3.663532811944051E-017   4.238427566504343E-033   3.663532811944051E-017
    14   10   3.663532811944212E-017   4.238427566504499E-033   3.663532811944212E-017
    16   10   3.174431033398135E-017   2.896343150587097E-033   3.174431033398135E-017
    17   10   3.174431033398773E-017   2.896343150587244E-033   3.174431033398773E-017
  </DiscreteSampler_grid>
