  0.00000000021781920  0.00000000063274535  0.00000000091522113  0.00000000116275657
  0.00000000139808776  0.00000000162021923  0.00000000183252822  0.00000000203501413
  0.00000000222747592  0.00000000241440767  0.00000000259782757  0.00000000277718633
  0.00000000294959408  0.00000000311988136  0.00000000328994370  0.00000000346131185
  0.00000000362770295  0.00000000378889333  0.00000000394730697  0.00000000410556532
  0.00000000426042699  0.00000000441366587  0.00000000456935625  0.00000000472822426
  0.00000000488425055  0.00000000503681309  0.00000000519024684  0.00000000534629207
  0.00000000550056807  0.00000000564970306  0.00000000580387317  0.00000000596112633
  0.00000000612585139  0.00000000629184122  0.00000000645905420  0.00000000662171093
  0.00000000678564508  0.00000000696035712  0.00000000713233418  0.00000000729858683
  0.00000000745889291  0.00000000761582390  0.00000000777093322  0.00000000792549123
  0.00000000808625807  0.00000000824871112  0.00000000841462171  0.00000000858310582
  0.00000000875981347  0.00000000893061152  0.00000000909618539  0.00000000925683458
  0.00000000941406998  0.00000000957675163  0.00000000976126055  0.00000000995991846
  0.00000001015879625  0.00000001036072796  0.00000001055674022  0.00000001074791999
  0.00000001093376342  0.00000001111475898  0.00000001129407106  0.00000001147277677
  0.00000001165396639  0.00000001184138725  0.00000001203448987  0.00000001223032791
  0.00000001243876829  0.00000001266137893  0.00000001288842736  0.00000001311609987
  0.00000001334734429  0.00000001357651616  0.00000001380972250  0.00000001404435448
  0.00000001428174215  0.00000001452713555  0.00000001478198588  0.00000001504353132
  0.00000001531456517  0.00000001559031367  0.00000001585631297  0.00000001620687696
  0.00000001658760724  0.00000001699133251  0.00000001740888634  0.00000001785242032
  0.00000001833802816  0.00000001886812959  0.00000001945395300  0.00000002011613438
  0.00000002104435185  0.00000002258491808  0.00000002366078984  1.00000000000000000
  0.00933886108468752  0.01704543535674521  0.02621970887916417  0.03656377470740605
  0.04639938374572399  0.05618767871142043  0.06589775137221135  0.07571313965669843
  0.08566443920449603  0.09573071666620069  0.10596858383006479  0.11637644685561359
  0.12671211206862307  0.13657110844904757  0.14704883274736463  0.15774500417807744
  0.16862933107889008  0.17966832751738515  0.19094959652759563  0.20205796623528660
  0.21270069037332218  0.22304077235244593  0.23361537027563042  0.24451103161008661
  0.25578021110911298  0.26705759602032969  0.27806076232087573  0.28862564582051614
  0.29892678453849136  0.30893807726838846  0.31873455417836022  0.32873666529469692
  0.33926402217109164  0.35008311390225066  0.36086682117022417  0.37156996218455696
  0.38162841138827991  0.39112840981397173  0.40053524529003609  0.41018413676841464
  0.42050028766630371  0.43083186838515491  0.44117538726238342  0.45223297491108588
  0.46350564026944618  0.47499388203270282  0.48554926356432687  0.49597106566226806
  0.50631786156230707  0.51697055695789418  0.52744230956926641  0.53751882626398950
  0.54744035622292031  0.55737505931514553  0.56733079149948917  0.57704746496942705
  0.58741145559405061  0.59855996655979760  0.60961170861586411  0.62018843902927623
  0.63082522952060693  0.64126994201321830  0.65087858240084084  0.65974472567867903
  0.66861423945911225  0.67785456212958306  0.68730551588174926  0.69709212263601006
  0.70715352568032031  0.71717837919290373  0.72695621353454798  0.73697356076477027
  0.74746738913580468  0.75807651263331310  0.76872850832635808  0.77912757076846972
  0.79025999390723167  0.80137556488421346  0.81251280248996971  0.82325595744325852
  0.83388927209811681  0.84504198585926726  0.85606623500670831  0.86692334595469545
  0.87740691142907534  0.88779557572772494  0.89853070611115560  0.90959812508784632
  0.92053827062740179  0.93096433308608584  0.94127555384884365  0.95247219773204794
  0.96348609615829928  0.97580886550150869  0.98762604694907496  1.00000000000000000
 -0.00249638185963297  0.01052286498391699  0.02103247393623675  0.03191960996058218
  0.04265785133007064  0.05383431589827951  0.06565209596610538  0.07760581715548071
  0.08878213358652322  0.09946567654674168  0.11003928713207742  0.12056831774251879
  0.13036479326973094  0.13986936925042731  0.14972589595896296  0.16020887596514299
  0.17105246253818232  0.18203617636965702  0.19359805647822687  0.20471674793657313
  0.21510116678203350  0.22528525905512456  0.23647964882401751  0.24754354645931270
  0.25866853856576916  0.26993918775008918  0.28129250450649845  0.29253330848526021
  0.30343671729473903  0.31398710307986932  0.32422948257187600  0.33437712542267878
  0.34450741319602279  0.35475368346826958  0.36511423490475314  0.37533525728380734
  0.38535043882216952  0.39564417152810027  0.40663130900034083  0.41868660376487099
  0.43136011956592091  0.44346155686449895  0.45505901612112049  0.46637192015565138
  0.47754729401692231  0.48833610188582444  0.49892706605755183  0.50954148445132319
  0.52034737916856821  0.53112336945617555  0.54201581671331034  0.55299186631677288
  0.56328411368749531  0.57297032076642285  0.58247561092469635  0.59255563659205657
  0.60273656250315333  0.61271479374678994  0.62291496116925571  0.63360948918201287
  0.64360181412537087  0.65304334228547256  0.66220809534198122  0.67148239936482912
  0.68087187023738671  0.69049431970189457  0.70003024163755312  0.70956625259032413
  0.71873016980091420  0.72826993570998744  0.73827877915998030  0.74878367028817083
  0.75912024478861928  0.76938178351515474  0.78024472677407208  0.79151658436085615
  0.80282768773134072  0.81386253700742683  0.82473026508769776  0.83494523618689420
  0.84490046330161972  0.85467687464130482  0.86451622927493266  0.87422532048111934
  0.88399362669729897  0.89402404069542418  0.90388752851593490  0.91350353757468772
  0.92303564973062535  0.93259285708630901  0.94284103808773656  0.95321262481475932
  0.96390950710503742  0.97517940958303861  0.98716789749482303  1.00000000000000000
 -0.00194406466173902  0.00799539781926956  0.01730138298700085  0.02754198777206822
  0.03834177917333073  0.04947408479801731  0.06059805768600785  0.07193140733093896
  0.08345351871880563  0.09519540478344216  0.10657175311028472  0.11760815610638276
  0.12832578582407173  0.13843730064407833  0.14817963661441638  0.15710858663780175
  0.16614188783287021  0.17584309262575215  0.18621105415658121  0.19686354222680058
  0.20749618104205869  0.21822249102953051  0.22875765628358985  0.23912336100731846
  0.25000359966951863  0.26147254560601585  0.27345132461886029  0.28587786740883386
  0.29750896500649365  0.30811955956356446  0.31808867803579882  0.32785166679459732
  0.33733917512235423  0.34699164362895374  0.35675943709557900  0.36658706076256747
  0.37650827030377115  0.38621396542085695  0.39594441851067858  0.40555271875793281
  0.41530068999757397  0.42578754973618987  0.43610769636203772  0.44673906862243862
  0.45763860510691645  0.46869497149361106  0.47872677426658405  0.48739386000271578
  0.49624576362178952  0.50565622041787961  0.51468008827228007  0.52328753662202032
  0.53189524708136138  0.54100410713416502  0.55185240325494667  0.56297001473721753
  0.57349751411859295  0.58407723770831055  0.59487890331026261  0.60551903751664482
  0.61589466556555061  0.62647250670773325  0.63784423100265597  0.64931921216952737
  0.66091519232223817  0.67199727286747357  0.68214387031700752  0.69187454196353348
  0.70168266052632622  0.71187436683328542  0.72268148706290547  0.73397125113666428
  0.74547251749477061  0.75688319157112349  0.76825027660807654  0.77968725358823354
  0.79123196675245522  0.80294074019781780  0.81450526522365985  0.82564529887460225
  0.83664114830669178  0.84826192114481436  0.85971019735130361  0.87140262716616679
  0.88224797930752763  0.89257190494755623  0.90287751775089242  0.91313439901367888
  0.92383771141429072  0.93413585746700900  0.94467780414595148  0.95521711586280389
  0.96575199581973759  0.97678742044321887  0.98824040018368431  1.00000000000000000
 -0.00290010319581007  0.01118249525722714  0.02205025921901987  0.03230365920361669
  0.04253819474374441  0.05334485762233641  0.06390022398858451  0.07473281159053298
  0.08560697435216855  0.09708788383709030  0.10783065258952886  0.11754644060140834
  0.12724438032284111  0.13684149159333803  0.14664968468714124  0.15618639385031458
  0.16588301575536327  0.17642685986485429  0.18725282690645267  0.19773842508374884
  0.20773929054900850  0.21788303694686392  0.22814451068116592  0.23864323864024536
  0.24917617639017484  0.25906686215622099  0.26898329821106320  0.27874578433466407
  0.28874396247067197  0.29923159133366833  0.30962184881665417  0.32007884780979795
  0.33089753645489317  0.34193291517609387  0.35246450063467105  0.36277946512881531
  0.37322941841430801  0.38438107796544074  0.39564926263582323  0.40662578281439077
  0.41733138815413157  0.42813694511786426  0.43919117502436511  0.45088408301461030
  0.46257070034451603  0.47398875286603426  0.48470111265779137  0.49553208921026187
  0.50655221756118662  0.51793818773686939  0.52933647369120229  0.54071493449569363
  0.55177333992005939  0.56273637497227968  0.57348742741972758  0.58419330871765141
  0.59469002111625457  0.60467559030961260  0.61409580025516242  0.62365954455192207
  0.63371014924910962  0.64445185909783287  0.65517358695811967  0.66592071501396799
  0.67645948890158103  0.68665992946574883  0.69713882137436967  0.70801382750918707
  0.71899918553655751  0.72911112841298886  0.73944187879378465  0.74959083983590014
  0.76073103902674011  0.77159916250956395  0.78272363147987656  0.79374598011039532
  0.80409183838055220  0.81438256130202868  0.82461013525857196  0.83553772468579401
  0.84667120288625286  0.85646047833389927  0.86576214593484957  0.87487984723603729
  0.88444273198773560  0.89385093837355822  0.90350513344251926  0.91303663059411244
  0.92357360483000728  0.93422597815251174  0.94550071815261705  0.95785734795899147
  0.96934639564615843  0.98023850860162598  0.99018533856460500  1.00000000000000000
 -0.00236400125519753  0.00924817224496833  0.01972084941540476  0.03071400014961431
  0.04214840711091498  0.05209756739959379  0.06203632954394930  0.07160296334658643
  0.08153421934097629  0.09133346265394301  0.10128991660309383  0.11163800881235413
  0.12266418742360108  0.13337642052329968  0.14451736675464036  0.15661833129515101
  0.16925241178628658  0.17965083910717183  0.19007827733925584  0.20051964314096571
  0.21095706580928861  0.22122326502738707  0.23146198747212310  0.24159421416555318
  0.25130523795588849  0.26089731429756724  0.27039300640641273  0.28044177966081563
  0.29047661712419953  0.30128816516380008  0.31212220599826473  0.32270378067134126
  0.33347974858026130  0.34393598862354596  0.35403688560767077  0.36432661570297908
  0.37481253622102267  0.38602947442551688  0.39760336693605186  0.40902638043975670
  0.41960655406634745  0.42976515111084734  0.43995839021137101  0.45063384287009089
  0.46072155518213659  0.47031071259005597  0.48028988890361768  0.49088952381009826
  0.50140866116645755  0.51132406027229249  0.52172257365464170  0.53283982708370048
  0.54372462653351061  0.55433735742446788  0.56489731416619438  0.57516210583541483
  0.58505938042102024  0.59477706097990690  0.60465800355717314  0.61507089010964466
  0.62585299397187799  0.63649705307276394  0.64715362841654411  0.65740251890415435
  0.66767989435244257  0.67751149108299180  0.68807493443416234  0.69972865744577184
  0.71101988336907074  0.72084816398909635  0.73074523038554851  0.74116644456061098
  0.75191996760321356  0.76229488013941438  0.77249990460896589  0.78286029632804088
  0.79334696989440312  0.80433681759231845  0.81512687469151990  0.82591651822167578
  0.83662748699442824  0.84786225876947607  0.85917066395204478  0.86996735158558336
  0.88070924825412500  0.89151259498444890  0.90266806430911872  0.91448288195888894
  0.92600253120231446  0.93808095431930938  0.95046378807398901  0.96149320826883011
  0.97124080801653512  0.98076313104807444  0.99020696478044468  1.00000000000000000
  0.01379100189804708  0.01904848606354283  0.02448064898296238  0.03056355186222713
  0.03672381962742364  0.04260264992634541  0.04808632502083848  0.05331256041211759
  0.05848456665366828  0.06342258036249472  0.06825754642303720  0.07313271604092912
  0.07795408330438011  0.08266584339312616  0.08733994221279837  0.09205885372663290
  0.09683123489519124  0.10173154183943407  0.10689735494854549  0.11234462128808589
  0.11797939638169425  0.12346434236829554  0.12874478320167709  0.13369186928171820
  0.13884621013216139  0.14402202044156398  0.14931047793039431  0.15472120154496738
  0.16024082244698484  0.16600485401629589  0.17207712907616068  0.17821694100940391
  0.18422941391033792  0.19035539942424695  0.19665049075026128  0.20279003440446544
  0.20873465672395680  0.21462535456117907  0.22058635047096925  0.22675269232902157
  0.23315679515080937  0.23953762659566016  0.24574813742900486  0.25212117307288406
  0.25868038359002088  0.26540282706531970  0.27213667318907053  0.27862025371508170
  0.28506541055612999  0.29158642803419937  0.29831928475361996  0.30516104366603425
  0.31222708959235046  0.31963029840239393  0.32725566445304105  0.33506986461956417
  0.34327762554963909  0.35164796810273519  0.35996673628035492  0.36831118779387761
  0.37680088707281378  0.38543669077471709  0.39405615771002472  0.40227110876632138
  0.41021154436342738  0.41818094899897690  0.42618707001236183  0.43422739376907638
  0.44238636806279974  0.45074274110272083  0.45990017884880097  0.46948100845043511
  0.48000707153322381  0.49148218197034355  0.50297900605636336  0.51398376897859266
  0.52467320384497551  0.53546893930150641  0.54667290727397733  0.55813441118150420
  0.57046997392756849  0.58392961737152971  0.59861918104030221  0.61398032069967323
  0.63033467218973294  0.64800534915314367  0.66638855025855193  0.68574819210975946
  0.70559674800738159  0.72708487605870320  0.75039259234429223  0.77539386258761955
  0.80508821725948365  0.84382281065809650  0.89476506990998450  1.00000000000000000
 -0.00281236750378255  0.01027207300428671  0.02114057594416074  0.03079488968188793
  0.03979054630175057  0.04890295532716638  0.05865572368783454  0.06843240219572781
  0.07784129000782256  0.08717284550385369  0.09721427057377321  0.10726462976273457
  0.11732826525653725  0.12737437517353192  0.13815235313939178  0.14872200059842142
  0.15938581879402602  0.16959912353182696  0.17957907799606851  0.18957365274205573
  0.19965747319455787  0.20964480275486486  0.21959394500684465  0.23027668017414182
  0.24170007058723531  0.25229111967899320  0.26221511396204439  0.27242963418832106
  0.28368363226788562  0.29549102431492658  0.30719539296747150  0.31858933778585119
  0.32998626807369036  0.34140508085484200  0.35300215611776897  0.36473219521935057
  0.37612369527849721  0.38713905589862052  0.39794258726106113  0.40873027778322191
  0.41931293606130082  0.42980593907851983  0.44053521179846339  0.45141579155039807
  0.46237982153566720  0.47301135851569542  0.48354362442741300  0.49418957897173710
  0.50516700374244650  0.51653116978376834  0.52795546676193617  0.53897652860744738
  0.54919779735267427  0.55902721157306268  0.56873327065194046  0.57818888243269262
  0.58771061733836782  0.59774922349229909  0.60806614913781931  0.61861054895718304
  0.62883229787598638  0.63889151447662162  0.64862537944965948  0.65794260265300120
  0.66728106696008971  0.67668460071276937  0.68698170847089690  0.69838572705935242
  0.71039890592734323  0.72186130959114847  0.73325338739654533  0.74512114833906762
  0.75652554623206292  0.76752893094806307  0.77807468667975577  0.78811854539863446
  0.79822269346987629  0.80841345855612501  0.81879356019079064  0.82899707907719133
  0.83935097463349884  0.85013704534941992  0.86054217247459486  0.87133714975053189
  0.88173450200433612  0.89304444615021128  0.90353858218917227  0.91433515674243193
  0.92446478044167180  0.93489285705739611  0.94512194918534220  0.95625346870660177
  0.96754377811936165  0.97879616664464519  0.98943117039989703  1.00000000000000000
  0.02457986456010136  0.03072676134149876  0.03967932289732652  0.04947858522262233
  0.05943100439374858  0.06927852715839281  0.07907814463142740  0.08945327932009796
  0.09969849631675176  0.10947800218588756  0.11953960614745658  0.13004247159044732
  0.14135447271282653  0.15189924522941256  0.16207933035006492  0.17249971909037570
  0.18312679373915650  0.19349331261735009  0.20357769993779351  0.21371692673469558
  0.22409988447952031  0.23425648438757216  0.24512539077734286  0.25619768357313338
  0.26814244193187275  0.27892707452091570  0.28911640389195231  0.29936733102207064
  0.30955682202201834  0.31970944057497591  0.32962587057966014  0.33987287472032202
  0.34978202571288380  0.35962219490648856  0.36883597022276887  0.37889152289171768
  0.38937426850552109  0.40009967670061830  0.41011926520031527  0.41986076018562890
  0.42976824550507947  0.43966186486478559  0.44971291143113529  0.45951580025790806
  0.46898767669392655  0.47835768438471660  0.48727288215721543  0.49659809235737662
  0.50631171228447691  0.51635231170323026  0.52638807307347868  0.53628006069765743
  0.54618837308299950  0.55630652684381710  0.56656307490073365  0.57697094854037556
  0.58775963813364152  0.59846567973423714  0.60910169614969967  0.61947813533441487
  0.62948791408864957  0.63975128233393352  0.65064750515727432  0.66163044333778531
  0.67168838911347217  0.68123846485157113  0.69048900470995234  0.69997461655836379
  0.70967033531577595  0.71942294570369181  0.72909890448857373  0.73911102535334283
  0.74947625745194280  0.76055623039266163  0.77119047820408249  0.78218293760085134
  0.79286633703292964  0.80303397244210761  0.81295607514865031  0.82251282471907350
  0.83217895617636983  0.84159950900749214  0.85066320065880707  0.86079578923525146
  0.87088627507750960  0.88092541946923930  0.89105053120954991  0.90140153227332165
  0.91227257937140049  0.92236246776220221  0.93174936790233021  0.94167709935975974
  0.95265461556341147  0.96416335933728992  0.97127580826911852  1.00000000000000000
  0.08411220970350917  0.10239872080436922  0.12029954014675469  0.13703676768790479
  0.15146035612368297  0.16348829501249093  0.17429455473621161  0.18444825112901547
  0.19411251900246182  0.20321791000573339  0.21224902497114972  0.22097810710884330
  0.22921237244506851  0.23676538819168111  0.24438733905093257  0.25218193153040880
  0.26027215553191124  0.26789350620819546  0.27526340097946167  0.28237440625822913
  0.28943614082580987  0.29671703560258278  0.30412286093332008  0.31168713178505120
  0.31884413110418963  0.32583159040442156  0.33264451830856445  0.33908233394944598
  0.34564629741510566  0.35209169476501073  0.35849368032202594  0.36476703648101999
  0.37092989187530850  0.37691426871051176  0.38285082466230103  0.38882796896652744
  0.39493948262752621  0.40117826140582635  0.40738493369471768  0.41353697732269851
  0.41948785070917538  0.42531968235539086  0.43085159709527798  0.43629222959248104
  0.44150297827514140  0.44670771003483228  0.45209853741463568  0.45762478415991720
  0.46296574367153021  0.46821899440177545  0.47335946319283106  0.47847393923286263
  0.48361855724197383  0.48875153169547869  0.49396488429431001  0.49939092336538365
  0.50490809714108642  0.51035823690541415  0.51555575651296326  0.52054606909030587
  0.52572532582100540  0.53106247690767272  0.53643553900359264  0.54183082648802439
  0.54737949422620080  0.55274908164135761  0.55787389162422318  0.56300372519303221
  0.56831701017547676  0.57386444613805598  0.57970942693221184  0.58565406044907176
  0.59137245326528676  0.59724791933878252  0.60333181050327811  0.61007005762227018
  0.61681028945477101  0.62352968329874348  0.63027358091903030  0.63730201779450613
  0.64461946706374496  0.65230477206104409  0.65998287601831407  0.66792624263357958
  0.67638305620268535  0.68528981976018066  0.69446512671252270  0.70360888798188614
  0.71317455638625682  0.72377851460549958  0.73539643077192307  0.74938793597213471
  0.76714601470242427  0.79248927019141902  0.91264116951294327  1.00000000000000000
   2.4310848093209404E-038  -1.0000000000000000     
 T F T F T F T F F F F F F F F F T F T F T F T F F F F F F F F F T F T F T F T F T F F F T F F F T F T F T F T F T F T F T F T F T F T F T F T F F F F F F F F F T F T F T F T F F F F F F F F F T F T F T F T F T F F F T F F F T F T F T F T F T F T F T F T F
  <DiscreteSampler_grid>
  grouped_processes
  1 # 1 for a reference and 2 for a running grid.
  10 # Attribute 'min_bin_probing_points' of the grid.
  1 # Attribute 'grid_mode' of the grid. 1=='default',2=='initialization'
  0.0000000000000000 # Attribute 'small_contrib_threshold' of the grid.
  0.5000000000000000 # Attribute 'damping_power' of the grid.
 # binID   n_entries weight   weight_sqr   abs_weight
    13   10   1.288190860294832E-028   3.514450607192165E-056   1.288190860294832E-028
    14   10   1.288190860294828E-028   3.514450607192160E-056   1.288190860294828E-028
    16   10   1.646116648837564E-028   7.674362570873918E-056   1.646116648837564E-028
    17   10   1.646116648837793E-028   7.674362570877563E-056   1.646116648837793E-028
  </DiscreteSampler_grid>
