  0.00000000005590799  0.00000000013757186  0.00000000020069747  0.00000000026610497
  0.00000000033314896  0.00000000040319987  0.00000000048037923  0.00000000056229260
  0.00000000064862190  0.00000000073315325  0.00000000081917514  0.00000000090820533
  0.00000000099439102  0.00000000109012008  0.00000000118771263  0.00000000128753539
  0.00000000139103669  0.00000000149959582  0.00000000161003759  0.00000000172380993
  0.00000000184346881  0.00000000196199483  0.00000000207761018  0.00000000219144446
  0.00000000230986494  0.00000000243738895  0.00000000256623422  0.00000000269387880
  0.00000000281738711  0.00000000294342648  0.00000000307774532  0.00000000322088593
  0.00000000336221244  0.00000000351021417  0.00000000365559564  0.00000000379501104
  0.00000000393040149  0.00000000407055535  0.00000000421622813  0.00000000436582844
  0.00000000451993757  0.00000000467778276  0.00000000483605141  0.00000000499361114
  0.00000000515249970  0.00000000531526214  0.00000000547786485  0.00000000563216151
  0.00000000578672905  0.00000000594749630  0.00000000611009542  0.00000000627828370
  0.00000000644547843  0.00000000660659540  0.00000000678069088  0.00000000696676033
  0.00000000715624109  0.00000000735358715  0.00000000755328156  0.00000000773718186
  0.00000000792545898  0.00000000811807165  0.00000000831071814  0.00000000851050191
  0.00000000871616619  0.00000000892750238  0.00000000914832262  0.00000000938911463
  0.00000000961194471  0.00000000983692860  0.00000001006796827  0.00000001029852681
  0.00000001053946405  0.00000001078892759  0.00000001103729090  0.00000001128725924
  0.00000001153335046  0.00000001179964240  0.00000001206965304  0.00000001235971641
  0.00000001266480213  0.00000001299204931  0.00000001335181129  0.00000001373903152
  0.00000001413677290  0.00000001453877139  0.00000001496256156  0.00000001543767119
  0.00000001600783953  0.00000001665981088  0.00000001734904631  0.00000001813479441
  0.00000001909432469  0.00000002051415158  0.00000002129629336  1.00000000000000000
  0.00956042955582556  0.01578987748466510  0.02503349276746092  0.03589863760489332
  0.04684268382288184  0.05828683681503442  0.06923258595347950  0.07981217395989902
  0.09034102777801874  0.10130242215712977  0.11214888101311350  0.12295759683696038
  0.13317537170484317  0.14318728162118793  0.15287700518009861  0.16278390392839384
  0.17307529815101191  0.18360353864408557  0.19427684089827627  0.20498155142610874
  0.21587641424788220  0.22632435955091090  0.23648763896163269  0.24636694429111375
  0.25638376560395776  0.26651769788243540  0.27631895068114370  0.28603304076632569
  0.29563860848366896  0.30536742618535456  0.31504447900663501  0.32491038183434889
  0.33491654352282446  0.34491633123930227  0.35455972342970921  0.36420449968264434
  0.37431500720920075  0.38512318245521449  0.39628061922945246  0.40714825056028919
  0.41788636233121329  0.42774638280474880  0.43813630893693317  0.44853158966281964
  0.45958517353224260  0.46923967328645150  0.47898734268898963  0.48901715909428278
  0.49906811051536970  0.50856786126137221  0.51853455020702754  0.52968737158666512
  0.54136367161807364  0.55224599822327203  0.56321630023649627  0.57530288965523935
  0.58844521102172964  0.60042885977265048  0.61125875599343293  0.62155813969856966
  0.63152885930434421  0.64151680148038215  0.65131475039928466  0.66201719921559410
  0.67305546192697929  0.68423466037748060  0.69535182987961552  0.70610070186504692
  0.71668791914509677  0.72695464641193341  0.73808804666065830  0.74915217643227972
  0.76116762514278102  0.77294321417486223  0.78469860944574898  0.79532787150214757
  0.80571080546732554  0.81597400519803565  0.82666104583353561  0.83755488733607830
  0.84853468588723990  0.86007564063488628  0.87202713710174273  0.88331154159971059
  0.89385417750593432  0.90385773786596124  0.91455027366920238  0.92500985184627871
  0.93554708268268449  0.94549671784341871  0.95534862904890816  0.96497010736339939
  0.97461598100943525  0.98363067954617700  0.99078154047388312  1.00000000000000000
 -0.00174696627767898  0.00879545515984563  0.01782034666169693  0.02698198444540390
  0.03712272767912497  0.04765888199029369  0.05817637357387345  0.06838508162492359
  0.07900770005566519  0.09058313899701290  0.10226268488727205  0.11346156285227425
  0.12457332512415670  0.13571415995987926  0.14683613464700557  0.15765294526572987
  0.16828599051975121  0.17874394446698919  0.18923011106254034  0.19978429151949423
  0.21034032373523795  0.22084785712873420  0.23111586345524354  0.24133317823104047
  0.25133131858665708  0.26090784817009793  0.27021897204699302  0.27962596090385483
  0.28973014929173901  0.30033581588062264  0.31113996390000515  0.32184069552571037
  0.33230253764727952  0.34226677758183155  0.35163626441667967  0.36067402979465207
  0.36968088105836533  0.37874860703608670  0.38781738354360551  0.39705554359366357
  0.40661946310669839  0.41623421239202912  0.42591496997636857  0.43587165110995330
  0.44649242145486645  0.45780192518505342  0.46929140271559433  0.48076485668385893
  0.49170104779339657  0.50246860805368854  0.51321872749413178  0.52401858965755954
  0.53506591681908522  0.54575554779997937  0.55600883407875157  0.56567891172480889
  0.57541692299721536  0.58532015529714787  0.59546130623879123  0.60566930430813526
  0.61668125353948244  0.62770346092812712  0.63875960303852042  0.65011729129754880
  0.66111051919712416  0.67137475364186761  0.68124754467008397  0.69160640424032149
  0.70222667503160729  0.71312689266808804  0.72361650919444009  0.73411232772733248
  0.74486904419615430  0.75609769058764642  0.76786230056936566  0.77955872047296437
  0.79125052670646401  0.80287691955406038  0.81397705034933676  0.82432548718574017
  0.83408918094498086  0.84404427812889204  0.85458165159516175  0.86579845099184360
  0.87678848939129383  0.88778638561569845  0.89906852930000658  0.91090599991064980
  0.92282846120104833  0.93480950486124859  0.94598232669070148  0.95685876039860307
  0.96740289585242378  0.97813188874894164  0.98893156850730313  1.00000000000000000
 -0.00238390242940339  0.00963436072700215  0.01950734301945806  0.02941619993958517
  0.03960343475686802  0.04934494093237719  0.05904567717761879  0.06828358007725442
  0.07766039120584416  0.08669844034786529  0.09556286263524953  0.10464556949986126
  0.11412903783627171  0.12414747645154964  0.13479361825537223  0.14570878961354880
  0.15655016051151749  0.16692014594268451  0.17719234203591769  0.18775015110769988
  0.19882020612748572  0.20992359603223271  0.22115594713113232  0.23186219862256435
  0.24221650722753627  0.25242934061600475  0.26293433411045469  0.27355772590090915
  0.28355255811460034  0.29320752482579382  0.30302310500848084  0.31328088016356515
  0.32353491692516334  0.33371155531760321  0.34403592235712444  0.35453387248090840
  0.36522322640952432  0.37614566014778117  0.38720669057710094  0.39889030561654676
  0.41148503089189614  0.42412311207092068  0.43641957770757772  0.44732132991752382
  0.45824605307570049  0.46915903582703067  0.47981658446283149  0.48989566200996898
  0.49988595109250272  0.51043323579336553  0.52098870613766013  0.53187023647974740
  0.54286426933033249  0.55445526410459800  0.56566634986327324  0.57626408052789280
  0.58694249890322503  0.59771665197960033  0.60828735731024342  0.61843828363010966
  0.62848034115631923  0.63876257933738312  0.64916456675503231  0.65959903734985692
  0.66992559628239556  0.67994444436622847  0.68998064804410753  0.70048197192490724
  0.71131331327647251  0.72224072872002110  0.73275579898025445  0.74287878814625574
  0.75278709531340626  0.76271274228835328  0.77280611382946829  0.78307233311549129
  0.79391313719673806  0.80519927748662468  0.81618705707311767  0.82664054835012402
  0.83678714555602074  0.84681801208613094  0.85663513834076588  0.86643320340910757
  0.87665761679409882  0.88738996129250358  0.89833836897771813  0.90888482696606621
  0.91942770857759837  0.93035429295135141  0.94221592775521867  0.95464432533517773
  0.96680563600071256  0.97848570540674307  0.98934271556119302  1.00000000000000000
 -0.00277478223820831  0.01222232573221397  0.02413746120197272  0.03680142197216474
  0.04938785662882048  0.06195412010151342  0.07277786680846467  0.08305428371038709
  0.09224293714747252  0.10171462239967785  0.11157430557615951  0.12200511991732803
  0.13302433247054576  0.14370344817909458  0.15444777664002834  0.16468777474617061
  0.17435911994696474  0.18366819827361686  0.19289808110871642  0.20245120901476210
  0.21279787023857685  0.22295163413537239  0.23249639052237969  0.24161099405295206
  0.25103543530987577  0.26154686825590517  0.27267707149062043  0.28368019159949087
  0.29476117354903220  0.30621519824850962  0.31837431889064510  0.33058362950765835
  0.34265794921247306  0.35453031774991423  0.36561027742947338  0.37622550260951187
  0.38670448666360957  0.39714624154709482  0.40756012496728516  0.41790580224735036
  0.42815320854564098  0.43827164089398907  0.44862911850551196  0.45944084578350819
  0.47125800852222755  0.48343214224547293  0.49589490333157155  0.50894579511872129
  0.52171452589645473  0.53336989235094101  0.54444393370603406  0.55482895217179251
  0.56492430226977564  0.57496912780114173  0.58490145391546555  0.59520602230982722
  0.60500507907325884  0.61448641479850208  0.62395876047677723  0.63413915915157293
  0.64505840125131675  0.65568019344132877  0.66672701695922154  0.67789844827665413
  0.68827843307592762  0.69759452806845290  0.70651650638014796  0.71633512128136279
  0.72646797234671123  0.73689987729276551  0.74716601215016509  0.75724106934366420
  0.76744495329823381  0.77796287886710214  0.78860523777205782  0.79956401003921629
  0.81014083775389911  0.82067920803761596  0.83113757192527737  0.84207991385836822
  0.85340336364376790  0.86448592625192711  0.87487857785991519  0.88489525968459426
  0.89490777718674619  0.90482919013578300  0.91476035346088880  0.92461959461109833
  0.93469276867119322  0.94438040153542147  0.95396678789743050  0.96364185055185869
  0.97330787530520479  0.98253569998788670  0.99145226567200972  1.00000000000000000
 -0.00271945423063307  0.01145118601892214  0.02320337231195136  0.03422744042661949
  0.04538164226322883  0.05668291952685655  0.06732275455721895  0.07751047379631347
  0.08729521305547895  0.09672570320080227  0.10606730418566938  0.11540362934624181
  0.12497524308391776  0.13494974024969247  0.14529035613077296  0.15588901788040233
  0.16657535591977413  0.17700120083224552  0.18711148676796455  0.19665699062072559
  0.20593345441775934  0.21575151781631832  0.22530871787916618  0.23527266396146140
  0.24496241514418127  0.25517261510726280  0.26552975171694143  0.27610305789921596
  0.28677927380930357  0.29729182171391383  0.30764474062173169  0.31814667518727013
  0.32922836537729938  0.34092362644876478  0.35271684457024410  0.36409696176156769
  0.37507654241018434  0.38668229807951826  0.39817151355928526  0.40913738307193143
  0.41979090807796782  0.43019823483149916  0.44010518212778621  0.44974734896413443
  0.45961561284212793  0.47066130481508606  0.48196196446876410  0.49304892309551790
  0.50351719024701425  0.51355476387767074  0.52321983917186410  0.53291308386738367
  0.54349005039798037  0.55487684255279379  0.56541650129118792  0.57533285789503197
  0.58531838596083452  0.59589858257701378  0.60690825148054284  0.61825001492623111
  0.63030396910045583  0.64202256071906649  0.65344668180768228  0.66467163754519321
  0.67644121286337888  0.68757361858802146  0.69863637858992134  0.70957837632640952
  0.72081715751801911  0.73129306711174991  0.74230754288294576  0.75323553340094240
  0.76467233029748871  0.77538600899454735  0.78643363814799216  0.79700596117473355
  0.80750911829366834  0.81772339421248019  0.82771126028262110  0.83793284293567416
  0.84826101629416761  0.85846549153574370  0.86844004018508292  0.87849338199575933
  0.88862427209475447  0.89872956443136520  0.90882027229731166  0.91930841355101012
  0.92998438403875361  0.94071844223001921  0.95075327681726662  0.96051591927437119
  0.97017733539951856  0.98030599340590729  0.99024735808533226  1.00000000000000000
  0.01446699143933138  0.01619350670103522  0.02012430908236957  0.02593972896216011
  0.03248131423915734  0.03859309869824530  0.04432099945645349  0.05025403633396947
  0.05616436333614964  0.06188494075086799  0.06743507090623356  0.07292706283204151
  0.07844493483323713  0.08410406715105509  0.08950688827696858  0.09490249850785852
  0.10046665506690480  0.10616914338048965  0.11184789539707786  0.11750137236385902
  0.12311775965351797  0.12866052028992114  0.13424891828304353  0.13983966209764212
  0.14552963909825298  0.15163448308812755  0.15780476374862468  0.16412733933932336
  0.17035957108312530  0.17655260748500987  0.18280560521765352  0.18910275417645811
  0.19547976235561570  0.20198951492092443  0.20832846205576616  0.21437813629777333
  0.22012452464937848  0.22585075145899405  0.23170514008248910  0.23761628260444009
  0.24388264650580072  0.25057249980374219  0.25778124740249558  0.26496513786362302
  0.27190473299259316  0.27861301526985854  0.28513982920445824  0.29170271365384121
  0.29852197156488325  0.30537340976318883  0.31249625730241903  0.31962785396741344
  0.32715666734332866  0.33496002205401260  0.34364801751182883  0.35175737437693178
  0.36001081565115223  0.36851349514473819  0.37740854266994872  0.38677318119191206
  0.39612755970935715  0.40516737667119346  0.41387314326447844  0.42222845465237907
  0.43042609931305503  0.43873961760253100  0.44752869445980575  0.45669617971813936
  0.46607972016056248  0.47567211273581678  0.48524714469480046  0.49495265311447922
  0.50460523790342482  0.51509781324494108  0.52557444136249531  0.53663301984960243
  0.54768857392147341  0.55922312776412719  0.57066297597434745  0.58253611533024541
  0.59466758368355099  0.60708859793483905  0.62045955438221234  0.63458548373060697
  0.64937348331326816  0.66472755248214521  0.68131244119743750  0.69871717284206114
  0.71803927860442829  0.73906063243962172  0.76178756296131456  0.78811231205918730
  0.81917421271169899  0.85452203694459672  0.90469964256717639  1.00000000000000000
 -0.00320038728782385  0.01353777309914571  0.02622463695487604  0.03822029907053948
  0.04881694447848392  0.05927478703990934  0.06921927282919037  0.07899520198794728
  0.08874438293106730  0.09935400662577992  0.11031680298791824  0.12053218519873264
  0.13006163907563220  0.13905248602247930  0.14841631689987370  0.15814576124471533
  0.16820763372577113  0.17896930070122993  0.19035732622753904  0.20209495102537184
  0.21355361224536440  0.22421654881319206  0.23451205309668291  0.24436786841670466
  0.25445080265497505  0.26466449030914652  0.27463378830453417  0.28432953820460349
  0.29370063491328152  0.30294568028826496  0.31211497206695832  0.32128049655189334
  0.33035479005105622  0.33990004962722370  0.35037603787891841  0.36152517220573649
  0.37299098004724024  0.38410763436525125  0.39462761052010265  0.40492940942025663
  0.41504035879821849  0.42501241432155223  0.43493151206403852  0.44523681801069559
  0.45583256960123558  0.46611763836982134  0.47574879133828624  0.48595669065843217
  0.49697644994628382  0.50814027917401006  0.51860774864826720  0.52909417585775909
  0.53998556292879529  0.55128765340421748  0.56298020209753030  0.57471529601483407
  0.58600966794290621  0.59651871014555891  0.60671178979092499  0.61714000913987910
  0.62761402066306404  0.63804823283977896  0.64831220473697870  0.65811278777874416
  0.66811159788823404  0.67784283745777085  0.68791176191647008  0.69826263159968904
  0.70855870348738526  0.71901776518571991  0.73017896196419985  0.74178730349487243
  0.75415137330456217  0.76600456399125694  0.77733365297703705  0.78760879879484413
  0.79853128488565739  0.80925544787037984  0.82004882817015168  0.83005949085634645
  0.84054880883499572  0.85153418908774714  0.86357810416073089  0.87524484248487222
  0.88675222571646606  0.89723246480257846  0.90851579595577792  0.91953217945606569
  0.93029866811975359  0.94015514219191598  0.94923075521890643  0.95841396373350218
  0.96790062363824891  0.97782225245365240  0.98885685513870392  1.00000000000000000
  0.02384962092370776  0.03332262908555268  0.04428086890011678  0.05526912208040519
  0.06642749005856900  0.07775336264100927  0.08864961020887657  0.09884381263646654
  0.10841953917192924  0.11796062427482548  0.12736796211017770  0.13638223440015229
  0.14493330630507698  0.15421059423394037  0.16337254611501723  0.17320366248706731
  0.18336017796003001  0.19357969153324570  0.20389622020839807  0.21432166975330022
  0.22464801098781023  0.23507413555597842  0.24467127992158871  0.25448419780583009
  0.26416110883828142  0.27419808544635155  0.28437653393345275  0.29453434757879576
  0.30462013388687531  0.31403065561420945  0.32289932169483010  0.33148621007327378
  0.34038045450658388  0.34983508159874560  0.35978143682693176  0.36991897171671573
  0.37960293099553394  0.38899411956231156  0.39832860676954490  0.40804896568091442
  0.41819457632997015  0.42774036923834524  0.43675762628396098  0.44601735347882976
  0.45593314925579026  0.46658109388741459  0.47751000795930287  0.48807694866135976
  0.49865591734829856  0.50917467230661573  0.51988740437515335  0.53063064402413807
  0.54151675832131119  0.55247026794337328  0.56328595356432398  0.57410756310931133
  0.58520008199283113  0.59644845818794445  0.60728772573732903  0.61787564462089539
  0.62828199177647814  0.63898258215201531  0.64947960350727496  0.65913500845434791
  0.66832437376847498  0.67762458414046933  0.68753733619256940  0.69784847477842726
  0.70813060758581214  0.71782872151643018  0.72765799838413059  0.73755077821988246
  0.74823041352193731  0.75875726040837288  0.76894371925449101  0.77894799271767179
  0.78899984772052456  0.79924047952612431  0.80913351287610802  0.81941047929407607
  0.82958669009718922  0.84014172513980923  0.85044227874087852  0.86119633676732499
  0.87236695545268006  0.88336752826801590  0.89436761862424974  0.90541263840672837
  0.91603821098425164  0.92615567749271022  0.93574753115130915  0.94572299115421798
  0.95660883059377211  0.96554591492949282  0.97065897023519876  1.00000000000000000
  0.06445564758180605  0.11080165845777377  0.13913848013926008  0.15982824478754223
  0.17563813512994028  0.18890589246334297  0.20032653967095909  0.21119026925664311
  0.22239138451493182  0.23360405796406425  0.24475212120919509  0.25554938828481616
  0.26630954955282576  0.27721653887379621  0.28777163550132145  0.29736364471559640
  0.30629675806656281  0.31534279330677878  0.32446835144916775  0.33349337005232410
  0.34250221664256497  0.35159376402651116  0.36058060053010788  0.36912967219573228
  0.37748298711649031  0.38540684271475312  0.39306661979875979  0.40044819089315703
  0.40754247646728631  0.41459899327464689  0.42139078892283899  0.42805315583746167
  0.43482523184630978  0.44166977162996518  0.44848113227533465  0.45518195501454706
  0.46179906290526285  0.46819268017603838  0.47486459813995902  0.48129774256938102
  0.48776816493723302  0.49400739775023822  0.50029456522795079  0.50635882108046504
  0.51242616027302668  0.51845761626743958  0.52447875720473613  0.53036705440980580
  0.53602388702648851  0.54163148366431213  0.54739426396853885  0.55335746597074009
  0.55926745493118057  0.56472413305255809  0.57006659728126063  0.57528651807827569
  0.58082688337298005  0.58613053935193005  0.59157465878523363  0.59704615031271435
  0.60238475200233565  0.60752580726624006  0.61249178723128395  0.61734014514487889
  0.62199411350180223  0.62656561868484772  0.63130555840346614  0.63629755142144473
  0.64154488952284872  0.64665820766098014  0.65170532059385522  0.65674946912065557
  0.66185306346415118  0.66720950655210309  0.67290160381499364  0.67875314801392750
  0.68469589049159674  0.69085845389318190  0.69709113989594285  0.70332007496833882
  0.70941290977669047  0.71540906917467062  0.72145356106457126  0.72717993230788902
  0.73351504027634795  0.74004823555993104  0.74692884809594395  0.75464782150809528
  0.76299505350369390  0.77178454736519519  0.78172287730576739  0.79341530238525770
  0.80983031804643313  0.83753433540243793  0.91811400983088121  1.00000000000000000
   6.7739019712584442E-018  -1.0000000000000000     
 T F F F F F F F F F F F F F F F T F T F T F T F F F F F F F F F T F T F T F T F T F T F T F T F T F T F T F T F T F T F T F T F T F F F F F F F F F F F F F F F T F T F T F T F F F F F F F F F T F T F T F T F T F T F T F T F T F T F T F T F T F T F T F T F
  <DiscreteSampler_grid>
  grouped_processes
  1 # 1 for a reference and 2 for a running grid.
  10 # Attribute 'min_bin_probing_points' of the grid.
  1 # Attribute 'grid_mode' of the grid. 1=='default',2=='initialization'
  0.0000000000000000 # Attribute 'small_contrib_threshold' of the grid.
  0.5000000000000000 # Attribute 'damping_power' of the grid.
 # binID   n_entries weight   weight_sqr   abs_weight
    13   10   3.052924372675823E-008   2.703573630052567E-015   3.052924372675823E-008
    14   10   3.052924372675806E-008   2.703573630052533E-015   3.052924372675806E-008
    25   10   3.134354412444036E-008   4.755248970295431E-015   3.134354412444036E-008
    26   10   3.134354412444493E-008   4.755248970297541E-015   3.134354412444493E-008
  </DiscreteSampler_grid>
