  0.00000000005659040  0.00000000012119982  0.00000000016086433  0.00000000020179574
  0.00000000026052827  0.00000000033326541  0.00000000040552590  0.00000000047928783
  0.00000000056480784  0.00000000066451497  0.00000000076619083  0.00000000087447145
  0.00000000099383784  0.00000000111786502  0.00000000123927400  0.00000000137500383
  0.00000000151699581  0.00000000165450463  0.00000000181764690  0.00000000196497462
  0.00000000210285724  0.00000000224403192  0.00000000238495478  0.00000000252722667
  0.00000000267814758  0.00000000283737239  0.00000000299291246  0.00000000315212497
  0.00000000332955858  0.00000000349730773  0.00000000365455203  0.00000000381174640
  0.00000000395462143  0.00000000407480422  0.00000000419092777  0.00000000430384042
  0.00000000441922034  0.00000000453400959  0.00000000464717993  0.00000000476605337
  0.00000000488716242  0.00000000501160468  0.00000000515589476  0.00000000531691608
  0.00000000548863681  0.00000000565776753  0.00000000582454664  0.00000000597619260
  0.00000000613101870  0.00000000628468254  0.00000000641514313  0.00000000655345084
  0.00000000668586567  0.00000000682385129  0.00000000699730814  0.00000000720864239
  0.00000000744648587  0.00000000767586687  0.00000000785612871  0.00000000802432475
  0.00000000820118435  0.00000000837749050  0.00000000855154810  0.00000000873874153
  0.00000000894111810  0.00000000915999098  0.00000000940291913  0.00000000966030179
  0.00000000987965319  0.00000001008724804  0.00000001031486128  0.00000001055017336
  0.00000001079095327  0.00000001110917585  0.00000001141186288  0.00000001161566473
  0.00000001180034881  0.00000001200281124  0.00000001221526641  0.00000001242006906
  0.00000001262041614  0.00000001281671187  0.00000001306310990  0.00000001344963365
  0.00000001389573386  0.00000001435506012  0.00000001481425381  0.00000001526116776
  0.00000001588230783  0.00000001658324713  0.00000001733765441  0.00000001816035289
  0.00000001912205834  0.00000002052163149  0.00000002121499504  1.00000000000000000
  0.00889082186381480  0.01866316983424861  0.02832798381685882  0.03843751473438499
  0.04912290511992731  0.05982924534971634  0.07147060530675048  0.08081873084326571
  0.08882693713356432  0.09660278583451389  0.10297556254377817  0.11053205802099617
  0.12117719166342622  0.13346897330926805  0.14654319153070061  0.16159116862333203
  0.17832205660664974  0.19542406552188885  0.21122555322921682  0.22181300682802607
  0.23457037659624244  0.24596122187918990  0.25592284445393387  0.26517288812509493
  0.27677286281870656  0.28977905763893491  0.30244380409568117  0.31522655677701217
  0.32867798040327939  0.34228403282696662  0.35447475209736173  0.36236934037152235
  0.36943947481505812  0.37713460445874891  0.38273583929219623  0.38879987427545615
  0.39453956645109312  0.39995735742864458  0.40581854914225463  0.41242951799267008
  0.42070402579241367  0.42908446425887603  0.43565197557960800  0.44317174990234154
  0.45580286406217679  0.46749177088189192  0.47721641609256388  0.48947762684720247
  0.50094997727979795  0.51253385311808564  0.52377322658849823  0.53367762591488455
  0.54215677760711967  0.55022709175101103  0.55898226336283097  0.56820591693592204
  0.57721709451246828  0.58681601705145903  0.59706057760498199  0.60693245432690091
  0.61690840941232561  0.62672585599656339  0.63586214426463161  0.64406240049832819
  0.65173392147148757  0.65748780966290032  0.66264207935128594  0.66840727704936242
  0.67435472654209427  0.68121957874180517  0.68858219128437037  0.69800298036607356
  0.70796823606290560  0.71794063515811435  0.72774410961439939  0.73661574157425602
  0.74625883806295690  0.75534016124139491  0.76464969220709011  0.77515559238403697
  0.78700485762637729  0.79895342524873847  0.80991380141527558  0.82071982480586803
  0.83123682703776669  0.84343785667745241  0.85800712289709458  0.87464349604930347
  0.89363983494892951  0.91024304691761093  0.92299766241807080  0.93533495674096789
  0.94875508491549787  0.96356025255215050  0.97969586818205778  1.00000000000000000
 -0.00000020120077662  0.00009168419480847  0.00067988617878743  0.00222276770682315
  0.00393823506459976  0.00660586882499293  0.00948415214780315  0.01243056895014515
  0.01598426359691973  0.02105587714472712  0.02616406559213280  0.03158149583503558
  0.03779579274319985  0.04525771447718713  0.05321962647238569  0.05934925981999698
  0.06365671163655720  0.06730232640498886  0.07052887566877179  0.07564686596830381
  0.08043933661825388  0.08507144398736545  0.08985086840802893  0.09508219426980777
  0.10005837051611821  0.10436875428361157  0.11081816628219708  0.12045287733971269
  0.13142814047683263  0.14329101424918791  0.15537892555496807  0.16739328878094914
  0.17949690338677035  0.19011186615863213  0.20122477871207045  0.21348154772152342
  0.22522221629551845  0.23719376454204399  0.24978667613684619  0.26172750227887664
  0.27179352682532010  0.28205684627123223  0.29229391215021883  0.30213838318028985
  0.31134845209166900  0.32132964891103072  0.33212626846245791  0.34325922434811645
  0.35509703947164983  0.36877623381887492  0.38612077905149261  0.40115332510692076
  0.41473142932039792  0.42752396326589237  0.44083443813517370  0.45635684729439369
  0.47136765503766620  0.48714012377102095  0.50156098959614204  0.51401322247689840
  0.52515560112081017  0.53610941154464098  0.54709616706048192  0.55846358676711216
  0.57021787481937203  0.58110936920529421  0.59149567050930685  0.60128371297290251
  0.61418568562015274  0.62895851180058748  0.64518912907441217  0.66262442174610492
  0.68006642158113551  0.69682817372651995  0.71301615722772749  0.72891807461496672
  0.74431266128572948  0.75849770232696678  0.77245729483552772  0.78720673671172425
  0.80531110199344180  0.82295487873162987  0.84068444990975277  0.85799673255340347
  0.87402776249290270  0.88900870951055355  0.90117649695782753  0.91287108294206198
  0.92458818103280216  0.93641364442316266  0.94795544774019402  0.95887633949646023
  0.96952324652379118  0.97976678721162958  0.98984290744463488  1.00000000000000000
 -0.00378340777080737  0.01232663245074590  0.02691208125437594  0.04135880537885037
  0.05602807399736957  0.07129864675582255  0.08933624403158560  0.10471369784559593
  0.11613447538231085  0.12684178284034903  0.13778603016062646  0.14845630078537189
  0.15886901746618892  0.16927069438521652  0.18020900955001781  0.18964784356842490
  0.19903926819107085  0.20869168780985792  0.21902106751088837  0.22826218797589878
  0.23711537775399116  0.24655228778143923  0.26000061892104581  0.27245456789857725
  0.28417093450072528  0.29496691667753849  0.30449734764200131  0.31537707710574392
  0.32533711849346097  0.33645736020633132  0.34734611369466900  0.35947360471964573
  0.37185532513890646  0.38364609764203239  0.39458400505849467  0.40564312074585696
  0.41286412127547956  0.41990697237413377  0.42700355573854570  0.43413963173834580
  0.44418479265579031  0.45554143488904636  0.46610140975226649  0.47725813894929081
  0.48884839721592022  0.50078342510330243  0.51327775566535228  0.52539022112852962
  0.53513230216606034  0.54613326509482707  0.55774951691898556  0.57058306587541840
  0.58628188224654365  0.60093829449886182  0.60981100105551644  0.61607339459034238
  0.62334616620849648  0.63388739831169794  0.64475796766161564  0.65361736363974754
  0.66246408875090002  0.67487850634603208  0.69304879315377554  0.70975260105919658
  0.72563573373223778  0.73629287461992399  0.74477416719281464  0.75160742933738811
  0.75785317055940715  0.76342752107327094  0.76953519113814650  0.77569238986792977
  0.78207867361486705  0.78971300116383514  0.80073865454757254  0.81300455289241436
  0.82269326714665003  0.83114544981439120  0.83989555566032426  0.84875045997195375
  0.85795715881743129  0.86488451543729816  0.86860793996404317  0.87226341656971451
  0.87674497512103822  0.88144576699278332  0.88695547010372444  0.89225686656539771
  0.89964145252443728  0.91139939217767474  0.92274939361888508  0.93451424390604210
  0.94653523983760091  0.96149049912589157  0.97930598499050947  1.00000000000000000
 -0.00286907453431475  0.01375310837941414  0.02696926328233186  0.03963850617945153
  0.05261570402002762  0.06659200648672661  0.07915009310584481  0.09203420971891857
  0.10387969704863793  0.11578974337021607  0.12917200264113241  0.14265576843274075
  0.15252319959088206  0.15892484675022389  0.16534285317387973  0.17195203894759653
  0.17947477476956997  0.18853065885912421  0.19829318040393837  0.20470420997955477
  0.21249569495059834  0.22157685329134313  0.22981275216578545  0.23934290776421760
  0.24929465151784844  0.26056135656292201  0.27221032628707165  0.28396155044838522
  0.29727751456079032  0.31175612478081444  0.32563132538923756  0.33785353840597565
  0.34841071153144737  0.35961117109420937  0.37254770335897158  0.38476571609829174
  0.39586458973035588  0.40320758036364035  0.41085403694225509  0.41826897476796443
  0.42616488037249983  0.43473016114657431  0.44286671702568092  0.45001144218117800
  0.45853681369192123  0.47152219065098694  0.48623724025731219  0.49894484343708950
  0.50739864112031963  0.51276622556432550  0.51840971553315196  0.52379572145968434
  0.52884108866978485  0.53413079652480866  0.54075067945756194  0.54773395778594169
  0.55503827711987652  0.56395214180041320  0.57609786447303390  0.59231526818167290
  0.60871585657157878  0.62305861447525090  0.63630510867569023  0.64865567898869081
  0.65901299290909165  0.66864067462816767  0.67766558299171664  0.68710221679963190
  0.69428316708579951  0.70075885890121659  0.70717570361337623  0.71432829515995522
  0.72304291781763486  0.73410286652804113  0.74704020863658127  0.76185217612912848
  0.77650559392971819  0.79221433818411180  0.80907086746960633  0.82244057588392327
  0.83015631869744499  0.83657353458712969  0.84360421733081659  0.85281504856211476
  0.86167274468331256  0.87026160956012999  0.87958679937554340  0.89002976538922940
  0.90176655780776560  0.91461398406062699  0.92546423011067691  0.93759360028296257
  0.95173708468446583  0.96774236415644410  0.98469466764186864  1.00000000000000000
 -0.00278502375048933  0.01163381466241367  0.02397134167471359  0.03554720705645994
  0.04610010745817179  0.05555510470216057  0.06570182067331251  0.07746536439331408
  0.08981733475814455  0.10158149381536295  0.11398368760694344  0.12675193970784013
  0.14247781359423320  0.15876721411809525  0.17477012104583975  0.18803795303869830
  0.19881302702760845  0.20864337598549340  0.21814257028266754  0.22958362617623834
  0.24262532188417146  0.25376940296771300  0.26359570581194597  0.27233488763337493
  0.28156127474968229  0.29068280336826136  0.30140971187354076  0.31213413383410832
  0.32098615249108980  0.32881614803895948  0.33727025842745817  0.34674084927779475
  0.35620698608036439  0.36418374804751952  0.36999620634633418  0.37619276537780266
  0.38345097956782287  0.39146337560824696  0.40055349995669237  0.41257542170030437
  0.42459299500292069  0.43340141286632855  0.44179591561255122  0.44919392881139136
  0.45649672803202035  0.46396942865930169  0.47333653886220395  0.48587334025756140
  0.50079647206377687  0.51710343184454088  0.53197724777847544  0.54648061610231380
  0.55961337697265123  0.57279459732261073  0.58791040251620419  0.60379471549579333
  0.61521359731260228  0.62610130954999255  0.63651751049096961  0.64633243378300842
  0.65798095223320840  0.67006824072235438  0.68234400478485002  0.69522170050346765
  0.70830235034885658  0.71980974690932642  0.72868682293778231  0.73616702157741942
  0.74401883489290233  0.75143641442807951  0.75916090512346301  0.76740323258314558
  0.77527764373107955  0.78251094562216206  0.78922693717047487  0.79619110571780216
  0.80353671709215591  0.80956501510979650  0.81623528735778539  0.82352110871158846
  0.83033103124343932  0.83920911448705737  0.84880528604554839  0.85731390313477940
  0.86718087809985078  0.88096927160628613  0.89308373501874871  0.90528233353872589
  0.91735811485228735  0.92933495968198998  0.94223411991634765  0.95674589383865583
  0.96802568290359881  0.97890555433371307  0.98939330789411384  1.00000000000000000
 -0.00804926720719745  0.12359572840196222  0.19385611407984341  0.23822329934629979
  0.27458960487429440  0.30709611065095027  0.33850078265431738  0.36268272513419514
  0.38113969542980758  0.39379128155346493  0.40277537786139900  0.41502296303440211
  0.43512909502321057  0.45431523723184875  0.47183979254660724  0.48821584653348493
  0.50333742172137652  0.51799547810391722  0.53570247526488979  0.55552903742897963
  0.57321796786604307  0.58544670646687369  0.59518600163553770  0.60473273502364844
  0.61425028247997659  0.62472787052756973  0.63619530525013335  0.64817691612055672
  0.65979399523254079  0.66859492559933709  0.67700732696662291  0.68515531095603355
  0.69424872785006120  0.70351645090173809  0.71005744476001786  0.71514664523043125
  0.71990824663284769  0.72559064732198342  0.73213104224204972  0.73936801350491066
  0.74618975880747707  0.75203053721003466  0.75725417489449065  0.76265259883134262
  0.76722880737089316  0.77272564886398487  0.77877893798214570  0.78473827966642373
  0.79166161757628206  0.79852315703729615  0.80464216732333627  0.81016782453060510
  0.81601528879237195  0.82185848071263623  0.82789884417522963  0.83401964219682712
  0.84100921540750484  0.84866003283210778  0.85675120044352626  0.86227482511759845
  0.86776337929165437  0.87393659604879292  0.87960460199475221  0.88466785908743839
  0.88935460293024893  0.89380211086066197  0.89803790572287590  0.90160878653283094
  0.90503226297595007  0.90844823811272646  0.91128278084367864  0.91404951213038554
  0.91690419879459828  0.92042399995391389  0.92427357812676514  0.92889530378556762
  0.93388970269531202  0.93873695507797195  0.94261801490105868  0.94532981960552864
  0.94762399707823641  0.94993593471970672  0.95228314474442322  0.95477151033441565
  0.95724022543253495  0.95991219047608511  0.96437992093651603  0.96875304522079342
  0.97269554883592557  0.97634921602248992  0.98002990535758916  0.98372842751149003
  0.98733036682510644  0.99133316815279993  0.99561813651011155  1.00000000000000000
 -0.00239089081269086  0.00796170621122861  0.01823815762388928  0.02551009448947003
  0.03439043649513104  0.04337538886564640  0.05213158880648606  0.05977069721329931
  0.06669254168662470  0.07373428189618869  0.08169961956888694  0.09410713221721650
  0.11024682314422826  0.12708911983335186  0.14207829073922476  0.15297263970441521
  0.16343843953112630  0.17353500431075616  0.18367031934333664  0.19459845414389390
  0.20713353618111341  0.21876362887452205  0.23144838930189535  0.24571055351554344
  0.25863909411941710  0.27147940871601256  0.28374084742348665  0.29490828838041194
  0.30503015822301371  0.31645766951251308  0.33037505950672336  0.34646122970637555
  0.35356431772629338  0.36001644939297345  0.36599456757354665  0.37169548942447184
  0.37734101706248735  0.38296331557139446  0.38963839159080194  0.39993144584473278
  0.40960533672186111  0.41876456798238887  0.42915573706044935  0.44068043047679128
  0.45418525869001142  0.46773980915128810  0.48049320658086442  0.49368459467395553
  0.50772556440701322  0.52106252886330129  0.53294016847788006  0.54490330297611889
  0.55724155003342180  0.56743155757113761  0.57612508144734320  0.58429076453921780
  0.59241613152224293  0.60207588968574799  0.61188316330024817  0.62037210252263064
  0.63036164936258476  0.64521039738269426  0.65959268324342746  0.66988552063681406
  0.67731957437016022  0.68489152323367575  0.69198854489157324  0.69722823633953745
  0.70317166879429749  0.71033442722475837  0.71770350780319192  0.72430143154773985
  0.73464887243369936  0.74888421155702534  0.76199635624174966  0.77387555723264578
  0.78655986120538979  0.79837136890900540  0.81104917375577268  0.82314430666759908
  0.83481079417567561  0.84526082248459511  0.85514366748562576  0.86534730152366413
  0.87510124202041362  0.88476667679444021  0.89457393852800116  0.90652315882459500
  0.91911811525533127  0.93093053814786864  0.94226056336004449  0.95450190700767823
  0.96623076393073615  0.97788600359080802  0.98893919056761292  1.00000000000000000
  0.64270808557233106  0.68906774360304812  0.71739410707107321  0.74180539843710191
  0.76320789734306227  0.78220616054046144  0.79905072740523941  0.81285046946229389
  0.82564370076383864  0.83643108051803960  0.84679565548794000  0.85635731666679671
  0.86531713286049039  0.87418697457923744  0.88305969750469016  0.89155515113175909
  0.90004320512585212  0.90753924089502025  0.91426957883476268  0.91891634985206816
  0.92249120058250067  0.92615978515888442  0.92975329832595865  0.93335079207514249
  0.93721512689351993  0.93939384483676525  0.94122347105266979  0.94288450608426799
  0.94458543032287212  0.94639744359829403  0.94812180489643316  0.94963321565604542
  0.95094378731393570  0.95219790104751389  0.95340820380420832  0.95462234210120478
  0.95579039604360749  0.95697426574698119  0.95816629694035027  0.95930400707416863
  0.96032999692725274  0.96124015299209409  0.96206412708564004  0.96279202714998513
  0.96347251362885156  0.96413551972308675  0.96476105157575298  0.96534685198663139
  0.96592823038760656  0.96651391699727562  0.96706554159876545  0.96761160090927079
  0.96808472174605720  0.96855225908876041  0.96902827923723167  0.96947219958214337
  0.96990725926428256  0.97044929524324797  0.97118233543520927  0.98156619709581461
  0.98187122438087426  0.98213138380908038  0.98236387241952483  0.98255862345435152
  0.98276534202515131  0.98299114753506101  0.98321682862958648  0.98344154389402216
  0.98366472232492885  0.98388643057026204  0.98411235018372589  0.98434461181865718
  0.98460719086567006  0.98486791792120087  0.98513151430929957  0.98540206968246624
  0.98568109057332065  0.98598044920835781  0.98628164462444468  0.98658695066339974
  0.98690395820321442  0.98723585349716725  0.98758638412857258  0.98800144097603171
  0.98848403096158599  0.98904474250844032  0.98967091573079746  0.99035228917191898
  0.99107910016652290  0.99185397267805364  0.99270466443810779  0.99372057187069085
  0.99500397234901461  0.99637735888122669  0.99804164074720692  1.00000000000000000
  0.04793872520551833  0.22324555706283183  0.26685711552093522  0.29496393187073600
  0.31865178944651668  0.33812336414087202  0.35482260251150083  0.37221866473983389
  0.38621890733362535  0.40214836364992762  0.41736616048209801  0.42999659304102728
  0.44078276786599974  0.45195768514723383  0.46358884005628903  0.47487363646730979
  0.48569935329047004  0.49722124788738470  0.50791787157357116  0.51930310180929695
  0.53005345305575979  0.54196507296362995  0.55364875072677544  0.56425892594107951
  0.57403074228897077  0.58289265178462368  0.58931059296781385  0.59557427090309534
  0.60234690625501563  0.60836628173948992  0.61419638258318832  0.61976221829172196
  0.62600654861185279  0.63653421797571574  0.64678014501134373  0.65533712583705650
  0.66427785761640534  0.67252047472728038  0.68009561025914100  0.68739965661879021
  0.69485318071307867  0.70279914172694058  0.71041332499681487  0.71781445346977668
  0.72426356996923913  0.72935566178194222  0.73233214098489308  0.73583240331906707
  0.73967310119419361  0.74332105342298371  0.74543969799685328  0.74753310802097184
  0.74941152658349619  0.75171546323835192  0.75419951374168459  0.75658151448786504
  0.75892491871648937  0.76127889953986094  0.76377973015924816  0.76676870082071469
  0.76993846183015591  0.77230438183653860  0.77458339773244922  0.77689870016805784
  0.77999253492825305  0.78343825545840229  0.78696864713205550  0.78936158425821923
  0.79331048508936874  0.79862999495385067  0.80574374265902926  0.81112913163047762
  0.81589129599963872  0.82005906969032882  0.82367609716680046  0.82699283694091041
  0.83087239777120581  0.83540615694499443  0.84037492327724739  0.84530314694595465
  0.84914047740589060  0.85298627909431024  0.85735902587928403  0.86425375442623520
  0.86693231516205449  0.86927854605897148  0.87153002552814907  0.87564797318987830
  0.87961013970338875  0.88348976563407000  0.88765332380871220  0.89479113535641241
  0.90480081913809574  0.91634470331898055  0.93533445636029333  1.00000000000000000
   7.5437982070927113E-019  -1.0000000000000000     
 F F F F F F F F F F F F F F F F T F T F T F T F F F F F F F F F T F T F T F T F T F T F T F T F T F T F T F T F T F T F T F T F F F F F F F F F F F F F F F F F T F T F T F T F F F F F F F F F T F T F T F T F T F T F T F T F T F T F T F T F T F T F T F T F
  <DiscreteSampler_grid>
  grouped_processes
  1 # 1 for a reference and 2 for a running grid.
  10 # Attribute 'min_bin_probing_points' of the grid.
  1 # Attribute 'grid_mode' of the grid. 1=='default',2=='initialization'
  0.0000000000000000 # Attribute 'small_contrib_threshold' of the grid.
  0.5000000000000000 # Attribute 'damping_power' of the grid.
 # binID   n_entries weight   weight_sqr   abs_weight
    13   10   1.093570724942635E-011   1.095073071724042E-021   1.093570724942635E-011
    14   10   1.093570724942623E-011   1.095073071724018E-021   1.093570724942623E-011
    25   10   5.100178064012820E-012   1.972182124541703E-022   5.100178064012820E-012
    26   10   5.100178064012852E-012   1.972182124541732E-022   5.100178064012852E-012
  </DiscreteSampler_grid>
