  0.00000000005651555  0.00000000013212448  0.00000000019145661  0.00000000025872954
  0.00000000033847926  0.00000000038719664  0.00000000042945674  0.00000000047402055
  0.00000000052769492  0.00000000058402825  0.00000000063198606  0.00000000067819256
  0.00000000071740131  0.00000000075096935  0.00000000079381921  0.00000000086426934
  0.00000000092714725  0.00000000101444496  0.00000000112293389  0.00000000123955539
  0.00000000135681930  0.00000000147295976  0.00000000158920306  0.00000000170557166
  0.00000000181632198  0.00000000192353793  0.00000000202803927  0.00000000212744695
  0.00000000222287596  0.00000000232536865  0.00000000244090148  0.00000000256555875
  0.00000000269310262  0.00000000282045479  0.00000000293192294  0.00000000305935062
  0.00000000319573967  0.00000000334267086  0.00000000348978306  0.00000000363792794
  0.00000000378062607  0.00000000392260512  0.00000000406906779  0.00000000422441351
  0.00000000438745984  0.00000000455053479  0.00000000471753140  0.00000000488852235
  0.00000000506050419  0.00000000521834793  0.00000000538579065  0.00000000556146970
  0.00000000573861526  0.00000000591857475  0.00000000611437546  0.00000000631102369
  0.00000000648564160  0.00000000662725380  0.00000000676037247  0.00000000689452955
  0.00000000703351359  0.00000000718237595  0.00000000733848028  0.00000000750121375
  0.00000000768085628  0.00000000789371280  0.00000000811539902  0.00000000833495273
  0.00000000856326228  0.00000000880906650  0.00000000909093066  0.00000000940322642
  0.00000000972664447  0.00000001000492864  0.00000001024589319  0.00000001048833120
  0.00000001073322648  0.00000001098038828  0.00000001123385233  0.00000001153499808
  0.00000001192548828  0.00000001235464175  0.00000001281827398  0.00000001329005965
  0.00000001369981412  0.00000001406871483  0.00000001444663205  0.00000001484911253
  0.00000001534920799  0.00000001627347981  0.00000001722064271  0.00000001815708474
  0.00000001914936379  0.00000002056318656  0.00000002103327658  1.00000000000000000
  0.01019355948493500  0.01363868837652589  0.01843159259593417  0.02574477738959447
  0.03491668843963668  0.04322471131302137  0.05238759351445672  0.06224794431024003
  0.07524360780481935  0.08807037411336649  0.09995437645575235  0.11117383297491833
  0.12263995489772825  0.13471360528930193  0.14648747046759195  0.15761774309731511
  0.16943270458775817  0.18297527637077532  0.19241131491046623  0.20169537006964647
  0.21102836268013653  0.22224306203900251  0.23378920501074640  0.24385961854436192
  0.25294833051889187  0.26141054918144668  0.27092160696956041  0.28266502822436468
  0.29449502192386345  0.30707956354460775  0.32253116539465226  0.34158702323216145
  0.35693348896488841  0.37047461896852163  0.38338765014202131  0.39590192414624459
  0.40742419959188519  0.41803041730417323  0.42833199859217425  0.43742920188420026
  0.44688167044355687  0.45709250767768889  0.46762989498596458  0.47876633262491447
  0.49250472100323683  0.50396818567980861  0.51256917948752534  0.52153976376729372
  0.52956628834664554  0.53677464391361174  0.54327286771037520  0.55057576025990485
  0.55859260136828148  0.56499370887757439  0.57049444475878242  0.57656657042174286
  0.58317348386736179  0.59202310709438821  0.60188525065799137  0.61092007614008803
  0.61836602662399953  0.62478240035484922  0.63295702136022325  0.64184019880587173
  0.65106367904992390  0.66075591585390359  0.67269641744820241  0.68535290438937879
  0.69705902421502397  0.70885549445806562  0.72309990844225824  0.73738830401573441
  0.75374951909615195  0.76879775853155186  0.77980184517813544  0.78961402325861529
  0.79881713461894810  0.80975345699358581  0.82106733966703394  0.83232532283899341
  0.84020200151186608  0.84798686903772158  0.85585002709261493  0.86431665787573375
  0.87242767895354978  0.88080250713988462  0.88945150000552631  0.90029700327083084
  0.91390600351709250  0.92783638490640263  0.94058019730878684  0.95285251188930564
  0.96488577997201042  0.97647138000208134  0.98813145902106569  1.00000000000000000
 -0.00000013433604446  0.00006395829309109  0.00041849320444968  0.00122643593981016
  0.00292235098297058  0.00488215199128972  0.00760031292949377  0.00967474437921275
  0.01181810352175412  0.01513964370267548  0.01964059823503752  0.02488138932550815
  0.03008299205659992  0.03644058015486543  0.04357429201879867  0.05079004987214274
  0.05691707784342483  0.06233134220806541  0.06763327707331646  0.07369499736265080
  0.08070623402664585  0.08829349936109178  0.09657195557036533  0.10529150670493383
  0.11470910989585924  0.12477652820051995  0.13442317788120381  0.14455093961310725
  0.15550600637190623  0.16757119326292835  0.17964751485001174  0.19048970353265671
  0.20097637023101284  0.21107315933019163  0.22071222961420220  0.23153886273379420
  0.24223685789154054  0.25210585918612316  0.26132080704330585  0.27077886499279802
  0.27986122532533020  0.28927690039473564  0.29829684015319669  0.30843487620083943
  0.32096071944010252  0.33338993668759836  0.34569465060332205  0.35828486609782989
  0.37109884430514051  0.38355994498670332  0.39688129885703666  0.40871344972446344
  0.41879218246040573  0.42815770156195243  0.43776496210937893  0.44697741227987048
  0.45509776834146037  0.46412577533047789  0.47500301894046271  0.48512136807986106
  0.49454066800308716  0.50361848996828540  0.51238749628139624  0.52078561296268677
  0.53020977626757226  0.54057286293574724  0.55241304228653454  0.56515570344879262
  0.57847187997994720  0.59277024620991825  0.60822135899087137  0.62355078835610933
  0.63572682474418041  0.64651279293075004  0.65631755411904802  0.66703679981375208
  0.67828085891485590  0.69165255713492513  0.70668162196188200  0.72299363963665486
  0.74055052588172843  0.75828449498256290  0.77485817269591517  0.78955742010159280
  0.80407971999100458  0.82086803991272095  0.83924013779074291  0.85820040011951182
  0.87685375127540488  0.89474399324839515  0.91173065866928160  0.92744155109024973
  0.94297296369344030  0.96028164050356235  0.97950944590437161  1.00000000000000000
 -0.00290469317651898  0.01186980472787241  0.02453524590522712  0.03614254385287444
  0.04662906098415894  0.05479013349619820  0.06309064864805472  0.07159796255505739
  0.08093638912980562  0.09096685854389135  0.09993903134565664  0.10922379592545020
  0.11867275358523939  0.12877273583638141  0.13961067090699492  0.15117205019405064
  0.16456529391991831  0.17773628134686076  0.18880496693322904  0.19862487103998036
  0.20896868066868265  0.21737805762107981  0.22516649971548777  0.23267340755044294
  0.24101222036120659  0.25289459801441422  0.26654475652326315  0.28136258148748283
  0.29674231058757161  0.30866068822316134  0.31918629581541930  0.32925819187907185
  0.33938055815672730  0.35115572347817692  0.36675275690722070  0.38274476474861158
  0.40241437184938855  0.41928911236781674  0.42772516025823165  0.43416212420659955
  0.44039927749873398  0.44750920616351431  0.45596438110658705  0.46463552698539129
  0.47254162820514167  0.48303030187563090  0.49808407259347004  0.51429424056664430
  0.53023625120928874  0.54438671621882007  0.55618473374889976  0.56675233427650240
  0.57722123249277124  0.58768670224929798  0.59739895119236841  0.60637505553812476
  0.61507604578284758  0.62384790417089075  0.63109885220066453  0.63869554716275967
  0.64734548399251224  0.65666794883101476  0.66439990479511879  0.67203634885531216
  0.67976668911576865  0.68781993147237230  0.69625181138276260  0.70558461447933840
  0.71587624401839067  0.72707923234773397  0.73846981500112951  0.74723999711975830
  0.75592567317740911  0.76566818053832530  0.77513253661903103  0.78309678028531804
  0.79390159660354043  0.80939007185419620  0.82311255521645588  0.83244895060176016
  0.84227707912101002  0.85307814449646446  0.86426141772177290  0.87643985868658547
  0.89050098376105891  0.90424074734315552  0.91733917991144220  0.93048984621221564
  0.94540542717196352  0.95874930279645387  0.96811280305049829  0.97549768685290161
  0.98214046636428898  0.98801241236237092  0.99409691733607541  1.00000000000000000
 -0.00140263798862123  0.00604410108694761  0.01369111360833620  0.02064574040751611
  0.02735862658338662  0.03510030226250491  0.04428737713754396  0.05517481576272323
  0.06448315110522160  0.07104929267120791  0.07679427309034462  0.08265425531423159
  0.08875432766463419  0.09522883191306714  0.10349387251389747  0.11182586509604400
  0.11852726464702362  0.12552211087506757  0.13471023314263461  0.14418368303606663
  0.15297842067276884  0.16240085623560907  0.17278967484276245  0.18381755950948789
  0.19543486949878705  0.20790227310218079  0.22193142184205170  0.23526115781977047
  0.24780315274781842  0.25920875896991169  0.27084701036875108  0.28275409804089369
  0.29504153655420889  0.30763107590559013  0.31935831187600644  0.32961150734961958
  0.34066265067491547  0.35220108151470914  0.36583439707502247  0.38049679222569172
  0.39477500132760324  0.40773956125553645  0.42368260208256553  0.44090464949882135
  0.45594736893363030  0.46788360115456989  0.47896114952418400  0.48958884524642615
  0.50000570990334892  0.51088183015013011  0.52329503974170799  0.53720068840916657
  0.55044880036266619  0.56286817390689858  0.57850432620010994  0.59650791524680191
  0.61134805242534174  0.62310096052995134  0.63194082453282030  0.64010349346501194
  0.64798179989804128  0.65730026504678341  0.66833466847376799  0.67899653010006811
  0.68910173993186852  0.69996602409449005  0.71352120451162748  0.72298345924228080
  0.73373318530398290  0.74573797319427848  0.75806047585811109  0.76805011360925979
  0.77638001224431274  0.78476246649810533  0.79417133391551420  0.80266990168932850
  0.81003650536494443  0.81690248798932430  0.82436632172417867  0.83210345320830137
  0.84150642190338820  0.85081670384535757  0.85932687845172717  0.86872877736978871
  0.87917898012121709  0.88742512487424152  0.89442657143044690  0.90298059650363305
  0.91226597450065938  0.92344611942295252  0.93569013261840006  0.94868692041910763
  0.96207623715056878  0.97482578746456094  0.98758919694581848  1.00000000000000000
 -0.00233662332641064  0.00743187307331913  0.01691965780536262  0.02853798422074516
  0.03938354191879645  0.04760132535812307  0.05516289755250973  0.06317728078506743
  0.07543867050742169  0.09005355719335090  0.10274725534930101  0.11402976897283654
  0.12509039686927712  0.13561108179659359  0.14716292407658171  0.15988913881006908
  0.17046287815036773  0.17988601483988279  0.18879763725829812  0.19733314908412125
  0.20588647703175589  0.21498838460245887  0.22285672309956731  0.23206007446598140
  0.24490015881635213  0.25670851286342777  0.26607144263424837  0.27362093234573420
  0.28058984093198469  0.28736086391221310  0.29925204123528404  0.31014876303563943
  0.31994604629457546  0.32975344392849804  0.34063417727030415  0.35209584379344272
  0.36275700762375884  0.37353734990391768  0.38513430210708077  0.39715345205996050
  0.40900977548485973  0.41904387648357838  0.42804810667940135  0.43861523024546706
  0.45009708745675486  0.46310076434258118  0.47463140753780309  0.48863822602457868
  0.50306160834914349  0.51744083205652891  0.53092088046861308  0.54324327773521330
  0.55167393269435772  0.56080070248843117  0.56912419188576946  0.57818847653750571
  0.58822241137222187  0.59785790226646163  0.60826468882144924  0.62152002101024140
  0.63816889602572258  0.65234013003559888  0.66488640635429075  0.67382732007605550
  0.68449026100754073  0.69339762542848071  0.70151493090299055  0.71043618752997106
  0.72043429683112359  0.73031770473022084  0.73922511159328708  0.74715698670190545
  0.75204242700739354  0.75740351230800540  0.76258087352625381  0.76968723917606963
  0.77887021308007642  0.78682109888250251  0.79606894857209642  0.80960116710566354
  0.82462934411937205  0.83734179823133026  0.84807715300566189  0.85826038316910136
  0.86838359777107932  0.87829979065656461  0.88900109756225176  0.89939816507168424
  0.90873330439868061  0.91743101952538231  0.92604638634029912  0.93716866799952481
  0.95173034297965875  0.96618433697805739  0.98042786737422838  1.00000000000000000
 -0.00022840834480624  0.00947108072666172  0.01428254656024263  0.01685988899658054
  0.02009874644575710  0.02312956841846159  0.02641533071956467  0.03032554653611680
  0.03515385551088613  0.04048979114489923  0.04675989404063101  0.05113026547585802
  0.05417602214987936  0.05679795727197087  0.05933503123384568  0.06201721618735016
  0.06512181646281391  0.06879025294508109  0.07320612716670338  0.07835182699613422
  0.08400242731064891  0.09027375969199868  0.09523938814882224  0.09943372751041357
  0.10287405184551339  0.10721915684422947  0.11241437409532312  0.11715770146123931
  0.12164024394945293  0.12592745442433198  0.13033669316716959  0.13503029923601456
  0.13995988219923861  0.14551415105683430  0.15108595420211521  0.15606883025762117
  0.16060072915885684  0.16480267024110826  0.16926168051425275  0.17366204652279790
  0.17815580335703932  0.18248284628011133  0.18638143346823363  0.19105443873039671
  0.19635822351469637  0.20303829896657374  0.20922726944554396  0.21626381304032286
  0.22339625491232368  0.23118896690452120  0.24003201899110319  0.24809685381514623
  0.25470246587302398  0.26186484398233234  0.26989029978381868  0.27859281423123472
  0.28804779214753912  0.29631831558288863  0.30443921602767965  0.31277741713463986
  0.32211293218288317  0.33254705279848823  0.34306539592828011  0.35326108630157271
  0.36324930069538819  0.37405107452284525  0.38421848995821112  0.39372002426486369
  0.40318240418691159  0.41246297567747647  0.42278068214626324  0.43140646662187032
  0.43794488208843485  0.44538968343100654  0.45250433457260408  0.46019939392229942
  0.46861991921188911  0.47765738578591710  0.48753663322593166  0.49757429218957572
  0.50740624131736445  0.51791317697926920  0.52866896072907898  0.54278404417151827
  0.56452432795380114  0.58999579397475299  0.61216395859275974  0.63392450728410632
  0.65504661392609465  0.67847356328468689  0.70426871125982016  0.73846828125072339
  0.77806180475591502  0.82247035102034138  0.88323877629472636  1.00000000000000000
 -0.00451745932120495  0.01446915933754905  0.02779345869065550  0.04005712898159600
  0.05130510946389850  0.06073826094900227  0.07005924743379773  0.07901845814413498
  0.08958625059561016  0.10202202123098744  0.11415471427807418  0.12624754512341327
  0.13703905673903974  0.14708656399835845  0.15666987181722630  0.16807316802001626
  0.18155645566328668  0.19625885701526510  0.21077053945852725  0.22420604622576171
  0.23748028165135343  0.24910347440190306  0.25666186611289504  0.26381048456175188
  0.27357938934960074  0.28334326018809097  0.29336875262462903  0.30304717901059092
  0.31038731791539181  0.31825618286418339  0.32790291554682938  0.33749191217155189
  0.34696231244020997  0.35635760882481221  0.36777081323219329  0.37881194865808498
  0.38626290487639703  0.39293659572306372  0.39915262191668849  0.40572211182710299
  0.41253459941343329  0.41988134483467493  0.42779020582266081  0.43641931280557272
  0.44530980223016986  0.45379406395533201  0.46491367136956974  0.47608780693474823
  0.48633335640797132  0.49517921177783658  0.50549002641406859  0.51758416973999122
  0.53058284551011281  0.54322877616745469  0.55498545609149208  0.56673390076660635
  0.57792967492039604  0.58758614350903526  0.59598789797573171  0.60538477008799541
  0.61588679910427313  0.62681309952122821  0.63729737891589833  0.64718834794199487
  0.65680984073974158  0.66763274367894521  0.67822508568930950  0.68823754049003205
  0.69743442600831895  0.70658114966412611  0.71835522723167977  0.73213138295579094
  0.74429310240792301  0.75640955625727735  0.76878713586259484  0.78009710802837517
  0.79148638003271243  0.80313760252131061  0.81545648203407339  0.82745256788892196
  0.83888216276642880  0.84907745001621027  0.86049245666338925  0.87156698799946919
  0.88044856949440975  0.88929202210335423  0.89905346756157800  0.90958509455737835
  0.92002043861016569  0.92881523807026278  0.93697454772871569  0.94618994016732239
  0.95664430251226051  0.96696292196540212  0.97905320234392834  1.00000000000000000
  0.64439436437090447  0.68187297525233570  0.70546412904619482  0.72528409281847506
  0.74200074183303366  0.75511499289423389  0.77042188232804698  0.78516217068464900
  0.79960770304642514  0.81163476031863335  0.82119400552522515  0.83131562321746932
  0.84237272237641980  0.85205857805011231  0.86013487959778523  0.86805686991738629
  0.87588578395817485  0.88279284850839534  0.88903753705634103  0.89448341782168594
  0.89872851884981919  0.90240629390158622  0.90611694921021413  0.90962953271105706
  0.91305251832285383  0.91676773527946365  0.91974188108709276  0.92239201114618485
  0.92478937489519919  0.92722274358969370  0.92976999081840850  0.93229973946528499
  0.93454931669058927  0.93668239319329727  0.93855606075230880  0.94030646905349080
  0.94212383288785007  0.94396948288448168  0.94562397701193446  0.94715942820329613
  0.94873361431172765  0.95032705997624023  0.95173977687050015  0.95289073249631384
  0.95389392898777214  0.95492936757007385  0.95597932234559424  0.95699750816580231
  0.95793100189264058  0.95877423869739975  0.95952387832301822  0.96022385052252612
  0.96090533829560576  0.96159850024610327  0.96231951238857993  0.96306130684679259
  0.96372870038929614  0.96437373266019855  0.96501268645725369  0.96561270493017093
  0.96619823085298084  0.96677082354733568  0.96723384161034975  0.96769292109138283
  0.96814968435738868  0.96857401749129712  0.96898680973298679  0.96938578345234283
  0.96983965767376679  0.97037843327047257  0.98107548037487291  0.98175894144196552
  0.98207956541577857  0.98237643231679628  0.98265624205184066  0.98292451912637779
  0.98322168305294544  0.98353304171644051  0.98384587798543555  0.98416379352605388
  0.98448646041289012  0.98493863723278519  0.98542333201903132  0.98592451584923257
  0.98652867260301602  0.98719672196470365  0.98790245990461567  0.98866758300955015
  0.98952926814311404  0.99047133579306079  0.99142067696042424  0.99252765523544118
  0.99381343495830865  0.99524574886071493  0.99716900119784213  1.00000000000000000
  0.09443553566076623  0.14891449829202480  0.18007097153575530  0.19934904082489238
  0.21408243265263427  0.22754231092613178  0.23702066551727186  0.24601358216083782
  0.25444908196076815  0.26244696494018199  0.26932656329068960  0.27553805404772547
  0.28079817546967401  0.28528820289466283  0.28990707947639410  0.29468903805656954
  0.29924072546523389  0.30424028505188472  0.30974127354138059  0.31574135377343671
  0.32229608343606497  0.32905444121645544  0.33745116585170387  0.34662710441774830
  0.35472875714479557  0.36158698898872099  0.36816729332211862  0.37472291427941862
  0.37997252908900037  0.38570554203561824  0.39267407008760985  0.39974744623290259
  0.40665869554792689  0.41411281431431196  0.42250124549531481  0.43087439485840873
  0.43767142807147469  0.44311783267000970  0.44794385038338830  0.45252853614232452
  0.45704241905778387  0.46156943469886136  0.46597076415654753  0.47022759760378929
  0.47454196661033055  0.47910421737545084  0.48372851277610773  0.48844364008931807
  0.49329108964366569  0.49756550320979881  0.50325666047363260  0.50914943235150512
  0.51482697174603964  0.52147198597952094  0.52847108018824973  0.53535765144770231
  0.54194010316683738  0.54821892812085204  0.55423576755890691  0.56021819423533381
  0.56651091790999786  0.57299093181954186  0.57912141233680747  0.58472281173834595
  0.58946896878465238  0.59418233553724298  0.59924706637094216  0.60454310677813250
  0.61049633174620266  0.61714075854229200  0.62409130460977003  0.63121867519245467
  0.63868272547373972  0.64520109337041454  0.65189391423468124  0.65879000828729939
  0.66612805513787388  0.67459666983457078  0.68327532185779782  0.69359760551579464
  0.70548004967631217  0.71671833482926117  0.72603411192374967  0.73149153880500961
  0.73520866369534899  0.73984215451482338  0.74453016964443219  0.74944092927776407
  0.75575391592718077  0.76377176673686875  0.77300985082955287  0.78091001506303104
  0.78704430594153185  0.79485052496538600  0.81509093392699861  1.00000000000000000
   5.6370968548582222E-029  -1.0000000000000000     
 T F T F T F T F F F F F F F F F T F T F T F T F T F F F F F F F T F T F T F T F T F T F T F T F T F T F T F T F T F T F T F T F T F T F T F T F F F F F F F F F T F T F T F T F T F F F F F F F T F T F T F T F T F T F T F T F T F T F T F T F T F T F T F T F
  <DiscreteSampler_grid>
  grouped_processes
  1 # 1 for a reference and 2 for a running grid.
  10 # Attribute 'min_bin_probing_points' of the grid.
  1 # Attribute 'grid_mode' of the grid. 1=='default',2=='initialization'
  0.0000000000000000 # Attribute 'small_contrib_threshold' of the grid.
  0.5000000000000000 # Attribute 'damping_power' of the grid.
 # binID   n_entries weight   weight_sqr   abs_weight
    13   10   4.123535537690019E-020   1.659886516498744E-038   4.123535537690019E-020
    14   10   4.123535537689975E-020   1.659886516498709E-038   4.123535537689975E-020
    25   10   5.662184233007457E-020   3.154539043362291E-038   5.662184233007457E-020
    26   10   5.662184233003808E-020   3.154539043358192E-038   5.662184233003808E-020
  </DiscreteSampler_grid>
