  0.00000000024994563  0.00000000033517527  0.00000000040396593  0.00000000045961004
  0.00000000052110646  0.00000000060135806  0.00000000069702220  0.00000000078802268
  0.00000000088155932  0.00000000097110134  0.00000000106530045  0.00000000116261647
  0.00000000125542220  0.00000000133560062  0.00000000141002116  0.00000000148261052
  0.00000000156560272  0.00000000166859819  0.00000000177333618  0.00000000186480405
  0.00000000194679157  0.00000000203043201  0.00000000211910944  0.00000000221770521
  0.00000000232459313  0.00000000246420415  0.00000000262572236  0.00000000275947377
  0.00000000287905762  0.00000000298701369  0.00000000308966370  0.00000000318747116
  0.00000000328588262  0.00000000337659410  0.00000000346645959  0.00000000356105886
  0.00000000365905137  0.00000000376536336  0.00000000387546803  0.00000000397740670
  0.00000000407818313  0.00000000418168480  0.00000000431006767  0.00000000441848805
  0.00000000451932389  0.00000000462104900  0.00000000473200873  0.00000000484764479
  0.00000000496907656  0.00000000508293075  0.00000000519799476  0.00000000532336282
  0.00000000545475233  0.00000000558013953  0.00000000569378142  0.00000000588771256
  0.00000000610021747  0.00000000630819056  0.00000000652734642  0.00000000674003511
  0.00000000696518167  0.00000000720227826  0.00000000743789093  0.00000000770194005
  0.00000000796433317  0.00000000821579229  0.00000000844071313  0.00000000867611292
  0.00000000890890047  0.00000000913470739  0.00000000935347735  0.00000000956722887
  0.00000000979425677  0.00000001005529761  0.00000001033351472  0.00000001062036192
  0.00000001092262794  0.00000001125134340  0.00000001163675131  0.00000001207399007
  0.00000001257218196  0.00000001304646877  0.00000001348625893  0.00000001390134266
  0.00000001430981037  0.00000001474498142  0.00000001522025458  0.00000001575041545
  0.00000001635436089  0.00000001708226249  0.00000001790057788  0.00000001900515467
  0.00000002016328407  0.00000002231683198  0.00000002367928087  1.00000000000000000
  0.00866419638695684  0.01784190803471037  0.02839323614703562  0.04006580058187864
  0.05087079630072362  0.06214555078242306  0.07483060577228370  0.08662574364211792
  0.09482711767296365  0.10132409976156859  0.10754353934429536  0.11354467646064356
  0.12139624238194371  0.13007789871417955  0.13806731637204445  0.14655935005232454
  0.15715145078026577  0.16890967635718487  0.17862908603522371  0.18859695558526554
  0.19973655088227807  0.21152757853791432  0.22325492110841702  0.23447854059506049
  0.24609911600066139  0.25781882992537819  0.26910303647106915  0.28121196492036959
  0.29461722654480493  0.30975842057865222  0.32449505840435006  0.33847716430839109
  0.35270963978534431  0.36673037575281731  0.38079689508897041  0.39516348386924505
  0.41105724287920770  0.42711564742855440  0.44248875434523044  0.45722048628850992
  0.47156941060160895  0.48278702756523134  0.49307494147691733  0.50065526871629262
  0.50817644605647527  0.51465346411312951  0.52219086542962789  0.52872012271738045
  0.53625292370483657  0.54238504312285984  0.54777224586694517  0.55326619459939064
  0.55862682389397478  0.56363400914854778  0.56858794492700249  0.57247378742635413
  0.57665863555588337  0.58134463948018988  0.58571767877635972  0.59002564995288265
  0.59496916640975950  0.60007513987982997  0.60617862792784116  0.61475811721809759
  0.62509104521509107  0.63752485219126287  0.65178442557222727  0.66558367510646699
  0.67842818410308559  0.69189331002383891  0.70666053597791423  0.72033503495257434
  0.73236311922417519  0.74487461694229185  0.75662257002127709  0.77067680387575277
  0.78286604681539151  0.79377208701509550  0.80411004714634804  0.81499055647132612
  0.82792626051983953  0.84230691319746154  0.85453253248041450  0.86513198203372876
  0.87699149826495182  0.88962347126905816  0.90226207394766100  0.91409410404268765
  0.92453854618509113  0.93464608937627081  0.94336294567299583  0.95174015294909931
  0.96060284039375676  0.97107545185601363  0.98331853489579313  1.00000000000000000
 -0.00000018717697522  0.00009464458616620  0.00076928685779311  0.00205846664372713
  0.00358298660564925  0.00563447264511041  0.00893966292900519  0.01235546244948954
  0.01541154198060137  0.01919868884834430  0.02405851306916106  0.02996567728560023
  0.03655173496127061  0.04308501625788976  0.04946601873669393  0.05545097511130406
  0.06174181521648324  0.06837365869187918  0.07656077288400413  0.08475852571666252
  0.09264704533898477  0.10059712450719964  0.10892066751063377  0.11808464244422132
  0.12819247662370561  0.13818778690609140  0.14829309003573340  0.15728964037457741
  0.16819440530205806  0.17996528045257243  0.19191120898023864  0.20401720938918849
  0.21611147691736152  0.22825423859911015  0.23983456357434588  0.25120511374063270
  0.26380732330529821  0.27758713185282929  0.29094137199541475  0.30210517454405278
  0.31281220238355467  0.32424031143284709  0.33704525130883090  0.35086503425924986
  0.36573852360675774  0.38198249502293508  0.39976392663687010  0.42031608018154748
  0.43564092179548375  0.44811607297742778  0.45849759420102665  0.46694801895665722
  0.47559454104596649  0.48580347621458403  0.49611649243492173  0.50549878155456140
  0.51538804877289646  0.52481089789287061  0.53425733200851377  0.54317775636247934
  0.55317827105912243  0.56357397027170719  0.57385029453069525  0.58514339274456029
  0.59601227858498906  0.60677479181383032  0.61716794028658106  0.62774483724479979
  0.63827840997239649  0.64824922452882261  0.65853759335454987  0.66963117612947820
  0.68134841370458377  0.69320710093267202  0.70494493963685201  0.71714660728497714
  0.72880400083344454  0.73977857186262341  0.75011906411778506  0.76042386050521105
  0.77020901690331800  0.78002436876121628  0.79007342693302385  0.80057337730044753
  0.81169560947743458  0.82322997686758759  0.84266078405360456  0.86219056039305897
  0.87996932159744023  0.89826348591630079  0.91694755240426773  0.93560766517031435
  0.95323407633624935  0.96957233800055054  0.98493157425786348  1.00000000000000000
 -0.00293136024303880  0.01134234022087127  0.02173418537874759  0.03136982739353128
  0.04123279837268014  0.05134983931918688  0.06177128893527337  0.07217675109154030
  0.08284413805359736  0.09441184566525315  0.10673564787797156  0.11929759860993509
  0.13223082629306274  0.14596401015407934  0.16045905959318046  0.17350421899497395
  0.18509720788949358  0.19662321118261047  0.20833458575344857  0.22004882113883165
  0.22939111839393567  0.23935338675923562  0.24948592678742626  0.26100777830953104
  0.27389356718470065  0.28740815638651429  0.30209287174011989  0.31683052940165579
  0.33109806502836592  0.34463433225926732  0.35590197320280620  0.36622440899215447
  0.37633905071980139  0.38508518159112110  0.39300597954872657  0.40239654360589550
  0.40959955741177223  0.41712156736284478  0.42522429085958957  0.43637924648110937
  0.44732274480625034  0.45713480793448208  0.46711539728833129  0.47753914607315184
  0.48817180249672953  0.49967487858372539  0.51320127043709363  0.52742089940755710
  0.54125746608851055  0.55413586123071046  0.56645068350061656  0.57864890305583616
  0.59143772581693077  0.60444681005460243  0.61718454091344954  0.62934456013658480
  0.64149973574376884  0.65344070451738845  0.66791557418068992  0.67932879527167778
  0.69098849050677669  0.70438684975661581  0.71738752371615466  0.73185804317406356
  0.74852998136295801  0.76523244122620759  0.77739236392169320  0.78970007458996005
  0.79544694948855021  0.80072182600690955  0.80575793386472339  0.81081511416505125
  0.81580174629927504  0.82114531247760969  0.82667220826708898  0.83114880615696363
  0.83529505814521765  0.84031785541687964  0.84590101465208489  0.85087319642611092
  0.85781273139156600  0.87123765398385122  0.88443349239376345  0.89566656191556648
  0.90483952872960061  0.91280282251924871  0.92025248829282957  0.92730376515633717
  0.93413708042300048  0.94150941737286153  0.94978787872295656  0.95876764227339006
  0.96836342527913455  0.97876449654998487  0.98912982759937140  1.00000000000000000
 -0.00262227841030539  0.00716420581405653  0.01716922703168863  0.02796383605777762
  0.04042601091521916  0.05105755454734386  0.06162121028189628  0.07246802776442791
  0.08195322406895350  0.09150803391016690  0.10280647241795940  0.11500036415314570
  0.12930683221508643  0.14472442954484016  0.15936193189019848  0.17237177915134083
  0.18452468876507708  0.19792418541873713  0.20952658678906191  0.22099126896740748
  0.23343699672793899  0.24665123933665187  0.25869010916402807  0.27085849054357830
  0.28407670958255971  0.29670904154283428  0.30851933591144742  0.32024468771251607
  0.33178457626880775  0.34321022430577874  0.35447941962654755  0.36575055076205798
  0.37764577064980026  0.38799799831873694  0.39887244300185321  0.41078912034131243
  0.42324201150926027  0.43490077163095991  0.44560151916077378  0.45577816430998969
  0.46814645647557901  0.48126682029247392  0.49322384985903561  0.50327534276143704
  0.51214513385762817  0.52183203895018637  0.53290144761699354  0.54472465799024028
  0.55620021031715505  0.56686094341563142  0.57621544284582682  0.58755267245523923
  0.60022472106148295  0.61161437551769893  0.62180895198264519  0.63208280537729888
  0.64150045413273371  0.65186312869188834  0.66380286492342189  0.67354449305917630
  0.68215026120464473  0.69136107338036445  0.70128096564088149  0.70997494112277626
  0.71853793652357012  0.72852583856486575  0.74153303917147129  0.75171657014632831
  0.75754404471325343  0.76384391046463318  0.76986730151473504  0.77618780175457514
  0.78365191531840872  0.78924042164474750  0.79361914615397366  0.79785144364318816
  0.80241834820354396  0.80700402873871524  0.81107866203245704  0.82390234033754561
  0.83925219965656295  0.85297904824614645  0.86675696667821245  0.87746438596425136
  0.88645547457688645  0.89489274639206728  0.90532062285503501  0.91419939100066983
  0.92272851451904925  0.93158785517667619  0.94163218271259130  0.95284438164859919
  0.96355641094163624  0.97440494411348044  0.98662057503442224  1.00000000000000000
 -0.00142739172912028  0.00627168159235732  0.01375710197828434  0.02115124257300918
  0.02855364272465286  0.03690951600537230  0.04695862839356481  0.05994133674725116
  0.07502673069940080  0.08734597244216991  0.09874272175302676  0.10855332795237148
  0.11756755829349147  0.12658299784891530  0.13695737333779892  0.14883714815678462
  0.16155188983132568  0.17309441802579123  0.18433280075735123  0.19589908990495447
  0.20643009840844717  0.21592734074066228  0.22512758061717691  0.23503681458007791
  0.24693805410020303  0.26004165591787365  0.27166423603366768  0.28238210780578343
  0.29365104594923674  0.30344282293952751  0.31348534169636127  0.32271127340625938
  0.33191297375264633  0.34244580037564620  0.35309492981104867  0.36285117721005189
  0.37261520634291417  0.38293705832994851  0.39489371042963856  0.40848675711912613
  0.42169339592623978  0.43395803122042653  0.44615869011104925  0.45838587030639016
  0.47172449048748399  0.48546032729832023  0.49921348802792281  0.51348363308562617
  0.52842248655115442  0.54293686176513223  0.55626310213434904  0.56764037088543651
  0.57541739206377929  0.58455441901477490  0.59322315681248039  0.60299638371944730
  0.61309226091400293  0.62261094005636342  0.62869354693238944  0.63329582159065656
  0.63830750284722348  0.64329493669090065  0.64812966462189292  0.65329790642948415
  0.65853381886177675  0.66365517272225183  0.66875647289338325  0.67313393076825567
  0.67763250617771875  0.68215341824549636  0.68740125621119375  0.69580593384757805
  0.70552184158751208  0.71497178111060899  0.72534840648136567  0.73762047794986185
  0.75094909535290988  0.76549629243416162  0.78050734452790926  0.79274640884163172
  0.80375958495250088  0.81393824663251080  0.82495189518958778  0.83565254696472735
  0.84552324523603617  0.85615588284098676  0.86919913011847383  0.88585058312026976
  0.90306190430596733  0.91976730625974989  0.93531241424901401  0.95110418319968260
  0.96422726134488568  0.97663593811560634  0.98863128326400507  1.00000000000000000
  0.00959232105859347  0.01335618786526514  0.01755164784041603  0.02118932523517823
  0.02515405096382872  0.02892254012665578  0.03159983361395790  0.03487546165963128
  0.03813372541551328  0.04153226509120576  0.04506989519282225  0.04844372230789229
  0.05191136086705873  0.05665115692884471  0.06073285984878693  0.06378965973409528
  0.06616346464459602  0.06844333457149111  0.07132347551643156  0.07500155688411726
  0.07904816884494714  0.08243375874109962  0.08538091780937894  0.08839373652173331
  0.09175356353180311  0.09479173894781688  0.09735031057640535  0.09987032532476416
  0.10237949722364643  0.10481168042082734  0.10742497603903614  0.11036875178131973
  0.11362455510305244  0.11718753367324673  0.12074333216529462  0.12405628642070612
  0.12828135087388173  0.13407500217286483  0.13944739350370908  0.14474464985110527
  0.15025953117132063  0.15607315330805507  0.16248169376195504  0.17065589506213086
  0.18003973662748593  0.18909775845968968  0.19669587313852577  0.20331511925263307
  0.21018396961450017  0.21719623449145717  0.22469865893694504  0.23218975097766609
  0.23905860085321454  0.24563610135546937  0.25278384690051353  0.26169318255126539
  0.27083534445318191  0.28026152814313765  0.29051146480329842  0.30169242683395719
  0.31290396037408785  0.32420344564663944  0.33430968207290590  0.34455546748556426
  0.35487826106102949  0.36542163365117369  0.37858964616007001  0.39123006092853546
  0.40310637918922126  0.41373246406548031  0.42239906013678397  0.43089171034347340
  0.43924890103710301  0.44894912777220036  0.46048345485320735  0.47377085191305524
  0.48680116769829812  0.49844718897401835  0.50983302959048837  0.52206431508861151
  0.53381446211830585  0.54482215460873906  0.55583069757097769  0.56805858327872794
  0.58403544301328747  0.60437394654828525  0.62583696387858534  0.64662202859540718
  0.66783656540077674  0.69268661734787640  0.72070493968146554  0.75826095888673117
  0.80181566810269933  0.84812144480113494  0.90413395460499602  1.00000000000000000
 -0.00149226534601620  0.00549900138665058  0.01271734368858142  0.02043686605982986
  0.03033043440305724  0.04252116337144483  0.05640603063114936  0.07221976590452878
  0.08706607322386203  0.09942010238410701  0.11173615374953957  0.12535681690405204
  0.13981362094105476  0.15408582550084154  0.16687113550318183  0.17839745917098532
  0.19079997592247097  0.20446059611665568  0.21986152234226711  0.23309128790296466
  0.24400107413579367  0.25423455397093792  0.26473134465750559  0.27629669485596875
  0.28881176183007318  0.30112550394866111  0.31290684719576217  0.32506825432151382
  0.33995866198558639  0.35619266350852374  0.36905374922201661  0.38093772913174800
  0.39249079022404759  0.40337976083691618  0.41431775651568875  0.42671989407892480
  0.43649192779383428  0.44127839569075888  0.44517540141304124  0.44986935235586872
  0.45517127443059396  0.46120031928286714  0.46683342817764989  0.47142330252340264
  0.47746537922107674  0.48254391476353864  0.48704087966522097  0.49233045231048261
  0.49729865116072797  0.50437911125480228  0.51657379012749960  0.52720749560761149
  0.53512104860470588  0.54281707654174627  0.54952354813101068  0.55680091783563723
  0.56595717321842454  0.58028153058801180  0.59200807966462643  0.60323040597245670
  0.61319902180241326  0.62341554982782510  0.63413142938914457  0.64590840722206300
  0.65665148537177720  0.66667738145562982  0.67600558863856386  0.68594837153572796
  0.69518421972800726  0.70418170668279945  0.71366459930792558  0.72301240477849926
  0.73505948484339589  0.74652683808164599  0.76105205373051410  0.77521814516991272
  0.79090548083256940  0.80728678324599346  0.82257195129761729  0.83742554641912181
  0.85284294362249990  0.86679085879121542  0.88143186885867053  0.89591098307182604
  0.90877255336030294  0.91921826038348642  0.92844016494935000  0.93764015542439527
  0.94827676754726931  0.96060236188036519  0.96957736648620452  0.97790626808869130
  0.98452556784844303  0.98999536619352724  0.99527746423006325  1.00000000000000000
  0.64680497931478942  0.67069907582550503  0.69538011102170860  0.71732972973618570
  0.73953808986845970  0.75861266645905290  0.77586796126972535  0.79226063314787898
  0.80543997937503309  0.81785732193283001  0.82927111441501511  0.83947247718556528
  0.84838069652366688  0.85550121272568258  0.86361485709798147  0.87177106538748173
  0.87823519923011850  0.88427310714383567  0.89155803027437286  0.89792984274435927
  0.90359785816136573  0.90894583566161491  0.91384150674358455  0.91822196658266608
  0.92215874228425965  0.92572222182530717  0.92899570444363722  0.93211756148937275
  0.93494055227355843  0.93746989059903685  0.93969736242729596  0.94171794389380792
  0.94374571043782185  0.94551344634553969  0.94739707209079194  0.94922656787185178
  0.95078845471612761  0.95236752087231824  0.95377565609354376  0.95498447676257070
  0.95616223465837569  0.95740984360166881  0.95845458320453369  0.95915974261752435
  0.95988145846461570  0.96063791413486244  0.96136831890567664  0.96206393420142611
  0.96270901986137269  0.96333123443252433  0.96394800428068306  0.96456091016553602
  0.96516828636503016  0.96571147767398957  0.96622320100801107  0.96670867871779698
  0.96716924109221825  0.96759876814437196  0.96801420672758576  0.96841498332465203
  0.96882116039411037  0.96922822508643802  0.96963482613964558  0.97008946462962220
  0.97060020309837891  0.97144050769830836  0.98175076275902895  0.98213269382283930
  0.98244758384341335  0.98271966019550738  0.98297648126485682  0.98322914034389663
  0.98348719056477674  0.98376533000941790  0.98406671821235014  0.98440029696611309
  0.98475016857669739  0.98511186852868449  0.98547936930399294  0.98588611806009696
  0.98630583347516843  0.98677771967089245  0.98728683372361248  0.98776887545568104
  0.98820852763048073  0.98867198465508699  0.98914630432728889  0.98968526424550063
  0.99033948855383713  0.99127901011855035  0.99229915378968603  0.99340150287251794
  0.99458887542837715  0.99593315073958488  0.99763213262222994  1.00000000000000000
  0.13473124232988720  0.15471129231406439  0.17353110346652945  0.18865909916523804
  0.19709079285244721  0.20354870665172650  0.20917205214995907  0.21439073079536744
  0.21973151480676717  0.22591409742570276  0.23140172511406859  0.23586782281729096
  0.24043275449329612  0.24596969183209222  0.25331781311795232  0.26162903787760766
  0.26930010120203890  0.27632245073908240  0.28325637379753360  0.29005429535216143
  0.29675163915084529  0.30378377094530090  0.31138727051954695  0.31883821570203041
  0.32561308619995505  0.33235758496088635  0.33965105443809612  0.34713715139667450
  0.35470651805958481  0.36214252405054453  0.36901301789064694  0.37674899784756716
  0.38405936938604968  0.39077364806396264  0.39693636987373321  0.40264469964589761
  0.40806800607770988  0.41416805830686559  0.41944704298600410  0.42444434627378286
  0.42948447596185685  0.43472845334865901  0.44032014738185732  0.44615943107468276
  0.45312410671982684  0.45958215637868488  0.46599191464088080  0.47268971560613615
  0.47969621249462463  0.48690804063591880  0.49436228983232250  0.50127611174777209
  0.50746767355114153  0.51350427165967227  0.51915105278599727  0.52459275298131502
  0.53010138425131392  0.53574579716046256  0.54167774856701589  0.54771235692505849
  0.55352100347634892  0.55886034139902041  0.56336860689753920  0.56712687459481148
  0.57128202462319877  0.57500699357920537  0.57832645862060106  0.58151112363163882
  0.58532620915538025  0.59000733867759070  0.59488544860770887  0.59917934265712036
  0.60328910508415201  0.60727725902180862  0.61133834161190626  0.61548117936670110
  0.61940209434317683  0.62299399364171071  0.62817382494345586  0.63503777440264997
  0.64298084600198124  0.65198775724906965  0.66079786315069078  0.67218556771320093
  0.68634240988574047  0.69486085544438347  0.70307548316951796  0.71048528210851258
  0.71888840578255975  0.72849235185390560  0.73851183448540814  0.74763374515547876
  0.76172013206569611  0.78078223450216766  0.96068062852503955  1.00000000000000000
   7.5516708811146288E-023  -1.0000000000000000     
 F F F F F F F F F F F F F F F F T F T F T F T F T F F F T F F F T F T F T F T F F F F F F F F F T F T F T F T F T F T F T F T F F F F F F F F F F F F F F F F F T F T F T F T F T F F F T F F F T F T F T F T F F F F F F F F F T F T F T F T F T F T F T F T F
  <DiscreteSampler_grid>
  grouped_processes
  1 # 1 for a reference and 2 for a running grid.
  10 # Attribute 'min_bin_probing_points' of the grid.
  1 # Attribute 'grid_mode' of the grid. 1=='default',2=='initialization'
  0.0000000000000000 # Attribute 'small_contrib_threshold' of the grid.
  0.5000000000000000 # Attribute 'damping_power' of the grid.
 # binID   n_entries weight   weight_sqr   abs_weight
    13   10   8.454905601777733E-016   2.074856143676915E-030   8.454905601777733E-016
    14   10   8.454905601777706E-016   2.074856143676901E-030   8.454905601777706E-016
    16   10   4.814393578354406E-016   7.633382279935322E-031   4.814393578354406E-016
    17   10   4.814393578358797E-016   7.633382279943161E-031   4.814393578358797E-016
  </DiscreteSampler_grid>
