  0.00000000022616122  0.00000000065281376  0.00000000098214998  0.00000000125769006
  0.00000000149039411  0.00000000169319252  0.00000000189813348  0.00000000210203955
  0.00000000228512097  0.00000000244352264  0.00000000259778472  0.00000000278733703
  0.00000000298151004  0.00000000314536438  0.00000000329630426  0.00000000342698437
  0.00000000355097932  0.00000000369760264  0.00000000387685445  0.00000000401950761
  0.00000000415666927  0.00000000431268078  0.00000000443805255  0.00000000455196505
  0.00000000468210022  0.00000000482150452  0.00000000494267068  0.00000000508727746
  0.00000000523304404  0.00000000540159640  0.00000000555512905  0.00000000569797703
  0.00000000584866495  0.00000000600740906  0.00000000617110986  0.00000000631362646
  0.00000000644717013  0.00000000658487626  0.00000000672980158  0.00000000687996704
  0.00000000703470325  0.00000000719352459  0.00000000736122222  0.00000000754798425
  0.00000000774434534  0.00000000794991699  0.00000000817089729  0.00000000834647148
  0.00000000852044257  0.00000000869785091  0.00000000890045909  0.00000000911964248
  0.00000000930450607  0.00000000946650250  0.00000000964039915  0.00000000983424864
  0.00000001005729066  0.00000001032606410  0.00000001054577661  0.00000001077267360
  0.00000001091283272  0.00000001099916821  0.00000001110056674  0.00000001119654770
  0.00000001129357449  0.00000001139145009  0.00000001150097639  0.00000001160635069
  0.00000001171149687  0.00000001181389093  0.00000001195517903  0.00000001209399324
  0.00000001222703106  0.00000001238979195  0.00000001255977787  0.00000001273696310
  0.00000001302730376  0.00000001335390537  0.00000001369357647  0.00000001401311306
  0.00000001430564161  0.00000001459752376  0.00000001488551400  0.00000001520398697
  0.00000001556141994  0.00000001597887680  0.00000001646700064  0.00000001710474817
  0.00000001773862439  0.00000001840800441  0.00000001914946398  0.00000001991567951
  0.00000002089448767  0.00000002274415184  0.00000002367630409  1.00000000000000000
  0.00914140005644977  0.01804813237651905  0.02874005467733647  0.03970955250630467
  0.04733586013731710  0.05578102893075379  0.06521853316149949  0.07370595547514980
  0.08043944854117345  0.08622360643593481  0.09219666578580185  0.09987611278719143
  0.11937445483436679  0.13139162924827710  0.13986411807203708  0.14878317576950167
  0.15778047631710862  0.16514356409610417  0.17265357889598432  0.18132204703910715
  0.19467188855335665  0.20801937032744847  0.21910640784637461  0.23002583834634463
  0.24187329225880211  0.25477573043694096  0.26895048443341341  0.28433674292015199
  0.29812217894018661  0.30251361935016480  0.30727722725869161  0.31240616837960400
  0.31591165638348429  0.31940321118611176  0.32284071524333996  0.32649131911871565
  0.33190031650405333  0.33769990939892425  0.34304573915954101  0.35401397036354026
  0.36822991263615218  0.38342150984792495  0.39543949419007962  0.40183421141405351
  0.40713505330221028  0.41284967489433883  0.42050164769200377  0.42783095926840098
  0.43490634000164119  0.44157234534140921  0.44833508960038698  0.45810996457292646
  0.47232146029573224  0.48994447399786983  0.50718855266684315  0.52111956549900351
  0.53690210326638821  0.55051986322915958  0.56189404709828028  0.57188626259224029
  0.58190541117184547  0.59208214243842039  0.60243748461994540  0.61283598847833998
  0.62189581352863199  0.63053972413008663  0.63968436094974490  0.64885702186137029
  0.65871663520451784  0.66776514969522593  0.67623523558767207  0.68432037921227662
  0.69343385939017044  0.70338750317961507  0.71239440022795408  0.72016804769691689
  0.72731619748837084  0.73809761963998466  0.75206421332189122  0.76671430968888066
  0.78125494105858362  0.79572222987598840  0.81106028257147689  0.82688636235625879
  0.84320295647557053  0.85823737598812877  0.87292849840902031  0.88412936121735530
  0.89441135575262121  0.90529297187768099  0.91813849680964110  0.93374723315204222
  0.95054938019565516  0.96705970070890379  0.98348931875285617  1.00000000000000000
 -0.00000016109767208  0.00009166273106872  0.00064427585502685  0.00226363990268535
  0.00382941157099087  0.00576507143017913  0.00866700595709998  0.01285816719028016
  0.01717838165068766  0.02135015981884748  0.02752391634727477  0.03702668468881638
  0.04607339278782689  0.05240648433083139  0.05828842299576145  0.06434083359957882
  0.07050600300130642  0.07743807163073918  0.08411813461283446  0.09218550268232766
  0.09911807575026919  0.10770244739608552  0.11651382333917150  0.12580298363153108
  0.13566932869722559  0.14635404587681136  0.15817462556394812  0.16764185112505145
  0.17475644847456756  0.18188706073723884  0.18861633942513487  0.19723528691746628
  0.20716373760774129  0.21683775512392295  0.22542843845108232  0.23194594322999459
  0.23815544272341954  0.24448635956149972  0.25108355842227370  0.25843022979131347
  0.26748543053566670  0.27623109919787692  0.28481459311948354  0.29338434294717863
  0.30451386707931216  0.31647859666784040  0.33159897727275450  0.34780368109813842
  0.36453457278343060  0.38043967111951715  0.39607072622575823  0.41271175507729413
  0.42916839846603655  0.44331698269335146  0.45696580090798267  0.46854165679929693
  0.48040450749445690  0.49215250216595535  0.50400628113606749  0.51723076751976904
  0.53041567680190038  0.54310632963905792  0.55430175018150962  0.56600723430420397
  0.57822115836975674  0.59113030515552978  0.60492831585154505  0.61913733967001738
  0.63371134615929514  0.64861622455559942  0.66494778813824595  0.68216987657136763
  0.70097373150316600  0.72223283883114586  0.74325004714609444  0.76237156400405892
  0.77848371886674617  0.79270787872678139  0.80373313756765241  0.81133248590745077
  0.82063370900806143  0.82939118605023199  0.83790750858059815  0.84643533493015477
  0.85471656766007698  0.86270597135759197  0.87072501078217879  0.87890147819745112
  0.89033682059089092  0.90432759017549991  0.91918678201323967  0.93468812307561078
  0.95031692068504947  0.96891515924242988  0.98452288041514635  1.00000000000000000
 -0.00506981009012866  0.01448053957327152  0.03149557438011102  0.04658877133604014
  0.06024323530098382  0.07129999643630294  0.08208466534104389  0.09473293627884775
  0.10551660483617685  0.11445742676542213  0.12616915997311634  0.13945349290471726
  0.15094120667560768  0.15881280500998121  0.16561628773932532  0.17220154187339526
  0.18011607164547586  0.18743128930039293  0.19329715320270224  0.19924151911177895
  0.20715269809646641  0.21574205597020885  0.22414855538496947  0.22742483064153088
  0.23025078750033823  0.23543595494714323  0.24142468953691257  0.24757707550085722
  0.25213670859816889  0.25901938231903449  0.26938248747769761  0.28139727307392343
  0.29283988696921320  0.30212075725734489  0.31074251977310874  0.32044467126256820
  0.33335101819479279  0.34815204635513763  0.36243936784577357  0.37786508731336294
  0.39583924007464427  0.41428661589214116  0.42679281866144297  0.43653329604974106
  0.44690649264608112  0.45752219959976120  0.46935828760811987  0.48237617090138407
  0.49560392103068013  0.50805476458112764  0.51945138241049005  0.53171097343164508
  0.54480204739381122  0.56116335985331023  0.57395382720853327  0.58537493492390535
  0.59551265863407843  0.60355740208275976  0.61241419767187844  0.62201661178488687
  0.63082557568115982  0.63989111223752360  0.65100201898393095  0.66253111151400079
  0.67573337763095964  0.68782086895253347  0.69793312729279045  0.70769256217403720
  0.71706142732125955  0.72561432830816597  0.73265501317539916  0.73826687147625059
  0.74445425804121501  0.75161159199214433  0.76130008425431561  0.76990808179798242
  0.77673103441949931  0.78307500223988213  0.79040852518279936  0.80649794143290476
  0.82383439349043786  0.83646029916088016  0.84772058770841008  0.85903390991162432
  0.86984753039561458  0.88004790633317331  0.89071294486511987  0.90177793953898855
  0.91596601583475667  0.92747748489247006  0.93714718543386688  0.94560667719355229
  0.95469879645439637  0.96698023797285104  0.98282445932694007  1.00000000000000000
 -0.00540470957379565  0.01468167213202929  0.02975757251302905  0.04067814808961098
  0.05065315021239711  0.06020364623659803  0.07057685116247286  0.08050040795817595
  0.08846944960917180  0.09639290821141994  0.10550999835596239  0.11425061079443515
  0.12327683876491259  0.13197805536999618  0.13808209926179046  0.14120889697052719
  0.14516617170243981  0.14939602219413650  0.15472032378399073  0.16116927142018084
  0.17453529087053407  0.19095613888790225  0.20672315557092957  0.22062985062811549
  0.23763908827120794  0.25848277115119744  0.27851026901979209  0.29338134932289262
  0.30757404764867358  0.32256490852046366  0.33915985778141378  0.35746441821383740
  0.37101010690406655  0.38357510594107913  0.39491674317884551  0.40566349551761732
  0.41903794170201625  0.43330941557132796  0.44635427530955724  0.45895432567087341
  0.46919209044328025  0.48121287311492839  0.49280289868300814  0.50347275004868208
  0.51325825896821542  0.52620846322692494  0.54183419480286277  0.54987963105968474
  0.55590218908862155  0.56219435138347074  0.56940175832996054  0.57683138591729632
  0.58447705625380286  0.59184350053664880  0.59863722919870910  0.60686770817735147
  0.61675201001342861  0.62783522030170968  0.63955023064770000  0.65066624872411050
  0.66356587422190394  0.67711582371714851  0.68920522254299554  0.69878072330545948
  0.70870175281564429  0.71900503814606520  0.72784995629269911  0.73609750932401852
  0.74526214774403388  0.75545800672233965  0.76554200202321698  0.77516937861705248
  0.78540865270782478  0.79745407214591590  0.80949329911381629  0.81918357531464869
  0.82670547423405127  0.83368917540883114  0.83992007904178245  0.84646884327228633
  0.85357199559196528  0.86065872945573563  0.86713540985274928  0.87504204317522039
  0.88361550630217089  0.89282883957660930  0.90110793764256658  0.90957140264299119
  0.91917939223387990  0.93006329978165192  0.94125850236609254  0.95065690861313634
  0.95957456342812764  0.97010967769511958  0.98317874532090410  1.00000000000000000
 -0.00375332640349538  0.01401422687934209  0.03204883116712394  0.04963268869587861
  0.06066486557400207  0.06585068475709667  0.07097054104986610  0.07639877191580945
  0.08159248654140920  0.08645960047118437  0.09012621109883040  0.09414109515043934
  0.10301208130796612  0.11363175710843190  0.12555700900711783  0.13615013744705329
  0.14262253555125151  0.14867572370478707  0.15490270619837693  0.16412106296430026
  0.17262008198279244  0.18024298766346458  0.18624516728996482  0.19397253436103937
  0.20184115295325197  0.21160776698326539  0.22152456882520744  0.23243988869463056
  0.24274378034279295  0.25096485548046155  0.25741124480181493  0.26321921360815614
  0.26972117587388267  0.27714144608070612  0.28573980435078089  0.29216271340511224
  0.29743548847439222  0.30317364123346563  0.31134301165650097  0.32132296750139733
  0.33241619775776265  0.34357847484441073  0.35136374548679450  0.35904337923325963
  0.36682773995701973  0.37741213938869045  0.39152088099939564  0.40545809774106645
  0.41841141446702473  0.43031071335158011  0.44426444092619660  0.46021399863331891
  0.47586303628943877  0.49133832765743346  0.50751418598104125  0.52344942243684767
  0.53659004526460230  0.54514386698127337  0.55135830840791211  0.55900908399581006
  0.56811646096514923  0.58044233459932792  0.59158502301486315  0.60082184004874850
  0.61301821030355119  0.62729836500224179  0.64251559199817743  0.65781704905519611
  0.67604465425902471  0.69452636768058995  0.70895042865274782  0.71932845197500850
  0.72933739785978857  0.73933602193970605  0.74920176337806021  0.75807237696212448
  0.76617383503363889  0.77804474508954891  0.79462417894717463  0.80832936011095957
  0.82123001214260627  0.83360834146968588  0.84901632446903286  0.86206006346121644
  0.87440802444189980  0.88570937335739119  0.89949672235208222  0.91496704290737929
  0.92950591448828290  0.94399752357206412  0.95753851033419524  0.96817921998773526
  0.97703186976885392  0.98523291811025437  0.99295133860356144  1.00000000000000000
  0.01479542617806820  0.09487413157817912  0.13868235233112758  0.17394473076610265
  0.20006749931035231  0.22612537123784196  0.24643239064467570  0.26660314146754571
  0.28731761305170306  0.30874055155279090  0.32693344833919330  0.33938176357131700
  0.35025160898401997  0.36301920273266020  0.37472752743355803  0.38676991538282962
  0.40095182239962396  0.42012511614360809  0.43936756344544370  0.45944802461244616
  0.47801037470752145  0.49049119845574662  0.50242653563950979  0.51417037568154600
  0.52548967907000643  0.53600590346486232  0.54530372667209004  0.55241223538359940
  0.55902758908535255  0.56640277906139946  0.57507593316179528  0.58426524879122377
  0.59171379364890653  0.59965523964948453  0.60696531314607782  0.61410332943239265
  0.61885544021070571  0.62282715126777410  0.62656261516777212  0.63078151060441279
  0.63661543261235387  0.64352992697667311  0.65203871754774079  0.65988305469808539
  0.66672160724866236  0.67372427782495881  0.68164928939639802  0.69104568611223738
  0.70057881190906823  0.70722005055860260  0.71570090018740351  0.72547302901367172
  0.73559513468089555  0.74606653906317244  0.75657893453539626  0.76401652322431990
  0.77120807411497250  0.77749853668382540  0.78322879860849104  0.78955075891459225
  0.79513049906945743  0.80091278576255809  0.80654191349185733  0.81161072671650392
  0.81741261240750651  0.82361507658480371  0.83012342511150194  0.83749475456887934
  0.84642683134106200  0.85536154913630125  0.86560690520958261  0.87691490817161277
  0.88713400630275363  0.89496085334392106  0.90180547110057196  0.90809867821300194
  0.91382864726546531  0.91945035994344304  0.92495327121251603  0.93091697064138468
  0.93585971220255315  0.93978861903728272  0.94237087292275601  0.94370506336920612
  0.94504928293841561  0.94651508245923766  0.94781596183872929  0.94918661458899423
  0.95059785525949425  0.95512000658980034  0.96146345723803350  0.96744912707713948
  0.97301906944476435  0.97741681585818618  0.98625396856958292  1.00000000000000000
 -0.00244916560294528  0.00787471849032866  0.01749994381352211  0.02442614554052965
  0.03227232249523146  0.04055551251290177  0.04944215856898088  0.06016414605521876
  0.06981272714482965  0.07859352722388160  0.08693279986692723  0.09417180521074590
  0.09906819402775344  0.10334292519011792  0.10744044676860122  0.11214532496885971
  0.11859697507974759  0.12740525513796622  0.13769940870910935  0.14840407841844561
  0.16060049651436473  0.17434541834937234  0.19048493903565969  0.20522590990846609
  0.21547025899062297  0.22267211215075661  0.22898481542358234  0.23603635355064401
  0.24439112642431762  0.25295721603295662  0.26050247563358220  0.26746876292224475
  0.27814422145370871  0.29456322417282393  0.31163040120418367  0.32723028861965880
  0.33773791151967630  0.34517269041655185  0.35299980264585235  0.36131412811037128
  0.36936299308332737  0.37684992118479382  0.38445422473792212  0.39208898252965879
  0.40087353230375267  0.41130333886578530  0.42150919107966600  0.43357836239907410
  0.44771491170062166  0.46313059104102011  0.47975517432637527  0.49000230380475013
  0.50296005493311247  0.51563074889058835  0.52694324314902308  0.53855280953365614
  0.55085104900411019  0.56523206420974337  0.57781129256509611  0.58979094953555189
  0.60143235457597455  0.61647829039416036  0.63351178457461310  0.65241809672265239
  0.67144162715360023  0.68874650098143353  0.70615877372194702  0.72225739189523053
  0.73620727952016407  0.74384386290678117  0.75048995868007928  0.75675083261446174
  0.76233590221973957  0.76807984605783797  0.77402773903787325  0.77891027688545689
  0.78440301078426400  0.79482948590828817  0.80701601778556020  0.81797269365190595
  0.82810699654822606  0.83892634021776413  0.85147511676390497  0.86604037987675009
  0.87905479209246296  0.89090561019783165  0.90201939803827613  0.91324209328692740
  0.92286446756691520  0.93476994034776095  0.94781303087826030  0.96170821097217651
  0.97424460490518561  0.98363928962223124  0.99197231028503807  1.00000000000000000
  0.64606974178185983  0.67847747830727656  0.70759863763344866  0.73027032937614567
  0.75161928176564852  0.76822713225920491  0.78312786734054030  0.79860020624387451
  0.81112833171680865  0.82481906226051760  0.84087901336762361  0.85470265173456494
  0.86614887078896452  0.87589342282783800  0.88108126877744730  0.88678380201347617
  0.89360052465718975  0.90001489350079111  0.90510407724389330  0.90977796894600649
  0.91426832850076789  0.91849903061094862  0.92194880455737160  0.92519923735994347
  0.92880283551133747  0.93289302955655917  0.93672859684104304  0.93902135693225053
  0.94079520692771557  0.94218669697196678  0.94351631183090190  0.94472946181855277
  0.94597548019605437  0.94724756148474187  0.94856224232092978  0.95007594089214198
  0.95147799766471630  0.95259945479274966  0.95373926488443161  0.95469231843199653
  0.95551307808863895  0.95642093983701448  0.95731491765835486  0.95826285767634589
  0.95923558645056728  0.96011043942220964  0.96090965321466981  0.96167195371114456
  0.96244676915372196  0.96323434207934500  0.96401733875223528  0.96483888532814932
  0.96559552112869851  0.96613942086500637  0.96663638417402076  0.96707184492158926
  0.96742876618208007  0.96773019880830524  0.96800095243600670  0.96828588157952844
  0.96862203983612416  0.96892056358885714  0.96916979801497505  0.96941257857324914
  0.96965957464435737  0.96990503652801985  0.97019005238769696  0.97054946520618635
  0.98131988416751792  0.98204208693556361  0.98243769799413727  0.98278626464383900
  0.98306521214922371  0.98332861351271617  0.98360088007412305  0.98386291101422252
  0.98411433213970179  0.98436938289278320  0.98462840039921795  0.98491336963626297
  0.98523083995118110  0.98560770053103353  0.98605711217058178  0.98665918064206948
  0.98730053307495713  0.98797205643753172  0.98866528988873426  0.98935835053978138
  0.99007062572091020  0.99082606253562910  0.99170355963151724  0.99281954291627228
  0.99409988079506761  0.99555865234466590  0.99741061774293460  1.00000000000000000
  0.03625318710914646  0.22584335138762404  0.24819737002966802  0.26603762351624916
  0.28279647145859371  0.29422874289915407  0.30293634206981945  0.31259043236998663
  0.31959818200860085  0.32541166122521781  0.33163978339145939  0.33762263091249189
  0.34397186597988760  0.34919213259837467  0.35428217732166162  0.35970304041626450
  0.36507188570541438  0.37112226906130191  0.37601050985050255  0.38128851409433473
  0.38720990264622551  0.39317284661362378  0.39941310494279569  0.40696274342677152
  0.41431761397614109  0.42160039848004216  0.42885223326622562  0.43624587168495266
  0.44376154204662033  0.45364098520834994  0.46305241376258882  0.47213594542202525
  0.48128361341478743  0.48989160639455026  0.49830997185418258  0.50577843133725919
  0.51257212864553170  0.51925903953383723  0.52594641099000139  0.53266928714591577
  0.53960903798258575  0.54744879308279171  0.55560455444932111  0.56374591033094201
  0.57185388790451652  0.58071434285485335  0.58801384997999595  0.59396983485846100
  0.59790992584089819  0.60130557481035718  0.60498533749762884  0.60886947008962733
  0.61288473843743463  0.61658379741203717  0.62021997019019581  0.62595159074305862
  0.63305133746791320  0.63775395408316204  0.64207046468693729  0.64648217228894467
  0.65282622517128819  0.66020494424280740  0.66735760128643806  0.67315324229498852
  0.67823738127615518  0.68324941495876756  0.68927823983333247  0.69489993735550259
  0.69977219860597661  0.70462917804323333  0.71131698955049449  0.71637477071614430
  0.72059467260464716  0.72501918521636888  0.73220596565586971  0.73844530656023599
  0.74292408869383519  0.74749470279235386  0.75151861899538874  0.75695345928165991
  0.76130835118296047  0.76547237429161641  0.76965249039579575  0.77400811399933089
  0.77958112141178715  0.78474460401587687  0.79009214592414867  0.79715761509075955
  0.80248794357999442  0.80676395322026973  0.81211606338703202  0.82455194600577097
  0.84662693088885299  0.86927507490385580  0.91453115149744890  1.00000000000000000
   1.5906411800152397E-039  -1.0000000000000000     
 T F T F T F T F F F F F F F F F T F T F T F T F T F T F T F T F T F T F T F T F T F T F T F T F T F T F T F T F T F T F T F T F T F T F T F T F F F F F F F F F T F T F T F T F T F T F T F T F T F T F T F T F T F T F T F T F T F T F T F T F T F T F T F T F
  <DiscreteSampler_grid>
  grouped_processes
  1 # 1 for a reference and 2 for a running grid.
  10 # Attribute 'min_bin_probing_points' of the grid.
  1 # Attribute 'grid_mode' of the grid. 1=='default',2=='initialization'
  0.0000000000000000 # Attribute 'small_contrib_threshold' of the grid.
  0.5000000000000000 # Attribute 'damping_power' of the grid.
 # binID   n_entries weight   weight_sqr   abs_weight
    13   10   9.665518972959677E-032   8.711568894644538E-062   9.665518972959677E-032
    14   10   9.665518972959715E-032   8.711568894644607E-062   9.665518972959715E-032
    16   10   1.413877955825130E-032   1.696370973301377E-063   1.413877955825130E-032
    17   10   1.413877955825140E-032   1.696370973301404E-063   1.413877955825140E-032
  </DiscreteSampler_grid>
