  0.00000000024864352  0.00000000032708360  0.00000000040188163  0.00000000048401715
  0.00000000056868938  0.00000000066351129  0.00000000076153952  0.00000000087479204
  0.00000000100894683  0.00000000115466238  0.00000000128913035  0.00000000142195691
  0.00000000153801366  0.00000000164047294  0.00000000174652968  0.00000000186006962
  0.00000000198716115  0.00000000211416939  0.00000000224020822  0.00000000236351075
  0.00000000248249848  0.00000000259253458  0.00000000270004292  0.00000000280625822
  0.00000000292527755  0.00000000306435971  0.00000000319613887  0.00000000332130814
  0.00000000343927717  0.00000000358704550  0.00000000373064281  0.00000000388454451
  0.00000000402697778  0.00000000415331989  0.00000000427645394  0.00000000439887554
  0.00000000452293437  0.00000000464529862  0.00000000478645403  0.00000000492263279
  0.00000000505989440  0.00000000519396121  0.00000000532965722  0.00000000546353438
  0.00000000558584010  0.00000000570000053  0.00000000581616819  0.00000000593967921
  0.00000000606400517  0.00000000619480239  0.00000000632773066  0.00000000646787561
  0.00000000662926067  0.00000000679349519  0.00000000696331563  0.00000000712515311
  0.00000000728635404  0.00000000744594262  0.00000000763250851  0.00000000781107247
  0.00000000800768590  0.00000000817981416  0.00000000832864978  0.00000000847679617
  0.00000000860881597  0.00000000874063603  0.00000000889394280  0.00000000908714330
  0.00000000928613360  0.00000000948623165  0.00000000972096784  0.00000000999069306
  0.00000001027859664  0.00000001055695341  0.00000001083795879  0.00000001110718393
  0.00000001135714864  0.00000001163041402  0.00000001189450730  0.00000001219121561
  0.00000001253611244  0.00000001291325491  0.00000001330139931  0.00000001368913775
  0.00000001408918411  0.00000001453098561  0.00000001498856162  0.00000001543924479
  0.00000001594259858  0.00000001662112443  0.00000001746209860  0.00000001845319285
  0.00000001980128161  0.00000002209438739  0.00000002373277604  1.00000000000000000
  0.00681211781918160  0.02374582800452923  0.03909499080864932  0.05157771373476393
  0.06336529772560290  0.07585344116487909  0.08771140686892691  0.09865365379599066
  0.10918463403830768  0.11928980630298018  0.12889292638535618  0.13861417419322861
  0.14726968854125186  0.15447526244921450  0.16136582253912793  0.16840279966192132
  0.17514250803338022  0.18147329145081081  0.18702142370432062  0.19232570465216592
  0.19841354260286564  0.20417103458450178  0.21017430861247796  0.21903811092628048
  0.22851883472725781  0.23917214479902860  0.24890793464315161  0.25618005040624120
  0.26343345472629293  0.27157332596318257  0.27866169947094727  0.28527229811043758
  0.29218727188638810  0.30067179652566284  0.31036702141048644  0.32436245264906371
  0.33779200845064949  0.34699566283358646  0.35590893536091850  0.36382415946890612
  0.37111609087549413  0.37826196100004583  0.38578980348286629  0.39450214280961954
  0.40553284327243050  0.41789417786996635  0.42933385174669492  0.43991545652686431
  0.44951689839853293  0.45985496566412681  0.47322034203249846  0.48757210669414291
  0.50325477655442841  0.51759478060175135  0.52964944486390297  0.54051914327017736
  0.55073012660554355  0.56039342271011749  0.57015546921230853  0.58084474483522686
  0.59282573299984798  0.60547788101374500  0.61583253478982680  0.62475271196367288
  0.63297549203551073  0.64103806031991595  0.65445664522547065  0.67023163478949299
  0.68497882319064729  0.69822399573714500  0.71081808882869879  0.72264239642889272
  0.73299640109953312  0.74237135214175065  0.75190977591049712  0.76132037474575465
  0.77072091770012063  0.78030375554296638  0.79081835199892003  0.80515204854901867
  0.82183196147854409  0.83605810124235957  0.84989625169474259  0.86320869733731820
  0.87570222140029830  0.88700277845305342  0.89739308436225007  0.90744942222770641
  0.91709145418820892  0.92692391484702219  0.93712314827913490  0.94816601089625085
  0.96010242979697591  0.97313600779467690  0.98666211196911446  1.00000000000000000
 -0.00000016777741399  0.00007255004244182  0.00057794599384980  0.00174733137799729
  0.00341624770637393  0.00582560573526873  0.00912318180432813  0.01250889559664436
  0.01660867233220418  0.02129444640355220  0.02541494277886494  0.02925685668716414
  0.03365905384516196  0.03921314869280250  0.04584839460062866  0.05267010407407322
  0.05982931866710596  0.06723596156513667  0.07524730229234862  0.08421165690117356
  0.09372246367484371  0.10314033184590631  0.11278234667607688  0.12273692201731774
  0.13305383189771677  0.14408961056087449  0.15485893494115052  0.16625221554307312
  0.17843760608135067  0.19088094207632281  0.20306871575989013  0.21491798222234490
  0.22707156213464855  0.24019975186859180  0.25319400388283614  0.26449948946324942
  0.27473997589351584  0.28518491239585131  0.29563587410474107  0.30873647205619265
  0.32237364514259281  0.33555652317367113  0.34879500850903938  0.36139625144517340
  0.37282534253973926  0.38344669065027209  0.39332749237248749  0.40313227705160209
  0.41238241583830898  0.42134067166956302  0.43080269194333026  0.44075580335386683
  0.45076569120790277  0.46185263134947518  0.47458296674564621  0.48765661496468848
  0.49993008931615163  0.51179814215309516  0.52353603502583668  0.53433827311756987
  0.54437720400321676  0.55657331254910636  0.56815533416948472  0.58024105372301182
  0.59306709486909359  0.60678733643997584  0.62064818430618718  0.63360099214590948
  0.64569677088523658  0.65688684779312789  0.66852052263019013  0.68131784558625519
  0.69446377869734954  0.70752840750339852  0.72053696583459825  0.73373432476615563
  0.74675840730597531  0.76003036829764048  0.77367983042453625  0.78728924978527548
  0.80097317971934789  0.81515755514235710  0.82987612966561963  0.84518370943229948
  0.86126331125457778  0.87870707039286799  0.89590705375553648  0.90891859473724101
  0.92107172259969627  0.93226993416852033  0.94354068816074754  0.95520647526961544
  0.96615490479846300  0.97693549746668229  0.98852981161933118  1.00000000000000000
 -0.00400529264478614  0.01377841109391604  0.02616462104929975  0.03695484247158267
  0.04736829403146250  0.05787646870663758  0.06845526592426618  0.07871489488853767
  0.09064417824347744  0.10333712741783020  0.11542129916803608  0.12777240542975743
  0.14099290940685644  0.15540592027522712  0.16729834619390155  0.18047839191626638
  0.19258333705807240  0.20394462353950696  0.21675097956385012  0.22978995461117546
  0.24155852128935126  0.25344938014858176  0.26622393602067507  0.27870056048787262
  0.28988996328203820  0.30172239703278830  0.31313637355392560  0.32407415607603368
  0.33549136234371241  0.34788472951717875  0.36003687279126106  0.37072362283365018
  0.38140577115511221  0.39130534777747461  0.40130673835487007  0.41138347919053131
  0.42230783272480932  0.43867145956048603  0.45381132895426479  0.46998389449493616
  0.48787374736708666  0.50203241125674480  0.50907560612243496  0.51680633096632367
  0.52507048810652146  0.53400563280109203  0.54294966917282461  0.55165544916419396
  0.56010984351209558  0.57059512681191227  0.58305939594023171  0.59567818860975874
  0.60640457715030482  0.61473034986254727  0.62255230780770465  0.63160321533177999
  0.64229288347487190  0.65348517018582741  0.66398145029821343  0.67390539319354370
  0.68366351262218672  0.69330317813221387  0.70329341888394536  0.71420818287113108
  0.72544963922125461  0.73720460162950674  0.74751994642640407  0.75731842699923890
  0.76774636282305786  0.77774648327086671  0.78714470623834265  0.79450234654426333
  0.80039023919550434  0.80629575163499856  0.81198441532044929  0.81750121281145938
  0.82531101873359247  0.83427755950860427  0.84287412342230272  0.85078557358462770
  0.86262190077122858  0.87683073951825752  0.88332875173318526  0.89035670872204375
  0.89727730732818323  0.90420600963785447  0.91071364903948060  0.91694127666250780
  0.92440187474497326  0.93197578098936484  0.94369764974748094  0.96027606466539250
  0.97127330960537916  0.98055644609096848  0.98939031774065689  1.00000000000000000
 -0.00173856592259791  0.00877162333646295  0.01709749515205325  0.02514299679670433
  0.03379627075796023  0.04326070196065081  0.05468155495589737  0.06893543781766412
  0.08531819629190424  0.09925100465138806  0.10995968605236638  0.12004687359033955
  0.12952594888131491  0.13919329676436706  0.14926640748024878  0.15887073605287497
  0.16802955539029227  0.17696909751694370  0.18602071148738733  0.19700919941654624
  0.21070093247067723  0.22487396748491828  0.23433824112663063  0.24306016995753116
  0.25272652427861603  0.26111035016433065  0.26998632979022807  0.27926169230050146
  0.28929934517318784  0.29936404540670764  0.30863248141973770  0.31834412720028876
  0.32863034252169449  0.33991517758787587  0.35037688622473601  0.35741525485221826
  0.36306006689011533  0.37054853575412361  0.37809187205193412  0.38601334629678602
  0.39353712301129823  0.40113614288680727  0.40890965586786387  0.41570102603850018
  0.42771038955153684  0.44529087221084485  0.46180976095326154  0.47708214458970133
  0.49182918581518281  0.50526019606017503  0.51837468417443855  0.53033587649268954
  0.54311716583085268  0.55613219327098140  0.57049418520888917  0.58194655165653797
  0.59060629865850756  0.59882272495484945  0.60694338073753773  0.61564603649643967
  0.62492466618067899  0.63347724503026814  0.64210749244134113  0.65356985747126239
  0.66578557935487082  0.67583357074746175  0.68473603711968745  0.69335683753120081
  0.70177839997306946  0.71015425072265870  0.71844662047635766  0.72620801151070657
  0.73593706174446494  0.74912445848272025  0.76080483952557754  0.77271568934226320
  0.78427246335990841  0.79612405924266305  0.80881932128863865  0.82568083970040285
  0.83962106911078693  0.85016591724532742  0.86189651943221801  0.87274709320757027
  0.88279754992497450  0.89236080380002603  0.90186309674793708  0.91266718008886605
  0.92214913581905467  0.93242504862982589  0.94246835667220663  0.95309222694267592
  0.96483444939745733  0.97665241350369858  0.98810728454016450  1.00000000000000000
 -0.00155175897551223  0.00844951892334386  0.01488509121462763  0.02132814406190076
  0.02811341275042194  0.03474402701350826  0.04153096028612233  0.05142790496097832
  0.06470268879312259  0.07649465803046453  0.09159895868677999  0.10848395767747721
  0.12636142265964898  0.14414472668318995  0.16011682029959837  0.17200431116406614
  0.18007313709340872  0.18887834058789024  0.19662818806554086  0.20289707107716970
  0.20865318317002884  0.21479688030565824  0.22143423303752541  0.22772833230516915
  0.23657870708708686  0.24759245981434760  0.26196958044185109  0.27758663398002326
  0.29280769110113503  0.30724624545237644  0.31714664698192252  0.32368902964155438
  0.33027089290983258  0.33653495345368695  0.34253347760243336  0.34888868981279025
  0.35485356516797933  0.36109876905155164  0.36754208334207628  0.37435682538039183
  0.38363054026797416  0.39593821653510475  0.41099455257550804  0.42956140384205643
  0.44388352611280762  0.45605974891346512  0.46754580376209720  0.47924038833525512
  0.49096411851438815  0.50233518173277791  0.51399819712833816  0.52662499523545725
  0.53904178957964133  0.55098894978625568  0.56201249541225284  0.57297492772426495
  0.58360123311135881  0.59341610984368143  0.60371331597484545  0.61437096371907929
  0.62570200423157574  0.63709578515446286  0.64811427638549679  0.65888888405771928
  0.66976365859955989  0.68099323784313948  0.69351492296564943  0.70830244442099821
  0.71626677706629260  0.72482583454987470  0.73365975904794611  0.74267371379648195
  0.75250969185128858  0.76197260888898366  0.77090581558329430  0.77993303851833029
  0.78891296486332552  0.79800776074948576  0.80762924513356760  0.81806591291563091
  0.82892512515124939  0.84262180860256053  0.85526200396455143  0.86696427376671037
  0.87779470898812106  0.88746535225733914  0.89661888818962032  0.90692337396462674
  0.91806638823928721  0.92998597707114627  0.94276042319008979  0.95515409574600885
  0.96629329100817785  0.97737877409781693  0.98890471237054911  1.00000000000000000
  0.00629521858440686  0.07194172784256603  0.13244175051683976  0.16995551110446908
  0.20476757174200080  0.23348328227557269  0.25533029733949131  0.27752330292232413
  0.30127405364780813  0.32160988143571817  0.34116414336176248  0.36401856167842461
  0.38640182772277132  0.40457510330071511  0.42100753092764609  0.43734922300259432
  0.45833723469310605  0.47432963627437175  0.48771834502520017  0.49917462099893883
  0.50849667423951583  0.51719580390286601  0.52611973777588628  0.53568980179050940
  0.54451073073708145  0.55452813606782236  0.56533815371575813  0.58016541726952142
  0.59373017718223020  0.60621456841326249  0.61629017621869919  0.62551605912192321
  0.63607283139678461  0.64629973352374015  0.65681860095816269  0.66696542330685549
  0.67780993435246895  0.68768668393178556  0.69698457027844007  0.70679742790721078
  0.71680501076520942  0.72771404273771878  0.73374084218095703  0.73983766674411100
  0.74600169097026303  0.75248422690347794  0.75955522384551355  0.76607551105085814
  0.77276314486210484  0.77836916466817951  0.78383641153968731  0.78856725368069058
  0.79356394309095590  0.79946815956135486  0.80570205912405879  0.81204415773329075
  0.81793520964816557  0.82325567246620079  0.82830193707183741  0.83359262971404413
  0.83915776794333263  0.84490384935407004  0.85105800323134151  0.85733252606505694
  0.86245444644119851  0.86782998773771636  0.87344625056045577  0.87712311396753828
  0.88021168294717644  0.88387377481222851  0.88733913299282607  0.89081285670263866
  0.89440097100531990  0.89780420145853324  0.90092491498875638  0.90396533688575564
  0.90723963248247996  0.91078384415583413  0.91434985811752467  0.91759649183933778
  0.92083449943018836  0.92395941144923255  0.92716221502980711  0.93026323341860218
  0.93328914222876203  0.93643374347344055  0.94064162383875127  0.94581094887220407
  0.95155723183489971  0.95683624516859822  0.96239419951198713  0.96811498999021339
  0.97389209421260392  0.98038472338360716  0.99019236169180369  1.00000000000000000
 -0.00187546677981000  0.00747149104126803  0.01571201357372439  0.02621410451299143
  0.03741608985141445  0.05060858333341400  0.06479184160272845  0.07889332711092917
  0.09362031249050558  0.10901518344310751  0.12235190343077228  0.13334831538082234
  0.14438712786089178  0.15584921955767941  0.16663976256012294  0.17719504504311417
  0.18669324118532662  0.19595897285279434  0.20672272954454479  0.21938511431941246
  0.23139618513200083  0.24189587114430844  0.25013596242116748  0.25691050694579010
  0.26343575058770979  0.26976370711604347  0.27644436558294005  0.28373672347453643
  0.29086379162088871  0.29869170752919338  0.30713260244060614  0.31737227171698129
  0.32935491789899835  0.33920651652782136  0.34810560812655483  0.35924146119163108
  0.37118306398832068  0.38290020985725043  0.39351283844064866  0.40160816329336818
  0.40836553704354756  0.41540423178376390  0.42296072958619135  0.43153628934181393
  0.44072934533921992  0.44891690328714473  0.45675922612016140  0.46454468071979915
  0.47231501230479289  0.48086293546090542  0.49245414007967581  0.50541487612598535
  0.51667598913782420  0.52648560823967960  0.53539854936744391  0.54466538347901472
  0.55437734379870651  0.56542733794639544  0.57833214727501125  0.59171207599475406
  0.60471813636471372  0.61740155071816627  0.62852886280113873  0.63987671663186230
  0.64983352328228372  0.65758906547198470  0.66504899650944738  0.67187235257826117
  0.67853607987432885  0.68554341434085520  0.69314450719052179  0.70119487214010412
  0.70809301790493595  0.71685342349753134  0.72674346724626437  0.73663573692489226
  0.74843722924105149  0.76108724426863184  0.77413960644585300  0.78751245102351308
  0.80260646950377812  0.81750891305321605  0.83267452749351190  0.84625011078565382
  0.85681066639962100  0.86641611291711496  0.87624987333288362  0.88630425736796459
  0.89738629883383403  0.90864424391339738  0.92100027876780766  0.93370526314317659
  0.94842088100966082  0.96284619748748534  0.97851261003046308  1.00000000000000000
  0.64574935080254725  0.67020131128676763  0.69432233537013843  0.71544417404044458
  0.73361130022654142  0.75076978035023256  0.76596322459573296  0.78066399408853115
  0.79398992361791632  0.80533080372229060  0.81645175070811904  0.82819488874584513
  0.83960883050073776  0.85060436850341981  0.86074886190940614  0.87005726597165045
  0.87838212449827147  0.88603796863320250  0.89382595708268664  0.90053653237331943
  0.90576739980228982  0.91077046586096699  0.91544737072435578  0.91929103871863393
  0.92204527036116379  0.92477118606566711  0.92761787588224487  0.93050901767730698
  0.93335172786327181  0.93596933380858593  0.93826198603804756  0.94012758409962982
  0.94197627436793674  0.94374108640698740  0.94540397714859048  0.94707111665247379
  0.94870680795023388  0.95030099288949998  0.95180481773131120  0.95319096360865441
  0.95445202104648574  0.95556059928159776  0.95661351525164884  0.95763082489630635
  0.95856007167223334  0.95938258868099990  0.96016468635056318  0.96097284470567390
  0.96179504877885780  0.96252303947125406  0.96319238878777114  0.96383145715007701
  0.96445719641128469  0.96502760695994849  0.96557059731307937  0.96609533085582711
  0.96659344021505089  0.96706379404641973  0.96751679557567094  0.96795346498018575
  0.96835751396806391  0.96872493272984006  0.96904133897536504  0.96935152066449859
  0.96965311641845775  0.96994500156332253  0.97027520109997567  0.97063225887455928
  0.97197556057499779  0.98195056741184072  0.98236390270484863  0.98273595092637900
  0.98302143781565687  0.98331043082681346  0.98361182186539386  0.98392415123477661
  0.98424413120381271  0.98460294324520226  0.98497286749673119  0.98535557033443655
  0.98574825204220395  0.98618309178086716  0.98665441393814246  0.98712480317321505
  0.98766388154797835  0.98825087291964353  0.98889082139280537  0.98964498282429891
  0.99047825231833075  0.99142087496013065  0.99240823849689008  0.99347520698685954
  0.99459181737018920  0.99591715905974276  0.99764129097755905  1.00000000000000000
  0.06274441129164535  0.20370737951889065  0.22582422595557147  0.24599837438788388
  0.25685656241938049  0.26483761555296376  0.27262845306166184  0.28020625224405887
  0.28816323496286828  0.29605691414644331  0.30298368603836118  0.30946282308631895
  0.31599405317191420  0.32365664963873519  0.33223279387753835  0.33855347869338986
  0.34469539584566028  0.35114493295196991  0.35773506600407112  0.36394957826953384
  0.37216383975770040  0.38012117709938337  0.38759932353928622  0.39440526705636225
  0.40105073316235168  0.40873496498200024  0.41524771058597948  0.42091096711818110
  0.42635131340635901  0.43154473467034277  0.43667364779577134  0.44140175539244425
  0.44618171475507529  0.45128652786288631  0.45579347335869014  0.46033380329549151
  0.46454963256338538  0.46928433160001803  0.47362240599356464  0.47763523410235648
  0.48230075206541723  0.48767886782236342  0.49366669733656915  0.49945566043480011
  0.50528111580048196  0.51148605854626616  0.51784842982033952  0.52402794831197297
  0.52991909058622522  0.53537300763499862  0.54111215736767315  0.54740910551113864
  0.55424744532208947  0.56088146594028110  0.56613377325813841  0.57034197353418825
  0.57457973305480492  0.57865731098479145  0.58266265196721689  0.58656580049364626
  0.59070409642910648  0.59481521128565529  0.59906791789390557  0.60330384548440485
  0.60775514993655955  0.61209343199285471  0.61620362936828255  0.62042333196593258
  0.62529398365009381  0.63131011558935479  0.63776892598038837  0.64386834476347554
  0.64973644347338588  0.65520057539270404  0.66128679198700624  0.66824803253708487
  0.67615191567089383  0.68428441829648667  0.69166122823783260  0.69861128767018577
  0.70549666060354377  0.71228540302651810  0.71873846291180832  0.72463485900250768
  0.73071986225541841  0.73797440971431383  0.74440486598639566  0.75148158543123189
  0.75896857200255430  0.76642599094547670  0.77567923591863241  0.78815880648845327
  0.80341385779155416  0.82632767262757156  0.86603298364087311  1.00000000000000000
   7.5924310138926076E-022  -1.0000000000000000     
 T F T F T F T F F F F F F F F F T F T F T F T F T F T F T F T F T F T F T F T F T F T F F F T F T F T F T F T F T F T F T F T F T F T F T F T F F F F F F F F F T F T F T F T F T F T F T F T F T F T F T F T F T F T F F F T F T F T F T F T F T F T F T F T F
  <DiscreteSampler_grid>
  grouped_processes
  1 # 1 for a reference and 2 for a running grid.
  10 # Attribute 'min_bin_probing_points' of the grid.
  1 # Attribute 'grid_mode' of the grid. 1=='default',2=='initialization'
  0.0000000000000000 # Attribute 'small_contrib_threshold' of the grid.
  0.5000000000000000 # Attribute 'damping_power' of the grid.
 # binID   n_entries weight   weight_sqr   abs_weight
    13   10   2.921185472404429E-014   4.207397569626540E-027   2.921185472404429E-014
    14   10   2.921185472404391E-014   4.207397569626447E-027   2.921185472404391E-014
    16   10   1.963951634402827E-014   1.325826268551296E-027   1.963951634402827E-014
    17   10   1.963951634402864E-014   1.325826268551300E-027   1.963951634402864E-014
  </DiscreteSampler_grid>
