  0.00000000024822614  0.00000000033985716  0.00000000041885656  0.00000000049711914
  0.00000000057769745  0.00000000066083677  0.00000000074374806  0.00000000083428141
  0.00000000092642550  0.00000000101979718  0.00000000111366781  0.00000000120801764
  0.00000000130895612  0.00000000141508155  0.00000000151861614  0.00000000162292068
  0.00000000173147335  0.00000000183930323  0.00000000195023468  0.00000000206407360
  0.00000000218179334  0.00000000229952388  0.00000000241631349  0.00000000253328934
  0.00000000265275341  0.00000000277820410  0.00000000290711635  0.00000000303472806
  0.00000000316130722  0.00000000328780698  0.00000000341365161  0.00000000354747409
  0.00000000368378707  0.00000000382159973  0.00000000395931520  0.00000000409699042
  0.00000000423226960  0.00000000436944462  0.00000000451142099  0.00000000465807043
  0.00000000480427603  0.00000000495134676  0.00000000509952627  0.00000000524854424
  0.00000000539915060  0.00000000554925499  0.00000000570091193  0.00000000586034746
  0.00000000602614669  0.00000000619350373  0.00000000636739275  0.00000000654325686
  0.00000000671839693  0.00000000689500095  0.00000000707271438  0.00000000724238714
  0.00000000742326265  0.00000000761357151  0.00000000780765515  0.00000000800551121
  0.00000000820768172  0.00000000841457005  0.00000000862611492  0.00000000884042120
  0.00000000905323935  0.00000000926149450  0.00000000946860143  0.00000000969602968
  0.00000000993694814  0.00000001018624885  0.00000001043674187  0.00000001068797077
  0.00000001094201136  0.00000001119733952  0.00000001145960366  0.00000001173679781
  0.00000001201077341  0.00000001230415968  0.00000001261309982  0.00000001294546345
  0.00000001329573499  0.00000001365381521  0.00000001402318143  0.00000001440176556
  0.00000001479335596  0.00000001520537816  0.00000001564937733  0.00000001613090057
  0.00000001677036702  0.00000001746334872  0.00000001822135397  0.00000001907652519
  0.00000002009412850  0.00000002214709792  0.00000002366108903  1.00000000000000000
  0.00970567036187120  0.01600238758283844  0.02479207558341008  0.03462074650854422
  0.04443236325622606  0.05449378933178922  0.06483061086483624  0.07551947497229719
  0.08645005409596397  0.09757891486495800  0.10829487192030054  0.11889349415830287
  0.12921677985249994  0.13971037192948718  0.15007474595226095  0.16011302975346764
  0.17001882994956316  0.18007366218402263  0.19042162386281289  0.20069797370262199
  0.21070770328428159  0.22082593117921320  0.23106061492157573  0.24088237478965907
  0.25053093628407336  0.26028497423894265  0.27045497485187492  0.28083077409153478
  0.29096114046606547  0.30130525806452085  0.31138447620482357  0.32168089363242364
  0.33199675965622888  0.34242131754925503  0.35304837616937657  0.36371600041130275
  0.37418550855144456  0.38439533865434344  0.39454579766005726  0.40485713452062511
  0.41491441028372217  0.42506926755735663  0.43527359060736215  0.44594730648612807
  0.45621952220395617  0.46652667933371383  0.47666166743923455  0.48694239788457766
  0.49726381658858476  0.50841818403078320  0.51921933478946181  0.53002546184800092
  0.54065959316559564  0.55232721986742461  0.56383945638130584  0.57449157752365543
  0.58522351142913120  0.59596578859612925  0.60666177819673162  0.61692248061586397
  0.62707681917352964  0.63706316791971529  0.64687802859730603  0.65684805931080836
  0.66711500663457346  0.67777461770975833  0.68827567493550967  0.69852006668329247
  0.70874314256035365  0.71931935135448788  0.73027545315413245  0.74140511748602111
  0.75232491603811336  0.76308720715563871  0.77366434034270781  0.78403725198790886
  0.79453019475839581  0.80529573785773478  0.81606907651902771  0.82644106287089447
  0.83662340033833515  0.84683854217303578  0.85700091573576875  0.86682740577427930
  0.87658679648593163  0.88654662804572948  0.89665465818891454  0.90669485361909785
  0.91645962095443645  0.92631223458641265  0.93670016532505407  0.94771827030671163
  0.95902424071455883  0.96979771770224521  0.98059000341539948  1.00000000000000000
 -0.00204484272806011  0.00978025297733020  0.01974275160615433  0.03004651059161313
  0.04038369202614111  0.05048022840893170  0.06036107030357329  0.07087901164860488
  0.08158606179740288  0.09217548355856162  0.10232281389193902  0.11279533983469349
  0.12326474851827290  0.13374838689635465  0.14471780253085986  0.15660879816048301
  0.16824228669212055  0.17950196152364933  0.19008037011937054  0.20121977108197317
  0.21182346899189733  0.22238522020358428  0.23284413192073811  0.24386787911225319
  0.25430169620975857  0.26443219235884385  0.27498755397975044  0.28594141902401510
  0.29671419378242730  0.30730892371825724  0.31849209862533018  0.32993331939059828
  0.34109507542021383  0.35238293373585028  0.36309295152040372  0.37338208960194985
  0.38315629562165754  0.39314554043002103  0.40355835164408455  0.41404933264072130
  0.42452724066012559  0.43486154425616402  0.44509451910583625  0.45546054106332912
  0.46639496931517055  0.47782690801598671  0.48887604440332211  0.49970169969622269
  0.51068176871999071  0.52142036853473372  0.53196317193916298  0.54242613646295446
  0.55293749933200764  0.56338811114509935  0.57338608741590269  0.58336488802432263
  0.59307845828982553  0.60300774851347461  0.61303760122738526  0.62312924687093429
  0.63320897013259170  0.64317151543789663  0.65323303818461831  0.66359130847353354
  0.67406422164124069  0.68483405149864895  0.69562977380139879  0.70632209177122740
  0.71667059345542594  0.72685068703728373  0.73709521908351205  0.74751618239606865
  0.75769939039545731  0.76798364541086317  0.77847361818410465  0.78918944884419351
  0.79955046769958926  0.80948673766791035  0.81926869641278355  0.82893378116164118
  0.83881690026608624  0.84907879102756401  0.85970654401765279  0.87104904433627695
  0.88207683132864712  0.89289520666170652  0.90358145107680332  0.91402371813895222
  0.92465181979553079  0.93485118806338185  0.94485773918345495  0.95524140947904546
  0.96594047480535339  0.97713041833420833  0.98850000737007337  1.00000000000000000
 -0.00239917183907055  0.01020184416705725  0.02028813654518057  0.03087510554099608
  0.04125427949528142  0.05205353376433174  0.06253591983191646  0.07350849713178509
  0.08468890061991860  0.09571591878438278  0.10667674731180650  0.11763901839204904
  0.12910718808012736  0.14044028824655919  0.15125788051360173  0.16193735367760007
  0.17286727012250094  0.18365548371928200  0.19421070698480125  0.20452529836151948
  0.21472410542929032  0.22477570439301586  0.23538600185179520  0.24615832229291396
  0.25689852537752622  0.26718167547956212  0.27788694516298135  0.28880749499933378
  0.29995962946470855  0.31084798586115392  0.32232940464420040  0.33335465437685841
  0.34370319136259303  0.35334387587578242  0.36266392454167440  0.37222978413230334
  0.38194419713516919  0.39168502574043251  0.40163343672082952  0.41183637898528336
  0.42231798204328080  0.43298514762095541  0.44347008878743438  0.45388721328606574
  0.46454796460375797  0.47561111798761546  0.48594979039887964  0.49549057198892354
  0.50488281698778303  0.51420632585929738  0.52401014343664420  0.53397902376018103
  0.54374478303402074  0.55368471305295863  0.56381274061734199  0.57439399285709081
  0.58500849251326992  0.59539528843590084  0.60562881490204656  0.61568944189719010
  0.62595945320724200  0.63625333008216345  0.64659963898620842  0.65690818837307696
  0.66748895323458202  0.67796436066350863  0.68848351458149037  0.69922525400386248
  0.71044439630208556  0.72188819120250647  0.73296879035857410  0.74341950281267899
  0.75422237213178533  0.76505522039750151  0.77606424331793677  0.78655353065109546
  0.79712996930792746  0.80776054809873898  0.81883013107508951  0.83031787595864204
  0.84137682995793484  0.85232552483296264  0.86285385100305523  0.87333872725392492
  0.88339545955774723  0.89300927438274691  0.90308832440686237  0.91356770254515485
  0.92464330822718421  0.93583295994053872  0.94711508326060700  0.95787639996906715
  0.96886354029624433  0.97907022438073532  0.98973410533183470  1.00000000000000000
 -0.00247818211150054  0.01014689369130350  0.02065814681789914  0.03145300404380053
  0.04223736018925866  0.05339577338699260  0.06464720572490022  0.07658223104448673
  0.08768460743023593  0.09815128754442926  0.10836856512922745  0.11850851866985475
  0.12870349661049463  0.13876356194720976  0.14927833512394392  0.16013939409250835
  0.17088157420780251  0.18138598608272580  0.19195647382209144  0.20282129991193698
  0.21394980844187950  0.22477788495836756  0.23562681665254889  0.24622164557364060
  0.25656050932484559  0.26702185478088025  0.27739557888521971  0.28766956402535121
  0.29744221834272316  0.30691747686148418  0.31636394037465476  0.32597548272421378
  0.33638070792532970  0.34715982547630070  0.35804972521357004  0.36902306272167917
  0.38078062311664873  0.39314856672977155  0.40419293858582317  0.41532023925646683
  0.42610165125124672  0.43675888715934219  0.44694748413898866  0.45722525363948385
  0.46774894836007402  0.47807945940139379  0.48829058585428181  0.49870757796135440
  0.50917215227526702  0.51989443060697249  0.53054130257893373  0.54114265200825373
  0.55134375462947172  0.56163019514685530  0.57198040293405061  0.58235857298407923
  0.59324626276971903  0.60478461463856525  0.61648694980230478  0.62746309360236796
  0.63793906488428720  0.64837796534254599  0.65896706122860771  0.66997334880533443
  0.68132729591357066  0.69253650905372499  0.70318444334839803  0.71322570072684244
  0.72290791934748933  0.73262014503565698  0.74235224027953595  0.75212156752282422
  0.76197692969211628  0.77204030097013054  0.78234361837436928  0.79262319279820881
  0.80285965703537820  0.81320191366065764  0.82379549185668133  0.83450724722332481
  0.84517840312960713  0.85579504893149516  0.86634836385404834  0.87666603067865123
  0.88681631418722029  0.89709847888096517  0.90754940544002216  0.91825961779112342
  0.92907207783399037  0.93946570866689694  0.94958046655885486  0.95950264095648130
  0.96998938863635142  0.98006841767802999  0.99017885344483469  1.00000000000000000
 -0.00244553607889376  0.01012936940012585  0.02037375965356079  0.03096600727972023
  0.04182364137127480  0.05210423071409272  0.06239889613640855  0.07277375150015052
  0.08322720061565374  0.09283262575402335  0.10233730179933162  0.11234977330011085
  0.12266239224268573  0.13313816783238219  0.14394607469365506  0.15607679668137781
  0.16809896905252350  0.17973757668849788  0.19092086717237997  0.20196272383360636
  0.21309358671635734  0.22423839788132077  0.23518703727610740  0.24583745270237492
  0.25608906180167024  0.26615932852066726  0.27636789002029738  0.28659960244491572
  0.29647685269879448  0.30610196958592389  0.31602215431599284  0.32624011255352331
  0.33628915867704495  0.34626756985904361  0.35614118900664227  0.36590795064523191
  0.37552887228722864  0.38514742374993616  0.39486814701357575  0.40484809994686777
  0.41444727716167007  0.42444670712222837  0.43480923592906984  0.44552788454433201
  0.45638967307930717  0.46685284829557033  0.47716647373722332  0.48740824222661200
  0.49751728146607543  0.50751552616573792  0.51741515434001573  0.52812577373824432
  0.53994495618619276  0.55142660786541875  0.56304907710977792  0.57392764828186205
  0.58508267508274459  0.59588711255295368  0.60632021934249791  0.61674939560254005
  0.62671954336675173  0.63682667142008409  0.64689828891046486  0.65713863943307560
  0.66731770617889485  0.67770495110645046  0.68789272410058522  0.69868680596884047
  0.70913965960525749  0.71979003858926160  0.72988708459377005  0.73983306990747200
  0.74999280162925930  0.76046138624844584  0.77094982262720324  0.78192409615122593
  0.79317745021536790  0.80474814161829400  0.81619512743744449  0.82736640894770153
  0.83795802987780632  0.84815810434191430  0.85874775020737826  0.86959529430201155
  0.88006217265413855  0.89028354232656937  0.90061245914482668  0.91107775955290959
  0.92163594342395350  0.93220690324885258  0.94331381155174365  0.95457926850245645
  0.96622395739674904  0.97779553391892493  0.98899124992793197  1.00000000000000000
  0.00488532137283921  0.10678205907858516  0.16237919935911144  0.20152699515865685
  0.23308724586093876  0.25949309763780543  0.28345130372941157  0.30515038284806478
  0.32496145530146170  0.34324111114229156  0.36050004047623385  0.37777073589193866
  0.39325641536654260  0.40754137791870759  0.42086873543626452  0.43384702496395833
  0.44629971819597525  0.45825428371929167  0.46971722298647373  0.48110217494766466
  0.49237183906102111  0.50332353651892348  0.51357460921219755  0.52354235062074039
  0.53346158182559200  0.54347952111265785  0.55302596088577349  0.56250190705335179
  0.57190947079599441  0.58130909412521037  0.59045832036734358  0.59962446210192444
  0.60874017800819524  0.61734331150693156  0.62570191704541267  0.63353708147812404
  0.64150214973829212  0.64923220847570451  0.65690855367172052  0.66427003003527452
  0.67165453751786897  0.67872112234846627  0.68579077027382018  0.69269569706112433
  0.69968515525166886  0.70672818040733909  0.71374056713429734  0.72066872584854247
  0.72746245109824037  0.73403685353532444  0.74050281254694117  0.74692424831826310
  0.75324447498158009  0.75943130510659307  0.76552219266622623  0.77172072208062159
  0.77790694260529480  0.78414381955736556  0.79017916512776565  0.79619470768111711
  0.80224276007040596  0.80829549583425364  0.81441439539645122  0.82060903131268226
  0.82675401857216679  0.83276792461840121  0.83869426691391125  0.84436782507794284
  0.85000445944274627  0.85552776333460079  0.86105629727791855  0.86663135935469193
  0.87221938809627764  0.87778081820004827  0.88333649241870515  0.88886087838845262
  0.89448633134607503  0.89976312208966913  0.90495332733898781  0.91005458189180355
  0.91518506308477732  0.92041907296925252  0.92562793680545330  0.93070592399127283
  0.93576926619687850  0.94091785114562743  0.94627908063337163  0.95172159289857960
  0.95713827442217392  0.96250562769311332  0.96782615938624950  0.97320411835016529
  0.97854656594483114  0.98311665256330483  0.98621986176874343  1.00000000000000000
 -0.00247444539817932  0.00947581776820138  0.01995845780555993  0.03156405659793270
  0.04334908897913775  0.05435862784715232  0.06468544405251118  0.07494607372223269
  0.08576093825743132  0.09693827432790268  0.10804812305635458  0.11875301168623900
  0.12980196739056282  0.14053120130981667  0.15110980321104650  0.16139365033705150
  0.17183982554413499  0.18240848116734495  0.19320222714660490  0.20434145065451226
  0.21574408786226851  0.22703702555115624  0.23792397853155045  0.24879512474719814
  0.26001589918345241  0.27147379771731889  0.28271339906647719  0.29385438279790649
  0.30513566400819170  0.31633799613218139  0.32728443297180859  0.33802441712853137
  0.34846273707429931  0.35846783248461078  0.36840821105968674  0.37839213884273482
  0.38844563534429938  0.39850213767786236  0.40823790279388600  0.41748378405160647
  0.42675933320750847  0.43610928185467634  0.44620464955092998  0.45639982528688045
  0.46606462454578307  0.47603862492904625  0.48618886912839432  0.49635094101809429
  0.50629788313245783  0.51641393217808951  0.52762996809823093  0.53926918522739353
  0.55063504581965250  0.56198438681532770  0.57379041753537696  0.58542484085559920
  0.59632515075294124  0.60707539307310987  0.61707347333078255  0.62762564680539912
  0.63814197980563847  0.64874024853300660  0.65941883650507160  0.67058340296129793
  0.68176728771459172  0.69206455470017159  0.70241707616503268  0.71305001598593343
  0.72424994811607679  0.73534863662314998  0.74606567674987145  0.75639890310749935
  0.76635282222446410  0.77648548716317189  0.78683849653621929  0.79694075186318525
  0.80687050314875819  0.81713900991013566  0.82738924729135233  0.83732751097008828
  0.84751429654390664  0.85798915819323118  0.86932650898318986  0.88003219094105500
  0.89004298983793584  0.90002379891081286  0.90997279189268243  0.91984338709377444
  0.92957117293934788  0.93930891447725229  0.94922953713875324  0.95924614938810859
  0.96927286688615932  0.97927748766000866  0.98958033947476054  1.00000000000000000
  0.02475088069047862  0.03049895262588478  0.03913255814426005  0.04805520081628624
  0.05722119603515214  0.06632731612436626  0.07585835457260613  0.08581367723139355
  0.09653042099852831  0.10712250019809536  0.11732568096882591  0.12748710196170321
  0.13793211249293522  0.14855200150734491  0.15925428042258941  0.16992020786216988
  0.18070527176097734  0.19131931261867222  0.20162316745466297  0.21177476465518771
  0.22182999817815685  0.23217361691451710  0.24263729459118405  0.25294140249541830
  0.26297199684286521  0.27278421270335679  0.28285786727356993  0.29334339160604389
  0.30354591654194280  0.31370654477630172  0.32436212828454292  0.33501588051094905
  0.34523735511056858  0.35565623712954836  0.36665906099507561  0.37722954243864554
  0.38747013444537015  0.39735897269020515  0.40722760620394627  0.41698554110616287
  0.42700528127447857  0.43706488288355327  0.44698056900448430  0.45659126338362127
  0.46611784824367020  0.47600084742069854  0.48623233303405311  0.49637257663433465
  0.50592808678829648  0.51519062900746759  0.52471038252244229  0.53449798275605886
  0.54420980343211744  0.55338775358616965  0.56258582265906687  0.57211748584495958
  0.58167000548483694  0.59129130601414825  0.60107138855845010  0.61069444773012571
  0.62054515071156102  0.63030333670641914  0.64065907569165192  0.65111073603238800
  0.66192104727609458  0.67255601941170429  0.68274906420193204  0.69278368697977333
  0.70291653379268670  0.71313180563928236  0.72334346038870667  0.73379018011339259
  0.74455060972353670  0.75532382269403264  0.76573793109549915  0.77627561372915665
  0.78709746676424697  0.79786393720864024  0.80832504872006450  0.81871976517252576
  0.82882102067213759  0.83862631137581523  0.84822121189004818  0.85827678710546929
  0.86838350668013353  0.87850867352828987  0.88870185018219139  0.89922145023555078
  0.91025560337903311  0.92118248573635153  0.93180370222830600  0.94251366369678724
  0.95380111813591761  0.96405954343229683  0.97118516465118898  1.00000000000000000
  0.04685532085353492  0.22336819281238771  0.24072063747689740  0.25502097475101509
  0.26586798921478394  0.27542647082117550  0.28371353346691847  0.29209166067721654
  0.29959928258656976  0.30700342155157451  0.31382852864832783  0.32084075644180232
  0.32770559562470547  0.33457847837466925  0.34118684510837910  0.34753682351794218
  0.35371900823769820  0.35971295570949730  0.36556761441042912  0.37140290272115917
  0.37704149762024280  0.38259177576962289  0.38819843968130807  0.39366519399049243
  0.39898206134776992  0.40417023722617063  0.40933660936521582  0.41456188788421527
  0.41974826106796925  0.42484121691876631  0.42986237453583098  0.43519485824441528
  0.44028365555490229  0.44535933398922550  0.45036270802055139  0.45533999746464782
  0.46036751832743755  0.46547591666789973  0.47060894745230897  0.47568197659122385
  0.48068877434401303  0.48569486425392494  0.49075555201561927  0.49584371903475138
  0.50096351999582822  0.50626974231414468  0.51162847298947001  0.51705905858968815
  0.52231439544150526  0.52743678827507534  0.53242637006745730  0.53735737949071738
  0.54246437656661983  0.54770707563671850  0.55304864813801213  0.55850151826743955
  0.56394648619387455  0.56941482937074739  0.57495508479425905  0.58052394160128906
  0.58622604344016205  0.59214042087926932  0.59832615135437472  0.60459709488021751
  0.61076406457564059  0.61680909698820596  0.62273958057024281  0.62870664162973688
  0.63475754141396457  0.64091447843719429  0.64736042171048969  0.65412035910807109
  0.66093771973983706  0.66795099033059180  0.67522586679041519  0.68256235362363160
  0.69013844188645612  0.69809966689042224  0.70628980226173632  0.71448075938675870
  0.72257520920198037  0.73080095018300706  0.73906491966435772  0.74743674663683424
  0.75612071197230368  0.76522606304151120  0.77484734221207485  0.78477791379326733
  0.79514953617620621  0.80616059299616594  0.81749452197661332  0.82979523109506592
  0.84387500650717828  0.86027217352842877  0.93953965762349001  1.00000000000000000
   1.1456028716972654E-021  -1.0000000000000000     
 F F F F F F F F F F F F F F F F T F T F T F T F T F T F F F T F T F T F T F T F F F F F F F F F T F T F T F T F T F T F T F T F F F F F F F F F F F F F F F F F T F T F T F T F T F T F F F T F T F T F T F T F F F F F F F F F T F T F T F T F T F T F T F T F
  <DiscreteSampler_grid>
  grouped_processes
  1 # 1 for a reference and 2 for a running grid.
  10 # Attribute 'min_bin_probing_points' of the grid.
  1 # Attribute 'grid_mode' of the grid. 1=='default',2=='initialization'
  0.0000000000000000 # Attribute 'small_contrib_threshold' of the grid.
  0.5000000000000000 # Attribute 'damping_power' of the grid.
 # binID   n_entries weight   weight_sqr   abs_weight
    13   10   1.861931356713567E-011   7.029830782756360E-022   1.861931356713567E-011
    14   10   1.861931356714817E-011   7.029830782756917E-022   1.861931356714817E-011
    16   10   2.237000985892472E-011   1.158703819364299E-021   2.237000985892472E-011
    17   10   2.237000985892767E-011   1.158703819364322E-021   2.237000985892767E-011
  </DiscreteSampler_grid>
