  0.00000000024716399  0.00000000034225194  0.00000000042295845  0.00000000050120909
  0.00000000057713961  0.00000000065792580  0.00000000074169064  0.00000000083299892
  0.00000000091990425  0.00000000100979562  0.00000000110129594  0.00000000119161806
  0.00000000128400438  0.00000000138270673  0.00000000148028017  0.00000000157773380
  0.00000000168219319  0.00000000179360419  0.00000000190645067  0.00000000201797920
  0.00000000213204676  0.00000000224546670  0.00000000235885434  0.00000000247476200
  0.00000000259272061  0.00000000271823950  0.00000000284541026  0.00000000297261460
  0.00000000309885468  0.00000000322421074  0.00000000334474987  0.00000000347361517
  0.00000000361398016  0.00000000375918007  0.00000000390577976  0.00000000405293361
  0.00000000420052291  0.00000000434186822  0.00000000448894641  0.00000000464090571
  0.00000000479561604  0.00000000495250540  0.00000000510881482  0.00000000526477939
  0.00000000542083594  0.00000000557544058  0.00000000573468130  0.00000000590956944
  0.00000000608643033  0.00000000626629715  0.00000000644578846  0.00000000662927363
  0.00000000681274995  0.00000000699956160  0.00000000718599636  0.00000000737565327
  0.00000000757399170  0.00000000777406551  0.00000000797748336  0.00000000817451442
  0.00000000837253435  0.00000000857221324  0.00000000877096115  0.00000000897447643
  0.00000000918484935  0.00000000939918474  0.00000000962244670  0.00000000986264138
  0.00000001010752149  0.00000001035840896  0.00000001061664230  0.00000001087484012
  0.00000001113251963  0.00000001138904622  0.00000001164645420  0.00000001190824160
  0.00000001216692053  0.00000001246015766  0.00000001277929979  0.00000001311070640
  0.00000001344780427  0.00000001379173218  0.00000001414896950  0.00000001452249507
  0.00000001490482019  0.00000001531511756  0.00000001573681065  0.00000001626528311
  0.00000001689809316  0.00000001756384164  0.00000001828798023  0.00000001911532929
  0.00000002014478083  0.00000002213355397  0.00000002375461707  1.00000000000000000
  0.00919632567432466  0.01757376908804185  0.02744140002054534  0.03773573631052108
  0.04814258729415084  0.05830141740703408  0.06883783193787460  0.07932655049196084
  0.09055792534941502  0.10189885299252682  0.11284393459418395  0.12313046162482873
  0.13306123444626514  0.14280702342848478  0.15294778159409606  0.16302183757701022
  0.17367551383202556  0.18428852110468188  0.19586902215126295  0.20718165606040650
  0.21786755414626674  0.22842984307903014  0.23802138460550534  0.24781316636190440
  0.25685110000556843  0.26590480776232112  0.27549076587503807  0.28518794235073441
  0.29508232261547951  0.30494723393139106  0.31514913725864341  0.32669900420023013
  0.33830664092489171  0.35016632563679656  0.36121045390846829  0.37185065262515038
  0.38221911440563827  0.39238635338176919  0.40245458557847030  0.41239909398752461
  0.42276281929679599  0.43308508728350731  0.44370303242548598  0.45438256710068053
  0.46566114073801584  0.47704060884298238  0.48831935285710587  0.49915353148461705
  0.50947155039168901  0.51962863776637813  0.52982097361054759  0.54014413818872475
  0.55064580512466765  0.56084297436216346  0.57093176127515355  0.58105312765640293
  0.59107340891511762  0.60104854486065484  0.61133101376632770  0.62174324787547730
  0.63218903037847873  0.64252952111372763  0.65283529399780504  0.66334476226659178
  0.67366042605468246  0.68426264581113039  0.69505919444217101  0.70587786777592654
  0.71690155559145885  0.72789155889639590  0.73914063174718481  0.75024032570860355
  0.76082136000852807  0.77099969656171385  0.78099028090752898  0.79081888225783326
  0.80070861521661740  0.81090198666560875  0.82125241418873640  0.83170030386744054
  0.84225994071732746  0.85273081661867367  0.86264873759013128  0.87211066270364135
  0.88175078470654544  0.89178702170356527  0.90190415694474857  0.91216851429132850
  0.92251346864461914  0.93271584949530872  0.94289324869687619  0.95363166685548340
  0.96436915412209956  0.97494500366424852  0.98661331141629105  1.00000000000000000
 -0.00203545807555717  0.00953261504744170  0.01965560818764107  0.02969753788258067
  0.03995450964574930  0.05041205077452356  0.06124258310754629  0.07235312280088554
  0.08378112369701006  0.09548122374562792  0.10724054334810816  0.11880724101330958
  0.12986534022887217  0.14052233133667574  0.15133015149422874  0.16248856423271957
  0.17349969101648036  0.18428786063872762  0.19509206449604635  0.20622964997538160
  0.21755836779679696  0.22849058122575339  0.23849487513294765  0.24831689212176200
  0.25866725580385713  0.26951918767465399  0.28031251707359345  0.29130422230477154
  0.30273960779659853  0.31393373504053323  0.32462976325734383  0.33553088654394930
  0.34690519433440992  0.35830474811702029  0.36940633902241266  0.38018425445374104
  0.39079585918915255  0.40138052970165611  0.41198380505831578  0.42195522527631907
  0.43168409548154407  0.44144867973184171  0.45127623623297108  0.46098136355907288
  0.47070642202211344  0.48100875067495563  0.49199949870556609  0.50275032487374260
  0.51298962169651363  0.52317818878818578  0.53299991417779857  0.54271660563152535
  0.55267878761704559  0.56296723973860396  0.57320068297780147  0.58323295944883047
  0.59359737243973043  0.60379389161571317  0.61337642607840337  0.62308834407555580
  0.63299783561918199  0.64287726026969405  0.65310321343632183  0.66342529641411829
  0.67385432112351584  0.68430028630995621  0.69537905326384875  0.70736885534652527
  0.71825564693820310  0.73004335459833702  0.74055562293044375  0.75141469072958733
  0.76075077144739645  0.77011158307455063  0.77966391496010667  0.78953324449553541
  0.79949392568372168  0.80907890403229488  0.81848766644356807  0.82840467876116963
  0.83827552688647822  0.84863505529245076  0.85967301525801909  0.87159348494062538
  0.88333319541175581  0.89460497109155712  0.90521479346360123  0.91578156878967520
  0.92593964681388197  0.93608711073495521  0.94631973977622397  0.95656862971769252
  0.96690517805882970  0.97752347036367593  0.98869068365843316  1.00000000000000000
 -0.00252133904282372  0.01030807404497525  0.02099818814199611  0.03205742331778467
  0.04261693200638506  0.05326345690530564  0.06384173262554507  0.07439205116446311
  0.08486348657221315  0.09564909909691656  0.10646422910075011  0.11713758180322023
  0.12754072838587496  0.13797658154686174  0.14836337582590728  0.15849140094652084
  0.16857676040983036  0.17859440380831484  0.18841568275017517  0.19801433428449777
  0.20771574042729260  0.21807165813135215  0.22819673403302956  0.23856465831870494
  0.24909627572072224  0.26107553334350281  0.27290462541364718  0.28409126582350219
  0.29455954453197586  0.30504736662841669  0.31532636063545916  0.32607576686601120
  0.33679021594783565  0.34726668397473370  0.35713808667642671  0.36670021363216065
  0.37621737264739041  0.38575364182348904  0.39531426796724206  0.40503965637124273
  0.41487064441844962  0.42534626045064206  0.43640238857891217  0.44807961886595082
  0.45998273371340237  0.47240180426670358  0.48381310346638312  0.49484425255041758
  0.50573107365456471  0.51683751957387358  0.52755346125118341  0.53771869107439174
  0.54861875931547799  0.55971051963340379  0.57049984499170658  0.58121040201815999
  0.59150942397293960  0.60211239402372796  0.61228800354301782  0.62217387299373883
  0.63170749762238287  0.64136168962706475  0.65162628135179779  0.66196033942523280
  0.67211168756600248  0.68217208495816350  0.69216578075302038  0.70222453781271776
  0.71209196558331189  0.72196403992338809  0.73175590011144453  0.74159693349168732
  0.75133638877160913  0.76116810279077174  0.77126627200611098  0.78192600452946004
  0.79270575084682893  0.80346827622997397  0.81400824522443949  0.82388259055531654
  0.83395420795722819  0.84425496322180560  0.85436304533492302  0.86435199862084011
  0.87476128126307262  0.88651105664751684  0.89871155228743294  0.91013206706008287
  0.92153057910196945  0.93316063080616818  0.94516151246163449  0.95709157942994383
  0.96810452325024965  0.97895916681907069  0.98953157947325232  1.00000000000000000
 -0.00283939018533676  0.01028174467651301  0.02155041476151706  0.03281773685217085
  0.04348146261902730  0.05338151616923763  0.06290953106601341  0.07261844697801507
  0.08262942823200653  0.09315408876986266  0.10407617798753151  0.11617025591839433
  0.12810101367717686  0.13981990386841217  0.15143902082263305  0.16308066188543421
  0.17382697264698824  0.18415609026226037  0.19398729744382565  0.20389136840293501
  0.21387037437871109  0.22407994843164783  0.23418772830375248  0.24422018830300748
  0.25485540980294191  0.26548081982841670  0.27597735454822137  0.28646851617644731
  0.29722656704629863  0.30797442886151505  0.31841716567444156  0.32858089300319993
  0.33850947976943851  0.34830337214526413  0.35832334492186629  0.36993734640783454
  0.38130542930278855  0.39260897032704273  0.40289585121847110  0.41319451966765713
  0.42344739536614490  0.43398030675834165  0.44432664619743084  0.45452789892059464
  0.46502712231548654  0.47565516166324634  0.48613402204362371  0.49651630603247426
  0.50719499659253586  0.51812451827305894  0.52876532463039128  0.53921954347443479
  0.54991134593077018  0.56095978558952142  0.57185139290501852  0.58275685310232772
  0.59318490572122085  0.60338402510733147  0.61372685607287136  0.62413559565693821
  0.63458624819480403  0.64481653320594468  0.65541510631363908  0.66616528240998041
  0.67682843982827467  0.68756125979323257  0.69788531774708684  0.70808372408896580
  0.71807543716913502  0.72815410412472226  0.73830942374591979  0.74817804047343583
  0.75818899037565091  0.76835563281465658  0.77812755103008735  0.78821347640719253
  0.79794949541554305  0.80775639617671513  0.81819970734956493  0.82908713100586739
  0.84029138350980626  0.85147232574077059  0.86210498758661280  0.87201442131219498
  0.88186928421158817  0.89212078531323846  0.90300398581173147  0.91365566553993327
  0.92393821558496325  0.93415324611169814  0.94442557665784166  0.95472144885781285
  0.96600882206241956  0.97705916376723745  0.98871670530391476  1.00000000000000000
 -0.00247040042392394  0.01015310154581930  0.02111411238275906  0.03238694794019113
  0.04384242462170954  0.05514501223401132  0.06668855111625492  0.07783929594196411
  0.08824896956493043  0.09806535592996862  0.10815139541417121  0.11857972340737304
  0.12858680744107520  0.13816251880297512  0.14808412912101224  0.15851756901755332
  0.16906396449907674  0.17939564347416009  0.18994672333210441  0.20119044890006288
  0.21196591517685154  0.22260464326619786  0.23290045375137336  0.24306320275806392
  0.25316247480102583  0.26317519594110100  0.27349523741073806  0.28424991917573322
  0.29545252825057655  0.30712601483830476  0.31905389359068298  0.33066875060824291
  0.34151007129588962  0.35183015825821390  0.36203478940510619  0.37184170407511896
  0.38144766879094338  0.39087224173630924  0.40103686473439509  0.41167801443108482
  0.42217043206516086  0.43256486574925745  0.44271460790221862  0.45261188597263136
  0.46266266256761096  0.47331456026955143  0.48442643735133767  0.49562746498859539
  0.50710681823125414  0.51867121905256652  0.52940471071846684  0.53960731633102466
  0.54956953608449444  0.55985685093848536  0.57049862575973376  0.58122570998135203
  0.59189501870188754  0.60243818591874865  0.61298707671551722  0.62338188220959490
  0.63368778192666075  0.64403182203562015  0.65454645189086769  0.66541641702623555
  0.67648766008767314  0.68758851234310259  0.69842689273114333  0.70902110466799761
  0.71924407764686094  0.72965585993775228  0.74012056851637920  0.75057639444301816
  0.76118725656842012  0.77219634015006922  0.78382109983463388  0.79501549894795231
  0.80523595551867666  0.81508459060249172  0.82505065386201604  0.83526985927586039
  0.84547870733616426  0.85555145212385331  0.86535838005035937  0.87493411483468531
  0.88440932591138965  0.89416677192959648  0.90459968642240929  0.91502067493732298
  0.92533900288540272  0.93538374675893554  0.94596554066464089  0.95644495343885894
  0.96693896373588806  0.97741292267121516  0.98862224974032764  1.00000000000000000
  0.00388710400663006  0.11970759151904622  0.17906616997482064  0.22104229391249536
  0.25356592611385148  0.28048371622392504  0.30367830530517281  0.32529746996947406
  0.34606845327073055  0.36563982405670670  0.38419187849695630  0.40131921835771694
  0.41812403526936970  0.43475502883497674  0.45050923920344343  0.46477254357447750
  0.47811550194956559  0.49124150908741759  0.50436260278055967  0.51696747585073144
  0.52864078806406967  0.53962495877864591  0.55035722784063446  0.56078795306970430
  0.57107373258819560  0.58092959071575001  0.59070152984311186  0.60053681701314843
  0.60980802287330949  0.61897030475185588  0.62751161894035568  0.63547393713595179
  0.64328353008113914  0.65099209411176029  0.65871992693059311  0.66632536714310342
  0.67384120943895798  0.68148887143999903  0.68925064333676134  0.69683586214691762
  0.70424327757259808  0.71133788052753832  0.71848263211609142  0.72583189712936580
  0.73303825647687404  0.73989035893830424  0.74650180468716565  0.75301401019149616
  0.75962547991640150  0.76627419366437610  0.77268188580244712  0.77863316156272999
  0.78431665832567099  0.79017534935191180  0.79620062577163564  0.80238896957947048
  0.80853796977245063  0.81454132022976022  0.82049087304861867  0.82642227099197296
  0.83221607155897992  0.83779998338779038  0.84316600818768406  0.84864115233137238
  0.85419321154951389  0.85965627747972118  0.86503190368880745  0.87028408307923422
  0.87538107373966190  0.88038422861622367  0.88539270719196306  0.89029088123930133
  0.89507575215536850  0.89978305297016836  0.90458831093278091  0.90948622144522140
  0.91439841355424345  0.91923181652872255  0.92394199552376488  0.92864569612117043
  0.93329294277830754  0.93770629944643336  0.94186823058151237  0.94598859555649362
  0.95023532800952626  0.95448370032744800  0.95866801146915426  0.96265500126970904
  0.96655936289235345  0.97054520327505045  0.97446282023503861  0.97837529651915489
  0.98233201158066608  0.98589542981650491  0.98674738803995421  1.00000000000000000
 -0.00232343508004811  0.01039553626712581  0.02091232954334210  0.03150798939427508
  0.04192013830637194  0.05244544056968423  0.06323114984445162  0.07386107286840313
  0.08413487058997685  0.09435085692487022  0.10466721182717777  0.11498772576657447
  0.12522197182270381  0.13520407061897030  0.14522239792510741  0.15532924078813948
  0.16519286890245463  0.17670324889865427  0.18777042646905115  0.19849379850406704
  0.20916786607718735  0.22015927710270231  0.23154142588656917  0.24280579217746717
  0.25361514399045276  0.26401694876198639  0.27439955588132592  0.28454145076636839
  0.29482020795915864  0.30482309727745677  0.31484333081656807  0.32494461301505739
  0.33506912740029388  0.34494783875323232  0.35464234840280351  0.36411413462523340
  0.37329120181819886  0.38301992581938138  0.39276368876414891  0.40301056696031279
  0.41309151246108711  0.42289228516307942  0.43267214392712888  0.44239652315150735
  0.45229374322136223  0.46187849666423136  0.47151430429663649  0.48154829356286744
  0.49229375306898410  0.50341106748021858  0.51458780111147606  0.52560057993880749
  0.53611546857756442  0.54694962314264239  0.55737779620882499  0.56776976258646550
  0.57840388900301842  0.58890181183667800  0.59982832159038613  0.61017460975391802
  0.62091060310152923  0.63171650860165052  0.64267802591578271  0.65383207454264014
  0.66466355977979164  0.67566133943674023  0.68647312953613493  0.69711980982821076
  0.70750225791979449  0.71797918894219437  0.72818044893351619  0.73877851541170014
  0.74905885329103139  0.76027542835843498  0.77092833161410879  0.78179322369333226
  0.79277619748507555  0.80411927322792864  0.81509440909601349  0.82623570808310487
  0.83692602154050366  0.84753737993440126  0.85804149079480208  0.86860764626143483
  0.87906192000027916  0.88929846788837519  0.89985283225395618  0.91048876929403233
  0.92143891733546324  0.93244133625035297  0.94369939919822310  0.95515327465830913
  0.96666731712161214  0.97837514225371158  0.98948935376617320  1.00000000000000000
  0.02413355251739988  0.03236857087999226  0.04236118139953354  0.05245257148917180
  0.06220537438425657  0.07205939820137085  0.08207611246046935  0.09245299209748400
  0.10221972747284719  0.11199623983638944  0.12142252372955187  0.13128072157201398
  0.14088077487182143  0.15093525122782736  0.16207218348442190  0.17297418693679156
  0.18372944518206566  0.19367069412274560  0.20303247928476739  0.21228304636048720
  0.22110522705215049  0.23001232914840175  0.23962509295165982  0.24942052708455403
  0.25932209484537194  0.26893942634646822  0.27880937757935603  0.28914497023705527
  0.29994083449502795  0.31036070175811276  0.32012557822667398  0.32924777860176868
  0.33822816825116570  0.34744587323739068  0.35695773523139129  0.36635028643002038
  0.37540610243147415  0.38473578473795128  0.39469252710818031  0.40530821920424759
  0.41597016639007284  0.42636617962508871  0.43687669859644274  0.44777128808676264
  0.45914243748114852  0.47027250147644217  0.48163259515913343  0.49297920308383464
  0.50414570016131910  0.51495851403531379  0.52536533906009730  0.53548077711877995
  0.54554732165687381  0.55559144316208298  0.56565279836489091  0.57573450370493007
  0.58608674943609618  0.59691487141931776  0.60812835383541142  0.61982949341042115
  0.63105670397049340  0.64170853257479432  0.65219171171847790  0.66286227380190021
  0.67338117761997307  0.68365104150327027  0.69338778706635185  0.70309903943803442
  0.71254677310583026  0.72220693033976013  0.73180189153024977  0.74170359649347872
  0.75178757461959200  0.76195894217428983  0.77226863071124097  0.78264324379420835
  0.79284927413062389  0.80302131148777722  0.81347165721166170  0.82455554037744683
  0.83576377860962969  0.84669160961134415  0.85731654128898882  0.86788559064634563
  0.87813799080380928  0.88822588749707332  0.89815361160694340  0.90791201471705651
  0.91773896557762724  0.92742789800607039  0.93711648021812344  0.94685888729273660
  0.95681702707037231  0.96592802026245062  0.97077478400923234  1.00000000000000000
  0.10461929483250054  0.23294156492033649  0.27272609081305343  0.29898012149125502
  0.32073169956961883  0.33992158608135892  0.35754794848969540  0.37367810273534863
  0.38898251587580940  0.40317351292587217  0.41683768651281572  0.43010752079672881
  0.44309761134575731  0.45562947955925182  0.46772864567229983  0.47953688822425655
  0.49114904855493285  0.50258382626022269  0.51385928259720337  0.52497106137763694
  0.53565207041797602  0.54593573962353836  0.55618478180170683  0.56651554025534312
  0.57670180343483157  0.58665117838425851  0.59625202145546230  0.60531509421013563
  0.61387653987981428  0.62205856624488398  0.63007961106808785  0.63815145180468602
  0.64614914206153695  0.65375762018384254  0.66128534299043196  0.66860441401675663
  0.67575561186992694  0.68261488593418551  0.68921724689386532  0.69551454775135957
  0.70156222438188143  0.70720220816718993  0.71257160816090748  0.71785574731605861
  0.72322581141255837  0.72857408448332017  0.73377472184751813  0.73885002465355598
  0.74383597326002260  0.74878857780418884  0.75355481320536444  0.75819060652593939
  0.76276608230801479  0.76722908549909552  0.77155531949635692  0.77583923698887980
  0.78011631140098237  0.78442588089262832  0.78884817496638537  0.79325215471315358
  0.79720507439112487  0.80128419783640137  0.80516593948746740  0.80891332455227138
  0.81254715314279802  0.81600111761409067  0.81947828057415606  0.82302920552457981
  0.82664013619158760  0.83020325962965613  0.83363974188568513  0.83701657158284093
  0.84051082107259589  0.84410783991449123  0.84764061364094379  0.85114182252972570
  0.85462489387184948  0.85820865086316545  0.86176209742639331  0.86522304596253374
  0.86865993133661279  0.87210970094216456  0.87597975306677289  0.88017522903520740
  0.88414692124564676  0.88796692175956349  0.89189833248670580  0.89631591932365662
  0.90200836340628765  0.90774777481633562  0.91322079372021747  0.91929926893392677
  0.92674637162879470  0.93379172664334853  0.93936000729800673  1.00000000000000000
   1.8762937961188409E-022  -1.0000000000000000     
 F F F F F F F F F F F F F F F F T F T F T F T F F F F F F F F F T F T F T F T F F F F F F F F F T F T F T F T F T F T F T F T F F F F F F F F F F F F F F F F F T F T F T F T F F F F F F F F F T F T F T F T F F F F F F F F F T F T F T F T F T F T F T F T F
  <DiscreteSampler_grid>
  grouped_processes
  1 # 1 for a reference and 2 for a running grid.
  10 # Attribute 'min_bin_probing_points' of the grid.
  1 # Attribute 'grid_mode' of the grid. 1=='default',2=='initialization'
  0.0000000000000000 # Attribute 'small_contrib_threshold' of the grid.
  0.5000000000000000 # Attribute 'damping_power' of the grid.
 # binID   n_entries weight   weight_sqr   abs_weight
    13   10   2.852524710305780E-013   1.647582757583260E-025   2.852524710305780E-013
    14   10   2.852524710305854E-013   1.647582757583329E-025   2.852524710305854E-013
    16   10   5.068992002846990E-013   8.746781751499952E-025   5.068992002846990E-013
    17   10   5.068992002846946E-013   8.746781751499734E-025   5.068992002846946E-013
  </DiscreteSampler_grid>
