  0.00000000005610043  0.00000000013430221  0.00000000019525627  0.00000000025503147
  0.00000000031807506  0.00000000038594346  0.00000000045780478  0.00000000053297682
  0.00000000060842362  0.00000000068685833  0.00000000076998279  0.00000000085785903
  0.00000000094697659  0.00000000103913076  0.00000000113744322  0.00000000123302195
  0.00000000132733829  0.00000000142522785  0.00000000152858057  0.00000000163472865
  0.00000000175090615  0.00000000187065822  0.00000000198938099  0.00000000210364114
  0.00000000221892052  0.00000000234228310  0.00000000247107929  0.00000000259763149
  0.00000000272256614  0.00000000284954940  0.00000000298125803  0.00000000312013091
  0.00000000326430960  0.00000000340723339  0.00000000355157422  0.00000000369615439
  0.00000000384407236  0.00000000398993400  0.00000000415126928  0.00000000430861990
  0.00000000446493291  0.00000000462168668  0.00000000477478997  0.00000000492882885
  0.00000000508576094  0.00000000524781188  0.00000000541782906  0.00000000559376579
  0.00000000576816676  0.00000000593947190  0.00000000611307685  0.00000000628835318
  0.00000000646616103  0.00000000663804049  0.00000000681152926  0.00000000699854979
  0.00000000719104774  0.00000000738650388  0.00000000758298810  0.00000000777724037
  0.00000000797125663  0.00000000817130588  0.00000000837280282  0.00000000856680833
  0.00000000876099863  0.00000000897123616  0.00000000920264194  0.00000000944476601
  0.00000000968834055  0.00000000993392238  0.00000001018497142  0.00000001043616119
  0.00000001068060777  0.00000001092274918  0.00000001116648671  0.00000001141917529
  0.00000001167725016  0.00000001197722246  0.00000001229401400  0.00000001261469121
  0.00000001294690844  0.00000001329285950  0.00000001365687893  0.00000001403555433
  0.00000001443179603  0.00000001481694870  0.00000001524197617  0.00000001571969331
  0.00000001626724125  0.00000001687979575  0.00000001754684030  0.00000001830449717
  0.00000001922033265  0.00000002045854063  0.00000002118108678  1.00000000000000000
  0.00925794413929941  0.01599968046957698  0.02609023919991305  0.03769187083097596
  0.04822974198341708  0.05864430388982263  0.06855112234943452  0.07851127332426572
  0.08850012833562906  0.09912544571939699  0.11047916261842115  0.12187659411763639
  0.13291621881292454  0.14388006841370243  0.15476529345840462  0.16551257268849662
  0.17625682657531702  0.18657548048085940  0.19629952024059075  0.20562998132593305
  0.21502192012507318  0.22483797941217074  0.23531365544001207  0.24622999332588685
  0.25760382176480195  0.26878699021546404  0.28016182606555401  0.29214407974295531
  0.30420501481814122  0.31575504787474235  0.32655589922905365  0.33685033287221489
  0.34712734353569907  0.35722748151987760  0.36698282731676568  0.37654582187203489
  0.38586020774329022  0.39494661781224044  0.40407264854948410  0.41339668616402936
  0.42315022835125682  0.43297467116066546  0.44243765429841059  0.45175778614722290
  0.46101042900087147  0.47033950169434008  0.48012416218307091  0.49014914463165943
  0.50032709631896266  0.51077656824782647  0.52133303961483446  0.53197971183726145
  0.54245333270038287  0.55294138998272291  0.56373240264449709  0.57378135907248728
  0.58347173445357270  0.59271524523430819  0.60220210048317580  0.61200432871310995
  0.62203300594442146  0.63272920941701105  0.64356726775361262  0.65406584807658874
  0.66426979651356333  0.67440263829679714  0.68492183903908188  0.69587594618295467
  0.70748265177749026  0.71915113649961449  0.73044997996379701  0.74051415785837105
  0.75011142616379312  0.75992625364351896  0.76986583074675252  0.77974305441343983
  0.78924035377655188  0.79959795558804037  0.81057583755138995  0.82195924027714573
  0.83299482070399433  0.84395522980405435  0.85466796829917235  0.86460600146611188
  0.87464958162138928  0.88491516660536385  0.89496738473752724  0.90443492703969286
  0.91371698826503223  0.92382848045220822  0.93528134416382169  0.94665269826291198
  0.95839820884650917  0.96989099960667524  0.98083834925270574  1.00000000000000000
 -0.00308649049685386  0.01127495892402689  0.02286555787004592  0.03416698109744615
  0.04507463370865455  0.05657604174335303  0.06768300360463804  0.07864921124902358
  0.08954695481967115  0.09991873036164117  0.11021046823208090  0.12023458618477674
  0.13102059264247926  0.14257277152871986  0.15314035511072335  0.16388739537549679
  0.17466559648071084  0.18591850768283255  0.19752705982879060  0.20877879451794756
  0.21952887214316669  0.23034645875098705  0.24126960683901003  0.25248795205526298
  0.26321148485621443  0.27378583308923232  0.28426392089416236  0.29455089520384281
  0.30489843282017964  0.31513324804361015  0.32576621782141146  0.33640209156642997
  0.34747365758791271  0.35845612580116321  0.36905506448393222  0.37935980509221429
  0.38949825826209922  0.39964616186170376  0.41039296561900790  0.42207184305627227
  0.43477283423144863  0.44748961328914649  0.45982885894237319  0.47129089763871485
  0.48170590784645229  0.49112144461118273  0.50043843026305523  0.50989573061387217
  0.52003819091742776  0.53069375423913667  0.54179664475667211  0.55324126049335798
  0.56472844260303623  0.57623271403735465  0.58769390063594262  0.59868302571626786
  0.60969353267662296  0.61992125923878583  0.62971301273130209  0.63879791823381760
  0.64825062393802668  0.65794378378317420  0.66699327291588495  0.67598141049336047
  0.68547903148979017  0.69569097330342899  0.70601851982159136  0.71612864161397127
  0.72626161679123447  0.73660916534378673  0.74701597041688750  0.75746571459729517
  0.76768775960470803  0.77800818803993954  0.78863732018923682  0.79939008544652324
  0.81025022519496959  0.82080009752836680  0.83181494627528418  0.84264757809944324
  0.85286607463981989  0.86295424445753688  0.87304993746541082  0.88349837200039416
  0.89377870219431033  0.90372890555431928  0.91334777395152733  0.92361420891866952
  0.93350480897032451  0.94342891421577102  0.95320618378964095  0.96284888378343214
  0.97226109184565568  0.98183314260894705  0.99069776468915038  1.00000000000000000
 -0.00228162966649641  0.00902432533752102  0.01846667754071507  0.02946143696879431
  0.03984416849315229  0.05078235953551594  0.06192052010747447  0.07348560767267609
  0.08529048325767011  0.09626361079085589  0.10705635112235391  0.11740340098363831
  0.12804202965725836  0.13886010105275259  0.14961704111362489  0.16006150347132192
  0.17030061570035882  0.18088888911152967  0.19220155469149536  0.20374005389487848
  0.21522441135528242  0.22678674885014194  0.23850294015404844  0.25006726768652476
  0.26159168910558839  0.27239072059391128  0.28318367388698901  0.29398537353673726
  0.30495183728809683  0.31565955360875908  0.32543425176657631  0.33475404547618970
  0.34398862040753392  0.35353126101971788  0.36387193002240564  0.37425058853424353
  0.38428140255686216  0.39433084970248961  0.40563191087189171  0.41768845524348513
  0.42902141661435339  0.43987506504945834  0.45052525226375922  0.46135376826600488
  0.47195272873814864  0.48164301759150485  0.49067533854814988  0.49952377505010898
  0.50846344835468860  0.51784404407885443  0.52773151801881679  0.53794256892126036
  0.54826616618893831  0.55897164600498461  0.57029753660387850  0.58174015543302660
  0.59268270762982156  0.60411796159304165  0.61533164270084117  0.62627235771476186
  0.63637764312495670  0.64630018010058399  0.65681418858761897  0.66742185400141263
  0.67778423886576133  0.68811336203680307  0.69861995276714051  0.70920794325834824
  0.71956270179037596  0.73058248879781096  0.74202521637921537  0.75300786114339413
  0.76378899023197888  0.77439388575162171  0.78491750402059723  0.79517689152859361
  0.80533226096052124  0.81571533884194991  0.82665895693082680  0.83759026956746085
  0.84809626796841608  0.85809829102685897  0.86769684264084934  0.87718088958711515
  0.88659746285590579  0.89649843171694743  0.90639507599103042  0.91663876142910339
  0.92638000224020522  0.93600613757129403  0.94553850392133143  0.95518648790247873
  0.96617108959583509  0.97741632117759625  0.98873915075708696  1.00000000000000000
 -0.00200575812081793  0.00917510991550216  0.01897136080489056  0.02965871778434210
  0.04047291738268226  0.05118027045426453  0.06187214491814265  0.07320503415372814
  0.08416281745420355  0.09497014331185188  0.10557269160396839  0.11656569865851273
  0.12733886024542615  0.13781587626557515  0.14784946247370503  0.15802410008153434
  0.16794242362625564  0.17768029548046618  0.18743914651039528  0.19767176645072176
  0.20784496736508115  0.21809819352137899  0.22832115993896038  0.23903512306123034
  0.24948719464881361  0.25951205075987654  0.26953979258562671  0.28015207277274307
  0.29128762664870356  0.30215328091890437  0.31305908828984436  0.32374047405823891
  0.33431533604690816  0.34441388001210066  0.35369346384542011  0.36296940170036857
  0.37257200275919183  0.38298595340558245  0.39388938088256714  0.40464509725061831
  0.41534133866243816  0.42582438408638740  0.43623078572110974  0.44632855985979547
  0.45623943468347317  0.46622919834785626  0.47675768878944702  0.48797239692242439
  0.49912093764330145  0.50926137420053053  0.51893379684885466  0.52901675191892250
  0.53950741658733115  0.55034268178244683  0.56083565795257828  0.57143761196035747
  0.58200337267664704  0.59246192805704734  0.60345819835628345  0.61434861656615281
  0.62512817245193930  0.63469551144709624  0.64446885369839157  0.65508834229108637
  0.66625878098412084  0.67751654573638220  0.68779686548312935  0.69899153874889242
  0.71013106597039166  0.72174314445322107  0.73336971891268843  0.74536282242745433
  0.75694446841501828  0.76745077589704369  0.77811982907053201  0.78876136999810009
  0.79966123223641783  0.81073436875331939  0.82251111686786704  0.83418905625662187
  0.84522473210217819  0.85611965695813930  0.86677077550859072  0.87660317700829438
  0.88634741259689187  0.89650120172977577  0.90740152300589150  0.91787638445550801
  0.92830467632210134  0.93869128668360136  0.94903728735742521  0.95957739311493329
  0.96953610361839204  0.97939358808741850  0.98946580414544139  1.00000000000000000
 -0.00227576379511498  0.00948473831967374  0.02005098392137183  0.03058726221660658
  0.04179978650887201  0.05301541556909474  0.06434577192700149  0.07624820370973499
  0.08825439073372461  0.09994419936304573  0.11121266635872168  0.12256819090368437
  0.13342578783577916  0.14400244357942210  0.15462569478005911  0.16476092916688445
  0.17453377298012948  0.18384385290175928  0.19339381097415803  0.20307339826715948
  0.21308793819270833  0.22367601399304840  0.23478746303512793  0.24626852788593606
  0.25699725003319002  0.26781637475051112  0.27832135627167409  0.28913178384467919
  0.30032169987487572  0.31158766342871808  0.32249700000156484  0.33330240913213172
  0.34415488110187015  0.35436358410038948  0.36434473081456004  0.37443963665281493
  0.38531809969108349  0.39616103588966350  0.40625729801489568  0.41613936313465716
  0.42614078208198036  0.43595261642770189  0.44528011558659336  0.45445594549892082
  0.46406382180694827  0.47426917353721304  0.48446408729465695  0.49488742694855925
  0.50479740939636841  0.51488415042098401  0.52511877482016123  0.53587302299817041
  0.54646934058044583  0.55701772171386132  0.56726732583901440  0.57732398686046249
  0.58737504976955113  0.59770500926863868  0.60868452021933706  0.61954438951260848
  0.63026947161147617  0.64044605117356190  0.65111778629642125  0.66193657906408032
  0.67214719490543617  0.68189529324027920  0.69136858868441886  0.70124926278427457
  0.71160663024476056  0.72227894157800121  0.73365186876033739  0.74537579919412800
  0.75742011183292468  0.76903824135994925  0.78022258397215027  0.79108332136133330
  0.80187870813935991  0.81317301842177203  0.82469334838840269  0.83588561511852566
  0.84703661432748378  0.85835459114467516  0.86983809998330130  0.88082034851081470
  0.89144387876359488  0.90158968117597660  0.91126869884280881  0.92074986386439550
  0.93027300829744886  0.93979509258932248  0.94933063292608855  0.95916566788825408
  0.96974224110850793  0.98010741985223693  0.99030298396658734  1.00000000000000000
  0.00238964512290904  0.10555364149834992  0.15796079448895139  0.19569602055381544
  0.22729205814958714  0.25462592384814892  0.27872317991039053  0.30070992115882839
  0.32115696509132596  0.33997592401544241  0.35749040864463216  0.37301796760828176
  0.38756159834020348  0.40188100157236706  0.41603737608943619  0.42949812128295373
  0.44215656967582817  0.45435852222240164  0.46615706129045797  0.47767738209340482
  0.48933524554552849  0.50096887039018623  0.51239096984977162  0.52335743009007551
  0.53409193565458024  0.54397828950352456  0.55337606406309392  0.56267481878496484
  0.57177004215904836  0.58087066485579941  0.58988110340870981  0.59901978582443471
  0.60823225179821427  0.61719232383479705  0.62613269415663775  0.63439651306945333
  0.64211302933722725  0.64943365103223161  0.65679582642083389  0.66437320790180310
  0.67184773707468537  0.67931143971832475  0.68632924029586673  0.69356226659039799
  0.70060475214823670  0.70762011612885234  0.71489100626314073  0.72182941006527834
  0.72883621885872085  0.73600834486374811  0.74348513648660408  0.75106113158284793
  0.75827990472022666  0.76516198624555953  0.77171106313202209  0.77803882716594075
  0.78432078444902043  0.79051639940991003  0.79655516817071825  0.80251279421286892
  0.80857728610260726  0.81446809939413389  0.81990908665087570  0.82518727662860381
  0.83069247253684642  0.83650719723047751  0.84238492885235738  0.84798873526679719
  0.85334734717345151  0.85854290414974477  0.86386957708826762  0.86908721739822192
  0.87424412218472136  0.87931488040661721  0.88439109338512545  0.88944037164045942
  0.89440000798730157  0.89923508759025583  0.90394772681880631  0.90867981951925803
  0.91346995464716652  0.91845323423918812  0.92367082580129201  0.92889271381889427
  0.93397138642820576  0.93914735350741196  0.94442123831739955  0.94967882057383901
  0.95477001800985761  0.95984071819404804  0.96490470010335749  0.97001746743004524
  0.97546465104943070  0.98103706345811392  0.98507541325967385  1.00000000000000000
 -0.00288488858804851  0.01147548196198060  0.02299038802076683  0.03295760583322092
  0.04257130921524983  0.05211840015391800  0.06240221766834149  0.07266065314401568
  0.08240719154343713  0.09277823593411628  0.10403151469041076  0.11500845779005688
  0.12559661828764745  0.13616600079987895  0.14662149952710871  0.15675965587079713
  0.16665671027702272  0.17690292978028957  0.18612716776484040  0.19564054241028517
  0.20488091107374509  0.21496434670294245  0.22560988217213168  0.23625412552329600
  0.24698376785519036  0.25799121587440110  0.26933093142474246  0.28086490404762376
  0.29186131811102967  0.30206290174189687  0.31183078964737310  0.32189352246283909
  0.33196605150073000  0.34211258329237715  0.35218186391349354  0.36250513226896997
  0.37279441192054796  0.38308050993067666  0.39324119123959672  0.40286329877302535
  0.41248666326632383  0.42238365183409948  0.43270162674107471  0.44304028161704151
  0.45329101970874164  0.46339596962076168  0.47387731874848238  0.48418385992220297
  0.49403267996830508  0.50391322604751954  0.51351628564803786  0.52337162178918517
  0.53344203840106597  0.54384463541881900  0.55430706666588425  0.56456929656851462
  0.57413203165126736  0.58366059025006201  0.59371048080828859  0.60437632682785380
  0.61521477053841656  0.62593041526978865  0.63715920212120558  0.64865119724634213
  0.66035810123801686  0.67225634608238383  0.68441720847087240  0.69615955747570046
  0.70736679114832257  0.71827422820546127  0.72855914065317129  0.73862957441481258
  0.74876104035655888  0.75915931976280515  0.76961662470677539  0.78033503036405150
  0.79138205384460991  0.80249784542760949  0.81333165022386977  0.82388007230468763
  0.83439191291429871  0.84495686982426443  0.85612369621446271  0.86836557391437386
  0.88104493447784549  0.89293809947293779  0.90414711397047565  0.91505535958164452
  0.92637317394507490  0.93739499159547279  0.94783425592292236  0.95821452543849861
  0.96892543434086720  0.97979111896423488  0.98989347564326913  1.00000000000000000
  0.02420938804073246  0.03333942955118068  0.04391967010131770  0.05436016531834485
  0.06465998405984592  0.07462679539327943  0.08457401174786762  0.09481301553075173
  0.10496775972658279  0.11448810157436476  0.12408557173214199  0.13406860930559833
  0.14422419000930051  0.15419915921609675  0.16427219513415176  0.17470801381448450
  0.18531238807081218  0.19488953155672642  0.20422626350694231  0.21290770224891117
  0.22205110851415938  0.23158889180042480  0.24117136335617356  0.25058419112750069
  0.25985915909570201  0.26929285122671986  0.27903707263767819  0.28916285224817995
  0.29903942794981270  0.30890934759202593  0.31911487808784911  0.33001609359387252
  0.34131041998622996  0.35275371807661260  0.36404564333216344  0.37467019703201454
  0.38460540849030089  0.39438068775697943  0.40412019058587140  0.41408413083177115
  0.42394939965834455  0.43425381166328841  0.44470294064808774  0.45512450634510909
  0.46515527412782715  0.47529863914851972  0.48566585616754365  0.49652831532935265
  0.50695769396277257  0.51724012161550825  0.52732031549703229  0.53734902288668462
  0.54702977421428345  0.55640152047290503  0.56617225684146766  0.57580783046717199
  0.58548427800341551  0.59533323090626078  0.60579391161643747  0.61731196967103075
  0.62839222059575417  0.63883761716786791  0.64861417915427710  0.65776534746341375
  0.66677036979943372  0.67581555966347595  0.68539889832317813  0.69523794569223019
  0.70427393721774745  0.71294317017659936  0.72203567629776511  0.73219609064638058
  0.74244882571692639  0.75256666229690061  0.76250452692508530  0.77234912380644638
  0.78215939715993410  0.79218980589013743  0.80306187441457300  0.81433487668579463
  0.82601194475389050  0.83699580154290387  0.84743924173685459  0.85788149460968322
  0.86831892740287209  0.87885632950502346  0.88951178646742424  0.90040218952840856
  0.91108333509924377  0.92123037702615740  0.93152785109843128  0.94295072714720041
  0.95518233589072177  0.96547324650831512  0.97105971000583491  1.00000000000000000
  0.04649399393971691  0.21157813280858331  0.23265713117923442  0.24602751083098476
  0.25892505933347582  0.27003457730201508  0.27894813948490887  0.28669621413505159
  0.29415142731697119  0.30159531792690580  0.30897649979935565  0.31594033670501698
  0.32222201787827504  0.32825176934107858  0.33431480143708708  0.34035875120336240
  0.34637383182168086  0.35218600185561588  0.35760036643427662  0.36292291635833185
  0.36852832675262759  0.37422143520149387  0.37967094319331707  0.38471105153551255
  0.38944624191943922  0.39427184639469987  0.39938268912224251  0.40487911749947070
  0.41034131269898194  0.41583008355291406  0.42127338388061275  0.42669738273518454
  0.43201873819471631  0.43742621054635966  0.44300681465365982  0.44868700255411692
  0.45441025490362064  0.46001377741529753  0.46549254228676779  0.47075796717588175
  0.47594201010342713  0.48084949042450953  0.48584660144109337  0.49084207635956106
  0.49586193300835241  0.50082043823368128  0.50576703210317553  0.51075609100464425
  0.51578518842016974  0.52102026140676005  0.52623406607396872  0.53152527294651797
  0.53670920138185485  0.54183327073922816  0.54705762137640312  0.55244593895020366
  0.55803262597418457  0.56372003848650543  0.56955835092304363  0.57543519617122885
  0.58143454842928755  0.58762110886567953  0.59378256528226780  0.59971535548054744
  0.60572124680899964  0.61203839337684840  0.61879873312755307  0.62583955760863275
  0.63256680326528580  0.63905865745416557  0.64564457631625427  0.65237854655955629
  0.65933913332022986  0.66639434204974346  0.67367059411303609  0.68131966589608695
  0.68950667052179304  0.69832329477127908  0.70728608277326344  0.71573552474408031
  0.72381686919225174  0.73218715230709330  0.74116886780396762  0.75034894194451529
  0.75956546894823762  0.76940447828135106  0.77988283291696614  0.79030372798501169
  0.80094552704098954  0.81284464641262100  0.82688717861779026  0.84252781425543011
  0.86037536436998652  0.88059041855958753  0.92834367910467563  1.00000000000000000
   5.2167928426440565E-018  -1.0000000000000000     
 T F F F F F F F F F F F F F F F T F T F T F T F T F T F T F T F T F T F T F T F F F F F F F F F T F T F T F T F T F T F T F T F T F F F F F F F F F F F F F F F T F T F T F T F T F T F T F T F T F T F T F T F F F F F F F F F T F T F T F T F T F T F T F T F
  <DiscreteSampler_grid>
  grouped_processes
  1 # 1 for a reference and 2 for a running grid.
  10 # Attribute 'min_bin_probing_points' of the grid.
  1 # Attribute 'grid_mode' of the grid. 1=='default',2=='initialization'
  0.0000000000000000 # Attribute 'small_contrib_threshold' of the grid.
  0.5000000000000000 # Attribute 'damping_power' of the grid.
 # binID   n_entries weight   weight_sqr   abs_weight
    13   10   7.175799188130868E-008   3.162126134819688E-014   7.175799188130868E-008
    14   10   7.175799188130470E-008   3.162126134819369E-014   7.175799188130470E-008
    25   10   7.597934299646224E-008   3.179053959956663E-014   7.597934299646224E-008
    26   10   7.597934299646193E-008   3.179053959956678E-014   7.597934299646193E-008
  </DiscreteSampler_grid>
