  0.00000000024716399  0.00000000034225194  0.00000000042295845  0.00000000050120909
  0.00000000057713961  0.00000000065792580  0.00000000074169064  0.00000000083299892
  0.00000000091990425  0.00000000100979562  0.00000000110129595  0.00000000119161806
  0.00000000128400438  0.00000000138270673  0.00000000148028017  0.00000000157773380
  0.00000000168219319  0.00000000179360419  0.00000000190645067  0.00000000201797920
  0.00000000213204676  0.00000000224546669  0.00000000235885433  0.00000000247476200
  0.00000000259272061  0.00000000271823950  0.00000000284541026  0.00000000297261459
  0.00000000309885468  0.00000000322421074  0.00000000334474987  0.00000000347361517
  0.00000000361398015  0.00000000375918007  0.00000000390577976  0.00000000405293361
  0.00000000420052290  0.00000000434186822  0.00000000448894641  0.00000000464090571
  0.00000000479561603  0.00000000495250539  0.00000000510881481  0.00000000526477939
  0.00000000542083593  0.00000000557544057  0.00000000573468129  0.00000000590956943
  0.00000000608643032  0.00000000626629714  0.00000000644578845  0.00000000662927363
  0.00000000681274995  0.00000000699956160  0.00000000718599636  0.00000000737565327
  0.00000000757399171  0.00000000777406552  0.00000000797748336  0.00000000817451443
  0.00000000837253435  0.00000000857221325  0.00000000877096115  0.00000000897447643
  0.00000000918484935  0.00000000939918474  0.00000000962244670  0.00000000986264138
  0.00000001010752148  0.00000001035840895  0.00000001061664228  0.00000001087484011
  0.00000001113251961  0.00000001138904620  0.00000001164645418  0.00000001190824158
  0.00000001216692052  0.00000001246015765  0.00000001277929978  0.00000001311070639
  0.00000001344780427  0.00000001379173218  0.00000001414896949  0.00000001452249506
  0.00000001490482018  0.00000001531511756  0.00000001573681064  0.00000001626528309
  0.00000001689809315  0.00000001756384163  0.00000001828798022  0.00000001911532929
  0.00000002014478082  0.00000002213355397  0.00000002375461707  1.00000000000000000
  0.00919632567454259  0.01757376909193429  0.02744140003530565  0.03773573633378988
  0.04814258729778064  0.05830141737076058  0.06883783185701867  0.07932655041667253
  0.09055792526755202  0.10189885291846629  0.11284393451769784  0.12313046156084437
  0.13306123442846535  0.14280702343930460  0.15294778165627909  0.16302183762314607
  0.17367551380302385  0.18428852083113201  0.19586902164050196  0.20718165540230993
  0.21786755346450587  0.22842984241278430  0.23802138404183823  0.24781316587825347
  0.25685109958803248  0.26590480737733402  0.27549076552657942  0.28518794209282328
  0.29508232237786652  0.30494723362291876  0.31514913690521656  0.32669900369825705
  0.33830664042964720  0.35016632511659196  0.36121045338706259  0.37185065209626988
  0.38221911382358531  0.39238635273852090  0.40245458484187774  0.41239909323743784
  0.42276281847393588  0.43308508651093336  0.44370303168222291  0.45438256643082509
  0.46566114005833781  0.47704060820421457  0.48831935225251383  0.49915353094914872
  0.50947154989864141  0.51962863729842113  0.52982097315125964  0.54014413774882342
  0.55064580470890978  0.56084297397454996  0.57093176089278252  0.58105312730922942
  0.59107340865183500  0.60104854471192404  0.61133101373474474  0.62174324789631275
  0.63218903040191865  0.64252952114356887  0.65283529418143993  0.66334476253785002
  0.67366042640152213  0.68426264606965659  0.69505919456658183  0.70587786779241968
  0.71690155545351208  0.72789155866416477  0.73914063130383534  0.75024032512836858
  0.76082135936409689  0.77099969593890194  0.78099028031682494  0.79081888174858128
  0.80070861477288202  0.81090198635280775  0.82125241397294058  0.83170030367009484
  0.84225994048537800  0.85273081636916370  0.86264873733943392  0.87211066245111690
  0.88175078446968336  0.89178702157171363  0.90190415690429593  0.91216851429313228
  0.92251346862174410  0.93271584943981911  0.94289324862609569  0.95363166680207523
  0.96436915410612778  0.97494500366444381  0.98661331141446085  1.00000000000000000
 -0.00203545809172343  0.00953261518011843  0.01965560829199656  0.02969753797985947
  0.03995450973556706  0.05041205091483041  0.06124258326571916  0.07235312289639201
  0.08378112372096075  0.09548122373881157  0.10724054340914446  0.11880724123219225
  0.12986534054413942  0.14052233166616920  0.15133015175879133  0.16248856444181761
  0.17349969118331152  0.18428786080325563  0.19509206469467102  0.20622965022392098
  0.21755836807904483  0.22849058148000029  0.23849487536418948  0.24831689235338708
  0.25866725611628288  0.26951918804366709  0.28031251746099828  0.29130422266966316
  0.30273960813796102  0.31393373539352154  0.32462976362284485  0.33553088691867206
  0.34690519476521386  0.35830474864230399  0.36940633961164160  0.38018425495170916
  0.39079585953900059  0.40138052995614287  0.41198380528539136  0.42195522545979403
  0.43168409563870780  0.44144867988189695  0.45127623635820774  0.46098136366661630
  0.47070642216930508  0.48100875086169209  0.49199949884672961  0.50275032492697758
  0.51298962174521057  0.52317818890598367  0.53299991437152283  0.54271660585327841
  0.55267878785501656  0.56296724000018006  0.57320068321897610  0.58323295964120703
  0.59359737259814593  0.60379389175632159  0.61337642617941612  0.62308834420018144
  0.63299783577685642  0.64287726043492088  0.65310321353736822  0.66342529649246818
  0.67385432124397182  0.68430028652159391  0.69537905355568508  0.70736885562142049
  0.71825564720745327  0.73004335481368099  0.74055562298961952  0.75141469074673028
  0.76075077131100455  0.77011158280768888  0.77966391457906026  0.78953324413836345
  0.79949392542866893  0.80907890383909675  0.81848766622897651  0.82840467853290833
  0.83827552667407856  0.84863505512978032  0.85967301508724026  0.87159348478921306
  0.88333319528470011  0.89460497111104187  0.90521479361191148  0.91578156907479569
  0.92593964712295862  0.93608711108384257  0.94631974005533592  0.95656862991805747
  0.96690517817842869  0.97752347050433708  0.98869068375561275  1.00000000000000000
 -0.00252133904158936  0.01030807418047955  0.02099818832336608  0.03205742348809636
  0.04261693208815148  0.05326345688991964  0.06384173255868214  0.07439205110780096
  0.08486348652365840  0.09564909900997942  0.10646422891665236  0.11713758152382642
  0.12754072805534963  0.13797658119700212  0.14836337547583869  0.15849140057501052
  0.16857675995581387  0.17859440322286504  0.18841568211424639  0.19801433361373602
  0.20771573975149935  0.21807165728676223  0.22819673321827849  0.23856465746846001
  0.24909627490614503  0.26107553246998672  0.27290462461014836  0.28409126513798683
  0.29455954391265443  0.30504736607392197  0.31532636015019344  0.32607576649886977
  0.33679021574836360  0.34726668387538173  0.35713808663415575  0.36670021359528776
  0.37621737267824823  0.38575364187237215  0.39531426803638542  0.40503965634198585
  0.41487064436886456  0.42534626026941019  0.43640238843977897  0.44807961869317237
  0.45998273362626135  0.47240180419178340  0.48381310348454665  0.49484425257534564
  0.50573107368765280  0.51683751964803959  0.52755346134715286  0.53771869112948190
  0.54861875930839854  0.55971051958938778  0.57049984495413564  0.58121040203128116
  0.59150942404837770  0.60211239424580465  0.61228800388398441  0.62217387334463614
  0.63170749791591452  0.64136168988150988  0.65162628156978264  0.66196033965907308
  0.67211168778753860  0.68217208517520977  0.69216578092895964  0.70222453790296879
  0.71209196561518651  0.72196403987265767  0.73175590004524460  0.74159693344822197
  0.75133638877970454  0.76116810285579217  0.77126627215434251  0.78192600477799701
  0.79270575111896568  0.80346827642911200  0.81400824534556393  0.82388259063757585
  0.83395420807983167  0.84425496335699513  0.85436304546394581  0.86435199873562973
  0.87476128136612752  0.88651105673812924  0.89871155235891687  0.91013206713250538
  0.92153057924204396  0.93316063105124580  0.94516151277928684  0.95709157969802050
  0.96810452336483988  0.97895916681330586  0.98953157942380210  1.00000000000000000
 -0.00283939016439313  0.01028174452987365  0.02155041460873870  0.03281773674249915
  0.04348146251576566  0.05338151604249389  0.06290953098126721  0.07261844694823208
  0.08262942820047546  0.09315408871499883  0.10407617789140995  0.11617025575417660
  0.12810101347158934  0.13981990359164248  0.15143902053464131  0.16308066157549203
  0.17382697236646955  0.18415608999351055  0.19398729723769789  0.20389136830267388
  0.21387037435604642  0.22407994843946050  0.23418772822948142  0.24422018809341256
  0.25485540941233403  0.26548081938857704  0.27597735413225460  0.28646851582984267
  0.29722656674746589  0.30797442862089763  0.31841716545588811  0.32858089275054420
  0.33850947951764049  0.34830337194539934  0.35832334476190503  0.36993734635116304
  0.38130542943088347  0.39260897061806377  0.40289585157708835  0.41319452003972257
  0.42344739575009627  0.43398030720002073  0.44432664666329580  0.45452789934681326
  0.46502712275112601  0.47565516202142533  0.48613402233757080  0.49651630623921411
  0.50719499671459445  0.51812451828954620  0.52876532458448300  0.53921954340894096
  0.54991134584354828  0.56095978549589509  0.57185139277076358  0.58275685300770197
  0.59318490557877901  0.60338402499110322  0.61372685588868758  0.62413559543844066
  0.63458624790421803  0.64481653291066121  0.65541510598506703  0.66616528203005687
  0.67682843938907566  0.68756125928255629  0.69788531719704050  0.70808372349078319
  0.71807543654291695  0.72815410340328801  0.73830942298284752  0.74817803968380969
  0.75818898962826353  0.76835563210916880  0.77812755045557813  0.78821347587758428
  0.79794949490594635  0.80775639568658730  0.81819970684035825  0.82908713058332761
  0.84029138313940821  0.85147232542735851  0.86210498721606166  0.87201442084245129
  0.88186928359329275  0.89212078463569389  0.90300398513655211  0.91365566500745465
  0.92393821520798614  0.93415324585602233  0.94442557645105918  0.95472144856514485
  0.96600882172692215  0.97705916349157773  0.98871670515059407  1.00000000000000000
 -0.00247040042536538  0.01015310150537244  0.02111411228647967  0.03238694782516135
  0.04384242439187452  0.05514501192025332  0.06668855074942316  0.07783929555178862
  0.08824896914870969  0.09806535550099511  0.10815139507041656  0.11857972317722588
  0.12858680728480806  0.13816251863891321  0.14808412894650108  0.15851756881128432
  0.16906396423513606  0.17939564320163687  0.18994672310620822  0.20119044875208855
  0.21196591506812690  0.22260464314644438  0.23290045363335188  0.24306320261785558
  0.25316247460943764  0.26317519566333614  0.27349523699874340  0.28424991861906501
  0.29545252755034151  0.30712601400034212  0.31905389264445916  0.33066874955050685
  0.34151007017805274  0.35183015709519522  0.36203478822461604  0.37184170288831048
  0.38144766761821675  0.39087224052155256  0.40103686342886330  0.41167801319291775
  0.42217043079806454  0.43256486441096759  0.44271460653565209  0.45261188460746599
  0.46266266116292659  0.47331455881466383  0.48442643588557038  0.49562746354798015
  0.50710681672647551  0.51867121756845302  0.52940470942702478  0.53960731512172588
  0.54956953495184280  0.55985684982320716  0.57049862473580526  0.58122570909192239
  0.59189501792344201  0.60243818519898240  0.61298707605804970  0.62338188166110964
  0.63368778148149352  0.64403182164531103  0.65454645155360569  0.66541641675295804
  0.67648765989257731  0.68758851218986228  0.69842689261845836  0.70902110461041945
  0.71924407761134646  0.72965585993988757  0.74012056853848518  0.75057639444993474
  0.76118725649015007  0.77219634004117887  0.78382109980702541  0.79501549902628821
  0.80523595562513595  0.81508459067520111  0.82505065388153542  0.83526985923427532
  0.84547870726879326  0.85555145205028127  0.86535837999972687  0.87493411482937800
  0.88440932596951050  0.89416677200843131  0.90459968652260925  0.91502067505320506
  0.92533900305040928  0.93538374695803617  0.94596554082107276  0.95644495356061954
  0.96693896377046484  0.97741292271935298  0.98862224976143342  1.00000000000000000
  0.00388710407448596  0.11970759105492147  0.17906616949997170  0.22104229354507082
  0.25356592589030807  0.28048371611706063  0.30367830529455703  0.32529747002360337
  0.34606845338715198  0.36563982417409641  0.38419187857258530  0.40131921849595864
  0.41812403541857807  0.43475502896330881  0.45050923931084896  0.46477254368570703
  0.47811550210791520  0.49124150925928262  0.50436260295961854  0.51696747605599624
  0.52864078833800188  0.53962495910470276  0.55035722820359867  0.56078795347046895
  0.57107373302336972  0.58092959114908671  0.59070153035207762  0.60053681764002842
  0.60980802349141217  0.61897030537243780  0.62751161949907086  0.63547393759701154
  0.64328353049820985  0.65099209448162410  0.65871992728219375  0.66632536750054772
  0.67384120983377327  0.68148887196954377  0.68925064401865166  0.69683586289295629
  0.70424327834464751  0.71133788123775599  0.71848263286778757  0.72583189791533220
  0.73303825725028293  0.73989035968735217  0.74650180535919042  0.75301401079980612
  0.75962548045390577  0.76627419410100417  0.77268188620427691  0.77863316186267018
  0.78431665858475075  0.79017534958976166  0.79620062601218144  0.80238896984414521
  0.80853797002403827  0.81454132044479577  0.82049087323477321  0.82642227113176148
  0.83221607164759448  0.83779998346433449  0.84316600825192511  0.84864115239739868
  0.85419321160342121  0.85965627749896922  0.86503190369540661  0.87028408308208682
  0.87538107375778185  0.88038422868060828  0.88539270726857744  0.89029088134073187
  0.89507575227131886  0.89978305309023043  0.90458831104868309  0.90948622155062930
  0.91439841364580676  0.91923181662383047  0.92394199563008239  0.92864569624429016
  0.93329294288502895  0.93770629950837181  0.94186823060913283  0.94598859557962711
  0.95023532804638766  0.95448370039142838  0.95866801155072756  0.96265500135088544
  0.96655936298050293  0.97054520336795147  0.97446282033610665  0.97837529662548561
  0.98233201168728446  0.98589542988348799  0.98674738803961715  1.00000000000000000
 -0.00232343509480003  0.01039553643158855  0.02091232978577081  0.03150798964555131
  0.04192013856448446  0.05244544078823642  0.06323115004369118  0.07386107303114645
  0.08413487071992352  0.09435085703834407  0.10466721199133970  0.11498772595807347
  0.12522197199420354  0.13520407070488985  0.14522239800785849  0.15532924087468808
  0.16519286899839902  0.17670324899449363  0.18777042645386607  0.19849379836160830
  0.20916786581580060  0.22015927683263792  0.23154142572999969  0.24280579215864559
  0.25361514400730978  0.26401694873654474  0.27439955581113712  0.28454145071013170
  0.29482020793579933  0.30482309733402296  0.31484333093515615  0.32494461321055224
  0.33506912761129798  0.34494783900576453  0.35464234870650568  0.36411413497884076
  0.37329120217157363  0.38301992618314751  0.39276368911711068  0.40301056728478057
  0.41309151275443862  0.42289228537071039  0.43267214404727589  0.44239652318969386
  0.45229374321163829  0.46187849658260610  0.47151430418187146  0.48154829336605176
  0.49229375276162118  0.50341106709067629  0.51458780067888277  0.52560057947734673
  0.53611546805181054  0.54694962261717017  0.55737779574703172  0.56776976218634601
  0.57840388864432790  0.58890181149455922  0.59982832120659857  0.61017460930898604
  0.62091060260084663  0.63171650804336033  0.64267802533199925  0.65383207392991227
  0.66466355910823294  0.67566133879886714  0.68647312899724799  0.69711980951710950
  0.70750225773440811  0.71797918889593160  0.72818044887746902  0.73877851535672712
  0.74905885312545439  0.76027542820419924  0.77092833143850636  0.78179322352910052
  0.79277619729793125  0.80411927296581587  0.81509440878781669  0.82623570775509469
  0.83692602125265236  0.84753737972616583  0.85804149057957291  0.86860764600097884
  0.87906191964648550  0.88929846750404040  0.89985283186671250  0.91048876892213848
  0.92143891697423663  0.93244133586378630  0.94369939883265352  0.95515327434700814
  0.96666731693783736  0.97837514220847666  0.98948935376117086  1.00000000000000000
  0.02413355251067378  0.03236857101994004  0.04236118160186536  0.05245257171796321
  0.06220537459754139  0.07205939847064485  0.08207611279730376  0.09245299247229818
  0.10221972783785069  0.11199624023898230  0.12142252418896383  0.13128072212892444
  0.14088077549167904  0.15093525191382384  0.16207218429045256  0.17297418769663758
  0.18372944583806014  0.19367069466033060  0.20303247971932109  0.21228304676354925
  0.22110522745781611  0.23001232962072851  0.23962509346423311  0.24942052762207506
  0.25932209535808737  0.26893942681690219  0.27880937799872085  0.28914497061212940
  0.29994083480960854  0.31036070196328230  0.32012557834003219  0.32924777870533767
  0.33822816845450576  0.34744587359735063  0.35695773570022898  0.36635028692795868
  0.37540610294270116  0.38473578524305752  0.39469252753507789  0.40530821949236451
  0.41597016653960217  0.42636617975622698  0.43687669871582024  0.44777128820793760
  0.45914243760816736  0.47027250170900503  0.48163259552654675  0.49297920355979868
  0.50414570074305209  0.51495851474501131  0.52536533988008172  0.53548077793034621
  0.54554732239055503  0.55559144376807057  0.56565279893959608  0.57573450428569739
  0.58608675006875421  0.59691487209341743  0.60812835448643643  0.61982949399174525
  0.63105670446246132  0.64170853307533526  0.65219171214698946  0.66286227416623378
  0.67338117786306062  0.68365104169492397  0.69338778722549144  0.70309903960678699
  0.71254677330384086  0.72220693050831986  0.73180189170698162  0.74170359664698682
  0.75178757477938485  0.76195894233928263  0.77226863089689746  0.78264324397660956
  0.79284927433536456  0.80302131164598778  0.81347165733598570  0.82455554040324075
  0.83576377860345441  0.84669160961073775  0.85731654133910062  0.86788559073107729
  0.87813799090158218  0.88822588757234355  0.89815361165914342  0.90791201475207284
  0.91773896564731361  0.92742789810149484  0.93711648028569072  0.94685888730600187
  0.95681702703920968  0.96592802025841773  0.97077478400663186  1.00000000000000000
  0.10461929490037755  0.23294156472023769  0.27272609066782705  0.29898012164821203
  0.32073169990808131  0.33992158651732129  0.35754794890517339  0.37367810308359567
  0.38898251618447138  0.40317351312269767  0.41683768668605531  0.43010752098170457
  0.44309761153003230  0.45562947973358991  0.46772864583968704  0.47953688837331276
  0.49114904866125769  0.50258382631788323  0.51385928260397251  0.52497106136115268
  0.53565207038986262  0.54593573963004005  0.55618478188912301  0.56651554042601759
  0.57670180363966872  0.58665117861636118  0.59625202174484870  0.60531509455540566
  0.61387654029565919  0.62205856670139303  0.63007961154408554  0.63815145228588754
  0.64614914246119337  0.65375762058109976  0.66128534339919776  0.66860441445659247
  0.67575561233445269  0.68261488642430790  0.68921724735159162  0.69551454816686686
  0.70156222475146357  0.70720220848799464  0.71257160847522971  0.71785574763147242
  0.72322581174109779  0.72857408476980057  0.73377472207755778  0.73885002485689100
  0.74383597346388086  0.74878857802138876  0.75355481342632580  0.75819060671908733
  0.76276608248809585  0.76722908570778603  0.77155531976323888  0.77583923730872217
  0.78011631174387630  0.78442588123934309  0.78884817529688833  0.79325215500239543
  0.79720507469153967  0.80128419813102425  0.80516593977996154  0.80891332485186451
  0.81254715344514716  0.81600111791167851  0.81947828088126340  0.82302920583352501
  0.82664013649686452  0.83020325991080302  0.83363974214985248  0.83701657185639577
  0.84051082139782074  0.84410784027482799  0.84764061403952518  0.85114182295756358
  0.85462489434806110  0.85820865134753321  0.86176209790084868  0.86522304643045977
  0.86865993177561640  0.87210970138939448  0.87597975364320957  0.88017522962975925
  0.88414692177610565  0.88796692221520379  0.89189833288425713  0.89631591976358826
  0.90200836383620431  0.90774777506530313  0.91322079382566457  0.91929926896015768
  0.92674637157631412  0.93379172661134258  0.93936000729791691  1.00000000000000000
   3.0020700953063885E-029  -1.0000000000000000     
 F F F F F F F F F F F F F F F F T F T F T F T F F F F F F F F F T F T F T F T F F F F F F F F F T F T F T F T F T F T F T F T F F F F F F F F F F F F F F F F F T F T F T F T F F F F F F F F F T F T F T F T F F F F F F F F F T F T F T F T F T F T F T F T F
  <DiscreteSampler_grid>
  grouped_processes
  1 # 1 for a reference and 2 for a running grid.
  10 # Attribute 'min_bin_probing_points' of the grid.
  1 # Attribute 'grid_mode' of the grid. 1=='default',2=='initialization'
  0.0000000000000000 # Attribute 'small_contrib_threshold' of the grid.
  0.5000000000000000 # Attribute 'damping_power' of the grid.
 # binID   n_entries weight   weight_sqr   abs_weight
    13   10   4.564039536489250E-020   4.217811859413146E-039   4.564039536489250E-020
    14   10   4.564039536489367E-020   4.217811859413326E-039   4.564039536489367E-020
    16   10   8.110387204555183E-020   2.239176128383988E-038   8.110387204555183E-020
    17   10   8.110387204555113E-020   2.239176128383933E-038   8.110387204555113E-020
  </DiscreteSampler_grid>
