  0.00000000023930665  0.00000000037383767  0.00000000043391307  0.00000000049324911
  0.00000000056610353  0.00000000064418677  0.00000000071246126  0.00000000077859291
  0.00000000084673861  0.00000000091527806  0.00000000100035061  0.00000000109764803
  0.00000000119267937  0.00000000129799408  0.00000000140014552  0.00000000150300277
  0.00000000161901191  0.00000000175721955  0.00000000190300474  0.00000000202889648
  0.00000000213840051  0.00000000224918992  0.00000000237984757  0.00000000249890417
  0.00000000259385303  0.00000000267349653  0.00000000274566223  0.00000000281954485
  0.00000000290101517  0.00000000300936071  0.00000000314445005  0.00000000327563435
  0.00000000340364765  0.00000000353176800  0.00000000365884171  0.00000000378089777
  0.00000000389628113  0.00000000401575193  0.00000000413419457  0.00000000425742219
  0.00000000438881554  0.00000000453726035  0.00000000469287424  0.00000000485652663
  0.00000000503535685  0.00000000522650746  0.00000000541882935  0.00000000559308482
  0.00000000576167850  0.00000000593325945  0.00000000610292913  0.00000000624822141
  0.00000000639763684  0.00000000654293360  0.00000000668790549  0.00000000683972369
  0.00000000704357807  0.00000000721507372  0.00000000739969042  0.00000000758855382
  0.00000000777811510  0.00000000798823948  0.00000000819597498  0.00000000839786465
  0.00000000859276250  0.00000000881418477  0.00000000902423931  0.00000000924022894
  0.00000000947092571  0.00000000970139678  0.00000000992296631  0.00000001015485341
  0.00000001038042072  0.00000001060722691  0.00000001085478665  0.00000001116339066
  0.00000001152573997  0.00000001186502874  0.00000001216849807  0.00000001246952839
  0.00000001278954553  0.00000001313351469  0.00000001348085758  0.00000001382598824
  0.00000001419341421  0.00000001457901761  0.00000001506712672  0.00000001554180748
  0.00000001617355434  0.00000001696431618  0.00000001787278298  0.00000001892010507
  0.00000002010948213  0.00000002215592359  0.00000002369738054  1.00000000000000000
  0.00840181814715200  0.01917091488753823  0.03080029902532710  0.04074036902168039
  0.04942290400766967  0.05798630182175053  0.06900080110288538  0.07774107184093981
  0.08656374917203306  0.09527666133580932  0.10437373920804958  0.11565386242060786
  0.12740991289389156  0.13815603059401543  0.15008939716863756  0.16184567441522457
  0.17574247106636459  0.19168359270800256  0.20840097314078779  0.22412027447927965
  0.23611517696134285  0.24494047685087741  0.25322925694907533  0.26122675623660108
  0.26918068522127658  0.27675464158732466  0.28396337728063181  0.29136917392902473
  0.30090407061693858  0.31127574972653244  0.32088127314175513  0.33018690802926481
  0.34107342035900412  0.35211505543603028  0.36138737531042125  0.36971900604081709
  0.37865370636740520  0.38752757945933636  0.39566965175040619  0.40244300466971383
  0.40943302733677733  0.41791119938260984  0.42730090606422011  0.43569579255626140
  0.44295606808533089  0.44904624656857767  0.45613603438080658  0.46535893603473089
  0.47773275837434387  0.48925403368100978  0.49634834360248425  0.50343537671403948
  0.51121967484334896  0.51982099284144423  0.52863465954661171  0.53622734518140502
  0.54581481148010014  0.55617546546995633  0.56525360957910942  0.57352318752630549
  0.58354898994309112  0.59498624263257982  0.60707971735372412  0.61770624336858904
  0.62928982630485153  0.64212505518844265  0.65480666607450622  0.66844147628562922
  0.68546816573983982  0.70297566325838357  0.71910729625553726  0.73090721088177224
  0.73699821665542653  0.74429345470447750  0.75231235199956481  0.76168807974307773
  0.77332902988635877  0.78325049033562755  0.79206856799816061  0.80329269729837216
  0.81914682908900349  0.83529210857041514  0.85053657254452331  0.86260116596607284
  0.87373925050668222  0.88468512830052393  0.89716319414323076  0.91299509209981222
  0.92830270434594986  0.94166066897167267  0.95305781299827441  0.96314095475016204
  0.97226081498779704  0.98194001447293811  0.99125686300891780  1.00000000000000000
 -0.00000018181216299  0.00006977859560760  0.00053437088268014  0.00154620269487010
  0.00374549741880530  0.00661868146096544  0.00973416721630467  0.01291532359931365
  0.01622834846738731  0.02057967550725432  0.02576365890614030  0.03176590145658499
  0.03766523883721865  0.04429956172250293  0.05044457185666531  0.05587424447269169
  0.06113703265591748  0.06663159192045652  0.07223436602193213  0.07760021109277787
  0.08265815245684685  0.08862184524645253  0.09575637441298328  0.10302901474420105
  0.10953120428714568  0.11618244115651802  0.12340182406758124  0.13225873237067390
  0.14313652069510435  0.15451578252001449  0.16526023281453414  0.17482628303252915
  0.18357060671628270  0.19206922438559226  0.20140559532797730  0.21158149241041260
  0.22116298578427190  0.23041275253176127  0.24013914478915727  0.25120553231309289
  0.26266845690974810  0.27265386229068833  0.28220760656084098  0.29095474002583338
  0.30470498604191582  0.31947365309062531  0.33375547190037236  0.34705785783791071
  0.36004310587779759  0.37373620975492011  0.38782134682717800  0.40189073770557460
  0.41563869038565693  0.42888401305723095  0.44014116689069027  0.45104481923281264
  0.46219331922662682  0.47376659907253821  0.48495623723193804  0.49557127860576394
  0.50615159285890698  0.51787508149143269  0.53354263967747206  0.54934706983517667
  0.56447796275925077  0.57956765984443892  0.59362273729107917  0.60672259126079076
  0.62008062829367183  0.63327495005574319  0.64584055736892509  0.65854710713119224
  0.67303145109366691  0.68796379273678587  0.70358415666830243  0.71809461749466497
  0.73271631848923424  0.74784235975283719  0.76005342726182679  0.77297507598924475
  0.78672049690281720  0.80056730872798854  0.81457072765064220  0.82850466205964690
  0.84189604366277349  0.85595438347147212  0.86986019384810209  0.88354621693448521
  0.89703125632522285  0.91007394664635710  0.92379336483442842  0.93875880835837155
  0.95443876798540672  0.96998381346934148  0.98516590618613242  1.00000000000000000
 -0.00175765121399707  0.00822246865890187  0.01559528607077013  0.02375841943519688
  0.03448397913969475  0.04610017939034570  0.05672256659251739  0.06652664874509950
  0.07581458578844390  0.08308028626876397  0.09009838332044089  0.09799504207192371
  0.10708926530932461  0.11599652352037650  0.12525763784617203  0.13499735165036414
  0.14552621230787036  0.15634978805381944  0.16771540219125619  0.17917592214737135
  0.19040086225364783  0.20035965785030213  0.20948598597981885  0.21828147571167536
  0.22566457637411239  0.23217541848156018  0.23828880267441560  0.24465204453132244
  0.25390195650819819  0.26733303366407191  0.28138842064206576  0.29569522271239956
  0.31163004485956303  0.32911307088729269  0.34388625232912917  0.35737057243772463
  0.37002865590374256  0.38084505193901153  0.39238611675690727  0.40277897726485468
  0.41560131910325310  0.42727595454131029  0.43816619675117258  0.44752471633968405
  0.45663053796039982  0.46619154579161798  0.47663029763531117  0.48822358721534442
  0.49953871196208655  0.51030799907214941  0.52002002195026542  0.52855882192695958
  0.53792573651967412  0.54736258514282476  0.55677014308652595  0.56396064436217053
  0.56956354902315343  0.57518667010605706  0.58107142706597315  0.58699769852112327
  0.60279498891084315  0.61603674487434323  0.62745728052641059  0.63826690939384523
  0.64915159784898691  0.66067242879732369  0.67152071004375558  0.68258575421128476
  0.69193117266552118  0.70152912900289155  0.71125022275433814  0.72329005446132388
  0.73607057746531257  0.74979078865355686  0.76158329875111441  0.77348106371060699
  0.78548603469254930  0.79570528479254643  0.80601982981555997  0.81632524433530906
  0.82582897900422947  0.83443510830425849  0.84251121964174913  0.85001168475686484
  0.85762516771899777  0.86750619410763741  0.87831446663770951  0.88892010679490585
  0.90128787786730657  0.91453556193273589  0.92670721196279005  0.93812211904973108
  0.95123742069959771  0.96473141986122901  0.97922208340432704  1.00000000000000000
 -0.00203692700046484  0.01076444327629384  0.02134567940480104  0.03373511574806097
  0.04459256512993447  0.05611022301422068  0.06544087914551025  0.07461457630696433
  0.08388812455484047  0.09363524480782216  0.10315571941629095  0.11366062899405729
  0.12637772466640071  0.14003878386275834  0.15559536948889777  0.17045789845245152
  0.18302752933339353  0.19439412489216379  0.20459363427758853  0.21296256807571998
  0.21950540834268317  0.22486391062424885  0.22997758240274213  0.23549119717355932
  0.24328993622196529  0.25248673614331513  0.26090083547562287  0.26866580657651351
  0.27675356107771820  0.28617397720454885  0.29681218540614274  0.30824599163436794
  0.32130281245795744  0.33326615529773018  0.34411965518983445  0.35419545779090950
  0.36426780324402291  0.37384150962739432  0.38560492448453287  0.39741787477538104
  0.41021334307966101  0.42440593423864542  0.43766687500090112  0.44881841168825620
  0.46041889264897862  0.47274408024655268  0.48464692482246602  0.49585548724431405
  0.50650038936828545  0.51573319991564770  0.52900649552314927  0.54555351663680918
  0.56109222229809486  0.57435534124160958  0.58476575871141123  0.59352905627676422
  0.60224065403299543  0.61189714076648460  0.62220795603221501  0.63084122159370526
  0.63950046457811793  0.64926661168142152  0.66922426409489477  0.68369773803096334
  0.69425684053638148  0.70240084835884797  0.71072858908229364  0.71921201017442860
  0.72749997808376310  0.73658389751559572  0.74491643969379540  0.75351888177886883
  0.76315909958477479  0.77244580462999024  0.78292439722026785  0.79133810538093818
  0.80524323377264573  0.81734737568969251  0.82829251085752820  0.83789187887418315
  0.84619134595859646  0.85669348880662655  0.86804496361665140  0.87890704041258094
  0.88899325137164509  0.89961569725119117  0.91298888334150308  0.92535980819457631
  0.93758030699125916  0.94776119738536746  0.95592554336635294  0.96375629612315206
  0.97166591742085051  0.97981789956650678  0.99008557940368791  1.00000000000000000
 -0.00205236014295698  0.01013574869012172  0.01938161787046804  0.02835467438673278
  0.03684824050492787  0.04519711956738087  0.05157405394675873  0.05844322587512604
  0.06716117281901954  0.07771136190007635  0.08719778445587376  0.09644613518699020
  0.10581846362421944  0.11843535101623495  0.13221730009437105  0.14725454472662888
  0.16545641549549647  0.17518905717133335  0.18414151177022858  0.19257067758257349
  0.20149356261672166  0.21050805662296906  0.22132739158699194  0.23488399824094114
  0.24740918032128204  0.25760729207192601  0.26631756438264381  0.27436982979204372
  0.28144482473779120  0.28874331316417290  0.29713879805957283  0.30756289502984008
  0.31891724552955986  0.33097545929304512  0.34099916735775393  0.34965051927825846
  0.35865194381490706  0.36709765895034813  0.37492546691489248  0.38387064477940430
  0.39368951507326311  0.40770865623563457  0.42308564301665808  0.43672127813351191
  0.44800544334413217  0.45861850457307080  0.46972357600412773  0.48086609267170854
  0.49305283875512729  0.50531236158396120  0.51768185341851491  0.53003379754058622
  0.54149603089822962  0.55193230736430110  0.56299222371771740  0.57387190449260828
  0.58184874601474623  0.58994114409228204  0.59856984602621033  0.60893910950140451
  0.61999660732324480  0.63016215475279125  0.63934993403424178  0.64866069183572983
  0.65725554919804896  0.66528864114839381  0.67500671086384312  0.68759855492009925
  0.70068830681973926  0.71167443807226249  0.72024027341961061  0.72953503101544714
  0.73963760542724188  0.74870978132216803  0.75910389343631846  0.76840506855459345
  0.78508670440885464  0.79827308771194871  0.80886357437100787  0.81821052384972615
  0.82553282117886750  0.83375409862368244  0.84238995690472762  0.85063222973821795
  0.86541222101766824  0.88157942565919067  0.89659046168301582  0.91038198021193983
  0.92445135645374366  0.93926900861682883  0.95054353748249709  0.96074207769589237
  0.97104122007721927  0.98090408777712390  0.99049759040530705  1.00000000000000000
 -0.01280102470540416  0.09977817725705955  0.15622732778406773  0.19584594981914605
  0.22920961133358983  0.24935114421756568  0.26631390559923779  0.28283895236408901
  0.30200726111895110  0.31783330807279364  0.32897896161584661  0.34141132432199217
  0.35579395141529946  0.37009333626927549  0.38359476885127863  0.39948908870245159
  0.41744857423536108  0.43776332346166197  0.45704562608479044  0.47188164203313243
  0.48240002832147966  0.49090436463562870  0.49881798788173998  0.50697116494817618
  0.51705051228163379  0.52779758100743523  0.53799446316044286  0.54634358374438907
  0.55356750627437934  0.56190354933562892  0.57171808545338842  0.58446463005751004
  0.59731973830219243  0.60806019455052707  0.61792798821035499  0.62834663308285243
  0.63960545973415794  0.65043965433812256  0.66027690590287358  0.67043689600962064
  0.68114844351177750  0.69078667760094448  0.70050506630007325  0.70975310485927912
  0.71855427332436206  0.72737312557817813  0.73623503037126581  0.74427477654941632
  0.75174352978589021  0.75874528526146445  0.76550550031141962  0.77256764082083884
  0.77978562281767938  0.78697436484460426  0.79465353544117279  0.80288500057505852
  0.81093103386339271  0.81864699296236021  0.82597703791363375  0.83322910027944908
  0.84028807629337632  0.84680992210885431  0.85348662346189064  0.86026400186648577
  0.86673365402823765  0.87305905898758818  0.87897544745764145  0.88463240347801209
  0.89039647062012472  0.89656114990117552  0.90287141841055207  0.90913911326332619
  0.91525603428252367  0.92016636250840800  0.92404700872626688  0.92812295742153417
  0.93213950683370339  0.93602782910144755  0.93931423211884857  0.94247344673432898
  0.94565210744577044  0.94887855553937039  0.95196937936599924  0.95512842156209699
  0.95809217231463861  0.96095670394889909  0.96409703850605433  0.96794653967581679
  0.97237963132730543  0.97674241317112931  0.98066868033362720  0.98352614642554981
  0.98607324081282322  0.98917780441972569  0.99387710208005264  1.00000000000000000
 -0.00316591183170846  0.01138114996865646  0.02493625299514972  0.03931633939906190
  0.05473727391799320  0.06976281442923005  0.08289344599854385  0.09459512752704734
  0.10568751947191581  0.11491437384038222  0.12542344384182974  0.13649152896492309
  0.14996448704747256  0.16082946054294683  0.17117236027548841  0.18013542977107044
  0.18862614527330662  0.19827442559776812  0.21063085778780127  0.22255801890863497
  0.23226719000989182  0.23984922717044294  0.24774104939332361  0.25717346669241553
  0.26797738983341279  0.28212022289751210  0.29425856558666952  0.30517801152903423
  0.31611304673100904  0.32776146793671002  0.33861617677985956  0.34875792497791436
  0.35867017649906729  0.36769043181243949  0.37629790210352654  0.38354278892435989
  0.39094958020278076  0.39937175762165561  0.40809216721465125  0.41668265039675062
  0.42554373768871923  0.43506743976711587  0.44617207332134184  0.45892201200532484
  0.47128568879462956  0.48134039632291720  0.48940247003633774  0.49744027788936196
  0.50573394700022967  0.51352536363012036  0.52188802915470311  0.52963418385176353
  0.53778089321462286  0.54598704092302242  0.55525443880232794  0.56438213076939192
  0.57396652064527864  0.58432012364082697  0.59500855489326610  0.60598129033330328
  0.61462234291028739  0.62153665109392320  0.62906421023717729  0.63827597527857705
  0.64845474587118734  0.65651407870792633  0.66256531120299056  0.67157596697668609
  0.68431834633836475  0.69844078323584147  0.71261496388274792  0.72549090708535857
  0.73937035038603938  0.75264985578021204  0.76905794283540052  0.78257577337465922
  0.79472100032566717  0.80618413408983047  0.81634353545608840  0.82535686027168531
  0.83458460913661259  0.84407470784645000  0.85381696409973007  0.86544472378737780
  0.87952583238455606  0.89383995081224765  0.90461770355317672  0.91496156970697251
  0.92371491702600506  0.93232757031893643  0.94223411408664426  0.94979297762683856
  0.95867717210987524  0.96996051314629950  0.98358132062398063  1.00000000000000000
  0.64567254080438463  0.66728591946657267  0.68461454062127691  0.70966099864721288
  0.73713657040331260  0.75864751425051613  0.77735283180803783  0.79597914092040467
  0.81007428645606727  0.82143628450370043  0.83108140181312462  0.84042151960483613
  0.84870862935288538  0.85732032015018211  0.86436887762249948  0.87007175729657849
  0.87553447647922489  0.88112331665853372  0.88742897193178327  0.89383571297180997
  0.90065191912050391  0.90699875675957642  0.91236877149052742  0.91665161656117489
  0.92005308363606497  0.92314326655952772  0.92592457374055270  0.92830921276435563
  0.93054204397441309  0.93289781297196372  0.93555651758666358  0.93812719457391347
  0.94029642251738232  0.94234376893456684  0.94425159959099303  0.94583670299999345
  0.94741761347285447  0.94891212571246053  0.95039079145045113  0.95180992947893306
  0.95310600424287650  0.95431821629999192  0.95550505399977936  0.95674885221317418
  0.95784912565549118  0.95882445333058464  0.95966035427303575  0.96046599119927711
  0.96125685556378127  0.96199848236560825  0.96268952877788150  0.96330636482225229
  0.96390121612330937  0.96448180403326045  0.96503577254281514  0.96556421305217199
  0.96608075597118870  0.96660713658735320  0.96707763589608464  0.96752655720201763
  0.96795848483403180  0.96834953738507601  0.96869653563459712  0.96902548555659507
  0.96935279001119645  0.96967027415280449  0.97002713851087841  0.97043734435844553
  0.98182570472993991  0.98223485266337185  0.98255686169771350  0.98285222011760875
  0.98312785923659662  0.98342067550926249  0.98371863431409701  0.98402732625893818
  0.98436149963258568  0.98470003877795820  0.98504754313449616  0.98540255498498619
  0.98575995348128531  0.98614388047778567  0.98656229441492449  0.98705816376457556
  0.98761921448373768  0.98824495716852079  0.98892539108773736  0.98968709184971682
  0.99054160038929295  0.99135216654906999  0.99222977046782401  0.99314268987892096
  0.99427245752227977  0.99573045042312081  0.99762168833419229  1.00000000000000000
  0.11338645299467355  0.21858552772447742  0.24217930796514969  0.25215839838628989
  0.26078484072239666  0.26932277253567555  0.27753126596054190  0.28544791993902424
  0.29357422030857555  0.30123806357370408  0.30784741715334857  0.31839231506701615
  0.32942761739732918  0.34111749661863683  0.35082328566757021  0.35860132357415941
  0.36668222025656172  0.37429317542188234  0.38136320112706268  0.38888153433021377
  0.39665291595481067  0.40343337950997604  0.40956949456805769  0.41541840350363068
  0.42129385802269465  0.42742402040448629  0.43315840784753984  0.43855920030065093
  0.44324851837483431  0.44730657237227300  0.45140815143287938  0.45568654207347770
  0.45960765593553138  0.46417201772010469  0.46802519521301056  0.47151065712967583
  0.47486244980900977  0.47828192344030546  0.48257557732313083  0.48740772226105139
  0.49225102847773322  0.49706826796424591  0.50188880103392264  0.50635356369373241
  0.51010154811278297  0.51376833768788477  0.51720921762998895  0.52113721747404307
  0.52670162538701959  0.53269657343193810  0.53910614416688396  0.54544527327319414
  0.55207425599771942  0.55888283563938945  0.56568705271389796  0.57244490544469206
  0.57928116350902725  0.58596376972209874  0.59158499429933442  0.59757793694519179
  0.60369172280895811  0.61022207336226852  0.61724667321404991  0.62414500441355047
  0.63057806978310660  0.63651344317679925  0.64259435183744518  0.64941887114111674
  0.65628248110164045  0.66333924790556598  0.67068061524531297  0.67858600911486022
  0.68755906034492964  0.69734246742313877  0.70747881845153548  0.71693390593819950
  0.72631396019178529  0.73488312798408528  0.74201714854378598  0.75082809777252424
  0.76009634705899765  0.76812606888213730  0.77604283509770555  0.78404207981499674
  0.79323508125496389  0.80599188086655271  0.81535076492642888  0.82059700398686541
  0.82440589431725431  0.82932381634412500  0.83624235269036917  0.84468122226934550
  0.85418802673355154  0.86531794492969372  0.87617401760316593  1.00000000000000000
   3.7766944553245818E-020  -1.0000000000000000     
 T F F F F F F F F F F F F F F F T F T F T F T F T F T F T F T F T F T F T F T F F F F F F F F F T F T F T F T F T F T F T F T F T F F F F F F F F F F F F F F F T F T F T F T F T F T F T F T F T F T F T F T F F F F F F F F F T F T F T F T F T F T F T F T F
  <DiscreteSampler_grid>
  grouped_processes
  1 # 1 for a reference and 2 for a running grid.
  10 # Attribute 'min_bin_probing_points' of the grid.
  1 # Attribute 'grid_mode' of the grid. 1=='default',2=='initialization'
  0.0000000000000000 # Attribute 'small_contrib_threshold' of the grid.
  0.5000000000000000 # Attribute 'damping_power' of the grid.
 # binID   n_entries weight   weight_sqr   abs_weight
    13   10   2.694710923352920E-012   3.213428598161674E-023   2.694710923352920E-012
    14   10   2.694710923352775E-012   3.213428598161255E-023   2.694710923352775E-012
    16   10   1.795784815532620E-011   2.719174912999996E-021   1.795784815532620E-011
    17   10   1.795784815532745E-011   2.719174913000413E-021   1.795784815532745E-011
  </DiscreteSampler_grid>
