  0.00000000005651555  0.00000000013212448  0.00000000019145661  0.00000000025872954
  0.00000000033847925  0.00000000038719664  0.00000000042945673  0.00000000047402054
  0.00000000052769492  0.00000000058402824  0.00000000063198605  0.00000000067819256
  0.00000000071740131  0.00000000075096935  0.00000000079381919  0.00000000086426933
  0.00000000092714724  0.00000000101444494  0.00000000112293387  0.00000000123955537
  0.00000000135681928  0.00000000147295974  0.00000000158920304  0.00000000170557164
  0.00000000181632196  0.00000000192353791  0.00000000202803925  0.00000000212744693
  0.00000000222287594  0.00000000232536863  0.00000000244090146  0.00000000256555874
  0.00000000269310261  0.00000000282045479  0.00000000293192294  0.00000000305935062
  0.00000000319573968  0.00000000334267087  0.00000000348978306  0.00000000363792795
  0.00000000378062607  0.00000000392260512  0.00000000406906780  0.00000000422441353
  0.00000000438745985  0.00000000455053481  0.00000000471753142  0.00000000488852237
  0.00000000506050421  0.00000000521834795  0.00000000538579066  0.00000000556146971
  0.00000000573861527  0.00000000591857477  0.00000000611437548  0.00000000631102370
  0.00000000648564162  0.00000000662725381  0.00000000676037249  0.00000000689452957
  0.00000000703351361  0.00000000718237597  0.00000000733848030  0.00000000750121377
  0.00000000768085630  0.00000000789371282  0.00000000811539904  0.00000000833495276
  0.00000000856326232  0.00000000880906654  0.00000000909093070  0.00000000940322646
  0.00000000972664452  0.00000001000492867  0.00000001024589321  0.00000001048833121
  0.00000001073322649  0.00000001098038828  0.00000001123385233  0.00000001153499808
  0.00000001192548828  0.00000001235464175  0.00000001281827398  0.00000001329005968
  0.00000001369981414  0.00000001406871485  0.00000001444663206  0.00000001484911253
  0.00000001534920801  0.00000001627347982  0.00000001722064271  0.00000001815708471
  0.00000001914936376  0.00000002056318655  0.00000002103327658  1.00000000000000000
  0.01019355948308781  0.01363868834933843  0.01843159256391378  0.02574477732507424
  0.03491668853162516  0.04322471145099831  0.05238759375106180  0.06224794443789706
  0.07524360798016441  0.08807037418820775  0.09995437650208916  0.11117383306665292
  0.12263995498869168  0.13471360561900092  0.14648747063332737  0.15761774336920434
  0.16943270420926376  0.18297527596281826  0.19241131424639824  0.20169536912213959
  0.21102836157884100  0.22224306089068921  0.23378920475282847  0.24385961847341292
  0.25294833063680566  0.26141054917355833  0.27092160663208759  0.28266502769441182
  0.29449502137375316  0.30707956324598301  0.32253116556414169  0.34158702421664278
  0.35693349005698638  0.37047461989364450  0.38338765076006182  0.39590192443372202
  0.40742419964750332  0.41803041707849820  0.42833199828726215  0.43742920156570336
  0.44688167002408719  0.45709250719383759  0.46762989461324161  0.47876633157995302
  0.49250472088445874  0.50396818573430890  0.51256917899153920  0.52153976346596376
  0.52956628801914063  0.53677464355274351  0.54327286729353585  0.55057575973398198
  0.55859260124521692  0.56499370853194264  0.57049444421305895  0.57656656982673349
  0.58317348286974069  0.59202310613421805  0.60188524969073165  0.61092007528242853
  0.61836602580439359  0.62478239937465641  0.63295702029608147  0.64184019750150956
  0.65106367755551142  0.66075591420936830  0.67269641517525480  0.68535290229320611
  0.69705902190620084  0.70885549132840431  0.72309990495753707  0.73738830032965652
  0.75374951552772018  0.76879775589959798  0.77980184356631710  0.78961402168715722
  0.79881713343525829  0.80975345601386783  0.82106733878929117  0.83232532183156838
  0.84020200109800980  0.84798686890467667  0.85585002729722803  0.86431665830816184
  0.87242767939284893  0.88080250769052670  0.88945150067056900  0.90029700423586889
  0.91390600445284853  0.92783638545085223  0.94058019751696609  0.95285251186978837
  0.96488577995746350  0.97647138004913370  0.98813145905526079  1.00000000000000000
 -0.00000013433604291  0.00006395829191011  0.00041849320015686  0.00122643591972258
  0.00292235097051885  0.00488215196402458  0.00760031288424264  0.00967474436767958
  0.01181810352770179  0.01513964370456058  0.01964059825355948  0.02488138931741889
  0.03008299203463205  0.03644058032164187  0.04357429234745946  0.05079005014107946
  0.05691707807336092  0.06233134259905013  0.06763327755751916  0.07369499793885649
  0.08070623472328650  0.08829350010126576  0.09657195640050842  0.10529150748318362
  0.11470911062260755  0.12477652935990712  0.13442317906728274  0.14455094088925041
  0.15550600762565767  0.16757119425767497  0.17964751591380471  0.19048970474796964
  0.20097637160103948  0.21107316067118181  0.22071223067753706  0.23153886367379678
  0.24223685880557050  0.25210585975620176  0.26132080764218413  0.27077886568904519
  0.27986122606747532  0.28927690084664720  0.29829684030109521  0.30843487625236782
  0.32096071929490633  0.33338993685455659  0.34569465090978174  0.35828486637739543
  0.37109884452968994  0.38355994519361380  0.39688129952288076  0.40871345035103962
  0.41879218295559939  0.42815770187155527  0.43776496218027416  0.44697741224125970
  0.45509776830911808  0.46412577545855821  0.47500301919905480  0.48512136848241544
  0.49454066846311784  0.50361849039716122  0.51238749657838467  0.52078561309586724
  0.53020977614976816  0.54057286249805114  0.55241304153005111  0.56515570239755131
  0.57847187872449968  0.59277024480609053  0.60822135752379325  0.62355078677225773
  0.63572682366096822  0.64651279208882306  0.65631755321023211  0.66703679874897559
  0.67828085760899404  0.69165255576384055  0.70668162065596585  0.72299363837244512
  0.74055052469673632  0.75828449410706444  0.77485817193777151  0.78955741926483447
  0.80407971916981380  0.82086803895949412  0.83924013681963783  0.85820039913196988
  0.87685375029464885  0.89474399231825996  0.91173065792918306  0.92744155037606013
  0.94297296290590848  0.96028163984393089  0.97950944551390307  1.00000000000000000
 -0.00290469315112570  0.01186980447881267  0.02453524556075513  0.03614254337526801
  0.04662906038159777  0.05479013285990039  0.06309064794672677  0.07159796182415272
  0.08093638840982938  0.09096685814328959  0.09993903100892304  0.10922379563881821
  0.11867275331521988  0.12877273562194499  0.13961067083509021  0.15117205041987861
  0.16456529419982949  0.17773628144372827  0.18880496695405091  0.19862487118432906
  0.20896868101814478  0.21737805807483523  0.22516650009611777  0.23267340791973193
  0.24101222105038764  0.25289459916450452  0.26654475821286605  0.28136258336750619
  0.29674231193507838  0.30866068895753151  0.31918629625387446  0.32925819218302449
  0.33938055848698317  0.35115572392555039  0.36675275736246349  0.38274476452971434
  0.40241437182313572  0.41928911207898356  0.42772516041945507  0.43416212444791163
  0.44039927783236182  0.44750920667463551  0.45596438173769760  0.46463552750188009
  0.47254162851269521  0.48303030199639879  0.49808407240501268  0.51429424036342697
  0.53023625119737505  0.54438671641269121  0.55618473394723333  0.56675233445265094
  0.57722123257630231  0.58768670225643416  0.59739895119840425  0.60637505558836435
  0.61507604593165399  0.62384790424225811  0.63109885231029739  0.63869554726178623
  0.64734548404193870  0.65666794903165637  0.66439990527634829  0.67203634977059967
  0.67976668993644784  0.68781993230195182  0.69625181215955312  0.70558461537894890
  0.71587624507370140  0.72707923340554137  0.73846981601759565  0.74723999774353744
  0.75592567366000962  0.76566818090348843  0.77513253691743511  0.78309678047482190
  0.79390159690154405  0.80939007266826879  0.82311255612318468  0.83244895091109739
  0.84227707911282790  0.85307814401927862  0.86426141685573632  0.87643985732817142
  0.89050098213569517  0.90424074573076907  0.91733917813117483  0.93048984443566263
  0.94540542531168115  0.95874930150978677  0.96811280215875239  0.97549768611370391
  0.98214046585106418  0.98801241206429180  0.99409691718976767  1.00000000000000000
 -0.00140263792229224  0.00604410105680378  0.01369111351970594  0.02064574023846530
  0.02735862633904288  0.03510030226605695  0.04428737684263372  0.05517481526255071
  0.06448315057102538  0.07104929211031297  0.07679427229630625  0.08265425430000208
  0.08875432671004649  0.09522883081190432  0.10349387140172175  0.11182586412302997
  0.11852726383342574  0.12552210999154290  0.13471023176137778  0.14418368148664232
  0.15297841884062893  0.16240085398493248  0.17278967245652835  0.18381755720155021
  0.19543486714446145  0.20790227049115939  0.22193141878502623  0.23526115551425356
  0.24780315040950138  0.25920875669333787  0.27084700763550090  0.28275409490439135
  0.29504153307913117  0.30763107276986973  0.31935830929696468  0.32961150509639336
  0.34066264843541444  0.35220107913210724  0.36583439400008944  0.38049678903052997
  0.39477499827480095  0.40773955866880485  0.42368259881847192  0.44090464608548696
  0.45594736602008290  0.46788359890274295  0.47896114715699822  0.48958884318977131
  0.50000570797320631  0.51088182848778241  0.52329503795782628  0.53720068700023915
  0.55044879894129184  0.56286817194590288  0.57850432318801892  0.59650791120074464
  0.61134804998285108  0.62310095822762346  0.63194082314450062  0.64010349205829953
  0.64798179844148640  0.65730026257179308  0.66833466644704609  0.67899652793453513
  0.68910173800642260  0.69996602163288657  0.71352120249667561  0.72298345751769066
  0.73373318307418567  0.74573797027172206  0.75806047237407326  0.76805011085633801
  0.77638000992540890  0.78476246416110140  0.79417133140456930  0.80266989963127011
  0.81003650368569291  0.81690248619759720  0.82436632008021393  0.83210345144505427
  0.84150641998770792  0.85081670218855021  0.85932687679294018  0.86872877535607396
  0.87917897811518009  0.88742512355947700  0.89442657016606031  0.90298059516564944
  0.91226597333643922  0.92344611821802136  0.93569013146642266  0.94868691933422022
  0.96207623613528781  0.97482578657914565  0.98758919648782817  1.00000000000000000
 -0.00233662332799082  0.00743187291274786  0.01691965752570164  0.02853798379196457
  0.03938354171013334  0.04760132540922243  0.05516289778561403  0.06317728097059259
  0.07543867082044378  0.09005355711258575  0.10274725535965813  0.11402976933767010
  0.12509039751970444  0.13561108229551097  0.14716292420864807  0.15988913834033555
  0.17046287769596094  0.17988601442238827  0.18879763705410799  0.19733314915470088
  0.20588647742070615  0.21498838527280023  0.22285672354266090  0.23206007470135870
  0.24490015807492602  0.25670851155607183  0.26607144162451435  0.27362093126203285
  0.28058983980945867  0.28736086272018974  0.29925203932987099  0.31014876140237352
  0.31994604494239692  0.32975344272012769  0.34063417598009238  0.35209584244701453
  0.36275700632548180  0.37353734853793358  0.38513430071219312  0.39715345090901288
  0.40900977466437166  0.41904387566887619  0.42804810627163886  0.43861523022853793
  0.45009708808329252  0.46310076447111320  0.47463140713024415  0.48863822610617158
  0.50306160884234485  0.51744083287356069  0.53092088130139137  0.54324327788758575
  0.55167393340144322  0.56080070288873296  0.56912419242427525  0.57818847735623857
  0.58822241236021877  0.59785790318093757  0.60826469011357887  0.62152002293396258
  0.63816889820907263  0.65234013135961255  0.66488640728218673  0.67382732054181294
  0.68449026183212858  0.69339762609631450  0.70151493151915378  0.71043618807062858
  0.72043429738130660  0.73031770528621776  0.73922511226412335  0.74715698710979850
  0.75204242741364091  0.75740351267918093  0.76258087365732641  0.76968723963113073
  0.77887021347134067  0.78682109930037381  0.79606894892268643  0.80960116779607305
  0.82462934454944470  0.83734179838479483  0.84807715319979848  0.85826038325483722
  0.86838359789296060  0.87829979084337595  0.88900109809613004  0.89939816566545716
  0.90873330494943727  0.91743102009496502  0.92604638702527287  0.93716866903877161
  0.95173034389751543  0.96618433744134524  0.98042786763281664  1.00000000000000000
 -0.00022840834627542  0.00947108241980300  0.01428254741160966  0.01685989095731694
  0.02009874834895622  0.02312957050071317  0.02641533323565426  0.03032554992919785
  0.03515385931212400  0.04048979557959449  0.04675989835836457  0.05113026821317034
  0.05417602391576851  0.05679795900778675  0.05933503293044390  0.06201721816396791
  0.06512181881458888  0.06879025572004570  0.07320613047614155  0.07835183050905731
  0.08400243111153705  0.09027376292229998  0.09523939094899163  0.09943372951130612
  0.10287405438452842  0.10721916017963090  0.11241437740944850  0.11715770437200110
  0.12164024656093553  0.12592745702675578  0.13033669571416157  0.13503030204947034
  0.13995988523909295  0.14551415455032482  0.15108595744628403  0.15606883312868630
  0.16060073173287623  0.16480267267613785  0.16926168307392223  0.17366204926326104
  0.17815580616421745  0.18248284900338457  0.18638143587414260  0.19105444193162166
  0.19635822696168329  0.20303830340832657  0.20922727327313637  0.21626381729315258
  0.22339625897012244  0.23118897128119753  0.24003202399925513  0.24809685762902808
  0.25470246943758790  0.26186484797410181  0.26989030388595253  0.27859281872478464
  0.28804779593909113  0.29631831908529271  0.30443921939575919  0.31277742046477197
  0.32211293606075553  0.33254705648316518  0.34306539924952267  0.35326108931005701
  0.36324930360635177  0.37405107711978836  0.38421849217234760  0.39372002602112655
  0.40318240555325818  0.41246297659331593  0.42278068316541417  0.43140646715081032
  0.43794488263671855  0.44538968396506678  0.45250433490094216  0.46019939426344336
  0.46861991943453229  0.47765738594113427  0.48753663307555106  0.49757429182089963
  0.50740624081340568  0.51791317664223158  0.52866896057224322  0.54278404419612758
  0.56452432853387868  0.58999579488020137  0.61216395977970395  0.63392450866991912
  0.65504661497878436  0.67847356403265602  0.70426871151737303  0.73846828188428637
  0.77806180541215408  0.82247035132258761  0.88323877687017360  1.00000000000000000
 -0.00451745906751368  0.01446915847371842  0.02779345755559957  0.04005712771631909
  0.05130510805880913  0.06073825935436263  0.07005924538098796  0.07901845562137876
  0.08958624710332530  0.10202201662593129  0.11415470992946071  0.12624754153417989
  0.13703905312776613  0.14708656045127982  0.15666986820179951  0.16807316357524146
  0.18155645081661445  0.19625885232559967  0.21077053509371654  0.22420604233689409
  0.23748027859126908  0.24910347323995469  0.25666186475960662  0.26381048255085554
  0.27357938802911230  0.28334325855625830  0.29336875041391142  0.30304717641938417
  0.31038731607087811  0.31825618086895369  0.32790291323459214  0.33749190991550065
  0.34696231023880936  0.35635760675258132  0.36777081036656328  0.37881194703847121
  0.38626290300480731  0.39293659400362591  0.39915262004025892  0.40572210985643387
  0.41253459730685765  0.41988134272740674  0.42779020271655332  0.43641930933278372
  0.44530979921781710  0.45379406115679044  0.46491366788480704  0.47608780352205554
  0.48633335355819601  0.49517920832634604  0.50549002250085984  0.51758416557175091
  0.53058284146845969  0.54322877226933253  0.55498545202412830  0.56673389711842626
  0.57792967157991626  0.58758614050283431  0.59598789538874419  0.60538476710941580
  0.61588679606472363  0.62681309648517824  0.63729737599505787  0.64718834522073387
  0.65680983764694423  0.66763274025860886  0.67822508247754199  0.68823753750646177
  0.69743442320578319  0.70658114677342332  0.71835522406508256  0.73213138054067373
  0.74429310014979466  0.75640955362408702  0.76878713360258955  0.78009710611158678
  0.79148637844847547  0.80313760121669286  0.81545648062387199  0.82745256668442124
  0.83888216185617781  0.84907744926405870  0.86049245586737544  0.87156698717769598
  0.88044856908673474  0.88929202148181885  0.89905346685472076  0.90958509423117639
  0.92002043920296028  0.92881523872367266  0.93697454843620420  0.94618994091487507
  0.95664430311788451  0.96696292238514669  0.97905320280206609  1.00000000000000000
  0.64439436437344288  0.68187297520035428  0.70546412892154542  0.72528409257955295
  0.74200074164802754  0.75511499273289961  0.77042188219503593  0.78516217048525727
  0.79960770280372417  0.81163476014431568  0.82119400540503740  0.83131562306969853
  0.84237272233188787  0.85205857809174002  0.86013487968651092  0.86805687005130627
  0.87588578411908247  0.88279284869968910  0.88903753726962231  0.89448341800315001
  0.89872851897640182  0.90240629401039585  0.90611694931412146  0.90962953281593573
  0.91305251843002344  0.91676773537965861  0.91974188119299849  0.92239201125175962
  0.92478937501854752  0.92722274373677227  0.92976999099614421  0.93229973965940649
  0.93454931688606235  0.93668239337451997  0.93855606092627952  0.94030646924127703
  0.94212383308627412  0.94396948306985318  0.94562397719111069  0.94715942839128231
  0.94873361451253169  0.95032706016606383  0.95173977703465729  0.95289073266137669
  0.95389392914872639  0.95492936774171877  0.95597932251645013  0.95699750831869224
  0.95793100203174331  0.95877423883294133  0.95952387846577913  0.96022385067447635
  0.96090533844953263  0.96159850041224282  0.96231951256494574  0.96306130702331205
  0.96372870054800186  0.96437373281237238  0.96501268660529027  0.96561270508103880
  0.96619823100040980  0.96677082368379719  0.96723384172470572  0.96769292119633632
  0.96814968445111393  0.96857401757729678  0.96898680981267382  0.96938578352896054
  0.96983965775531311  0.97037843336508633  0.98107548137797795  0.98175894146164255
  0.98207956542226915  0.98237643231657412  0.98265624204536151  0.98292451911517387
  0.98322168304356128  0.98353304171185585  0.98384587798413603  0.98416379352513161
  0.98448646040845789  0.98493863724556163  0.98542333203506671  0.98592451585321783
  0.98652867261648969  0.98719672197614494  0.98790245989784720  0.98866758300757285
  0.98952926814657305  0.99047133579456226  0.99142067699561909  0.99252765527716058
  0.99381343499128161  0.99524574887169870  0.99716900112564044  1.00000000000000000
  0.09443553593074260  0.14891449919301100  0.18007097178709289  0.19934904102260298
  0.21408243284695572  0.22754231127348390  0.23702066616527656  0.24601358318552957
  0.25444908311536035  0.26244696610194684  0.26932656431639951  0.27553805488999461
  0.28079817611302876  0.28528820352499379  0.28990708010529209  0.29468903874158209
  0.29924072608395375  0.30424028571678274  0.30974127425137554  0.31574135460638758
  0.32229608433492518  0.32905444206339396  0.33745116692978089  0.34662710539154501
  0.35472875770993584  0.36158698931163169  0.36816729349508320  0.37472291427587390
  0.37997252909572671  0.38570554190089146  0.39267407007758831  0.39974744619501540
  0.40665869559194356  0.41411281448264631  0.42250124581860521  0.43087439551143603
  0.43767142873727638  0.44311783320795411  0.44794385084451227  0.45252853653347153
  0.45704241950646479  0.46156943521191607  0.46597076461511044  0.47022759794947033
  0.47454196682723637  0.47910421762823152  0.48372851304592890  0.48844364049097627
  0.49329108999007809  0.49756550344471917  0.50325666076955067  0.50914943253480527
  0.51482697184497994  0.52147198631809411  0.52847108069182458  0.53535765204182151
  0.54194010387012947  0.54821892891019086  0.55423576850381873  0.56021819538208018
  0.56651091912520113  0.57299093319374661  0.57912141365313674  0.58472281285715977
  0.58946896960356043  0.59418233641024742  0.59924706726520205  0.60454310771321729
  0.61049633294197514  0.61714075980482519  0.62409130598385965  0.63121867669567500
  0.63868272656423497  0.64520109457214225  0.65189391547716180  0.65879000972646962
  0.66612805650828588  0.67459667173045190  0.68327532369574817  0.69359760839537377
  0.70548005244526579  0.71671833732390500  0.72603411344221880  0.73149153971423231
  0.73520866478995783  0.73984215535425835  0.74453017036207214  0.74944092992245492
  0.75575391681514392  0.76377176725440077  0.77300985140832923  0.78091001566250284
  0.78704430657755786  0.79485052545567947  0.81509093505583308  1.00000000000000000
   3.5231855400906986E-022  -1.0000000000000000     
 T F T F T F T F F F F F F F F F T F T F T F T F T F F F F F F F T F T F T F T F T F T F T F T F T F T F T F T F T F T F T F T F T F T F T F T F F F F F F F F F T F T F T F T F T F F F F F F F T F T F T F T F T F T F T F T F T F T F T F T F T F T F T F T F
  <DiscreteSampler_grid>
  grouped_processes
  1 # 1 for a reference and 2 for a running grid.
  10 # Attribute 'min_bin_probing_points' of the grid.
  1 # Attribute 'grid_mode' of the grid. 1=='default',2=='initialization'
  0.0000000000000000 # Attribute 'small_contrib_threshold' of the grid.
  0.5000000000000000 # Attribute 'damping_power' of the grid.
 # binID   n_entries weight   weight_sqr   abs_weight
    13   10   2.577209711056263E-013   6.483931705073223E-025   2.577209711056263E-013
    14   10   2.577209711056235E-013   6.483931705073078E-025   2.577209711056235E-013
    25   10   3.538865145629662E-013   1.232241813813395E-024   3.538865145629662E-013
    26   10   3.538865145627380E-013   1.232241813811793E-024   3.538865145627380E-013
  </DiscreteSampler_grid>
