  0.00000000005702810  0.00000000012930948  0.00000000018825422  0.00000000024576165
  0.00000000030966020  0.00000000038143774  0.00000000045885249  0.00000000053622808
  0.00000000061274740  0.00000000069764559  0.00000000078199428  0.00000000086898683
  0.00000000095744630  0.00000000105468766  0.00000000116040986  0.00000000126382574
  0.00000000136974402  0.00000000148373865  0.00000000159745913  0.00000000171139452
  0.00000000182756498  0.00000000194517458  0.00000000206166889  0.00000000217847456
  0.00000000230118735  0.00000000243005401  0.00000000255881203  0.00000000268732254
  0.00000000281376308  0.00000000294159526  0.00000000308021540  0.00000000322843160
  0.00000000338086160  0.00000000353006765  0.00000000367243644  0.00000000380824250
  0.00000000394810227  0.00000000409209375  0.00000000424359110  0.00000000440379186
  0.00000000456286453  0.00000000472007301  0.00000000487171921  0.00000000502962527
  0.00000000519305663  0.00000000536395229  0.00000000553822808  0.00000000571223564
  0.00000000588963179  0.00000000606480714  0.00000000622780766  0.00000000638841445
  0.00000000654773148  0.00000000670855771  0.00000000688023962  0.00000000706068679
  0.00000000724345763  0.00000000742676921  0.00000000761389778  0.00000000780683008
  0.00000000800437567  0.00000000820640571  0.00000000839835802  0.00000000859219691
  0.00000000877956845  0.00000000898952091  0.00000000921303716  0.00000000944250007
  0.00000000967954746  0.00000000992233137  0.00000001015859203  0.00000001039507147
  0.00000001062880739  0.00000001086808053  0.00000001111131768  0.00000001136033914
  0.00000001161788188  0.00000001191233148  0.00000001225877087  0.00000001259798510
  0.00000001293320990  0.00000001327091350  0.00000001361712329  0.00000001398463871
  0.00000001437056405  0.00000001478402973  0.00000001520884552  0.00000001570125908
  0.00000001627643842  0.00000001688870479  0.00000001754215570  0.00000001828709985
  0.00000001917395046  0.00000002051069816  0.00000002126961774  1.00000000000000000
  0.00935310898227061  0.01716432675001008  0.02712208886411052  0.03808407688884929
  0.04818361820680225  0.05801396388332928  0.06796594449361770  0.07830616150875264
  0.08849025207516791  0.09830046264624394  0.10819303622027497  0.11828673816384457
  0.12847348968439098  0.13865013574181298  0.14901820976438379  0.15914705760395959
  0.16931478773118480  0.17965858069088766  0.18984995434315868  0.19993570631542135
  0.21035078296411372  0.22177242978686215  0.23369649797079284  0.24524207377713991
  0.25602184794274258  0.26528741854668131  0.27505378417776266  0.28504088578349585
  0.29481497667068973  0.30438055231681627  0.31356413978378134  0.32451887429500376
  0.33466104645018357  0.34440835271123210  0.35412474839727354  0.36406108538840309
  0.37406199124387318  0.38390960646346400  0.39375590876829086  0.40348142062869802
  0.41320768595439167  0.42309986041365627  0.43303985276553170  0.44259995209564956
  0.45208442206924265  0.46167037861007937  0.47212022726692709  0.48341444636198921
  0.49532591896567257  0.50642488017365173  0.51724744933628009  0.52825527003669370
  0.53922216362116393  0.54959938081939619  0.55948261649037245  0.56923292236299639
  0.57907718681074261  0.58932091994743474  0.59977214484837504  0.61028816636734473
  0.62084776022136534  0.63155335636279253  0.64226638504720468  0.65286774325563890
  0.66355338502331762  0.67386286639843707  0.68390613263549571  0.69450610332783580
  0.70561414304439540  0.71649401002051616  0.72748281316168073  0.73919191385479321
  0.75128718926025551  0.76265412271442756  0.77418609695126051  0.78554763473500477
  0.79738319084938492  0.80843967939568995  0.81945501183271885  0.83032680324265851
  0.84135944525533968  0.85206018794775296  0.86273605430600520  0.87292512567832392
  0.88239280927692920  0.89182245655743109  0.90126252073892377  0.91063770574188951
  0.91940981284675605  0.92836471605988291  0.93754393163308469  0.94793932578360973
  0.95841457744403469  0.96873547888004441  0.97964158664069168  1.00000000000000000
 -0.00137106436013453  0.00963369046138017  0.01926598636257759  0.02899879941525368
  0.03895546629018130  0.04961132068367711  0.06026731271407852  0.07068773771804598
  0.08109055487917670  0.09136702311597873  0.10192768495656708  0.11202305805557103
  0.12163202996189333  0.13099869008716647  0.14029008697704917  0.14977026135714672
  0.15940664462481710  0.16920182656843541  0.17893216502140150  0.18834757661152032
  0.19766375604840386  0.20696249424436600  0.21636924244761635  0.22517946541823647
  0.23386468773013486  0.24283594154831240  0.25257519603646383  0.26374655792348589
  0.27498936570603771  0.28590386343293983  0.29612378077599488  0.30626592078232984
  0.31633552120545572  0.32660542690511979  0.33688257096024277  0.34740414791372176
  0.35758968610391684  0.36789647577615631  0.37835633948515462  0.38900613622761432
  0.39928638427738500  0.40908152655390201  0.41853077673528943  0.42831079238294023
  0.43834661741166481  0.44858637764002895  0.45907893274945172  0.46982082829979610
  0.48012669650845718  0.49016709777719031  0.49996058312832314  0.50994814626650875
  0.51962155617102324  0.52934771143215054  0.53929145225823005  0.55023951470777033
  0.56178482684400310  0.57274956667351307  0.58341003151652893  0.59386369279487261
  0.60421557439808093  0.61399866188682994  0.62380761310041577  0.63405277027975060
  0.64461808195841630  0.65543039047859153  0.66747852381533368  0.68009978585972031
  0.69253359199884001  0.70457668435365217  0.71634489244515021  0.72746354721581408
  0.73810286422239624  0.74862710670528065  0.75967645227939684  0.77064807625592235
  0.78137969040338673  0.79250233985596275  0.80469805887451817  0.81792422519834040
  0.83102156020469176  0.84312708065914899  0.85492140143550976  0.86663071320898755
  0.87744362158251643  0.88708019462419596  0.89691717510201241  0.90751129193542068
  0.91869808524867058  0.93027005965768450  0.94236988221959817  0.95486765620623382
  0.96643854980040600  0.97806358670581861  0.98908329089685243  1.00000000000000000
 -0.00236306441621802  0.00938160499893308  0.01893306340084260  0.02928244199565019
  0.03949511923129388  0.04940626706654011  0.05968654080343621  0.07051236640720607
  0.08114272089001373  0.09096446764792777  0.10047170272312349  0.11023824997300856
  0.12037911765557791  0.13083767419089917  0.14118985177305871  0.15107225251789533
  0.16082800996839758  0.17075025955732767  0.18069819570131912  0.19073530911686720
  0.20068988610142158  0.21065772777729619  0.22109307614989823  0.23202362680132957
  0.24321446672427385  0.25503906363226825  0.26758989969124747  0.28079768688952095
  0.29412122481163439  0.30652368424806098  0.31811624505474034  0.32892747802200373
  0.33995274437605855  0.35063646854334690  0.36125360016546498  0.37163798129825604
  0.38310287627405099  0.39503241658969929  0.40756065985992651  0.41933589745150912
  0.43086046099674963  0.44183528909991182  0.45239681490838413  0.46304372571713043
  0.47319168997514777  0.48338519331258850  0.49377836635166761  0.50431950751806198
  0.51554690518282942  0.52672404567829123  0.53817630050862875  0.54844395645514832
  0.55867166621378705  0.56928103297466393  0.58058373725554047  0.59064333601018149
  0.60041060249442524  0.61111174196317508  0.62139518762368695  0.63170653963197754
  0.64132807637379186  0.65112650673492500  0.66043469630693286  0.66990014285939969
  0.67943850398541106  0.68882880539422098  0.69861294366914450  0.70889061006090137
  0.72167373702992699  0.73408264666645107  0.74605049233995013  0.75680944410297213
  0.76755258202167442  0.77778429672652261  0.78840993373004487  0.79849437487359121
  0.80891483281533716  0.81953205132556539  0.82986757759071028  0.83995248829733982
  0.85019801602273182  0.86093854585509633  0.87166589181187792  0.88180310924189198
  0.89134975788869342  0.90069691870049284  0.91006539670929498  0.91979057877803538
  0.93005434216233396  0.93991797379616138  0.94962823481931879  0.95917551100822518
  0.96955996187097782  0.97992574832267176  0.98989515226674796  1.00000000000000000
 -0.00194840753201604  0.00862966563391312  0.01713486749299296  0.02674509158419427
  0.03657255748676175  0.04689178376967357  0.05802691388057150  0.06897189219102925
  0.07980710845995996  0.08970348824114535  0.09936942804693173  0.10935674659594598
  0.11920172952970336  0.12910913361251752  0.13916234253952933  0.14971719505977718
  0.16085292356483216  0.17237337231582797  0.18414762148118097  0.19619945472268918
  0.20782225660397743  0.21779697230514047  0.22744744207472936  0.23690859893421190
  0.24622441278358198  0.25555420835937853  0.26482506414080736  0.27455730960297359
  0.28529904696685510  0.29664106012196584  0.30801250145459341  0.31965884089043778
  0.33092467940213893  0.34180157881450846  0.35288608186742898  0.36433763011080872
  0.37609359522176794  0.38791565714016402  0.39921958748672093  0.41009380402925250
  0.42071016020493401  0.43103608111333713  0.44127729419512346  0.45168712226302721
  0.46201066739336349  0.47236146592176903  0.48228129757105087  0.49250696751100637
  0.50284518130414957  0.51365394572074763  0.52455638599539423  0.53568660576110672
  0.54742370453650857  0.55910640478179252  0.57013212930469515  0.58029547396980430
  0.59029342272538077  0.60039613508121115  0.61000452854600973  0.61986932493907521
  0.62986409140341804  0.63972650898283434  0.64901567918584901  0.65820900096437618
  0.66840447019721638  0.68023514532014573  0.69227089711489065  0.70285432255409142
  0.71326046808583432  0.72368809983519256  0.73377120694879605  0.74343238433906722
  0.75363887957899578  0.76508514781834180  0.77626742399118687  0.78677156140935289
  0.79764903012319022  0.80845657351084088  0.81955771644947539  0.83106988246842883
  0.84345664188048330  0.85596550368550206  0.86795114904018700  0.87950574161835127
  0.89033410456419204  0.90073595895794312  0.91038000073941205  0.91967804715249590
  0.92910479734367957  0.93910690888870463  0.94993548978949838  0.96029115924711628
  0.97025438353458948  0.97994440226092372  0.98975033150005864  1.00000000000000000
 -0.00217488132223905  0.00965631962287745  0.02010384787607804  0.03003549631027961
  0.04085938507368204  0.05176442906160936  0.06236724379954087  0.07289145994090303
  0.08417874406665458  0.09712574191190096  0.10955453542277904  0.12017938394061330
  0.12989154034575040  0.13939488022534322  0.14882877328309702  0.15811344927732213
  0.16737326689722815  0.17720040900161865  0.18738782508215129  0.19723685779860475
  0.20635053756403615  0.21594826704941869  0.22611218924638160  0.23632653666895020
  0.24642904277305946  0.25676159783656249  0.26742917822286544  0.27810251833792560
  0.28853247858640585  0.29870818720882442  0.30900007189204232  0.31969948958615968
  0.33047065774115070  0.34039966253119713  0.35013741033984414  0.36089188115553023
  0.37216848075160397  0.38300119632961227  0.39374733756516322  0.40478852724698916
  0.41578357128449156  0.42629492320036333  0.43709697734297054  0.44822854474654517
  0.45961819271029580  0.47063624430926482  0.48130497489188312  0.49172049593771394
  0.50262159493482061  0.51388434879989542  0.52500797142665612  0.53550411358522165
  0.54617553840826072  0.55676502869827804  0.56707833462670421  0.57696556312320557
  0.58714072116729865  0.59846415075047432  0.61010556136710592  0.62146981310465854
  0.63263999655982583  0.64290626193045375  0.65406112428637309  0.66538631938286974
  0.67717080275080210  0.68877873029940784  0.70026250009885405  0.71174553900628612
  0.72311286478013170  0.73441052497109238  0.74562401519411214  0.75608755217434143
  0.76594875969309040  0.77588020408951153  0.78584699967717608  0.79609391870088753
  0.80624054882860263  0.81679330717053600  0.82767925393172093  0.83757538530302467
  0.84725808297054428  0.85731180589696898  0.86730439349315080  0.87679428121715575
  0.88587780232476387  0.89467893403314869  0.90451954439178339  0.91464537673002200
  0.92547427184205211  0.93599538102255531  0.94704817256622653  0.95792786871100710
  0.96831048771464534  0.97862664150683065  0.98889351438703255  1.00000000000000000
  0.01530988219609858  0.01722019331738697  0.02069114966606705  0.02472415383935199
  0.02990919216486251  0.03494941770292786  0.03988477581977195  0.04476415530612272
  0.04954280783003184  0.05428174617538137  0.05913768935242461  0.06397934211635342
  0.06864020400920895  0.07348468009281983  0.07824156006230815  0.08302969644169769
  0.08778490455380523  0.09270775176244116  0.09790296670572339  0.10310411589560560
  0.10862395940603708  0.11411940908831551  0.11953088966715610  0.12499125921622832
  0.13048767565346617  0.13606141161810117  0.14158765029169126  0.14693494601642826
  0.15222613869340357  0.15760127060408874  0.16302109507736762  0.16864435416652668
  0.17399969532063556  0.17950316936327004  0.18491306593098850  0.19035488250399688
  0.19584553060296100  0.20145809718530092  0.20690398157899800  0.21241814498205192
  0.21809867916743703  0.22411483545139180  0.23062740537770543  0.23720152682671874
  0.24361315694772798  0.25003205072682549  0.25674713366908053  0.26371295652180710
  0.27074037010978247  0.27787378440368093  0.28500376465445815  0.29234959274904943
  0.29967108839038931  0.30705625759066180  0.31459583594904739  0.32222403155088358
  0.33008248641327259  0.33780305870060651  0.34566946777404334  0.35366218776947461
  0.36208114711910422  0.37044487197865023  0.37903216695681424  0.38767254516986366
  0.39683958020032178  0.40616315819864185  0.41580752592388631  0.42574327981577714
  0.43573467347849681  0.44552808340570188  0.45496376720414827  0.46434846430502014
  0.47404362070957662  0.48437475525733675  0.49531251133994919  0.50692981703429529
  0.51867771498997506  0.53063686011622113  0.54280173026401335  0.55554343796322514
  0.56846893404074972  0.58148033909974706  0.59455032030889399  0.60843273477121551
  0.62332221672346333  0.63992952525626368  0.65764137516244825  0.67601792956938478
  0.69508675111091534  0.71570017727895230  0.73969000846086908  0.76767092724820518
  0.80046760388559790  0.84091563891911891  0.89470489812955567  1.00000000000000000
 -0.00186396967410546  0.01196065843727932  0.02321561135633587  0.03465030081342336
  0.04563241130184397  0.05651434976959056  0.06713221746723573  0.07726586128485786
  0.08718964230067586  0.09738912686548788  0.10789576908881444  0.11882048529933047
  0.12995660300946810  0.14131156084942770  0.15249589145850362  0.16297114502352589
  0.17319210083729908  0.18310610034152633  0.19311816782055194  0.20316854539289675
  0.21362342563158038  0.22473788185275195  0.23601237342630238  0.24722025742528703
  0.25806524869016395  0.26834278721156285  0.27850554486163021  0.28889109600135371
  0.29962030441532289  0.30994178398635824  0.32008506927689495  0.33056257586825377
  0.34206352672301410  0.35399716496834960  0.36560263956839373  0.37689878715599012
  0.38776591819429657  0.39820398501694693  0.40829100924113160  0.41866561658565571
  0.42932872709008940  0.43981450314599324  0.45056049992273689  0.46146396369758858
  0.47228450053990478  0.48312939216350381  0.49343720161754662  0.50348209214688922
  0.51323819067757614  0.52287795349178612  0.53302916170472037  0.54374623362402574
  0.55436228854072045  0.56475357947678340  0.57490043856233419  0.58499035428690938
  0.59506186465333011  0.60573479986356538  0.61750596066088714  0.62965037741160013
  0.64075586089181258  0.65130878892687005  0.66123445651407498  0.67107175467408375
  0.68122934006027469  0.69204367356358010  0.70297095399372611  0.71361135361111194
  0.72412879118536466  0.73493317859326623  0.74552230505871742  0.75619191518280771
  0.76694006732064868  0.77766773142656631  0.78826614509320281  0.79871238823368396
  0.80888645173691087  0.81808001812667930  0.82693927292005753  0.83616018379418955
  0.84521728728632461  0.85402713190807489  0.86305106168459189  0.87226102617385703
  0.88261681367130529  0.89350986875442706  0.90400866962726734  0.91449592385569956
  0.92412344191848206  0.93363690889846607  0.94329614069096657  0.95289032900729465
  0.96299574689352074  0.97459529489611607  0.98677412016305677  1.00000000000000000
  0.02398300260545272  0.03356248605882907  0.04314819976388398  0.05378159261373152
  0.06445605769756725  0.07496018065694382  0.08428672391194648  0.09296106592922836
  0.10155002158776130  0.11076288564835522  0.12067771242693129  0.13109578578214323
  0.14170206003897959  0.15242834325449720  0.16338023048706002  0.17398061795482278
  0.18409487737701427  0.19358948179358271  0.20270045305083961  0.21196841442762576
  0.22155679475417320  0.23154846610964583  0.24170217064997468  0.25205102546451308
  0.26307221399819297  0.27398572768520463  0.28478515689772954  0.29491655144335738
  0.30443792349811666  0.31428226090815170  0.32440019845937990  0.33446397893945068
  0.34393623617076396  0.35309770902671483  0.36235118857736753  0.37154277767816690
  0.38118575981785385  0.39100759838434446  0.40168390747583965  0.41238557600209158
  0.42338413845643225  0.43444851577784038  0.44519843323387054  0.45603384133091096
  0.46719994588659769  0.47790419660580946  0.48842422386098394  0.49819346893940408
  0.50898836025069583  0.51948624810620836  0.52910190514711841  0.53836307413920226
  0.54762769674987799  0.55690407610030956  0.56669848977445525  0.57647677030244604
  0.58634260313854658  0.59822467575867588  0.60970778866025754  0.62126693750809125
  0.63274558328433028  0.64448295069002304  0.65515445694351726  0.66556267607837183
  0.67590020629846093  0.68628013741136518  0.69693061575559612  0.70711222047135747
  0.71670971508518677  0.72575053201515882  0.73463464123393318  0.74378542875694953
  0.75305031919791010  0.76308981862956027  0.77296597742143602  0.78360503284707095
  0.79400742774302369  0.80447259917393998  0.81488721381968454  0.82574408919351583
  0.83658263949515288  0.84751239500872821  0.85767916191395077  0.86740307372512304
  0.87688273093149782  0.88628608080632798  0.89616369411591923  0.90600077683831859
  0.91547263544965185  0.92467132552160181  0.93415793407984482  0.94438280418224507
  0.95490624800440294  0.96514879175577539  0.97106440638263924  1.00000000000000000
  0.09237394761916028  0.12459779581878717  0.13504576582505978  0.14453138535895266
  0.15521585008396643  0.16552412585566231  0.17575821030188268  0.18519040110507939
  0.19388268216538387  0.20209273103112058  0.21003947673837978  0.21754343971350071
  0.22502230533374931  0.23242924701568818  0.23966860762872436  0.24663359251391209
  0.25337798100836861  0.26004869276349268  0.26665440702814613  0.27316165712050799
  0.27957489381117678  0.28593576355356770  0.29233906172889251  0.29878005175907441
  0.30501974447212427  0.31114333809484579  0.31731783995023150  0.32343392403694288
  0.32966912986337055  0.33607547902914464  0.34268244239238888  0.34913484659407701
  0.35525773256280840  0.36069667867455868  0.36599057984492234  0.37133712672354979
  0.37690846274551720  0.38266907501004715  0.38844311872724407  0.39422650334450948
  0.39992099792900349  0.40544065155247311  0.41079081081574609  0.41589705663047200
  0.42109235642366827  0.42635634724668198  0.43200341087376470  0.43752839841929997
  0.44294720474528415  0.44826799139273688  0.45369283488098350  0.45921789330326912
  0.46462807335699569  0.46974787717416833  0.47481959843032351  0.47994055731512103
  0.48509703697068163  0.49031973471563567  0.49564289823584190  0.50097987876881078
  0.50608599775068164  0.51141043780564599  0.51655762416780515  0.52218307552509324
  0.52757488353283633  0.53292324504728739  0.53826876480679142  0.54364831281707660
  0.54904308048449024  0.55440456584709097  0.55980200187905693  0.56541884895138039
  0.57138372669992465  0.57744042550231067  0.58353162961317029  0.59004643173515647
  0.59657578254039234  0.60309258675622557  0.60981236731866839  0.61692911337192857
  0.62442521855128508  0.63215298563520106  0.64006625225826885  0.64795702667599531
  0.65569975634193967  0.66351557243140280  0.67125787116611291  0.67971772729246749
  0.68898167535855359  0.70000872257297897  0.71178857119411554  0.72421884555074700
  0.73958823819551578  0.76171188528109979  0.79820195834913721  1.00000000000000000
   9.8843078458273719E-025  -1.0000000000000000     
 F F F F F F F F F F F F F F F F T F T F T F T F T F F F T F F F T F T F T F T F F F F F F F F F T F T F T F T F T F T F T F T F F F F F F F F F F F F F F F F F T F T F T F T F T F F F T F F F T F T F T F T F F F F F F F F F T F T F T F T F T F T F T F T F
  <DiscreteSampler_grid>
  grouped_processes
  1 # 1 for a reference and 2 for a running grid.
  10 # Attribute 'min_bin_probing_points' of the grid.
  1 # Attribute 'grid_mode' of the grid. 1=='default',2=='initialization'
  0.0000000000000000 # Attribute 'small_contrib_threshold' of the grid.
  0.5000000000000000 # Attribute 'damping_power' of the grid.
 # binID   n_entries weight   weight_sqr   abs_weight
    13   10   2.882811163590006E-015   3.486618030132174E-029   2.882811163590006E-015
    14   10   2.882811163590005E-015   3.486618030132167E-029   2.882811163590005E-015
    25   10   1.835504421868657E-015   1.001938661342165E-029   1.835504421868657E-015
    26   10   1.835504421869034E-015   1.001938661342636E-029   1.835504421869034E-015
  </DiscreteSampler_grid>
