  0.00000000021944290  0.00000000063640945  0.00000000091243553  0.00000000115368797
  0.00000000138982985  0.00000000163903023  0.00000000188091066  0.00000000210169938
  0.00000000229969515  0.00000000248560233  0.00000000267380272  0.00000000287615635
  0.00000000307213791  0.00000000325492162  0.00000000342607704  0.00000000359223852
  0.00000000375978824  0.00000000392943063  0.00000000409625771  0.00000000425812920
  0.00000000442058985  0.00000000458479966  0.00000000475317283  0.00000000492545316
  0.00000000509372173  0.00000000524699488  0.00000000538963452  0.00000000553241920
  0.00000000568057857  0.00000000583466233  0.00000000598789279  0.00000000613491178
  0.00000000627746405  0.00000000642305874  0.00000000657585333  0.00000000673519671
  0.00000000691272441  0.00000000708936266  0.00000000726106660  0.00000000742597229
  0.00000000758785034  0.00000000774503498  0.00000000789683706  0.00000000806060165
  0.00000000823071998  0.00000000839656332  0.00000000855757968  0.00000000871992880
  0.00000000888755602  0.00000000906135581  0.00000000922351546  0.00000000938599089
  0.00000000955298733  0.00000000973121189  0.00000000992285753  0.00000001010738157
  0.00000001028055866  0.00000001045850628  0.00000001063921977  0.00000001082172374
  0.00000001100641976  0.00000001119038214  0.00000001137144861  0.00000001155897906
  0.00000001175524648  0.00000001195345717  0.00000001214762613  0.00000001234748855
  0.00000001256429025  0.00000001278240784  0.00000001298752028  0.00000001320772505
  0.00000001343483955  0.00000001367088772  0.00000001391908671  0.00000001415296433
  0.00000001436982380  0.00000001458570904  0.00000001480762480  0.00000001504326584
  0.00000001530544626  0.00000001558724851  0.00000001586807005  0.00000001620339482
  0.00000001657813967  0.00000001696538448  0.00000001737173140  0.00000001783971867
  0.00000001835986879  0.00000001891655800  0.00000001951666903  0.00000002015580380
  0.00000002103870210  0.00000002256569039  0.00000002366041728  1.00000000000000000
  0.00990336043904379  0.01558787454939755  0.02408715272233536  0.03348409214049750
  0.04356620301410421  0.05549056827665382  0.06745562930550954  0.07866693924206587
  0.08966662147346630  0.10052585680638976  0.11099739175206288  0.12112402745736571
  0.13097804751987543  0.14038153904706774  0.14956377261504580  0.15868571929990460
  0.16795490528978296  0.17740536227931386  0.18782048847260288  0.19804564816094580
  0.20828695688748497  0.21780699193137432  0.22795078461697260  0.23895288846087789
  0.25032305394370552  0.26060571596417448  0.27097899910744910  0.28011726049531932
  0.28930063609801793  0.29859589397120884  0.30871556050038190  0.31900878703051083
  0.32904357222815245  0.33896949177158225  0.34935299288708060  0.35983123301101538
  0.37019596824713608  0.38039411138542167  0.39054610790823913  0.40094830047654706
  0.41154214453861726  0.42099242570639978  0.42977865615289701  0.43916075743877087
  0.44953799647038006  0.46008124717742344  0.47033462691392480  0.47911415377209610
  0.48963074482268842  0.49983501347036297  0.50992922821938047  0.51965728605289474
  0.52935781569661922  0.53944605336484430  0.54908849222654799  0.55835707674684065
  0.56817013081211254  0.57806955988277708  0.58854769818828356  0.59769728179540216
  0.60702959431094583  0.61727857226458416  0.62695796422117189  0.63695878804201767
  0.64719176927071176  0.65878692902500313  0.67062806085554061  0.68229286543508627
  0.69436399287460804  0.70706736008204363  0.71952744291203174  0.73180890087495853
  0.74356904682315239  0.75454408891940683  0.76495602191413714  0.77509375127995661
  0.78533737802445858  0.79539365761691017  0.80590447217353334  0.81656907060953299
  0.82749398254534146  0.83813902597883327  0.84876076504889464  0.85920184061713545
  0.86996597899756722  0.88122897878017203  0.89278618527826281  0.90504189958922465
  0.91746275198869531  0.92941470233067847  0.94083206091951066  0.95200624684223578
  0.96327977580556745  0.97459806806536697  0.98656598288196218  1.00000000000000000
 -0.00248846557728038  0.00909787323791992  0.01846476606359329  0.02905757990436386
  0.03952339528772440  0.05032805611417712  0.06111186255547757  0.07237400203925173
  0.08359688390728871  0.09364691957522892  0.10287576582107401  0.11235613757527825
  0.12207016580481204  0.13186518701280445  0.14113258610098500  0.15072250612012927
  0.16083703986142306  0.17114017138255030  0.18169317051861608  0.19360395611121020
  0.20597548935485191  0.21664091589549289  0.22611549918147500  0.23517067635370018
  0.24418870831369019  0.25317647259424386  0.26212411290580373  0.27152207179303850
  0.28152322386984768  0.29185028137632452  0.30197434407169993  0.31239424516972947
  0.32272015142545174  0.33272171430543207  0.34210025347109624  0.35129922330270397
  0.36104062777257639  0.37125264392547203  0.38236922702081599  0.39412099797325062
  0.40659001628277164  0.41825163631714640  0.42942621918849483  0.44088445476001109
  0.45222906351929698  0.46234538266790387  0.47198865556137409  0.48236442098265797
  0.49384383943668503  0.50426186215731328  0.51461044107906784  0.52496604194302388
  0.53581467314917364  0.54638774235041376  0.55688588019887908  0.56770726064817245
  0.57852623444842655  0.58902042638031904  0.59943789302253137  0.60994951329446201
  0.62190896565843568  0.63400962546256556  0.64623660714444187  0.65533753596904476
  0.66533329748654502  0.67567047279350745  0.68643832483500511  0.69614008108887371
  0.70603176121573019  0.71640343784362204  0.72715710062532557  0.73841027369837053
  0.74988633342147093  0.76039732576986774  0.77065423279818313  0.78147624168345420
  0.79233548467526727  0.80285758971535770  0.81347891771069925  0.82401130982269633
  0.83491884333759459  0.84576587205896625  0.85654778166473777  0.86679636723539455
  0.87740151694425872  0.88835396333090466  0.90034776602362943  0.91273520058795010
  0.92539508479439936  0.93807376616500937  0.94935654908853218  0.96038514354955140
  0.97034315012767369  0.98042344948813609  0.98990432492865232  1.00000000000000000
 -0.00294533603128413  0.01003302941838414  0.02015646010068615  0.02945142348901412
  0.03876990053974458  0.04842407395105442  0.05861839393556262  0.06880438510574662
  0.07954619748538097  0.09105070325933198  0.10309246674333032  0.11409231263147665
  0.12428966083050050  0.13459312318238545  0.14491138789813499  0.15575689456806685
  0.16637236247782344  0.17650870449354433  0.18688267099377573  0.19832467026303852
  0.21057411725477504  0.22240046775530301  0.23392806545471548  0.24575723390269313
  0.25726737997610299  0.26837186439080007  0.27879309289431176  0.28929231072723904
  0.30029021405320638  0.31228241117001609  0.32442902517361355  0.33646463658859088
  0.34912970870318610  0.36253672288853400  0.37525185481914375  0.38590101693546941
  0.39571319614473616  0.40572630304653051  0.41601805182911811  0.42636452903202532
  0.43677802831328183  0.44746974824943775  0.45738643627839032  0.46665106715919186
  0.47560225363199127  0.48495564993291768  0.49468099207188082  0.50463524782906166
  0.51429362414793089  0.52379075160160615  0.53276438133206905  0.54285208689765696
  0.55297124288743682  0.56274511097756041  0.57183660295163763  0.58136036665112190
  0.59236535713150162  0.60441529350298961  0.61534360596569981  0.62580347563015115
  0.63636918080576799  0.64663043902181216  0.65654127196132017  0.66680462284608966
  0.67787343634868369  0.68847969787861263  0.69871839678719916  0.70927659137301924
  0.72008802326745869  0.73069048990599761  0.74091834470780649  0.75152306609910768
  0.76252277300728055  0.77344087021652597  0.78396350280644889  0.79407777266274915
  0.80426630730079862  0.81497520440839777  0.82589011178488236  0.83736517769493390
  0.84965599050160745  0.86168530601985771  0.87366669060256474  0.88486578797952209
  0.89528127881299113  0.90408531885124721  0.91296916878309786  0.92183567995192961
  0.93149562127130059  0.94093077269919223  0.95024643767963701  0.95967908199840446
  0.96961176716063135  0.97933960095423589  0.98971708634511280  1.00000000000000000
 -0.00242346588201450  0.00911024025213929  0.01962575658643725  0.02999029415217748
  0.04102352080718245  0.05159583992935000  0.06182710021108485  0.07190191143001835
  0.08229267018146477  0.09250147622784552  0.10224815064183866  0.11198497231124284
  0.12215506192902600  0.13253274234059828  0.14276725230280990  0.15322229745424035
  0.16431147154560788  0.17611119772392583  0.18775720401636781  0.19833420224813045
  0.20826237661670474  0.21828855481915641  0.22921588303576804  0.24118375556375268
  0.25342957716341874  0.26572078629919904  0.27756273438712270  0.28883636418493824
  0.30026022798632745  0.31154591658423092  0.32239059194302128  0.33252019276259415
  0.34278926256172793  0.35329273464200878  0.36391618393827857  0.37441705136119696
  0.38445119518478260  0.39433263013103237  0.40312187211734474  0.41180240977450011
  0.42092188844850703  0.43081886215562354  0.44109959461127318  0.45147263376602681
  0.46164520409353366  0.47226577835969535  0.48321269406018053  0.49426751442673422
  0.50515263634502705  0.51609925045004745  0.52729915828512841  0.53855796375160359
  0.54891417978491952  0.55847540210469282  0.56836503463715826  0.57814144777705589
  0.58848360821750556  0.59911172720608863  0.60959925496920520  0.62002706197780522
  0.63043616657612345  0.64109842420804231  0.65191060824898817  0.66242324516894069
  0.67250126230952489  0.68258465758332121  0.69342611151469602  0.70440530319687467
  0.71519787741395979  0.72549432848448747  0.73686216420174144  0.74853806298052228
  0.76011807495960015  0.77093150162360258  0.78181635988988651  0.79301066622698380
  0.80440948082892860  0.81541077865424261  0.82543758971162562  0.83626841835281751
  0.84766431042443824  0.85911450472973960  0.87011302998179529  0.88133118232366703
  0.89266522865161968  0.90399304359909582  0.91501584619552234  0.92511549366001344
  0.93428743912766377  0.94289123330731817  0.95124872025055873  0.95995615392410882
  0.96926236790772413  0.97837176952961491  0.98953494515285845  1.00000000000000000
 -0.00223521982201151  0.00789099956378823  0.01736618474549214  0.02711791539950547
  0.03742268644393988  0.04809773754865677  0.05892179392848367  0.06998653892070644
  0.08116745157441387  0.09292869454605719  0.10442944586501836  0.11527533536985796
  0.12539335297917967  0.13522129794302601  0.14512260268537722  0.15508104336025724
  0.16513858391785197  0.17505665384355409  0.18510146656145479  0.19603024966614574
  0.20805881480284785  0.21980841619130298  0.23110638819356871  0.24148615935567619
  0.25212989776912087  0.26241910364490606  0.27309086653694165  0.28389859734068190
  0.29539461898916680  0.30785258899871043  0.31974513253824322  0.33023715947486992
  0.33986072942674139  0.34942516369400795  0.35926311890132084  0.36897915023069000
  0.37855214132476378  0.38840061996922642  0.39875539959490464  0.40973397544557494
  0.41969469522926900  0.42921108239446182  0.43836701595306421  0.44770929054101744
  0.45638441853950912  0.46503100749602594  0.47406292972488534  0.48387901976093101
  0.49350867122283593  0.50331588662596571  0.51361607954209132  0.52416492257582636
  0.53462739003099213  0.54482274533298014  0.55515442219078159  0.56609609033124897
  0.57783767811880271  0.59001717908932538  0.60171229203319876  0.61310698265399188
  0.62355158188642279  0.63363414765072990  0.64326514548543268  0.65343352922455489
  0.66423236254051543  0.67588066020055615  0.68721270678064528  0.69822724623040033
  0.70920593251596642  0.71959784824187578  0.73049043591891349  0.74243377295904245
  0.75444856595991361  0.76586520134651237  0.77676618475597292  0.78771456889768043
  0.79788899346711473  0.80770227248251036  0.81786703676812023  0.82802334875594263
  0.83778148146737585  0.84741945358477899  0.85835961536000316  0.87075366175114299
  0.88204872473093454  0.89305022527759226  0.90354773595827687  0.91453653685235314
  0.92510408048835779  0.93577132950882602  0.94673041335440267  0.95701479733535610
  0.96740188774728131  0.97761323254673471  0.98865572910174082  1.00000000000000000
  0.01401415664863562  0.01580934648926205  0.01924373567882474  0.02379772869440532
  0.02909794406118237  0.03452368815841614  0.04034872241368997  0.04596976748990989
  0.05167110721091774  0.05734829257925486  0.06296085143415436  0.06870106890394677
  0.07467545878069302  0.08019668298520297  0.08567388426853738  0.09132363821003077
  0.09733666008932890  0.10378601838739170  0.11034082621095055  0.11642265572758838
  0.12259913087254111  0.12849609542468610  0.13467468422822190  0.14040007292009268
  0.14619726217198228  0.15204274652545458  0.15789817104369414  0.16368286597026308
  0.16935340781502659  0.17507502204351358  0.18094902240684022  0.18696100714124297
  0.19310876777301253  0.19923749189839651  0.20543472931838991  0.21179507182336266
  0.21844761620449740  0.22527785276322082  0.23173403025007741  0.23801675310262846
  0.24439677241152227  0.25089374483254945  0.25753823547396182  0.26412318482554953
  0.27038543023177836  0.27640607291488256  0.28239861023024643  0.28875718016514446
  0.29612779749802148  0.30425156341488835  0.31183208233437737  0.31894928108933335
  0.32555950831256042  0.33256922933976185  0.33927959855485457  0.34603894498184307
  0.35289109803807645  0.35970238499997992  0.36702953717836290  0.37426675984691543
  0.38202018082391581  0.38914409700092967  0.39616972229223929  0.40496783932485764
  0.41439807670037115  0.42453251874495745  0.43482472244207870  0.44431829322150868
  0.45351839081624717  0.46213330217000209  0.47067554308749998  0.47989438800196166
  0.48965890117012556  0.49963210732806895  0.50947706164747986  0.51991160452434126
  0.53181987924863450  0.54426810477200038  0.55624268836561563  0.56901488320048155
  0.58258694388099597  0.59684960044591684  0.61180121181087532  0.62805272480734087
  0.64349023018322538  0.65917605986848271  0.67595241040718812  0.69486709480196263
  0.71502236211559222  0.73725890520412884  0.76139838511497526  0.78612382020807536
  0.81561519470653110  0.85524486361129992  0.90868826490334320  1.00000000000000000
 -0.00197036501293155  0.00935282029175461  0.01881970363779228  0.02944372834966012
  0.04045726891182202  0.05096017328762058  0.06113196820555004  0.07199638758425560
  0.08401247612619601  0.09533984531839818  0.10582893453465129  0.11535215175819843
  0.12495909822376851  0.13496835464194351  0.14517308429482706  0.15531923123129054
  0.16564595089662340  0.17633299776853487  0.18713571301915966  0.19787858996960231
  0.20859707983674541  0.21906106914122903  0.22970629074996940  0.24063604917723833
  0.25312076522828320  0.26643538637629710  0.27817056985983418  0.28867582702166183
  0.29900545665253658  0.30968992859512784  0.31992854916900931  0.32965610731723977
  0.34008382691218975  0.35127588201108151  0.36224930004726330  0.37294173736635927
  0.38320992887314409  0.39344681699341189  0.40347535704296122  0.41259407188482033
  0.42255469360820935  0.43299819422078201  0.44371641041984000  0.45452305306679097
  0.46470807745662002  0.47409527052206540  0.48325129332548278  0.49264773307632181
  0.50261445931288207  0.51259841474472512  0.52293583842791458  0.53383171337568136
  0.54492548508532002  0.55535815211301709  0.56585499435252906  0.57603622590775683
  0.58702280902268300  0.59824133088150033  0.60981872733874465  0.62094042989331710
  0.63215175211204633  0.64247684009498163  0.65301913344718643  0.66364355406353592
  0.67473843104664000  0.68582375995954559  0.69662321556115170  0.70720494262441225
  0.71776626369827801  0.72868080330570206  0.73916880728210355  0.74865215938539953
  0.75816613689000822  0.76821899703330210  0.77857905118839665  0.78887268038378755
  0.79938844053497460  0.80997637254006549  0.81994804720168746  0.83061142140601407
  0.84214259989172302  0.85391154792455259  0.86544076959583316  0.87664076517731604
  0.88762499259032634  0.89801196601292299  0.90748956452362417  0.91683949949543397
  0.92724238369076950  0.93828003703773788  0.94860280892988602  0.95894063058046286
  0.96931983447288850  0.97999310265612705  0.98995215796392610  1.00000000000000000
  0.02443305195274644  0.03264890278320651  0.04159553939506155  0.05106944470536817
  0.06087269339505851  0.07138542159495878  0.08197469686314120  0.09257178536750026
  0.10244935511105067  0.11194690995077408  0.12132633904489941  0.13061053825947999
  0.14017954158681964  0.14998337586411198  0.15997030728219011  0.16989048041125476
  0.17875117497019916  0.18759880489419081  0.19667450353447441  0.20618207214379597
  0.21586400822440310  0.22520351113939846  0.23467564607874544  0.24420338333823782
  0.25420187567588687  0.26450636821296064  0.27504612179229987  0.28546496017079687
  0.29553812077800906  0.30608987949656169  0.31697268041391186  0.32770766905990262
  0.33840862223276252  0.34838260601866650  0.35831163255605769  0.36822744031867249
  0.37849126530785016  0.38903619462608718  0.39902789613600537  0.40845107683183662
  0.41757051483328528  0.42683323985841881  0.43677320070455805  0.44667231491518378
  0.45605183994760784  0.46519894515392418  0.47469207848576656  0.48424345753631443
  0.49348932734354711  0.50251856816406359  0.51208313052801790  0.52311549549304892
  0.53517492682036971  0.54702851713869738  0.55861092746025398  0.56938802461600280
  0.58006329154883796  0.59082355607435677  0.60096275564116297  0.61075192402260892
  0.62016806234162947  0.63012863633438088  0.64073665724208284  0.65115311706542423
  0.66188654665113500  0.67213458006029736  0.68197538561178939  0.69182667566948808
  0.70234299879316520  0.71321889879525968  0.72338253485074133  0.73312438835916427
  0.74308471274242749  0.75325176710587660  0.76314838975063348  0.77338842536801122
  0.78393549061224543  0.79392626540498890  0.80372800245715603  0.81370495365850437
  0.82392872447039822  0.83406721164977271  0.84423895622162226  0.85428114094484586
  0.86472461044498006  0.87558057817672530  0.88653264828204059  0.89755231148512393
  0.90897897529904081  0.92068668025346101  0.93217806393053892  0.94346895591439583
  0.95486759134791832  0.96533594798492262  0.97082275140558938  1.00000000000000000
  0.11339080953946708  0.13191031200257627  0.15094267331740704  0.16675006238742873
  0.17969146524862542  0.19253642877845967  0.20424533824197158  0.21553268951188190
  0.22704799234792550  0.23780744898481521  0.24768554075182739  0.25673847657630705
  0.26574620597011778  0.27458529939495396  0.28270918501219883  0.29044303578195674
  0.29849429025983615  0.30658551374388726  0.31406704280483233  0.32088858964053329
  0.32787845886282874  0.33538723998688513  0.34294287525660810  0.35034368316717673
  0.35728962919304874  0.36418979328842066  0.37067006191787599  0.37716689974403067
  0.38396084537260045  0.39102619069451544  0.39811843572730132  0.40498717436789822
  0.41155526377006485  0.41825078097368129  0.42511924696488723  0.43209148059910207
  0.43823294440670191  0.44416551410435173  0.44995856086019326  0.45615662763617038
  0.46237796159128169  0.46855913667302490  0.47469458429075917  0.48041747360485060
  0.48653524555610567  0.49265246849022948  0.49885135214705734  0.50465375185385941
  0.51000338538791368  0.51532789794429856  0.52106839565183660  0.52733614830631592
  0.53372012280839098  0.53973140072005321  0.54553540414230106  0.55153585274239636
  0.55786437694901303  0.56442906330240905  0.57071373447003038  0.57689849412296201
  0.58301849212345058  0.58913758613477218  0.59553890308734680  0.60205464793982666
  0.60857866177130415  0.61507052042608934  0.62110229816248796  0.62707167627628924
  0.63305314410338309  0.63908209329853394  0.64496347822230704  0.65051964040741228
  0.65582072262780688  0.66114392644325093  0.66672863744698752  0.67248844858833834
  0.67824083909081934  0.68356639764876470  0.68928431217024122  0.69527063150903923
  0.70113076588521783  0.70687181724354464  0.71289371644869748  0.71961533533918975
  0.72726835498242848  0.73486629603261810  0.74224783086638746  0.74906528093692970
  0.75633851973686694  0.76401384248214954  0.77472621526061247  0.78868100229593974
  0.80743988780664233  0.83313743243516947  0.92524562648958386  1.00000000000000000
   4.9594493238560615E-027  -1.0000000000000000     
 F F F F F F F F F F F F F F F F T F T F T F T F F F F F F F F F T F T F T F T F F F F F F F F F T F T F T F T F T F T F T F T F F F F F F F F F F F F F F F F F T F T F T F T F F F F F F F F F T F T F T F T F F F F F F F F F T F T F T F T F T F T F T F T F
  <DiscreteSampler_grid>
  grouped_processes
  1 # 1 for a reference and 2 for a running grid.
  10 # Attribute 'min_bin_probing_points' of the grid.
  1 # Attribute 'grid_mode' of the grid. 1=='default',2=='initialization'
  0.0000000000000000 # Attribute 'small_contrib_threshold' of the grid.
  0.5000000000000000 # Attribute 'damping_power' of the grid.
 # binID   n_entries weight   weight_sqr   abs_weight
    13   10   1.910535689970771E-018   1.232726226840300E-035   1.910535689970771E-018
    14   10   1.910535689970765E-018   1.232726226840288E-035   1.910535689970765E-018
    16   10   9.486997868965581E-018   6.577756319778984E-034   9.486997868965581E-018
    17   10   9.486997868965598E-018   6.577756319779126E-034   9.486997868965598E-018
  </DiscreteSampler_grid>
