  0.00000000021781920  0.00000000063274535  0.00000000091522113  0.00000000116275657
  0.00000000139808776  0.00000000162021923  0.00000000183252822  0.00000000203501413
  0.00000000222747591  0.00000000241440767  0.00000000259782757  0.00000000277718633
  0.00000000294959409  0.00000000311988136  0.00000000328994370  0.00000000346131185
  0.00000000362770295  0.00000000378889334  0.00000000394730698  0.00000000410556532
  0.00000000426042699  0.00000000441366588  0.00000000456935626  0.00000000472822427
  0.00000000488425055  0.00000000503681309  0.00000000519024684  0.00000000534629207
  0.00000000550056807  0.00000000564970306  0.00000000580387317  0.00000000596112633
  0.00000000612585139  0.00000000629184122  0.00000000645905420  0.00000000662171094
  0.00000000678564508  0.00000000696035712  0.00000000713233418  0.00000000729858684
  0.00000000745889291  0.00000000761582390  0.00000000777093323  0.00000000792549123
  0.00000000808625807  0.00000000824871112  0.00000000841462171  0.00000000858310582
  0.00000000875981348  0.00000000893061151  0.00000000909618539  0.00000000925683458
  0.00000000941406998  0.00000000957675163  0.00000000976126054  0.00000000995991845
  0.00000001015879625  0.00000001036072795  0.00000001055674022  0.00000001074791999
  0.00000001093376341  0.00000001111475897  0.00000001129407105  0.00000001147277676
  0.00000001165396638  0.00000001184138725  0.00000001203448987  0.00000001223032791
  0.00000001243876829  0.00000001266137893  0.00000001288842736  0.00000001311609987
  0.00000001334734429  0.00000001357651616  0.00000001380972249  0.00000001404435447
  0.00000001428174215  0.00000001452713555  0.00000001478198588  0.00000001504353132
  0.00000001531456518  0.00000001559031368  0.00000001585631297  0.00000001620687697
  0.00000001658760724  0.00000001699133251  0.00000001740888633  0.00000001785242030
  0.00000001833802815  0.00000001886812958  0.00000001945395300  0.00000002011613438
  0.00000002104435185  0.00000002258491808  0.00000002366078984  1.00000000000000000
  0.00933886108343819  0.01704543536386336  0.02621970891117669  0.03656377474672179
  0.04639938376582325  0.05618767868619552  0.06589775130835081  0.07571313954072556
  0.08566443906503797  0.09573071654898914  0.10596858375656093  0.11637644678408901
  0.12671211194580875  0.13657110826329150  0.14704883257688939  0.15774500403646624
  0.16862933091047741  0.17966832732908528  0.19094959628198258  0.20205796598768336
  0.21270069014320947  0.22304077210001316  0.23361537001562074  0.24451103137437083
  0.25578021091841441  0.26705759581558930  0.27806076196565471  0.28862564533314833
  0.29892678398492495  0.30893807671895568  0.31873455367663694  0.32873666481140806
  0.33926402173888737  0.35008311343538112  0.36086682065170200  0.37156996164787182
  0.38162841091135313  0.39112840938618015  0.40053524486687553  0.41018413632796796
  0.42050028722267402  0.43083186796670819  0.44117538683529051  0.45223297445910970
  0.46350563977643849  0.47499388151919647  0.48554926306399976  0.49597106515566391
  0.50631786108129517  0.51697055648086943  0.52744230912457024  0.53751882582507404
  0.54744035577006589  0.55737505882525795  0.56733079098355854  0.57704746442694277
  0.58741145502179781  0.59855996600483163  0.60961170807883225  0.62018843846492533
  0.63082522892430692  0.64126994149162253  0.65087858200455395  0.65974472536615791
  0.66861423913638263  0.67785456180131254  0.68730551565943732  0.69709212262185227
  0.70715352588106628  0.71717837948945462  0.72695621384202824  0.73697356103019085
  0.74746738936320489  0.75807651280847277  0.76872850849568708  0.77912757093132301
  0.79025999411225167  0.80137556510675678  0.81251280277596682  0.82325595777691385
  0.83388927246343103  0.84504198618552340  0.85606623526975378  0.86692334622663692
  0.87740691174264940  0.88779557610864102  0.89853070651139455  0.90959812546323682
  0.92053827088082441  0.93096433324140038  0.94127555391709228  0.95247219778324788
  0.96348609620588122  0.97580886555851332  0.98762604698694123  1.00000000000000000
 -0.00249638188227231  0.01052286513615840  0.02103247411579400  0.03191961008518459
  0.04265785144710039  0.05383431605034546  0.06565209614863932  0.07760581733708483
  0.08878213378032918  0.09946567677050425  0.11003928739276744  0.12056831800988234
  0.13036479348607055  0.13986936939722186  0.14972589600270106  0.16020887596186803
  0.17105246251869036  0.18203617632851360  0.19359805632514621  0.20471674769108889
  0.21510116646340430  0.22528525871696825  0.23647964846704081  0.24754354615364993
  0.25866853819536162  0.26993918724019789  0.28129250394596672  0.29253330788648335
  0.30343671669222577  0.31398710241723854  0.32422948186334000  0.33437712474363790
  0.34450741260242751  0.35475368298249110  0.36511423448667790  0.37533525691401837
  0.38535043843008715  0.39564417108223887  0.40663130854369395  0.41868660331138824
  0.43136011913168598  0.44346155635667445  0.45505901553659095  0.46637191950862866
  0.47754729335737833  0.48833610122062160  0.49892706536408193  0.50954148372648045
  0.52034737847585522  0.53112336882959410  0.54201581620743189  0.55299186599656291
  0.56328411343272544  0.57297032043577645  0.58247561046244678  0.59255563594245864
  0.60273656176936397  0.61271479287014996  0.62291496023314541  0.63360948832407193
  0.64360181345600920  0.65304334170178191  0.66220809477615905  0.67148239879769256
  0.68087186969801372  0.69049431918769588  0.70003024108886169  0.70956625197058121
  0.71873016913518639  0.72826993492798731  0.73827877827939614  0.74878366929369422
  0.75912024382206933  0.76938178252434808  0.78024472570380821  0.79151658327401198
  0.80282768675073091  0.81386253612726711  0.82473026425494356  0.83494523535482024
  0.84490046241526551  0.85467687368078193  0.86451622832683461  0.87422531958339400
  0.88399362581360630  0.89402403977760547  0.90388752769421643  0.91350353687641461
  0.92303564917524095  0.93259285661761748  0.94284103772291206  0.95321262458978617
  0.96390950701895062  0.97517940954146154  0.98716789751432021  1.00000000000000000
 -0.00194406466662706  0.00799539785766674  0.01730138301269746  0.02754198783893492
  0.03834177925798506  0.04947408484408292  0.06059805763986868  0.07193140712453922
  0.08345351834870614  0.09519540422052508  0.10657175243097403  0.11760815540329853
  0.12832578516352336  0.13843730006161448  0.14817963608609808  0.15710858621334406
  0.16614188739448266  0.17584309215973937  0.18621105366299975  0.19686354174783152
  0.20749618058441846  0.21822249059272847  0.22875765595816505  0.23912336074317950
  0.25000359946545020  0.26147254538620612  0.27345132432904795  0.28587786718790820
  0.29750896493956575  0.30811955969521226  0.31808867831534399  0.32785166708173780
  0.33733917540092739  0.34699164397782739  0.35675943751002032  0.36658706119690548
  0.37650827071917609  0.38621396586314932  0.39594441899676125  0.40555271920297081
  0.41530069036523826  0.42578754997552254  0.43610769651156417  0.44673906874197966
  0.45763860523654692  0.46869497156775691  0.47872677429166982  0.48739385995607470
  0.49624576355694083  0.50565622029288404  0.51468008801875076  0.52328753622276281
  0.53189524656993692  0.54100410643364416  0.55185240231908772  0.56297001372277633
  0.57349751313268182  0.58407723675948897  0.59487890240501817  0.60551903662222073
  0.61589466465278453  0.62647250575714308  0.63784423000079538  0.64931921116796831
  0.66091519131542886  0.67199727194207393  0.68214386951433725  0.69187454124077485
  0.70168265985235356  0.71187436621699685  0.72268148648183828  0.73397125056293100
  0.74547251689752003  0.75688319096013223  0.76825027602290530  0.77968725301797825
  0.79123196620550806  0.80294073963100676  0.81450526469944606  0.82564529847219426
  0.83664114790459454  0.84826192085864671  0.85971019700141216  0.87140262683267045
  0.88224797889740214  0.89257190453886937  0.90287751730699861  0.91313439864299284
  0.92383771120074065  0.93413585744676042  0.94467780419061653  0.95521711588570624
  0.96575199575596116  0.97678742032380850  0.98824040008343572  1.00000000000000000
 -0.00290010319077879  0.01118249525572357  0.02205025916266099  0.03230365914069277
  0.04253819469994251  0.05334485762513419  0.06390022396133462  0.07473281149775035
  0.08560697421778646  0.09708788357579365  0.10783065222682901  0.11754644014975010
  0.12724437982074135  0.13684149108431123  0.14664968416687815  0.15618639334308015
  0.16588301524311666  0.17642685933142654  0.18725282644030891  0.19773842464571728
  0.20773929006321493  0.21788303641548787  0.22814451017986845  0.23864323819092842
  0.24917617592659555  0.25906686163861009  0.26898329762893508  0.27874578377360937
  0.28874396192154372  0.29923159074005401  0.30962184822983529  0.32007884724542196
  0.33089753591933413  0.34193291466669878  0.35246450011113090  0.36277946464329447
  0.37322941797303444  0.38438107760950491  0.39564926236313330  0.40662578266308341
  0.41733138807175973  0.42813694506102196  0.43919117490934911  0.45088408288399390
  0.46257070025901814  0.47398875282431840  0.48470111264181603  0.49553208919136299
  0.50655221752120438  0.51793818763409549  0.52933647347915702  0.54071493417443817
  0.55177333956899144  0.56273637459762871  0.57348742708423417  0.58419330840734385
  0.59469002086363387  0.60467559015120309  0.61409580022649379  0.62365954467134654
  0.63371014944059079  0.64445185938797578  0.65517358732204645  0.66592071549344023
  0.67645948939318512  0.68665992989799152  0.69713882173635033  0.70801382778300448
  0.71899918573724420  0.72911112870759820  0.73944187915664328  0.74959084033993328
  0.76073103951895260  0.77159916301663101  0.78272363200706085  0.79374598070617686
  0.80409183903928561  0.81438256196969872  0.82461013586048104  0.83553772521654424
  0.84667120338296031  0.85646047876144671  0.86576214630649717  0.87487984756279091
  0.88444273227938597  0.89385093864297460  0.90350513368580909  0.91303663078286368
  0.92357360498956598  0.93422597835736143  0.94550071829481130  0.95785734800320055
  0.96934639552786617  0.98023850843947424  0.99018533846676426  1.00000000000000000
 -0.00236400125290921  0.00924817233202693  0.01972084955751511  0.03071400034348179
  0.04214840738311157  0.05209756769512520  0.06203632989286782  0.07160296369542371
  0.08153421964699092  0.09133346296063866  0.10128991694481040  0.11163800927375134
  0.12266418796299419  0.13337642126714858  0.14451736773338564  0.15661833247395335
  0.16925241272086838  0.17965084001018802  0.19007827823673770  0.20051964399227148
  0.21095706666322644  0.22122326586909119  0.23146198840643581  0.24159421510599272
  0.25130523888951634  0.26089731529942689  0.27039300750834050  0.28044178096808814
  0.29047661852953421  0.30128816675819614  0.31212220763920290  0.32270378228832686
  0.33347975028699067  0.34393599029651312  0.35403688720560900  0.36432661728968635
  0.37481253790568275  0.38602947624183676  0.39760336880333980  0.40902638225030846
  0.41960655567006588  0.42976515256631703  0.43995839160008388  0.45063384428320924
  0.46072155646310836  0.47031071383811840  0.48028989016389717  0.49088952507107658
  0.50140866230388070  0.51132406129994401  0.52172257472574946  0.53283982804223917
  0.54372462744301919  0.55433735829776198  0.56489731499812190  0.57516210662569467
  0.58505938131443547  0.59477706203012548  0.60465800468723319  0.61507089129423353
  0.62585299519440163  0.63649705430167103  0.64715362959944389  0.65740251994645837
  0.66767989526814409  0.67751149181457559  0.68807493511516060  0.69972865818769558
  0.71101988414360839  0.72084816471723345  0.73074523111317347  0.74116644524753472
  0.75191996823326746  0.76229488067499285  0.77249990511893485  0.78286029687911030
  0.79334697047896308  0.80433681822894387  0.81512687529074568  0.82591651884803885
  0.83662748761816330  0.84786225945263549  0.85917066459472247  0.86996735217632315
  0.88070924896301783  0.89151259580115916  0.90266806519975573  0.91448288282425483
  0.92600253192720539  0.93808095501849920  0.95046378873875903  0.96149320879316169
  0.97124080842266869  0.98076313133165638  0.99020696495889660  1.00000000000000000
  0.01379100188766775  0.01904848603842529  0.02448064897381859  0.03056355187298496
  0.03672381965495236  0.04260264994079784  0.04808632500167623  0.05331256035540968
  0.05848456656107844  0.06342258019457955  0.06825754619365454  0.07313271577163540
  0.07795408306104934  0.08266584319742024  0.08733994206050619  0.09205885359061902
  0.09683123477282173  0.10173154172762851  0.10689735484469698  0.11234462119973024
  0.11797939629708010  0.12346434226371691  0.12874478308642404  0.13369186922047954
  0.13884621011033782  0.14402202047917786  0.14931047799821168  0.15472120162681657
  0.16024082251514099  0.16600485407146590  0.17207712919788284  0.17821694113891096
  0.18422941404631771  0.19035539952293409  0.19665049080402905  0.20279003444549645
  0.20873465675661004  0.21462535459421175  0.22058635050945274  0.22675269237460657
  0.23315679522294433  0.23953762668498954  0.24574813757507508  0.25212117325447025
  0.25868038383321051  0.26540282737971815  0.27213667354545673  0.27862025411056646
  0.28506541093408982  0.29158642839544319  0.29831928513935030  0.30516104409952755
  0.31222709009599681  0.31963029893917416  0.32725566497366937  0.33506986508761383
  0.34327762598860717  0.35164796850504548  0.35996673671536350  0.36831118829477660
  0.37680088761510000  0.38543669130117758  0.39405615814304268  0.40227110910361025
  0.41021154466605031  0.41818094930272054  0.42618707029453962  0.43422739398816412
  0.44238636821999677  0.45074274125280200  0.45990017903634528  0.46948100862573139
  0.48000707167270440  0.49148218202279925  0.50297900605174894  0.51398376891422226
  0.52467320379562243  0.53546893928336114  0.54667290727771123  0.55813441125542362
  0.57046997414215983  0.58392961765933782  0.59861918127609215  0.61398032085725984
  0.63033467234300766  0.64800534934477450  0.66638855046849788  0.68574819233269990
  0.70559674832977903  0.72708487644109421  0.75039259264462110  0.77539386270100052
  0.80508821707372491  0.84382281039233642  0.89476506978700154  1.00000000000000000
 -0.00281236749469629  0.01027207297700124  0.02114057594601311  0.03079488974102077
  0.03979054645071768  0.04890295553896084  0.05865572395658168  0.06843240245824059
  0.07784129023016964  0.08717284573591896  0.09721427083121213  0.10726463008930581
  0.11732826559337219  0.12737437546302360  0.13815235324198902  0.14872200049845216
  0.15938581853597403  0.16959912325291793  0.17957907775852300  0.18957365253204531
  0.19965747298601122  0.20964480258024135  0.21959394491617623  0.23027668022960926
  0.24170007071557317  0.25229111982774449  0.26221511410972181  0.27242963433413681
  0.28368363240096450  0.29549102440139652  0.30719539304117155  0.31858933790711796
  0.32998626829370958  0.34140508111003304  0.35300215632827131  0.36473219535700963
  0.37612369537448936  0.38713905599024723  0.39794258733535354  0.40873027783968047
  0.41931293610643294  0.42980593912262727  0.44053521185700678  0.45141579160034223
  0.46237982150813772  0.47301135838142100  0.48354362424234643  0.49418957880393577
  0.50516700365516520  0.51653116979835856  0.52795546682420114  0.53897652866348422
  0.54919779733148788  0.55902721148189261  0.56873327050555278  0.57818888225189402
  0.58771061714814810  0.59774922334507186  0.60806614902065603  0.61861054880585786
  0.62883229767841420  0.63889151421534984  0.64862537916479024  0.65794260234572244
  0.66728106669047971  0.67668460049670887  0.68698170831588456  0.69838572691479095
  0.71039890577733855  0.72186130938639892  0.73325338718326694  0.74512114819310205
  0.75652554615060341  0.76752893086132101  0.77807468652171119  0.78811854527316150
  0.79822269339182517  0.80841345850434698  0.81879356009103466  0.82899707896103492
  0.83935097453072915  0.85013704524134903  0.86054217235782715  0.87133714956721531
  0.88173450182228963  0.89304444604860989  0.90353858212163884  0.91433515673994326
  0.92446478034468382  0.93489285686877210  0.94512194890169232  0.95625346837559932
  0.96754377783141510  0.97879616645308209  0.98943117030935868  1.00000000000000000
  0.02457986455775979  0.03072676135008128  0.03967932294463050  0.04947858530073015
  0.05943100445435090  0.06927852719457885  0.07907814465754964  0.08945327940210816
  0.09969849639882977  0.10947800222234677  0.11953960613394404  0.13004247151532383
  0.14135447258851264  0.15189924507324803  0.16207933018809600  0.17249971896214611
  0.18312679364075252  0.19349331251115626  0.20357769981102194  0.21371692665807832
  0.22409988443222975  0.23425648434760885  0.24512539067450567  0.25619768340506660
  0.26814244166904455  0.27892707427459917  0.28911640366811975  0.29936733080391548
  0.30955682174285160  0.31970944026476394  0.32962587030122442  0.33987287455836235
  0.34978202562586863  0.35962219484273400  0.36883597013763791  0.37889152276945887
  0.38937426837796540  0.40009967661053697  0.41011926519526509  0.41986076025941022
  0.42976824554199550  0.43966186488423220  0.44971291142515635  0.45951580030276051
  0.46898767681180858  0.47835768452509669  0.48727288234184879  0.49659809261786564
  0.50631171263259866  0.51635231206936727  0.52638807342636851  0.53628006090389380
  0.54618837323810099  0.55630652692820692  0.56656307509828363  0.57697094891451373
  0.58775963866554826  0.59846568030374037  0.60910169672584669  0.61947813589997114
  0.62948791463049147  0.63975128284290406  0.65064750568720098  0.66163044384516867
  0.67168838965538524  0.68123846543291533  0.69048900539536096  0.69997461731947375
  0.70967033607794927  0.71942294642332683  0.72909890518077369  0.73911102605326684
  0.74947625808700802  0.76055623099240144  0.77119047872406532  0.78218293804958439
  0.79286633736550771  0.80303397266953702  0.81295607533230185  0.82251282488464672
  0.83217895637948258  0.84159950927816429  0.85066320100565063  0.86079578964579717
  0.87088627546707553  0.88092541987543593  0.89105053162529424  0.90140153270321677
  0.91227257972432330  0.92236246804303101  0.93174936817923182  0.94167709968120306
  0.95265461584487154  0.96416335948760057  0.97127580823978599  1.00000000000000000
  0.08411220970597388  0.10239872082442461  0.12029954032708426  0.13703676795770392
  0.15146035627708496  0.16348829497051265  0.17429455458968610  0.18444825092878137
  0.19411251873762334  0.20321790969819595  0.21224902465845236  0.22097810682073063
  0.22921237212959750  0.23676538786031129  0.24438733869348908  0.25218193113537085
  0.26027215507428803  0.26789350576833360  0.27526340053669285  0.28237440578397854
  0.28943614027061620  0.29671703495107038  0.30412286020290336  0.31168713100482137
  0.31884413036432824  0.32583158969457215  0.33264451761504915  0.33908233331916621
  0.34564629677888303  0.35209169417549563  0.35849367972982688  0.36476703590255888
  0.37092989128686149  0.37691426816851292  0.38285082413104055  0.38882796846822842
  0.39493948209714186  0.40117826086944580  0.40738493311719171  0.41353697675162920
  0.41948785010538431  0.42531968177033458  0.43085159653617389  0.43629222909954918
  0.44150297781990783  0.44670770960344564  0.45209853697078334  0.45762478368085074
  0.46296574322478429  0.46821899396222150  0.47335946276865221  0.47847393878059652
  0.48361855675976084  0.48875153119138032  0.49396488375873487  0.49939092281238767
  0.50490809657134461  0.51035823633941224  0.51555575595730019  0.52054606851156116
  0.52572532524510207  0.53106247634945003  0.53643553848503545  0.54183082600411114
  0.54737949376005912  0.55274908125017042  0.55787389129797593  0.56300372489941497
  0.56831700989932810  0.57386444585571272  0.57970942665793113  0.58565406017845145
  0.59137245299773089  0.59724791904248176  0.60333181019695303  0.61007005728681429
  0.61681028914773783  0.62352968299652201  0.63027358061714123  0.63730201746764870
  0.64461946670965176  0.65230477169081014  0.65998287564403180  0.66792624225992658
  0.67638305584068759  0.68528981943214573  0.69446512644003078  0.70360888770456709
  0.71317455610517344  0.72377851434130069  0.73539643060928372  0.74938793588771146
  0.76714601466082633  0.79248927028148530  0.91264116950840890  1.00000000000000000
   1.5194280073360220E-027  -1.0000000000000000     
 T F T F T F T F F F F F F F F F T F T F T F T F F F F F F F F F T F T F T F T F T F F F T F F F T F T F T F T F T F T F T F T F T F T F T F T F F F F F F F F F T F T F T F T F F F F F F F F F T F T F T F T F T F F F T F F F T F T F T F T F T F T F T F T F
  <DiscreteSampler_grid>
  grouped_processes
  1 # 1 for a reference and 2 for a running grid.
  10 # Attribute 'min_bin_probing_points' of the grid.
  1 # Attribute 'grid_mode' of the grid. 1=='default',2=='initialization'
  0.0000000000000000 # Attribute 'small_contrib_threshold' of the grid.
  0.5000000000000000 # Attribute 'damping_power' of the grid.
 # binID   n_entries weight   weight_sqr   abs_weight
    13   10   8.051192876842701E-018   1.372832268434439E-034   8.051192876842701E-018
    14   10   8.051192876842670E-018   1.372832268434436E-034   8.051192876842670E-018
    16   10   1.028822905523478E-017   2.997797879247624E-034   1.028822905523478E-017
    17   10   1.028822905523620E-017   2.997797879249044E-034   1.028822905523620E-017
  </DiscreteSampler_grid>
