  0.00000000021666656  0.00000000064924046  0.00000000093317617  0.00000000117931903
  0.00000000140099398  0.00000000162747635  0.00000000184214669  0.00000000203381638
  0.00000000221664544  0.00000000240784204  0.00000000259702912  0.00000000277648659
  0.00000000295125258  0.00000000311313951  0.00000000328811126  0.00000000347075149
  0.00000000366176656  0.00000000384073608  0.00000000401172188  0.00000000418308037
  0.00000000435393156  0.00000000452191522  0.00000000468257899  0.00000000483931893
  0.00000000499953317  0.00000000516269308  0.00000000532200547  0.00000000547866388
  0.00000000562817008  0.00000000577889388  0.00000000593987005  0.00000000610233517
  0.00000000626215892  0.00000000642813446  0.00000000659632295  0.00000000676458995
  0.00000000692626681  0.00000000708250541  0.00000000724243341  0.00000000740333761
  0.00000000756651468  0.00000000773291949  0.00000000789263504  0.00000000804550132
  0.00000000819849488  0.00000000835396973  0.00000000852286218  0.00000000869728786
  0.00000000885770493  0.00000000900978565  0.00000000915908152  0.00000000931493981
  0.00000000948046571  0.00000000965328438  0.00000000983435705  0.00000001002246442
  0.00000001021061542  0.00000001039924639  0.00000001058515324  0.00000001077639849
  0.00000001096244430  0.00000001114085887  0.00000001131865005  0.00000001149623937
  0.00000001166782970  0.00000001186392390  0.00000001204840574  0.00000001223289931
  0.00000001243194942  0.00000001264146325  0.00000001285685334  0.00000001308071728
  0.00000001331349474  0.00000001355010447  0.00000001379047041  0.00000001402815934
  0.00000001427644535  0.00000001452637132  0.00000001477955906  0.00000001503743811
  0.00000001530128571  0.00000001557876812  0.00000001587089546  0.00000001619716181
  0.00000001660669143  0.00000001700568434  0.00000001742613015  0.00000001786171171
  0.00000001833044139  0.00000001884381246  0.00000001941359560  0.00000002005974408
  0.00000002091262586  0.00000002253086895  0.00000002366965389  1.00000000000000000
  0.00915251725264195  0.01646733853232655  0.02718720952792592  0.03792585278479619
  0.04829228115595403  0.05858054397419991  0.06884627720110234  0.07904880254788432
  0.08923586361678419  0.10003095858472018  0.11102715382418771  0.12174326531920494
  0.13196221472922801  0.14251439412033115  0.15394456480903207  0.16563709562760243
  0.17771604756956161  0.18949712279350175  0.20115622684004689  0.21274325308910524
  0.22432043550572317  0.23583561255560884  0.24684770753410887  0.25838963921683844
  0.27004534187549895  0.28165580334848073  0.29262849267810120  0.30314806567937774
  0.31421608397954393  0.32559299077104503  0.33669621172643216  0.34732570576744687
  0.35752183560106809  0.36775481090101164  0.37791302839300084  0.38785572722595313
  0.39794324091531674  0.40827228845044961  0.41876084803830116  0.42907492501954336
  0.43896787051829111  0.44860698976653629  0.45798295892736701  0.46721271554343280
  0.47673398873781436  0.48631725705721485  0.49650244365092033  0.50688770804446304
  0.51713163929920891  0.52737434501001323  0.53739493038146702  0.54753477885178703
  0.55753181058452483  0.56770156992765253  0.57832241677465601  0.58808261730129741
  0.59750807863174360  0.60702079689782229  0.61725797619592482  0.62780904167580298
  0.63790177324574782  0.64771330306154529  0.65828070656005422  0.66863760159297425
  0.67824199363045001  0.68772421549265184  0.69678127919611876  0.70620628267224850
  0.71594257150456497  0.72615315739978081  0.73804492131224597  0.75038498989625690
  0.76326584871252323  0.77558417535793567  0.78760512539793381  0.79864795297840652
  0.80886546847835605  0.81842238442173854  0.82853144308703042  0.83917928957601262
  0.85029810448622145  0.86135872520473766  0.87262717428857661  0.88362444947927221
  0.89467911303371095  0.90610331859077697  0.91739889102060102  0.92796473438474780
  0.93813568377170420  0.94756380886410640  0.95702955337702356  0.96584448465598460
  0.97457874047933435  0.98344723248456245  0.99065811567638573  1.00000000000000000
 -0.00242551166917501  0.01081064522264150  0.02228595061653363  0.03381367992316158
  0.04655099803292976  0.05870351348949249  0.06992160879142187  0.07993174976303886
  0.08950284046840506  0.09871101722122383  0.10799785910998450  0.11763727302578074
  0.12745297075424716  0.13673993274236582  0.14598810310650004  0.15498859193620440
  0.16392241007187910  0.17315142764489710  0.18276251631599680  0.19372149145481479
  0.20511546333518904  0.21639631821167654  0.22748904609048651  0.23832152821257599
  0.24907859598266191  0.26041024593679896  0.27189329513981181  0.28324127005542366
  0.29474248143417481  0.30632683189171583  0.31782449846375482  0.32903924983763577
  0.34052735751049262  0.35176274157223447  0.36282264223930827  0.37361178683101615
  0.38392185226769304  0.39373764704204306  0.40382673741225378  0.41454670710473196
  0.42528048776803917  0.43581665087633897  0.44730303142002042  0.45944043790778316
  0.47083454852420081  0.48141758092917181  0.49143102815494488  0.50162775939407056
  0.51223125758057864  0.52301326967638928  0.53386824119543341  0.54431190667728402
  0.55462713806944641  0.56456123319286000  0.57423536090137950  0.58368203022150211
  0.59231634950485923  0.60075406230892692  0.60958214071081740  0.61966819097119352
  0.62971889445809204  0.64100678878311612  0.65232600758875559  0.66498491232975587
  0.67701817900477934  0.68914834213452325  0.70092530203730130  0.71248905617820635
  0.72299011956116233  0.73309538940922558  0.74274162680787559  0.75223742390877768
  0.76165740351570022  0.77125067370338041  0.78203023605624300  0.79312350973103574
  0.80378067554440336  0.81422642970498893  0.82497550738477177  0.83587345123544865
  0.84695667654130669  0.85751731379659568  0.86788438430755488  0.87792071248448267
  0.88820375406937646  0.89864254009482991  0.90870983318411502  0.91844199871082022
  0.92817274561500873  0.93808657216136471  0.94855296081024321  0.95926862788667788
  0.96917127816718129  0.97964460648616924  0.98953268808930872  1.00000000000000000
 -0.00158999907629764  0.00839392053732933  0.01689969343034370  0.02659756015678769
  0.03625919182203679  0.04577656925726168  0.05492577347125433  0.06402024966826901
  0.07400906375282162  0.08394685245002879  0.09413082889200132  0.10395185250605084
  0.11445298678848490  0.12536192067074767  0.13681715082978343  0.14935724166814046
  0.16221728510439190  0.17375900761988042  0.18474416434868127  0.19639246454493256
  0.20874242213344066  0.22032252379123848  0.23096821144768315  0.24154421577032989
  0.25206607334530634  0.26270476380774049  0.27309348074990253  0.28318825852126478
  0.29361947200542782  0.30467941482555666  0.31552001169873700  0.32583140949964368
  0.33564576031305848  0.34548985206415683  0.35595888244474183  0.36624193374124170
  0.37630252914487089  0.38626940942880367  0.39650608471983961  0.40711664376816270
  0.41789413841739892  0.42882737321574449  0.43994232191241084  0.45097667522755674
  0.46222919512862598  0.47359515242626482  0.48454538773503592  0.49529897266847156
  0.50623663727162138  0.51783824159295599  0.52952252910635356  0.54052741934818915
  0.55100320059759444  0.56092659700754910  0.57039687897569546  0.57998131456526136
  0.58984623981734530  0.59961676653052742  0.60949822139711696  0.61866721585254658
  0.62837795964719689  0.63818121546890361  0.64887735953073045  0.65994483567714446
  0.67061329787175994  0.68132520867611146  0.69229678697919617  0.70352984285131248
  0.71453264939139538  0.72575995202564014  0.73720154150314754  0.74857877214907442
  0.75902161811801006  0.76959415137270648  0.78051515813595296  0.79142651192743918
  0.80240362625213468  0.81328478950285510  0.82420453561780171  0.83452204437978517
  0.84425170392673077  0.85353683014545090  0.86276270538725564  0.87262518121737220
  0.88325621793894216  0.89439924242641977  0.90553863122481293  0.91556568854974207
  0.92608977752451460  0.93641571057262862  0.94760384593764491  0.95918416535328777
  0.97006840852523857  0.98068133844507388  0.99040891923782459  1.00000000000000000
 -0.00243629795778796  0.01010207990540666  0.02006676138256056  0.03058456181652507
  0.04086627102591035  0.05141989453921951  0.06207621767960791  0.07308559365952452
  0.08418864422165361  0.09423783588097495  0.10451729954444587  0.11520970525232467
  0.12621491791747400  0.13729750180391320  0.14822728144522185  0.15980983310719088
  0.17076548635742364  0.18105393942353284  0.19087253548256167  0.20021693362592871
  0.20989708387688485  0.21984231683601249  0.22963990595747941  0.23938594725815476
  0.24956425065331042  0.26043970040277431  0.27116036735319343  0.28149016858195930
  0.29164775098940826  0.30200993106576640  0.31239010559032854  0.32226705509304709
  0.33181285545025424  0.34137263797697326  0.35090168071230310  0.36098835722656220
  0.37116662712191678  0.38084539270229062  0.39063311523617977  0.40071212404427059
  0.41107111380470218  0.42068156003746005  0.43005033828347361  0.43980331429195285
  0.45016081158501786  0.46076067671023102  0.47158775903158962  0.48293597050952897
  0.49425635445542793  0.50496824603226698  0.51574400899002082  0.52665122258046038
  0.53844347838912687  0.54918127612773315  0.55979638483178118  0.57063223088660087
  0.58167473861553098  0.59346266565727934  0.60581834678449076  0.61733002766181966
  0.62727842311967785  0.63609058478312031  0.64491487567213590  0.65394392636245147
  0.66331594019933127  0.67375708104674414  0.68493075435715234  0.69597783934650770
  0.70699021268511009  0.71724830278828167  0.72781540525052968  0.73891091340060755
  0.75008538904626221  0.76068454334274926  0.77048541395939241  0.78011290387768550
  0.78988477881352670  0.80033297487425825  0.81124920717099025  0.82295551959777391
  0.83546362165115162  0.84828113550473050  0.86080724147996857  0.87262645007402462
  0.88421043590876092  0.89672962299341508  0.90861168543588011  0.92062000541482791
  0.93059023167927768  0.94093607573748683  0.94995876198252815  0.95916462907612843
  0.96799827232458524  0.97783102428995139  0.98875656302921633  1.00000000000000000
 -0.00196953433500530  0.00867679105710482  0.01915112367314979  0.02973144425318722
  0.04026890620353711  0.05039245713364526  0.06049260916397661  0.07103163166666537
  0.08185638659935962  0.09186395208827297  0.10147026586289902  0.11100356653154221
  0.12073125775157903  0.13019153695896854  0.13976960134986502  0.14948216402490927
  0.16000566227943749  0.17058544301080858  0.18198532412472093  0.19356576596097538
  0.20517666671823351  0.21623023391065607  0.22677995616638219  0.23679858865449310
  0.24689664868832689  0.25707540838459098  0.26736913953638503  0.27784853255988612
  0.28837426673115896  0.29853013214899904  0.30820997820507007  0.31768363977814634
  0.32731568147336204  0.33735468310526318  0.34774442722622351  0.35818029303494631
  0.36855272852104726  0.37860924275047120  0.38844372477148126  0.39818505520852143
  0.40860615043003773  0.41985144056664009  0.43214852412675814  0.44407753193503718
  0.45507278076665753  0.46649997433648260  0.47783676771854466  0.48815911261577305
  0.49832985753953385  0.50898009169536007  0.51920146539886558  0.52916232224567361
  0.53914004968074747  0.55030034915994008  0.56166348399674060  0.57256163672983229
  0.58318708645368311  0.59398956537386915  0.60516676506308298  0.61639940203928267
  0.62759014380065381  0.63872087043473325  0.65007884382870096  0.66127279339930634
  0.67243277150575032  0.68366712640360294  0.69417353764675493  0.70472334126437663
  0.71496014080950698  0.72551744532234108  0.73492144059981368  0.74405118320396002
  0.75358549508598816  0.76405324365573735  0.77518996739948476  0.78673643490359224
  0.79832777127851740  0.80941849505425389  0.81987053411853339  0.83016138084532676
  0.84060293742028835  0.85052485913639497  0.86011150096020705  0.86971609462880295
  0.88003732346280361  0.89135704840355268  0.90276123495576344  0.91346729576269636
  0.92399968520454856  0.93420752057914114  0.94456026366019030  0.95497675692369277
  0.96563635649879576  0.97655304593717673  0.98766532134274654  1.00000000000000000
  0.01508379849546792  0.01788082457594760  0.02238951853273040  0.02797916498281591
  0.03371808975295115  0.03922110340837710  0.04444682059816302  0.04942808241950061
  0.05421982504088936  0.05893846075818457  0.06359411040837444  0.06824572536148692
  0.07286004792328170  0.07739833021316132  0.08191507604393340  0.08640885759472192
  0.09099073480047143  0.09560909237027267  0.10039777874827170  0.10542234442886747
  0.11056916386503925  0.11541744410220746  0.11988820667758385  0.12451988599574501
  0.12953985478180546  0.13496785706275530  0.14069795490752024  0.14649034418750545
  0.15223887733162678  0.15822714266714943  0.16421020812595899  0.16992663880426870
  0.17542326449101073  0.18095504256131290  0.18655843841983269  0.19271170510539429
  0.19851011748609984  0.20473031092959107  0.21092471742914168  0.21730052392991039
  0.22379751292116692  0.23033393160993515  0.23694723391565903  0.24343715285301734
  0.24981352795850564  0.25615603455267238  0.26257173799830458  0.26902839065278772
  0.27573158335074377  0.28272081639311181  0.28996000766745128  0.29717388640935588
  0.30418102789359691  0.31112400871817281  0.31774669707901415  0.32431596975208310
  0.33105771553182994  0.33782329470884020  0.34472608823090156  0.35169093332844259
  0.35889862189300392  0.36648066584254857  0.37392584864734318  0.38163663111233798
  0.38950720893653590  0.39761302993665892  0.40699702170578200  0.41682926986255414
  0.42646372729711973  0.43594817520732060  0.44526135561974067  0.45473315002020542
  0.46453604416797856  0.47462272627954311  0.48474349857208932  0.49517932159898409
  0.50645605580685493  0.51888239708660311  0.53190540774624717  0.54543982829069648
  0.55946604258409893  0.57374996466891370  0.58939741042812543  0.60687332098578139
  0.62406128040332398  0.64015776134374569  0.65632355193656244  0.67376034102557636
  0.69303594805767410  0.71424760839751322  0.73816241347691713  0.76500048111923913
  0.79752243265513645  0.83760094745796065  0.89165859748507181  1.00000000000000000
 -0.00217243287912806  0.00861890023984404  0.01840821863013241  0.02845679426371731
  0.03940654658834628  0.05150298561448625  0.06309900937777124  0.07437304439748907
  0.08549544649777485  0.09658726477130467  0.10790409729969808  0.11864152607359202
  0.12994728793188529  0.14079680557993204  0.15189622170877559  0.16293313886731234
  0.17408870170566806  0.18552344108261679  0.19666328618404413  0.20800133021984185
  0.21969750434004809  0.23033671750130044  0.24035885696006762  0.24990568955430734
  0.26048642618054618  0.27083950955241137  0.28090396584624994  0.29077206281986628
  0.30047146383721873  0.31036400497669631  0.31993598013972324  0.32974892417376334
  0.33973879762173914  0.34939716623152617  0.35905706054622882  0.36912830856438444
  0.37911751899428831  0.39056194471406991  0.40147902107052047  0.41244068048704463
  0.42277437198182255  0.43364113696773054  0.44431624507983630  0.45457720388858219
  0.46579506304757823  0.47733289030214660  0.48964764806359645  0.50141658761702823
  0.51257106714293554  0.52384382435497323  0.53517555415261941  0.54594176416095763
  0.55605606843990874  0.56608825318152356  0.57656458958842804  0.58708728251817366
  0.59784806115631539  0.60892257287988583  0.62015161133652386  0.63068003714175946
  0.64016129599571947  0.64881521783088203  0.65702988040214871  0.66587323949588884
  0.67549144981676812  0.68497638005380712  0.69479992015880099  0.70462031242913881
  0.71528340845536886  0.72609161616647711  0.73685352180382047  0.74751790884338698
  0.75821502062402268  0.76953608608183488  0.78063499901466371  0.79085648298001954
  0.80038709549741038  0.81003792015654397  0.82111986519323588  0.83267700890235685
  0.84372025867439704  0.85410297262069013  0.86470363725633070  0.87522179201289352
  0.88552883595300824  0.89540240634657853  0.90578719869255342  0.91653061468641517
  0.92693947592252712  0.93644341755116600  0.94617845833172642  0.95627285769901504
  0.96631057326630065  0.97732929666659085  0.98829847633803058  1.00000000000000000
  0.02439803266330383  0.03118858616203822  0.04077570843640507  0.05065236609866861
  0.06030211586737306  0.07018248196163739  0.07984260180522632  0.09083702562113559
  0.10169255796904769  0.11192556626547311  0.12210989843668302  0.13280067940464946
  0.14383118859249489  0.15435188526030927  0.16436997480209400  0.17389472540027878
  0.18335191035912293  0.19280022152381210  0.20212812788553705  0.21173927341752027
  0.22189329960032841  0.23202226242331722  0.24273527442668855  0.25353651810642253
  0.26453414501150496  0.27545504801394949  0.28574605445124329  0.29536138193894818
  0.30415858315680183  0.31270771814339038  0.32138987737661295  0.33036803821457461
  0.34052678521430446  0.35094468510980498  0.36126542370742476  0.37131980419823102
  0.38085498407607754  0.39023544582303743  0.39945831452203850  0.40821824090875902
  0.41729724640876542  0.42692546052773500  0.43692988507721497  0.44743786367193272
  0.45860229355342907  0.47028649705920711  0.48200907997203718  0.49399415608831437
  0.50562225090281909  0.51680581443166962  0.52762137440214629  0.53819809680356090
  0.54893459578037984  0.55946694846937484  0.56981232843081109  0.58009063677328876
  0.59050392515744710  0.60068900078149889  0.60994289974639693  0.61902295630386128
  0.62824418573543084  0.63799807018921095  0.64759209899683978  0.65719203704638751
  0.66685476461120607  0.67686386028775258  0.68731314237893260  0.69718130273029999
  0.70635956426322333  0.71545592458730289  0.72480724893251669  0.73518789670951912
  0.74681674491848160  0.75825005107195997  0.76932048134329700  0.77944494198872460
  0.79020131958407647  0.80020706101767336  0.80978184298139577  0.81997358171766621
  0.83020453762085400  0.84114771012545020  0.85219677334334143  0.86330719832491121
  0.87400242319525068  0.88444178223610692  0.89474324239767589  0.90514500846695511
  0.91569550608745953  0.92626443781452428  0.93679002728963390  0.94706902127813319
  0.95696827573963128  0.96562931941028640  0.97079318496649714  1.00000000000000000
  0.09784270615625162  0.11955118744828230  0.13889264967181442  0.15055457173884956
  0.16066511233948891  0.17012611848841697  0.17897554552373346  0.18719274979697351
  0.19513823766091504  0.20267754084156633  0.21033433368903873  0.21787610842232580
  0.22506676907130868  0.23239777147760587  0.24027230634220628  0.24872919467917010
  0.25686148879293713  0.26446039473270361  0.27194334425346522  0.27904397928992497
  0.28602329422055645  0.29262154859363121  0.29896080953334248  0.30505584515682521
  0.31127878150075583  0.31743968636881814  0.32360745805972724  0.32953752465309372
  0.33553376162047849  0.34174718978134305  0.34809357157385179  0.35379413830690337
  0.35885252705792692  0.36379322690944416  0.36885902818653893  0.37391801324238566
  0.37899562339079046  0.38414994458599705  0.38941427294662473  0.39472832362082511
  0.39989913555454826  0.40508517171049979  0.41042893719166612  0.41614659952053373
  0.42203950288698988  0.42803060613710525  0.43343810648732634  0.43852776661598636
  0.44335259352653938  0.44837035837710776  0.45367472073972742  0.45914452671423051
  0.46472757785677710  0.47025274699747666  0.47573908169703283  0.48123800814366385
  0.48663726426908105  0.49190837987264485  0.49726302116958071  0.50289270849071643
  0.50875582681096509  0.51456974892129870  0.52013021779866520  0.52566034579310694
  0.53127359783160688  0.53719581248369652  0.54322129868534208  0.54941019607227137
  0.55573486875935829  0.56208524030918317  0.56839545796412416  0.57474097787073319
  0.58123359433106991  0.58774192906195033  0.59427848830090269  0.60077419126535525
  0.60775984612714518  0.61518981044721066  0.62258542010769036  0.62987007107668236
  0.63714602671923015  0.64440114734005960  0.65158107564710765  0.65931523989284302
  0.66740530486684646  0.67694893270301215  0.68652678882289198  0.69780813711894152
  0.70968367313907876  0.72202320144001464  0.73490944314389572  0.75124795584007653
  0.77491926317722482  0.81705847463593972  0.90226452374739730  1.00000000000000000
   2.2878460856645595E-031  -1.0000000000000000     
 F F F F F F F F F F F F F F F F T F T F T F T F T F F F F F F F T F T F T F T F F F F F F F F F T F T F T F T F T F T F T F T F F F F F F F F F F F F F F F F F T F T F T F T F T F F F F F F F T F T F T F T F F F F F F F F F T F T F T F T F T F T F T F T F
  <DiscreteSampler_grid>
  grouped_processes
  1 # 1 for a reference and 2 for a running grid.
  10 # Attribute 'min_bin_probing_points' of the grid.
  1 # Attribute 'grid_mode' of the grid. 1=='default',2=='initialization'
  0.0000000000000000 # Attribute 'small_contrib_threshold' of the grid.
  0.5000000000000000 # Attribute 'damping_power' of the grid.
 # binID   n_entries weight   weight_sqr   abs_weight
    13   10   2.685257597124719E-022   3.563152672030314E-043   2.685257597124719E-022
    14   10   2.685257597124641E-022   3.563152672030015E-043   2.685257597124641E-022
    16   10   9.917122871500468E-022   6.536581103388339E-042   9.917122871500468E-022
    17   10   9.917122871500837E-022   6.536581103388725E-042   9.917122871500837E-022
  </DiscreteSampler_grid>
