  0.00000000022996950  0.00000000041223057  0.00000000055309430  0.00000000068507948
  0.00000000081021173  0.00000000091722988  0.00000000102742381  0.00000000114729653
  0.00000000125842734  0.00000000135053499  0.00000000144808086  0.00000000155411641
  0.00000000166590979  0.00000000177692264  0.00000000189018787  0.00000000201639634
  0.00000000213972737  0.00000000225229301  0.00000000233823576  0.00000000241041552
  0.00000000249456358  0.00000000259480304  0.00000000270550142  0.00000000282858991
  0.00000000295210417  0.00000000308460958  0.00000000321737559  0.00000000333871543
  0.00000000345224110  0.00000000357189050  0.00000000369440454  0.00000000382367722
  0.00000000395301070  0.00000000408643243  0.00000000421757050  0.00000000433508221
  0.00000000445088901  0.00000000459412523  0.00000000473861009  0.00000000489606963
  0.00000000505090109  0.00000000520338183  0.00000000536227406  0.00000000553523065
  0.00000000572075860  0.00000000590547558  0.00000000607498065  0.00000000623405923
  0.00000000639905193  0.00000000657324801  0.00000000675415888  0.00000000694482263
  0.00000000714148073  0.00000000735209336  0.00000000758348810  0.00000000780879396
  0.00000000803365458  0.00000000826194515  0.00000000848474016  0.00000000869301294
  0.00000000888206580  0.00000000906256206  0.00000000925008916  0.00000000944306008
  0.00000000964395361  0.00000000985223279  0.00000001005257461  0.00000001023515056
  0.00000001043138104  0.00000001062797859  0.00000001084317054  0.00000001106449891
  0.00000001131581682  0.00000001159507580  0.00000001186938562  0.00000001216346058
  0.00000001244701761  0.00000001269040067  0.00000001291998722  0.00000001317083590
  0.00000001342819045  0.00000001367565407  0.00000001391088219  0.00000001417261424
  0.00000001455282580  0.00000001495387345  0.00000001537168273  0.00000001582606038
  0.00000001634889067  0.00000001697290652  0.00000001771490858  0.00000001856797628
  0.00000001969280181  0.00000002161772572  0.00000002387891872  1.00000000000000000
  0.00907849586798071  0.01792289143444540  0.02788183016832036  0.03854076946255584
  0.04833216296731681  0.05875455094536673  0.06880756924671255  0.07897396321533232
  0.09167748473893070  0.10490134908985092  0.11854186593949766  0.13220843709662877
  0.14613134288861981  0.16074450433157428  0.17565976141604617  0.18857745353069388
  0.19736743361751943  0.20498081315530195  0.21340723261630085  0.22303720097083696
  0.23330731812398403  0.24264493136013035  0.25273807128216585  0.26431320516142259
  0.27646920570834205  0.28773789319181448  0.29751192635293405  0.30597897835761800
  0.31355353657154433  0.32126470846866750  0.32947521560484389  0.33804414610755024
  0.34683915518277980  0.35607653257602850  0.36817112083718534  0.38045721328206700
  0.39190212170422695  0.40313712295352006  0.41410686640379335  0.42653250326920578
  0.43912892833231443  0.45149727779527138  0.46400981912269867  0.47677294771834783
  0.48992906543764214  0.50389091119433160  0.51736736431342267  0.52794547301758477
  0.53648628151615385  0.54468980228137109  0.55366934694012226  0.56296282521373564
  0.57224471893247553  0.58163171913503298  0.59171426973902685  0.60405527388748548
  0.61524660038836632  0.62605077670718323  0.63678559578569960  0.64786326946403150
  0.65808722411493537  0.66812249902587684  0.68041196733155818  0.69408446823924463
  0.70771674736394630  0.72115760779729743  0.73320189064503949  0.74362005543202825
  0.75434070306783374  0.76356827838580488  0.77273260732061211  0.78081432294584607
  0.78924896592758131  0.80015777430723667  0.81243677301373229  0.82454735562748060
  0.83707933486492159  0.84889253324442493  0.85731981899872345  0.86374668944381172
  0.87082767582394982  0.87795156120690221  0.88510944247892354  0.89278205536654587
  0.90101203463595037  0.90841683451472388  0.91579558492797919  0.92675123075209820
  0.94055373366138539  0.95220418618976732  0.96129467238491706  0.96950770172605316
  0.97780964960446826  0.98579062284270502  0.99015486046084311  1.00000000000000000
 -0.00001588613506673  0.00081693389013214  0.00359799002901961  0.00795319974477740
  0.01395564753315484  0.02101645298153986  0.02795289059931306  0.03470935462943461
  0.04098319645161614  0.04703588048766762  0.05289526613291887  0.05952665204523602
  0.06759723072585086  0.07576310990729941  0.08375682880317183  0.09262038885734446
  0.10199638233119268  0.11162120890295288  0.12126649367273108  0.13006121089730888
  0.13917996599548621  0.14793877066606692  0.15548697636509887  0.16431008195152549
  0.17535549733964861  0.18664479314050608  0.19783523009348333  0.21067719741813018
  0.22388237423993992  0.23703292179236271  0.25029815610236467  0.26409069190613649
  0.27881630466734209  0.29303130231835672  0.30804507396896347  0.32353688615872539
  0.33979228091160329  0.35864360703583570  0.36749338120348635  0.37632693161391856
  0.38602665913371936  0.39591940499369815  0.40590548381560376  0.41654747913639517
  0.42790389568218767  0.43716845007708943  0.44486669634672316  0.45307490794598010
  0.46134515075146038  0.46930916629952857  0.47822598642174369  0.48997054511093691
  0.50113787842752855  0.51202743958116692  0.52304924682369947  0.53450404319663869
  0.54612565817497571  0.55771909276799136  0.56953569414080563  0.58012095265866126
  0.59000420237828977  0.59973787397150535  0.60874776594231950  0.61815132047926746
  0.62793171157368932  0.63827529195109356  0.64866059234964091  0.65791570483944573
  0.66809497125691464  0.68051187913571587  0.69347330172661337  0.70772400901086319
  0.72481183562880125  0.74141613795089456  0.75737766193294764  0.77294293081742071
  0.78836247025183537  0.80368655823142809  0.81808123394876553  0.83113783519847817
  0.84355905937321218  0.85574987255126955  0.86799789266409566  0.88053161851865236
  0.89312881809359101  0.90605421920391249  0.91651885992886917  0.92727559671922699
  0.93749095330345533  0.94676628157415788  0.95603069032903754  0.96536219375315302
  0.97415488067346845  0.98270840768531353  0.99076842508770235  1.00000000000000000
 -0.00300399868759574  0.00867289326765394  0.02126825742822906  0.03363302285392447
  0.04527583224485563  0.05660364562026744  0.06803167636018581  0.07911207281446030
  0.08964105006623750  0.10111543907852756  0.11358299784339841  0.12504234250741716
  0.13518737509866094  0.14479795348262003  0.15217278659659561  0.16132567956099164
  0.17002199579799288  0.17706024485494373  0.18415986708194429  0.19141985851649923
  0.19811068359587727  0.20571379997028086  0.21380207472448531  0.22114152829085029
  0.22863887397771471  0.23765554341779740  0.24675451561335590  0.25773406494383783
  0.27124556689289608  0.28470546950014763  0.29802591395092659  0.31095289989393526
  0.32389378513318817  0.33719650518469724  0.35017135768354257  0.36324791478565260
  0.37619745376991293  0.38935637843996967  0.40500298893094949  0.41971020977619261
  0.43183158351585293  0.44197522555121199  0.45157562209688479  0.46136590767249003
  0.47139842388264513  0.48078956181580629  0.48968167190163148  0.49883809664770823
  0.50722183710452295  0.51526956348755026  0.52155799001357839  0.52756533799469851
  0.53461663731143216  0.54289553026540727  0.55129884421226172  0.56052772112056137
  0.57145604796515781  0.58250016081598577  0.59203962580818548  0.60106051390431470
  0.61092589699530642  0.62067080206090453  0.63181403002144021  0.64419406776037647
  0.65581161413450639  0.66718924715175987  0.67971833843350959  0.69350569424331798
  0.70746317310001650  0.71973667290788901  0.72765967078825433  0.73658296137904200
  0.74530604942257961  0.75418423601701301  0.76312037531226784  0.77190413662348745
  0.78353553485609784  0.79476931679434382  0.80746099602720489  0.81798880954785103
  0.82653302247092508  0.83481324372103349  0.84300830040369945  0.85148705734162300
  0.86053027429622297  0.87021422590741626  0.88065302168488235  0.89280794961020427
  0.90449664437404220  0.91652030805831008  0.92861769516399428  0.94224341675046719
  0.95815452471775209  0.97309009697501625  0.98709663694225547  1.00000000000000000
 -0.00285702139249645  0.01038758491881553  0.02074714775111692  0.03016808733513257
  0.04054902072178651  0.05108108902467524  0.06173996997711187  0.07254967932860258
  0.08199587241677528  0.09027614318294847  0.09984942049854745  0.10939318963030993
  0.11947546761831289  0.13220939901393022  0.14803779586551827  0.16414607393132746
  0.17913969356686030  0.19217942917595901  0.20312813764305659  0.21330337191119036
  0.22348391045969362  0.23371945613245973  0.24419415255609844  0.25377760479565920
  0.26199030147597796  0.26975722193581242  0.27744520901038949  0.28492598916115530
  0.29254468016445617  0.30009407864659693  0.30862027881244236  0.31977479002187947
  0.33288547832306598  0.34447354323251261  0.35440599685176633  0.36372166932595035
  0.37429662675583186  0.38604083234671244  0.39566479928948539  0.40434976500046560
  0.41288766004743910  0.42090693930615802  0.42742963889582264  0.43506720711084468
  0.44400870322997660  0.45272958327202206  0.46242452687079283  0.47237629799238412
  0.48203859700810925  0.49188141412154784  0.50364921243978600  0.51767614416089691
  0.53198883216427073  0.54636789550400022  0.55990537803271190  0.57234916189972684
  0.58432166872544189  0.59614829966932181  0.60736793436252601  0.61729600406839302
  0.62712217873617038  0.63770542587132373  0.64806491504144237  0.65733842258950759
  0.66604794140736290  0.67520959963996530  0.68442631285560307  0.69436908419330157
  0.70368147205007503  0.71383336480050408  0.72547498734122917  0.73803916175826056
  0.75174364152039708  0.76556030662005736  0.77652924619527841  0.78481195631406198
  0.79332259599560173  0.80121759741975551  0.80954764898236398  0.81804941272546139
  0.82656386622491085  0.83570978373737803  0.84759000624229031  0.86050867979246459
  0.87284660948982606  0.88395910688679702  0.89410044563391211  0.90356218108493758
  0.91314959367567217  0.92416646611192066  0.93649540881281435  0.94862166804633907
  0.96135932375484467  0.97488930664703977  0.98779754568922296  1.00000000000000000
 -0.00132161102168525  0.00684515603566435  0.01469667700593740  0.02249014967536668
  0.03048692007810517  0.03870219965414627  0.04756542757682164  0.05584052092440814
  0.06374639564513405  0.07435386232288643  0.08456926618126952  0.09318634245392708
  0.10164850835440443  0.11153281441493142  0.12183559065537766  0.13142139539570677
  0.14093510125148878  0.15011400376645029  0.16110100583471956  0.17190540513321811
  0.18206771075282405  0.19168028251176475  0.20105875997916151  0.21058618257573464
  0.22048305616517494  0.23198556447846011  0.24485903841270762  0.25881782434762857
  0.27428245533263790  0.29008898000384620  0.30531074040245187  0.31997128384477830
  0.33342773794267977  0.34569863812668628  0.35760733263359251  0.36845890281881943
  0.37662837258787418  0.38287128087256134  0.39098475809139416  0.39819694119997634
  0.40433046069483292  0.41110213533296108  0.41770679698265140  0.42370093623294763
  0.43039476321568448  0.43753826315289934  0.44826483371177939  0.45962353476978907
  0.47135828820106274  0.48081472800409519  0.48937579537074982  0.49731883507692165
  0.50706350195148009  0.51991289510219008  0.53066508519920186  0.54202085760123764
  0.55396558172261778  0.56644116825265456  0.58028324592893810  0.59495848848073429
  0.60958027723580988  0.62294683072881818  0.63352697353186094  0.64249825160118434
  0.65202560063036319  0.66246761872610871  0.67380761778193832  0.68444461705489834
  0.69607981644328154  0.71010513156431898  0.72278374978373283  0.73416402049826313
  0.74470544590702759  0.75515348126789505  0.76536680607997731  0.77708363337157937
  0.78920494702522803  0.80035861026721489  0.81129321257096909  0.82258781975562723
  0.83477226736581289  0.84807147756034096  0.86201039011986602  0.87616789369450587
  0.89141227957300051  0.90105079497889917  0.91030019893393666  0.91942946912436441
  0.92670187803011972  0.93318510234303209  0.94006346755168790  0.94731264822067784
  0.95585200938956327  0.96766973677636892  0.98296546932522288  1.00000000000000000
 -0.00761000465924605  0.14178101149245609  0.19770354237611337  0.22862237368557087
  0.25368795973723873  0.28068045218327226  0.31019098855528038  0.34305963557741198
  0.37010605508602296  0.39193323034702987  0.41175383001573290  0.43012676200768662
  0.44651344201163223  0.46121394827595219  0.47459874708398869  0.48889537257401350
  0.50152696840767708  0.51359617760028120  0.52560354904593709  0.53927480138500616
  0.55521222812691950  0.57083514659536494  0.58305203157301699  0.59284067145482289
  0.60147158468816331  0.60926209923237096  0.61716261305800668  0.62557068232368784
  0.63365153132083407  0.64136324947939471  0.64914907573652003  0.65663437065140373
  0.66366156451379743  0.67036809957273191  0.67753062281449439  0.68462009357423237
  0.69177090511259987  0.69886215999133883  0.70608938661705611  0.71352014554479315
  0.72207944105783883  0.73145799226056873  0.74141466729039607  0.75172540656905928
  0.75886177245331121  0.76525534011493646  0.77218630499072405  0.77961138584945344
  0.78657621511034204  0.79256030507210884  0.79834885731807470  0.80417434050779779
  0.80997016366904184  0.81596014854899768  0.82248102334401629  0.82953273719478182
  0.83642861312806194  0.84269365128086293  0.84872958841716906  0.85404372880980661
  0.85963739336316503  0.86530037697671369  0.87091044053408850  0.87597871503604097
  0.88064455005049780  0.88498485228497681  0.89045160533727508  0.89521988395214913
  0.89818398224294882  0.90124037980163785  0.90468066660187174  0.90813288919209423
  0.91128995894721121  0.91434314583100285  0.91741374695461830  0.92083635051795898
  0.92447079262604759  0.92809073601242476  0.93146746021309745  0.93486082870437348
  0.93851604553165557  0.94190234418491436  0.94477972241123798  0.94759837559069848
  0.95041045931935020  0.95309173387606483  0.95571187005949243  0.95839928069050762
  0.96127099047522779  0.96433623936712387  0.96739857829951870  0.96995530410000552
  0.97804493464605213  0.98979604147909306  0.99521642569587476  1.00000000000000000
 -0.00183735206292312  0.00699433540360435  0.01800646623339037  0.02754545778255715
  0.04085681238563273  0.05261688575598017  0.06298017443202290  0.07343799237371909
  0.08362552526124775  0.09114691028247801  0.10049871639955402  0.11169059357866391
  0.12376054076968503  0.13538814271297031  0.14578890226820246  0.15863880820222870
  0.17166916705563975  0.18384488164891333  0.19624466799025703  0.20846701948826415
  0.22148157865724785  0.23594598418323184  0.25132439355037761  0.26697841287027663
  0.28242556792460438  0.29773032517232823  0.31287477663614044  0.32732762990129577
  0.34048697517537030  0.35321155092082468  0.36614274486373710  0.37861113932093315
  0.39070905593849525  0.40341943471792679  0.41497046703363122  0.42369662426374599
  0.43205766426381215  0.44040742349539436  0.44891746917009184  0.45751402561526228
  0.46740290773573029  0.47946098423476546  0.48999814541912406  0.49818203929864580
  0.50538214533968306  0.51283216212930038  0.52053851230480364  0.52865675006773782
  0.53653864242067706  0.54494222764573563  0.55542276408418312  0.56903468787629963
  0.58538979905088673  0.59998488877076861  0.61304584195718126  0.62582955534112816
  0.63862786963472262  0.65139618527888743  0.66441551358215034  0.67797707422881237
  0.69059697488800986  0.70046658456737187  0.71169328796286968  0.72127710869148598
  0.72979836006355170  0.73679109354296279  0.74454128154586419  0.75267165769212574
  0.76136718659737723  0.76936632490182411  0.77604075435518627  0.78256562962142762
  0.78938178222032407  0.79950031038958136  0.81152371450529415  0.82299827989104557
  0.83365581310452741  0.84462272096657831  0.85807936480591818  0.87178101072054270
  0.88099141631226985  0.88784344364759571  0.89619580816585809  0.90368737124691756
  0.91118764814274034  0.91859901107442410  0.92603291510406627  0.93229188462981805
  0.93907648212214179  0.94825490714371563  0.95873297644672928  0.96797808637427718
  0.97596185474361652  0.98333781544361865  0.99137835310050715  1.00000000000000000
  0.64266405712432151  0.69444727653059346  0.73498085158608140  0.77012697014318432
  0.79921431439493040  0.81942825514758633  0.83466752114489395  0.84876986231722362
  0.86277286702287992  0.87560656322798314  0.88620529352328958  0.89509695509477405
  0.90313604228782518  0.91090338909277413  0.91716263665849707  0.92175362563339858
  0.92607701044816082  0.93061335421909741  0.93449490212858177  0.93774794649339854
  0.94017288183719860  0.94236768228205736  0.94436130737402135  0.94613636466878304
  0.94786784508788369  0.94952924596074606  0.95109795889725424  0.95248367441931447
  0.95380761469667974  0.95502676114829810  0.95611098383736037  0.95724062660384923
  0.95826368890756652  0.95920341485405014  0.96004610281259239  0.96080246106914102
  0.96152060553724850  0.96221731798772625  0.96287237169074258  0.96346617721536176
  0.96401877317711837  0.96453890745657633  0.96503951577793623  0.96553099232127659
  0.96601555504339454  0.96646168392053311  0.96682721249848613  0.96715447595267168
  0.96747457738137566  0.96778485713905360  0.96808677260877318  0.96839706397771563
  0.96870529711103015  0.96901299564579757  0.96928631449834557  0.96958979795389788
  0.96995017101372982  0.97041858315570195  0.98195942626384458  0.98222403911681866
  0.98243298429416437  0.98258669267716425  0.98272830650253173  0.98287893526470016
  0.98303980620550913  0.98321811055651309  0.98341318494044949  0.98362785689565846
  0.98386764194521048  0.98410806930653838  0.98434369115743481  0.98459605888379087
  0.98487770104069794  0.98518885776577880  0.98551838810103842  0.98579078141402865
  0.98603102589428504  0.98627864181040981  0.98655175268797968  0.98684003891095529
  0.98713090847394191  0.98742102812322985  0.98771365429260127  0.98803900777864395
  0.98846325394708101  0.98899172808315383  0.98958169777526273  0.99021087790099171
  0.99094396295082543  0.99177450115838206  0.99265676954989623  0.99363713288891031
  0.99477272705809905  0.99610226184055617  0.99779251988133055  1.00000000000000000
  0.05276850226338261  0.22062358401458498  0.25827594254638886  0.28953440348957638
  0.31167562550432798  0.33094527974354676  0.34852596907647282  0.36559989945852872
  0.38133877897900870  0.39480343028412501  0.40669680187211277  0.41816272767798934
  0.42933325812636830  0.43884569106383409  0.44784661007511894  0.45705868827824092
  0.46643559373521676  0.47545657760837312  0.48569583767473179  0.49908662530584330
  0.50939420917075251  0.52145669167635866  0.53315228198427467  0.54384372526131675
  0.55416699961300542  0.56492296011439891  0.57632988336111601  0.58714114661700001
  0.59677507201615831  0.60452096727364857  0.61099802570899675  0.61728925229846143
  0.62393147388998915  0.62994689973586449  0.63574581812812136  0.64126989082357844
  0.64701468610901602  0.65304149422688873  0.65881512559877076  0.66401107044122309
  0.66923798309887927  0.67485617626802719  0.68037987960221713  0.68598581365868572
  0.69174670217430190  0.69733807666161429  0.70310645562137974  0.70888883070757858
  0.71476509094254903  0.72058300552091425  0.72561977655673104  0.72980922117289226
  0.73308983778800252  0.73693135441556923  0.74122577485968388  0.74531188301358242
  0.74900099953232557  0.75227192457226266  0.75535325694675493  0.75828819430404537
  0.76126794448910085  0.76446981392521818  0.76730952334305258  0.77023021944237702
  0.77343617089336136  0.77676129424755025  0.78016755316650144  0.78360602045851591
  0.78686902804576109  0.79026287937064854  0.79386438098985035  0.79774221711679338
  0.80131233307885696  0.80388299131515750  0.80668701806498866  0.80942531423159692
  0.81213901521655008  0.81503576900832164  0.81976577933725714  0.82511106428360093
  0.83055245862174976  0.83620005019436627  0.84187161202629368  0.84771917817894160
  0.85381685238854621  0.86056686857188958  0.86856519434459489  0.87596024679621753
  0.88158361089493420  0.89252942261463486  0.90593634491417752  0.92065793785407513
  0.93477052853335796  0.93893043041362556  0.94309033229389316  1.00000000000000000
   2.1182127555991157E-029  -1.0000000000000000     
 F F F F F F F F F F F F F F F F T F T F T F T F F F F F F F F F T F T F T F T F F F F F F F F F T F T F T F T F T F T F T F T F F F F F F F F F F F F F F F F F T F T F T F T F F F F F F F F F T F T F T F T F F F F F F F F F T F T F T F T F T F T F T F T F
  <DiscreteSampler_grid>
  grouped_processes
  1 # 1 for a reference and 2 for a running grid.
  10 # Attribute 'min_bin_probing_points' of the grid.
  1 # Attribute 'grid_mode' of the grid. 1=='default',2=='initialization'
  0.0000000000000000 # Attribute 'small_contrib_threshold' of the grid.
  0.5000000000000000 # Attribute 'damping_power' of the grid.
 # binID   n_entries weight   weight_sqr   abs_weight
    13   10   2.788723105896405E-022   6.885624067395387E-043   2.788723105896405E-022
    14   10   2.788723105896415E-022   6.885624067395437E-043   2.788723105896415E-022
    16   10   1.484947751528483E-022   1.524556204602864E-043   1.484947751528483E-022
    17   10   1.484947751528478E-022   1.524556204602853E-043   1.484947751528478E-022
  </DiscreteSampler_grid>
