  0.00000000004972942  0.00000000016525093  0.00000000025172017  0.00000000033814416
  0.00000000042767486  0.00000000051737451  0.00000000061009829  0.00000000070322434
  0.00000000079773130  0.00000000089538062  0.00000000099541915  0.00000000109740692
  0.00000000120050762  0.00000000130470562  0.00000000141673258  0.00000000153243349
  0.00000000164836664  0.00000000176806031  0.00000000189210910  0.00000000201281298
  0.00000000213048719  0.00000000224908232  0.00000000237299747  0.00000000250062894
  0.00000000262932460  0.00000000275775271  0.00000000288794257  0.00000000302174431
  0.00000000316060926  0.00000000329950516  0.00000000343701665  0.00000000357344874
  0.00000000370976300  0.00000000384419141  0.00000000398166339  0.00000000412865089
  0.00000000428220362  0.00000000443578773  0.00000000458813426  0.00000000473964345
  0.00000000488729845  0.00000000503368332  0.00000000518507035  0.00000000534016090
  0.00000000549837302  0.00000000566109381  0.00000000582169757  0.00000000598769544
  0.00000000614842999  0.00000000630810436  0.00000000646949447  0.00000000663184423
  0.00000000679617448  0.00000000696768514  0.00000000714346267  0.00000000731826504
  0.00000000749114876  0.00000000766268443  0.00000000783711360  0.00000000801969640
  0.00000000820811655  0.00000000840392923  0.00000000860382713  0.00000000880338905
  0.00000000900206224  0.00000000920218247  0.00000000940389394  0.00000000961332997
  0.00000000982510589  0.00000001004300223  0.00000001026985837  0.00000001050119644
  0.00000001073260949  0.00000001096287065  0.00000001119407032  0.00000001143352497
  0.00000001169609005  0.00000001198467154  0.00000001228081625  0.00000001258590878
  0.00000001290174056  0.00000001323031383  0.00000001356714555  0.00000001390290743
  0.00000001425244512  0.00000001461870160  0.00000001500337344  0.00000001544282365
  0.00000001596716908  0.00000001656337439  0.00000001722619760  0.00000001797443794
  0.00000001889621412  0.00000002022848185  0.00000002137618882  1.00000000000000000
  0.00913048589792521  0.01732676393305831  0.02815962324400720  0.03951971017229067
  0.05059042823065121  0.06154137473073876  0.07264322623245741  0.08355691833959933
  0.09431516017069015  0.10532891434095251  0.11586626693495450  0.12659197181584023
  0.13740556510704482  0.14836363300890976  0.15928717676476567  0.17074577181555006
  0.18258016004870734  0.19444531262987289  0.20582100176777812  0.21669700747176940
  0.22740149423882272  0.23794301202533966  0.24818603122612562  0.25829141961107438
  0.26850825348599877  0.27876550452423193  0.28875416623851102  0.29873568470681872
  0.30865819557202678  0.31844573319064601  0.32803863580624298  0.33782454665022904
  0.34793637035710956  0.35828634136517962  0.36864491495233298  0.37912574830653917
  0.38982741443999452  0.40066192926056682  0.41131399690657977  0.42145656650603475
  0.43141311932393661  0.44169536756045841  0.45224632548813865  0.46268695540687604
  0.47281192522917831  0.48282371046603717  0.49312188465429907  0.50391385727316573
  0.51475206863996481  0.52494372639893072  0.53457432264581950  0.54438509138851765
  0.55473360529158600  0.56535290421904194  0.57579014856259902  0.58593392484638951
  0.59590675553407513  0.60577457178306726  0.61564532398753558  0.62577844950726880
  0.63630230922403419  0.64697001543802679  0.65738494159760585  0.66717883285809776
  0.67657082450163719  0.68606687230193286  0.69622359931256184  0.70696921669359891
  0.71792225356306660  0.72868166664370582  0.73912174666735786  0.74927790082815127
  0.75924376992973475  0.76924885407412180  0.77945571146556103  0.78985092405038959
  0.80050512496162340  0.81123539724558436  0.82186783786869111  0.83234133611184791
  0.84252009351524348  0.85273385863900431  0.86312872982058242  0.87417600646575588
  0.88536918865578873  0.89644193718129950  0.90702180610714400  0.91726920502407649
  0.92680425351752960  0.93653147451523477  0.94665223965491585  0.95664524280661900
  0.96721185033322832  0.97768388261471417  0.98894500362508120  1.00000000000000000
 -0.00281017697447577  0.01111184372481490  0.02201741809873478  0.03238870855011104
  0.04262826916844350  0.05308347867486979  0.06406634823819859  0.07526980298320313
  0.08735674299322893  0.09918642278343084  0.11148152597928036  0.12376153868552674
  0.13573134029345377  0.14711567669578549  0.15796707749071712  0.16993934545051262
  0.18216582773796056  0.19374594144630028  0.20397902738588702  0.21488324599919659
  0.22602318498656124  0.23689747001548017  0.24799662050766336  0.25917575774047930
  0.27030490622720965  0.28112060396131350  0.29107998178122774  0.30169337924229722
  0.31218637359049473  0.32278649703328971  0.33345047295957508  0.34386483516842692
  0.35447385242600388  0.36493150495836807  0.37546211670116086  0.38569727945333099
  0.39583159606282914  0.40646171603793446  0.41704922608631273  0.42795238783941381
  0.43852637954545126  0.44927216339994097  0.45968744036241815  0.47032276585987154
  0.48055558403256116  0.49049940004447712  0.50033325279589502  0.51043111246446626
  0.52047754482394515  0.53014362814883575  0.53960622175217998  0.54958808705786266
  0.55991055950990365  0.57106735446441481  0.58248475792420706  0.59377085440368116
  0.60536810283974629  0.61644264997914100  0.62791156581419205  0.63893559093682128
  0.64938595791788822  0.65956591231239603  0.66936481374451140  0.67924359363284481
  0.68883847793706332  0.69886272326978949  0.70886196700744264  0.71920779036407023
  0.72939995096064114  0.73944844549755107  0.74938882836616427  0.75930207645385162
  0.76918006691926943  0.77907525444305170  0.78911741783781697  0.79940153139268388
  0.80934714438571076  0.81932753369758760  0.82930364309112281  0.83936751310396496
  0.84937002131428019  0.85923590698174024  0.86942749212669834  0.87958557747892052
  0.88982192879337330  0.89990567278992806  0.90983247255257160  0.91971116919655271
  0.92967480003645098  0.93990962457592320  0.94993256994480757  0.95994505577229661
  0.96997228555961101  0.97993340289870035  0.99005366744700973  1.00000000000000000
 -0.00203495961320640  0.00820173780850677  0.01700561568167237  0.02681716202713456
  0.03707262811436318  0.04770082043486074  0.05906441131859011  0.06970350195344070
  0.08015195097760286  0.09106167035502562  0.10202793812770877  0.11277660314751481
  0.12270846313137403  0.13253273490414283  0.14186526882587022  0.15163269365117493
  0.16165068069239186  0.17198532155563465  0.18282866649283339  0.19366330100390095
  0.20535379623605957  0.21614989874808987  0.22620070746827944  0.23637992466622865
  0.24649934630425391  0.25688526436536629  0.26714345617156204  0.27798615632356366
  0.28890912277875358  0.29969660396676245  0.31038164505551291  0.32120068157286435
  0.33196622977178586  0.34278912963093977  0.35386185995827046  0.36548714922207487
  0.37746807705392732  0.38957862249101877  0.40139400816715060  0.41277237987295640
  0.42376014691356256  0.43456272592827583  0.44545477566351671  0.45647698895228928
  0.46743392067034589  0.47815508385638478  0.48886071507541162  0.49950460064385721
  0.51004321640370909  0.52069652357072060  0.53149730868703959  0.54213669802306141
  0.55255395106609717  0.56282863142714001  0.57328667692594226  0.58390433497963790
  0.59475832584555177  0.60580833584048954  0.61667034544948707  0.62766394043974760
  0.63857588253808695  0.64893020211856212  0.65890489474623792  0.66874177845773564
  0.67847256600445571  0.68803725238615066  0.69780168453826785  0.70805147142767921
  0.71949381755576569  0.73050118139215836  0.74100078223656241  0.75134181306860570
  0.76178781826516062  0.77204811541467289  0.78163616313596707  0.79118914173493693
  0.80112550484133238  0.81183518022286949  0.82300083857967021  0.83403756209733482
  0.84465981136350288  0.85507700190278479  0.86560426277706404  0.87638083676252121
  0.88730064372306816  0.89751440590061604  0.90747432841486209  0.91729135122403116
  0.92792481906441615  0.93853140731479434  0.94889731738621308  0.95883249960813544
  0.96939397742838040  0.97975286540590567  0.98998893481182548  1.00000000000000000
 -0.00196402623346527  0.00922831360385056  0.01870674128272070  0.02940746395654421
  0.03984248542372995  0.05022050269892769  0.06006137116725799  0.07050918912355031
  0.08092354871800382  0.09116777439131055  0.10142637498814316  0.11186956582704144
  0.12244134544648413  0.13280540229356844  0.14339967105710402  0.15401640655066623
  0.16471387051181510  0.17542220426729008  0.18625766534112653  0.19680058675794104
  0.20736495094398819  0.21807504630945262  0.22900757490053295  0.23953559804263908
  0.24985018595456909  0.26031053342839722  0.27079590131591569  0.28107894047210497
  0.29113018319510581  0.30169322199323151  0.31235913877727361  0.32317708043310356
  0.33407638479311624  0.34566049280240341  0.35678080072593849  0.36748749943250902
  0.37854898039768287  0.38971094000000317  0.40126599105531824  0.41271732252749005
  0.42428080670164398  0.43577425552740723  0.44690119961878871  0.45747381327418918
  0.46741572791587416  0.47722414470638491  0.48687039459994175  0.49644611473666223
  0.50622941749456685  0.51633982043413795  0.52640630081597239  0.53613486907137708
  0.54629719760170226  0.55671800415717820  0.56749454239124808  0.57762133686981443
  0.58815225166487350  0.59907146138635203  0.60975436700167951  0.61997633245714323
  0.63021010258358301  0.64047951800381864  0.65132336166532756  0.66244824934557722
  0.67366999445717046  0.68474289602000993  0.69570143502235771  0.70629853969125589
  0.71660691523061926  0.72652338781460701  0.73651534928015139  0.74676013600061253
  0.75692380066671894  0.76680588717593290  0.77641364507054800  0.78601894953562024
  0.79644248191526068  0.80717182822797195  0.81871473966081776  0.83003359002214716
  0.84137415237515001  0.85264883462931562  0.86426068310417992  0.87586910759463377
  0.88723042935188490  0.89870472610317975  0.90977489025986136  0.92076797602167504
  0.93175604368541798  0.94192665658761399  0.95185658268238638  0.96128353697425950
  0.97100888998296342  0.98073402753202499  0.99050509046403323  1.00000000000000000
 -0.00250607474002140  0.00995724017823046  0.02072766311804106  0.03145595420550857
  0.04215348763944240  0.05266838373843110  0.06292579990581687  0.07288411315586286
  0.08252948639913046  0.09206530781441603  0.10180515798183706  0.11173979836167754
  0.12173103096669886  0.13204410377334291  0.14223753893538957  0.15218676034591858
  0.16197564919239738  0.17209388457073488  0.18236173047850909  0.19230326299806838
  0.20200282359402461  0.21196367646349978  0.22241701338482553  0.23340068518185797
  0.24468036337294163  0.25553731170495092  0.26597271348505946  0.27625860877265301
  0.28661464621999866  0.29682397498315705  0.30711895529558542  0.31749613845797697
  0.32802697015513005  0.33889428611636108  0.35001042864137571  0.36086335653088769
  0.37116838080040487  0.38164368753306566  0.39220276914283136  0.40261976511363978
  0.41294256114836847  0.42326706992517116  0.43361127826086215  0.44425734410114753
  0.45524609397933757  0.46654877571749603  0.47810733328215488  0.48989408933090922
  0.50104252090408674  0.51115265563920520  0.52116473091649762  0.53170429253967388
  0.54235582566797069  0.55304718920866491  0.56382420631831986  0.57451636535102812
  0.58506765709481845  0.59556060559841861  0.60603743044558755  0.61638792678183385
  0.62688997044922445  0.63762163220450374  0.64823294290824607  0.65833858547982393
  0.66842338135325075  0.67882896293560047  0.68973185290745864  0.70085455352405868
  0.71175721911457512  0.72219562621377964  0.73261127884986532  0.74323481300989436
  0.75398479314214017  0.76451726628520200  0.77495499868525763  0.78540940769498802
  0.79570799837187767  0.80626015601902878  0.81694170184562376  0.82812050654206792
  0.83879697790430829  0.84918421697071278  0.85953776232726131  0.87024169815489960
  0.88171791189720283  0.89325354355060194  0.90452184341913544  0.91564067150307382
  0.92658989799067548  0.93792150459919321  0.94846234719431743  0.95885384294004272
  0.96893751983100540  0.97939945098662640  0.98985856536186534  1.00000000000000000
 -0.00574545417273188  0.14428360136107549  0.20717394459690419  0.24964738275239717
  0.28148172717854936  0.31019767913783775  0.33527749555731329  0.35775436192337695
  0.37810089569931271  0.39608990220555201  0.41318365347265845  0.43014236181771831
  0.44654231362353108  0.46139412497293075  0.47525486611571904  0.48807639774215006
  0.50018480167729307  0.51221592882500122  0.52444708956083486  0.53653834525394317
  0.54843371904518257  0.55991490937434130  0.57083091598639335  0.58141412934362924
  0.59146163073868796  0.60093753115143056  0.60991112464552311  0.61846674532038437
  0.62679608749762505  0.63497926337704502  0.64335078583607885  0.65192423751040218
  0.66048803069016981  0.66876498807953955  0.67675398317242086  0.68447443761701310
  0.69185175980590230  0.69897110311205446  0.70614044875896287  0.71322531908407938
  0.72003923042364848  0.72664200743682916  0.73324052923685679  0.73993068969617504
  0.74664353667321370  0.75309972112866963  0.75919836411635588  0.76521180785436171
  0.77122464089432807  0.77742375812315001  0.78343357157521565  0.78939777384291410
  0.79532869205069057  0.80130685404362900  0.80723903582032785  0.81320338060398734
  0.81916705998379513  0.82499048969940592  0.83063742395118823  0.83603014892053817
  0.84134878260916102  0.84668455714017443  0.85201212466134502  0.85711017436211867
  0.86216491914084348  0.86719075537592838  0.87208175792516129  0.87693262248556847
  0.88175324387490217  0.88663263809247916  0.89153328077165073  0.89636410385321053
  0.90099015078684619  0.90564839428721378  0.91038564192126936  0.91506764032301902
  0.91966815996023910  0.92417288924578267  0.92855683425502300  0.93290133824963117
  0.93726455602890768  0.94164852669919907  0.94613057485197727  0.95064535158519581
  0.95517978094535227  0.95964848304741290  0.96392728858587640  0.96809594628130535
  0.97224426884802706  0.97628145711137315  0.98025413250175264  0.98412048769881122
  0.98593572163388532  0.98698801816840143  0.98770603561793779  1.00000000000000000
 -0.00238623464117219  0.00964567685557273  0.01969312941170070  0.02985849905668403
  0.04027719959321435  0.05090248354919040  0.06171847244269335  0.07230654215927049
  0.08244421583802489  0.09254812742310344  0.10254502548308964  0.11308243343365106
  0.12384949813876540  0.13393716797049529  0.14458071500785663  0.15497082302379733
  0.16567188795498741  0.17601787461892174  0.18674955405907315  0.19742481673712253
  0.20767566279999075  0.21773478854608735  0.22783702043065387  0.23818661105714450
  0.24857144090100819  0.25896130593842853  0.26976621644689874  0.28062249683220108
  0.29198187127399367  0.30371271246902165  0.31514093719588770  0.32568199929694469
  0.33584204199747614  0.34607382563993305  0.35658327900740594  0.36714186603295107
  0.37788444363847090  0.38906948386123613  0.39999091518514873  0.41096733354902315
  0.42172297411457194  0.43172646836581119  0.44128205172469509  0.45051519391663930
  0.46047574869418173  0.47114476119403415  0.48187514681683846  0.49260404959926513
  0.50321267760801991  0.51370550399388870  0.52387565411219494  0.53376249264099296
  0.54360172270380980  0.55381730724696365  0.56436611944956139  0.57521216210282622
  0.58608794503618722  0.59691053319168508  0.60722162683471725  0.61746074501854264
  0.62797183907915555  0.63873733031091007  0.64940109743957519  0.66039869817465835
  0.67165195826346791  0.68272430079837176  0.69351111543762600  0.70398408934711665
  0.71481800784790328  0.72588561866444201  0.73699366172689007  0.74798813218770177
  0.75875439264991518  0.76942465148197392  0.77999193238605735  0.79102193446120894
  0.80195238307317807  0.81287541160457299  0.82323999424598149  0.83383584988112380
  0.84382678960279822  0.85424912818859033  0.86429345604867236  0.87411957177746491
  0.88364910961119880  0.89402097413570114  0.90520281564937366  0.91644685165782891
  0.92696426760592965  0.93703174336804429  0.94703822859117892  0.95730162094040183
  0.96759592576333986  0.97784713522659483  0.98879439522890977  1.00000000000000000
  0.02413275903212372  0.03344505055904827  0.04299728396941966  0.05369550160354877
  0.06432880132318389  0.07557201427586087  0.08698429476837764  0.09832372929927718
  0.10849242972733059  0.11799644574349930  0.12762120011181832  0.13760548621776958
  0.14760868298361457  0.15713649686868914  0.16606137022227305  0.17512204376809321
  0.18448324153246723  0.19377326856204863  0.20288924407997871  0.21188223414910359
  0.22125356834573792  0.23086515426816800  0.24009689837204340  0.24923720110604267
  0.25872053095266284  0.26862916619968946  0.27823482633416685  0.28794397850942238
  0.29824333550980242  0.30881467273126351  0.31857301068297628  0.32776062033868053
  0.33698771064640037  0.34671347389546742  0.35662734214911207  0.36673507676255301
  0.37669101615272926  0.38709393943761228  0.39723297334621788  0.40793679107135050
  0.41791622331212275  0.42730627915766239  0.43651999577738959  0.44615764022279525
  0.45621490466111853  0.46578381853102707  0.47529497056338893  0.48517624526792386
  0.49538340623456095  0.50507243761097942  0.51456130494202001  0.52392722540244985
  0.53405804173360183  0.54435070687189036  0.55473861322046758  0.56497318776712879
  0.57504812219268642  0.58502298886973858  0.59486280594920127  0.60471789238952023
  0.61469565912412016  0.62464743778278098  0.63449258568628430  0.64425492822235519
  0.65439719772899640  0.66488801991587276  0.67563183709204810  0.68661298341886290
  0.69799819250082951  0.70943156048589895  0.72077251665099218  0.73198627200893362
  0.74322366187851763  0.75382317692970491  0.76326588539398188  0.77320399083875602
  0.78335531547272930  0.79431329513890270  0.80423825432749707  0.81421755260942874
  0.82445268018262607  0.83550780332170116  0.84622442093216266  0.85774607037949036
  0.86833192838339035  0.87975612833551686  0.89085373164130155  0.90198014272197791
  0.91244783752236946  0.92231585433497520  0.93250044941196164  0.94290510906723646
  0.95463916633002399  0.96444495700526756  0.97127674821626053  1.00000000000000000
  0.04707408164470270  0.19866695810936558  0.24566836014604065  0.27443770205333984
  0.29674516074746665  0.31535466984355454  0.33186609620240975  0.34700052940183290
  0.36137186157069545  0.37536373568192921  0.38933438360884648  0.40275885136741046
  0.41516754817608426  0.42709332212653950  0.43909314968598795  0.45113231027407619
  0.46278201423617488  0.47409285866981821  0.48515827502099196  0.49621722287017889
  0.50714945866925287  0.51766905097577010  0.52798067663692849  0.53816039935027060
  0.54830669028673995  0.55824105141310132  0.56803587828870683  0.57765296242000708
  0.58703768416874946  0.59605247499892255  0.60489250914177151  0.61353874243705631
  0.62182058686993458  0.62981963790253503  0.63758169153738309  0.64499273908155463
  0.65219860106655236  0.65922335206036520  0.66612676253360825  0.67298997146998885
  0.67974489471137622  0.68641482413462074  0.69287988308325410  0.69916098283324624
  0.70537249154564197  0.71140019554663159  0.71721886895205467  0.72295202467454001
  0.72861837708613342  0.73408870526825232  0.73940278715877616  0.74472516427506552
  0.74994368729616756  0.75508527368389056  0.76012909911094872  0.76506274747465552
  0.77000743039749853  0.77418199684595590  0.77836457763069244  0.78265221671554663
  0.78696392567089513  0.79131664556089909  0.79541801985035654  0.79950621897925067
  0.80357688333152710  0.80763497453960698  0.81165277536544034  0.81536442262286890
  0.81903252230432810  0.82273471040296853  0.82655967452870283  0.83046496886246690
  0.83444903856463915  0.83843956883825832  0.84234394450943306  0.84621566451617192
  0.85018613586929237  0.85417490014585040  0.85808184788926933  0.86210197893535312
  0.86632613122857605  0.87073006134026987  0.87526094992765446  0.87999284293832891
  0.88477100680221965  0.88944635599153754  0.89446853291201489  0.90028567934738912
  0.90665553049665448  0.91247202157462470  0.91888147070914472  0.92449002010883607
  0.93017693918286615  0.93422348434446179  0.93677514614980861  1.00000000000000000
   7.2434795827424443E-021  -1.0000000000000000     
 F F F F F F F F F F F F F F F F T F T F F F T F F F F F F F F F T F T F F F T F F F F F F F F F T F T F T F T F T F T F T F T F F F F F F F F F F F F F F F F F T F T F F F T F F F F F F F F F T F T F F F T F F F F F F F F F T F T F T F T F T F T F T F T F
  <DiscreteSampler_grid>
  grouped_processes
  1 # 1 for a reference and 2 for a running grid.
  10 # Attribute 'min_bin_probing_points' of the grid.
  1 # Attribute 'grid_mode' of the grid. 1=='default',2=='initialization'
  0.0000000000000000 # Attribute 'small_contrib_threshold' of the grid.
  0.5000000000000000 # Attribute 'damping_power' of the grid.
 # binID   n_entries weight   weight_sqr   abs_weight
    13   10   2.181861309702517E-010   1.628417297434186E-019   2.181861309702517E-010
    14   10   2.181861309702586E-010   1.628417297434357E-019   2.181861309702586E-010
    25   10   8.859261959359380E-011   2.342082483646974E-020   8.859261959359380E-011
    26   10   8.859261959359415E-011   2.342082483646975E-020   8.859261959359415E-011
  </DiscreteSampler_grid>
