  0.00000000021922473  0.00000000063107221  0.00000000090869529  0.00000000116232322
  0.00000000140547238  0.00000000163279556  0.00000000185058783  0.00000000204926131
  0.00000000223578743  0.00000000241862824  0.00000000259943457  0.00000000278878675
  0.00000000297001044  0.00000000314818124  0.00000000332315938  0.00000000349835839
  0.00000000367105183  0.00000000383718325  0.00000000400260731  0.00000000416926011
  0.00000000433342678  0.00000000449714876  0.00000000465745959  0.00000000481839368
  0.00000000497830488  0.00000000513604324  0.00000000529359082  0.00000000545007636
  0.00000000560291676  0.00000000576023028  0.00000000592460185  0.00000000608858351
  0.00000000625133389  0.00000000641547520  0.00000000658023045  0.00000000674569081
  0.00000000690916900  0.00000000706438474  0.00000000721787652  0.00000000737146790
  0.00000000753646456  0.00000000770164843  0.00000000786583177  0.00000000802670465
  0.00000000818441336  0.00000000834175129  0.00000000850058779  0.00000000866213613
  0.00000000882398653  0.00000000897946220  0.00000000912885423  0.00000000928114087
  0.00000000943650620  0.00000000959406012  0.00000000977387112  0.00000000995883242
  0.00000001013933379  0.00000001031329473  0.00000001048262525  0.00000001064970964
  0.00000001082020151  0.00000001099993950  0.00000001118460975  0.00000001137170366
  0.00000001156182556  0.00000001175253755  0.00000001194120530  0.00000001212987952
  0.00000001231895813  0.00000001253300721  0.00000001276335529  0.00000001299708156
  0.00000001323971284  0.00000001348578602  0.00000001374375517  0.00000001399752656
  0.00000001425188973  0.00000001450784393  0.00000001476427933  0.00000001502108985
  0.00000001527966949  0.00000001554372916  0.00000001580641650  0.00000001616141625
  0.00000001653863808  0.00000001694417457  0.00000001735844887  0.00000001779544973
  0.00000001826148290  0.00000001877513987  0.00000001935841809  0.00000002002418937
  0.00000002090264916  0.00000002258220125  0.00000002362050772  1.00000000000000000
  0.00925789371174139  0.01607587242933999  0.02612716418545467  0.03761398851698631
  0.04894492347366648  0.06000040567808097  0.07132901647146886  0.08249568697751801
  0.09459601281902877  0.10625382190433995  0.11788217423519305  0.12896616664151186
  0.13971024283787417  0.15023792289284782  0.16060433921733083  0.17142106041338792
  0.18276592031146105  0.19440054932604203  0.20666576271141296  0.21823535708939354
  0.22967540324244493  0.24124215039488398  0.25271020483003859  0.26376724933711637
  0.27446879390981654  0.28452009711570447  0.29486515458695456  0.30558194054016719
  0.31568038516037700  0.32540810196118591  0.33518446214979553  0.34590500682019737
  0.35669149406734368  0.36608974564666724  0.37580183406672557  0.38508240189363335
  0.39460578185677009  0.40380222287927758  0.41302324746206748  0.42207144689277420
  0.43137925951018047  0.44072663366688314  0.45044666165745179  0.46017354441915237
  0.47033714295971624  0.48081614802806366  0.49140701227314038  0.50160224870980219
  0.51177771981541476  0.52206933241104103  0.53263347249809490  0.54279881938894881
  0.55200087583246149  0.56129761653893628  0.57048550394730413  0.57999904362053312
  0.58967742293109082  0.59973597934536538  0.60988646419383818  0.62056487843177188
  0.63105445034484298  0.64175013515560009  0.65267740378436789  0.66371105872518654
  0.67419564882372096  0.68383015035374140  0.69374084353685372  0.70375834300249374
  0.71376969912928012  0.72335307119702941  0.73327377810294370  0.74350105803755318
  0.75401852353347276  0.76448279636279071  0.77516909368057785  0.78635490817587361
  0.79726125178311713  0.80783949284824330  0.81842573229630700  0.82855412243483528
  0.83817196545391359  0.84709597031667916  0.85578664211011879  0.86505594827992416
  0.87503495859675762  0.88591390031721517  0.89684713526348969  0.90784922850449790
  0.91838160249537615  0.92911056441271400  0.93961594750818600  0.94994070808554021
  0.96002337959184869  0.96997582301669238  0.98062905780536647  1.00000000000000000
 -0.00246167285506257  0.01018036469274439  0.02145846283742371  0.03280854414553845
  0.04454794092253719  0.05584292334589097  0.06650612691830017  0.07678764697918249
  0.08769105257109230  0.09921197049209157  0.11063500498204915  0.12163503282165412
  0.13253872782927301  0.14358477321866958  0.15483771975419755  0.16555323273715716
  0.17577476651042973  0.18626149539372208  0.19775341218052825  0.20925773016097451
  0.22034003478159686  0.23084560537489421  0.24092457645097945  0.25119304815804694
  0.26167169596152062  0.27259576874002828  0.28322019828203698  0.29426338168084926
  0.30588436205556085  0.31793872702893033  0.32933989066381203  0.33986955532017726
  0.35001152812683095  0.36057528314229514  0.37182639729216715  0.38309805700255739
  0.39378999573695739  0.40414756243306321  0.41427263452155172  0.42454628495691821
  0.43479943599882392  0.44467573522354975  0.45409648856151974  0.46407980794277637
  0.47439061421180562  0.48565240400488696  0.49691496882588759  0.50821071888347202
  0.51923136501188227  0.53027994752048635  0.54098807446744668  0.55102354070277904
  0.56088384432671479  0.57125682500989261  0.58180186594322536  0.59268340378269935
  0.60358584942717153  0.61505250616405105  0.62673100279170468  0.63859278651033236
  0.64991566582396942  0.66060912488820311  0.67110377947615096  0.68134434947377953
  0.69102206718004366  0.70028016459044495  0.70962487403202124  0.71946467750330934
  0.72930043345660212  0.73876843961754612  0.74804047435091425  0.75817965328246306
  0.76813174316431276  0.77767893460799042  0.78716119965862219  0.79764519175446336
  0.80858910274813223  0.81915712156765053  0.82924996174727383  0.83913277427240440
  0.84887351564457203  0.85847084730914813  0.86781262715306973  0.87725286396369151
  0.88730237134004453  0.89772762644527870  0.90775705940397189  0.91698726488047000
  0.92608281586926633  0.93534502351500870  0.94510524998696355  0.95488906137419383
  0.96504899935114474  0.97591237105609896  0.98781683038004631  1.00000000000000000
 -0.00238777342191801  0.01019141132985053  0.02137055170557119  0.03225661130235049
  0.04291282771313341  0.05336648927899448  0.06341717577377413  0.07356103814555938
  0.08383784005362947  0.09447761961552141  0.10477235223361174  0.11481817501360332
  0.12561933720076249  0.13691462148489120  0.14756063818685006  0.15712318697049546
  0.16687758972511074  0.17725627824930312  0.18771683249747967  0.19780540996955184
  0.20764822210007058  0.21770370443338319  0.22826791922404918  0.23904879600053985
  0.24973031397806442  0.26042670893505054  0.27146382893748755  0.28274994179979318
  0.29322239983796333  0.30329817525295183  0.31351325277118880  0.32408028484216406
  0.33477858042341407  0.34534435216933346  0.35622938478523219  0.36716321614500214
  0.37834602375016835  0.38998021012690431  0.40121163442871804  0.41238515678735022
  0.42339421021562390  0.43407617991650532  0.44495382798038680  0.45573239263769094
  0.46641003342557674  0.47701829092743830  0.48782188829950396  0.49896775245670372
  0.50987079472048458  0.52032193539837546  0.53036602639014396  0.54048442287344056
  0.55109278629262026  0.56176082081770673  0.57181458651027095  0.58146718337240211
  0.59139044184406142  0.60175721376101532  0.61248657613446367  0.62310054581017904
  0.63371058708533501  0.64409015057394681  0.65404744415084648  0.66376534396996756
  0.67349076994591228  0.68347613194433210  0.69386540421650278  0.70430155695075081
  0.71495117771165129  0.72604452683249265  0.73650381102306495  0.74619125384042750
  0.75565732776792571  0.76578804166751036  0.77641305287094886  0.78710152952558687
  0.79748191441107297  0.80745212220696816  0.81718542304604591  0.82670400086873708
  0.83654329826191198  0.84617589602474585  0.85555860138499873  0.86489760649414560
  0.87471410867045918  0.88554038893871712  0.89721315405892887  0.90923468620927150
  0.92130033030730396  0.93346405597400806  0.94482840021051684  0.95618515841559015
  0.96731428183630819  0.97887327833202664  0.98949028995459720  1.00000000000000000
 -0.00241910114070348  0.00984675119211661  0.02009165143551521  0.03083601016087916
  0.04183140897805356  0.05449490283814700  0.06705324034732908  0.07949761838841930
  0.09109711227400503  0.10228979980596586  0.11344541846415017  0.12418781617998298
  0.13418259453429482  0.14388527372286278  0.15366082556538907  0.16355648144025409
  0.17343679025701009  0.18356335409023294  0.19430332846374190  0.20532823002309530
  0.21611212761437421  0.22646586605651958  0.23825086206864238  0.25009267678534081
  0.26145581971752774  0.27268837395240886  0.28366001241800631  0.29419334247543028
  0.30468079135569764  0.31571158558594220  0.32723966138472887  0.33870087554557493
  0.34990715470356015  0.36073246943749049  0.37105121375058520  0.38093511691801535
  0.39067204888420259  0.40110986065204879  0.41206544538179196  0.42312093488820812
  0.43374188435404998  0.44407752478388202  0.45441704142821415  0.46456871562774710
  0.47411769458487313  0.48341816820756822  0.49229560289693930  0.50137331903406412
  0.51102373256108136  0.52128617311947945  0.53156039856166559  0.54202129985922021
  0.55221384784145477  0.56247689235259335  0.57288120378142782  0.58380952521721086
  0.59521762486985674  0.60691494389808509  0.61873336281460767  0.63061734899736288
  0.64241954177449134  0.65378436529875361  0.66484069700392956  0.67588209600012850
  0.68697018386591813  0.69799458623715027  0.70877396407713089  0.71923166725423016
  0.72966306720419949  0.74002191365198633  0.75031870188686656  0.76030974417084274
  0.77009903555499293  0.78001379379131397  0.78976071737936826  0.79912949985487558
  0.80832111908514725  0.81776262136159228  0.82731109243264267  0.83684321902790271
  0.84624664973596031  0.85601099417878990  0.86631736175547513  0.87638690511569051
  0.88679256460026779  0.89737327870588424  0.90843114021118743  0.91914750337856277
  0.92967493565371273  0.93988681583243694  0.95045055183707905  0.96107109552819625
  0.97146016671155655  0.98111039211189555  0.99052028243841983  1.00000000000000000
 -0.00217588608512418  0.00796960859542321  0.01735463213183909  0.02677935739578117
  0.03677883136073860  0.04712414664454458  0.05789162794698136  0.06852633311149450
  0.07909855510294091  0.08931371721563698  0.09968928400322620  0.11046245688057525
  0.12173577055868874  0.13265590219619686  0.14324788927333856  0.15379086689793639
  0.16411269724598171  0.17465088035329818  0.18522710435430595  0.19570765480908714
  0.20630104628940571  0.21700717820366985  0.22794103749248693  0.23824420177060424
  0.24825964680030077  0.25909591792590941  0.27036188404880512  0.28187007989696755
  0.29465403810854013  0.30802098018263008  0.32103783154622451  0.33342740323628439
  0.34541771918854958  0.35748839914452712  0.36941946710089119  0.38037304406202904
  0.39060852870199242  0.40058141942538961  0.41084916375844899  0.42089132664857870
  0.43061939854678838  0.44041192937650864  0.45060872985441625  0.46063886724376474
  0.47034101647797188  0.48014333295827777  0.49019152729014381  0.50027888458871617
  0.51041217823729279  0.52025548658142895  0.53120593285610818  0.54193427076415712
  0.55256744152619708  0.56312054894526242  0.57317235708518177  0.58314736198846795
  0.59265644577795296  0.60215046365517200  0.61147471610558091  0.62108381082850739
  0.63099416074872217  0.64143464384606019  0.65239574373400122  0.66385536352281915
  0.67525472188911917  0.68596517933008849  0.69588812086781160  0.70561284802998614
  0.71499777626773586  0.72542118282013857  0.73604277963450904  0.74642085278138881
  0.75617987665256414  0.76587116661892829  0.77581905700541343  0.78607041315652826
  0.79643891432042513  0.80714855808326869  0.81834838580279357  0.82974065520559470
  0.84080666830638429  0.85196611970053804  0.86329657933236115  0.87426186035435460
  0.88439797541408827  0.89400878231944592  0.90353311934768465  0.91364670011255922
  0.92457393342025329  0.93619245886748981  0.94759300826587300  0.95832371499088265
  0.96891398105251714  0.97925360589827126  0.98968254182366688  1.00000000000000000
  0.00416624334512885  0.10675970919143492  0.16147869086588384  0.20092973660556523
  0.23202749966889200  0.25651306786508488  0.27947557810464857  0.30052431718230094
  0.31945547463490548  0.33665842085149356  0.35289831967892971  0.36935660519262214
  0.38475924627920322  0.39916298401616662  0.41343506131500019  0.42698758583423124
  0.43976689979417810  0.45223300441080877  0.46509265709421399  0.47719654586283072
  0.48863976731976572  0.49972569437964565  0.51039399803721441  0.52068579762118716
  0.53047539489456963  0.53989456155237836  0.54890809972843602  0.55770091783312026
  0.56672432929706695  0.57579438448451292  0.58468900225798293  0.59352931445416535
  0.60230163624976241  0.61087045214885272  0.61943299261998608  0.62806415956869188
  0.63662938748039988  0.64514481620998232  0.65308789020956615  0.66072068334160439
  0.66822028070288653  0.67533707553955691  0.68233565571415378  0.68930686010739239
  0.69619289657269678  0.70295603115584593  0.70957669795981182  0.71597991944603978
  0.72231692288594862  0.72874852124878087  0.73531493758336341  0.74203398068925952
  0.74865609135338496  0.75521868805244063  0.76167522086764661  0.76809884918746951
  0.77456937362546341  0.78120416318706121  0.78807042905578017  0.79494199595492865
  0.80162219118045086  0.80797595767438257  0.81405197417951314  0.82001871226725664
  0.82587960248488679  0.83182881586848068  0.83720440788167594  0.84258707505404340
  0.84801680225868059  0.85353878121904370  0.85912025221328570  0.86473257209373289
  0.87042376619914408  0.87607772369679504  0.88143998596709472  0.88666003068863852
  0.89168823924823226  0.89670905265487166  0.90169664409186157  0.90680096578560021
  0.91196070225090475  0.91733190364210704  0.92291891767087497  0.92857653401722318
  0.93413898427795417  0.93949414939672193  0.94492530531494900  0.95036756980691972
  0.95585702081413892  0.96133784884073004  0.96680766423333375  0.97247223514623549
  0.97807468415313870  0.98273458118464041  0.98459976292907114  1.00000000000000000
 -0.00221559264044209  0.01028852542687918  0.02169420820810164  0.03289742665953794
  0.04345332246805095  0.05392924479466650  0.06422895693533197  0.07454107706791034
  0.08489118611381333  0.09535229538339997  0.10602215418847070  0.11678984978690805
  0.12701345862733665  0.13827568197465154  0.14908872885014782  0.15956630177527154
  0.16983000354690853  0.17999701479736377  0.19036714366631349  0.20076902370565614
  0.21149784473410194  0.22179691179504929  0.23155218987299733  0.24077254376739177
  0.25023513287853189  0.26008920380737915  0.26979974529427619  0.27961407188359877
  0.28945155171410075  0.29975662315321833  0.31008142667719291  0.32143485702036217
  0.33317342884443357  0.34555755923529008  0.35764001080186475  0.36947955666899363
  0.38097961469914787  0.39252580392775238  0.40331236786618319  0.41344196490598395
  0.42320179087256926  0.43264894557289924  0.44219135301543233  0.45259760197613158
  0.46315205971339712  0.47394436699176196  0.48409827514321274  0.49409163310378729
  0.50449146585638516  0.51464651244652282  0.52464322731568769  0.53504386169794194
  0.54559248616819744  0.55691694711403306  0.56726296228821327  0.57713478423152009
  0.58664518653607844  0.59587687612957740  0.60477738097262013  0.61442850546061789
  0.62487749663655445  0.63553413256103430  0.64617486296373539  0.65686695292826947
  0.66781027939728965  0.67867377915617855  0.68933186228145582  0.69986255067080183
  0.71017540910675314  0.72049556386766878  0.73083386740197287  0.74079186397907226
  0.75081954821988006  0.76141726898266338  0.77208029768969422  0.78291636082393667
  0.79414949375940158  0.80544024709717477  0.81641354648497588  0.82700692507271722
  0.83748676132152255  0.84806087526147866  0.85867688185642110  0.86945581960017493
  0.88009382103718170  0.89047175022835545  0.90110072269727126  0.91190068894701715
  0.92258831649809003  0.93314909778491884  0.94375570132431985  0.95494164345818022
  0.96613917220550349  0.97774843415030510  0.98874458977881652  1.00000000000000000
  0.02465589984010034  0.03182114085831148  0.04057083294799507  0.04913986035056953
  0.05798066491654894  0.06756079179242065  0.07744278849011033  0.08750386856182403
  0.09820816386406356  0.10905715030530806  0.12002344908430884  0.13055832657076891
  0.14132562402193483  0.15234781476652726  0.16363955411071099  0.17461352851248024
  0.18521953173145433  0.19516742352826302  0.20484243402120919  0.21479495241328272
  0.22506103505445599  0.23506318627827782  0.24492507315304110  0.25496071194190006
  0.26524609933813170  0.27528238385064224  0.28504133743855087  0.29472491369069803
  0.30464080877046307  0.31452628338333788  0.32431684917783171  0.33413400653377884
  0.34403919801097055  0.35400385095579945  0.36394004675041830  0.37408433478820124
  0.38454691002729319  0.39541704910039877  0.40677864808194764  0.41801194233868533
  0.42872715984633847  0.43913677917554755  0.44933292708106021  0.45967629448669728
  0.46993495405483782  0.48012008362536313  0.49023517613711964  0.50034450189109347
  0.51062224270592427  0.52081640341938196  0.53072974486751778  0.54057549490399859
  0.55013788366339056  0.55958171778348220  0.56899426678915721  0.57864362670966030
  0.58812353784140270  0.59751559841782165  0.60681812934174817  0.61636207594408920
  0.62623127333608586  0.63620332163740989  0.64620018434656090  0.65643710456419191
  0.66704728106034650  0.67800298580708107  0.68845411306093307  0.69890316091300764
  0.70917880456624660  0.71935551273543363  0.72944591100597278  0.73962225672165172
  0.75005461575250010  0.76094356628956794  0.77122123270297926  0.78154779047870604
  0.79176864448927686  0.80244650692470365  0.81278650549643749  0.82300407087658212
  0.83318702363727803  0.84369322104668842  0.85419064035911552  0.86501015895043132
  0.87591466218217284  0.88651878791154304  0.89661495076916820  0.90582054803889556
  0.91483355990078630  0.92408071182190243  0.93373259723743129  0.94367653216587843
  0.95415394414367616  0.96460251197003821  0.97110185964164375  1.00000000000000000
  0.05049046533031532  0.19435022533212382  0.22431833394200465  0.24208770180001593
  0.25660608891160330  0.26916827661545928  0.28098737709029126  0.29136967912525341
  0.30088606357998610  0.30963374747447375  0.31783824018680173  0.32562305477315762
  0.33286265072793936  0.33939603202292112  0.34557647727013974  0.35198495279832159
  0.35807811818843754  0.36381926660357072  0.36935060491204624  0.37468848693639401
  0.38000662926202189  0.38543432460292443  0.39092521703805538  0.39639832489506277
  0.40177311672954935  0.40687666090881991  0.41190260958224345  0.41698453486411502
  0.42219815196886229  0.42752537317024047  0.43299401844505825  0.43855238682654818
  0.44419223596936275  0.44995008423129856  0.45564586029277265  0.46126506913104831
  0.46670505125655376  0.47214287735100213  0.47755164583357784  0.48263451757690368
  0.48769320735251653  0.49277914405163908  0.49803550016801967  0.50348747503828351
  0.50897319235552341  0.51439799292559785  0.51977935475820103  0.52522006918305075
  0.53084796306546833  0.53659532000880805  0.54235895206226936  0.54809060071907134
  0.55369836066801126  0.55938810966302988  0.56516973661683956  0.57106085020043629
  0.57701165720830450  0.58317588083831495  0.58958329459270764  0.59598770653574862
  0.60230080090245086  0.60860850843294023  0.61480370773661452  0.62095592913310560
  0.62728289828707118  0.63386583652372608  0.64072050512175549  0.64769804765473038
  0.65472845089764409  0.66185536210615759  0.66916085910751011  0.67676973009215358
  0.68443995510047417  0.69192259500778408  0.69947062295013063  0.70734359665406554
  0.71500153468893768  0.72295601754809502  0.73128046241129008  0.73955843551752043
  0.74787098334837310  0.75665917759679568  0.76557874034619766  0.77418490469129242
  0.78315767641533673  0.79224680297355199  0.80147783437774656  0.81105194977836925
  0.82165978486430158  0.83306200507107153  0.84521336344237019  0.86015241079081806
  0.87842266278753389  0.89932718205785467  0.93376308003998121  1.00000000000000000
   1.2401585093322341E-032  -1.0000000000000000     
 F F F F F F T F F F F F F F F F T F T F T F T F T F T F T F T F T F T F T F T F F F F F F F F F T F T F T F T F T F T F T F T F T F F F F F T F F F F F F F F F T F T F T F T F T F T F T F T F T F T F T F T F F F F F F F F F T F T F T F T F T F T F T F T F
  <DiscreteSampler_grid>
  grouped_processes
  1 # 1 for a reference and 2 for a running grid.
  10 # Attribute 'min_bin_probing_points' of the grid.
  1 # Attribute 'grid_mode' of the grid. 1=='default',2=='initialization'
  0.0000000000000000 # Attribute 'small_contrib_threshold' of the grid.
  0.5000000000000000 # Attribute 'damping_power' of the grid.
 # binID   n_entries weight   weight_sqr   abs_weight
    13   10   1.212553485059583E-022   6.492305664809680E-044   1.212553485059583E-022
    14   10   1.212553485059516E-022   6.492305664808856E-044   1.212553485059516E-022
    16   10   1.026089571497551E-022   3.599664369601617E-044   1.026089571497551E-022
    17   10   1.026089571497615E-022   3.599664369601602E-044   1.026089571497615E-022
  </DiscreteSampler_grid>
