  0.00000000005622179  0.00000000013400814  0.00000000019524229  0.00000000025461784
  0.00000000031858416  0.00000000038603477  0.00000000045708239  0.00000000053271587
  0.00000000061262765  0.00000000069885052  0.00000000078354281  0.00000000087091652
  0.00000000096171794  0.00000000106131401  0.00000000116737863  0.00000000127294923
  0.00000000137978531  0.00000000149027632  0.00000000159880242  0.00000000171173365
  0.00000000183214049  0.00000000195674137  0.00000000207791578  0.00000000219690197
  0.00000000232034072  0.00000000244877169  0.00000000257996587  0.00000000270984449
  0.00000000283643738  0.00000000296135244  0.00000000308789318  0.00000000321625360
  0.00000000334674952  0.00000000347686350  0.00000000361096261  0.00000000374427538
  0.00000000387423479  0.00000000400560951  0.00000000414539183  0.00000000428657507
  0.00000000443203977  0.00000000457899630  0.00000000472300642  0.00000000486846799
  0.00000000501340472  0.00000000515971001  0.00000000530979752  0.00000000546255104
  0.00000000561993304  0.00000000578129276  0.00000000594097706  0.00000000610157319
  0.00000000626034401  0.00000000642526861  0.00000000658878407  0.00000000676393079
  0.00000000694789936  0.00000000714569714  0.00000000734894272  0.00000000755160309
  0.00000000775165977  0.00000000794560719  0.00000000813391986  0.00000000832558017
  0.00000000852256801  0.00000000871984809  0.00000000891735350  0.00000000916101581
  0.00000000940906195  0.00000000965274171  0.00000000989071064  0.00000001012721698
  0.00000001036804415  0.00000001061156592  0.00000001085695308  0.00000001111183593
  0.00000001136171982  0.00000001161984479  0.00000001192743619  0.00000001226379916
  0.00000001260656657  0.00000001295644669  0.00000001331009619  0.00000001367770725
  0.00000001406209770  0.00000001445296286  0.00000001485738375  0.00000001533425312
  0.00000001591567456  0.00000001660209496  0.00000001735785023  0.00000001818206383
  0.00000001914337060  0.00000002046793733  0.00000002123212811  1.00000000000000000
  0.00955987005043929  0.01616771147855691  0.02515443198038781  0.03584787361270379
  0.04617036032934351  0.05670574228511699  0.06727553301284983  0.07840115938094580
  0.08895546154137618  0.09935584126599853  0.11038452497364698  0.12211190748483593
  0.13239533439023926  0.14253326553481030  0.15315541180498771  0.16409980082937356
  0.17469619417325979  0.18538843317252413  0.19680440635938212  0.20803784071475598
  0.21877617574160804  0.22930977427660629  0.23990114052192901  0.25023493540344410
  0.26025733831950282  0.27059454429884866  0.28127713266320681  0.29149902219907964
  0.30135113424841714  0.31119730402441870  0.32147713589007709  0.33199367290733101
  0.34254738193118106  0.35314744578208684  0.36378524950198426  0.37427352517949680
  0.38447063364601924  0.39457689674419794  0.40485743724277062  0.41543509446491800
  0.42613579662370971  0.43684445966666935  0.44760255757031281  0.45857584469841733
  0.46980213357981343  0.48106846960898075  0.49240909829274115  0.50339395935345321
  0.51413085883546927  0.52471382396468180  0.53537947937098052  0.54602557165572796
  0.55677011871512794  0.56781262339235117  0.57915896101959641  0.58998764684924743
  0.60000941229667826  0.61023813612464350  0.62034092254138595  0.63057765689039413
  0.64044330090872303  0.65086516715831733  0.66106700837607590  0.67094393312120137
  0.68080466432353670  0.69095937776887817  0.70217487518377208  0.71325869584089574
  0.72412341308777928  0.73502875281023206  0.74613871706489521  0.75710468562358202
  0.76787115661006844  0.77787389095309134  0.78794723434016434  0.79794593248241119
  0.80810489164490906  0.81828490942813925  0.82840262714845392  0.83895800342273730
  0.84907448609785741  0.85913725320666667  0.86892227891140639  0.87948426411967373
  0.88995121913036168  0.89976013862259907  0.90926765719774305  0.91902291194820107
  0.92910197789222626  0.93906048076248250  0.94894317383989246  0.95897274411322964
  0.96944476121443568  0.98019927042113497  0.99143420429952045  1.00000000000000000
 -0.00243275025660820  0.01116887514456039  0.02302731381516274  0.03504573940570287
  0.04634498190297742  0.05713634283560981  0.06787072163654238  0.07866412091371533
  0.08926734496383133  0.10030583055946739  0.11225298183384894  0.12493108195233796
  0.13566640231497812  0.14587720241377064  0.15611915479294247  0.16640814268005510
  0.17654105694316241  0.18637080252119628  0.19673173794560969  0.20760740338281658
  0.21844929585891787  0.22944885572955903  0.24093175847309320  0.25287856425501370
  0.26488079316988222  0.27668283969105684  0.28799816186700083  0.29916329882912013
  0.31029522627739825  0.32083235594662601  0.33131156996558281  0.34189502589692911
  0.35187137137442920  0.36123275899888208  0.37042827155162972  0.38008112203589289
  0.39053294184635523  0.40122477953600150  0.41196632501046071  0.42276883638402807
  0.43365057094882381  0.44462484132965630  0.45552933765623427  0.46634920669215857
  0.47700690396668105  0.48751415855967933  0.49755814011666150  0.50744062324736394
  0.51719009145327177  0.52717653446930057  0.53754532706827896  0.54837072055607261
  0.55937792374461992  0.56979526375693490  0.57979591150833987  0.58996297536208109
  0.60040508476335175  0.61081860929381881  0.62038526687063267  0.62994647509955337
  0.63976286164980378  0.64978592766275556  0.65965067752647744  0.66980440635519423
  0.68045292806298330  0.69092580753887434  0.70134030617446219  0.71223532524874111
  0.72378557462627247  0.73535729934261918  0.74642822973109679  0.75689682804334169
  0.76707330209792157  0.77701739906752065  0.78651217441300247  0.79598361580168642
  0.80552963958914148  0.81543575915041255  0.82592831936578459  0.83641645944449106
  0.84707854309384545  0.85773218466130319  0.86857643039818511  0.87881400789607556
  0.88885540141581265  0.89910644795965133  0.90981553551073635  0.92085196871707631
  0.93143692660188160  0.94124909412764057  0.95082818875797304  0.96050663617704291
  0.97067327624314503  0.98055849886630453  0.99027569651654557  1.00000000000000000
 -0.00223522603732350  0.00965621081031742  0.01971122491407934  0.03158313874021834
  0.04304279076796773  0.05421352743863992  0.06478105632883421  0.07554813496389799
  0.08589743484085152  0.09634699245079457  0.10686988161138233  0.11766895917878882
  0.12827843012274420  0.13867002048938651  0.14860692028915543  0.15834645054760663
  0.16809029264757760  0.17807869063861972  0.18836738818327894  0.19869880539799423
  0.20906000966634833  0.21959495012613686  0.23053490081979269  0.24171723419031663
  0.25285382064941886  0.26378750059000927  0.27474360191821323  0.28580954022451116
  0.29690673353276509  0.30816420580948134  0.31992463705504204  0.33214748934502969
  0.34379679696776061  0.35512931473139320  0.36644078835503607  0.37772845594878657
  0.38826709619710786  0.39869441112617832  0.40895517563666317  0.41885022214772238
  0.42841860220767913  0.43799402782266339  0.44751078737984540  0.45718599711881042
  0.46724831058379213  0.47795346000041083  0.48919454359786391  0.50048931506052408
  0.51138720868078580  0.52232093010579250  0.53366855824596116  0.54506053474553562
  0.55629819889958076  0.56728099989814729  0.57802665807401177  0.58833892174479618
  0.59821704162578559  0.60793031451130630  0.61743729944013970  0.62708939476930781
  0.63704251991106398  0.64733676219363490  0.65807546557166741  0.66883562898553717
  0.68005416547703024  0.69126175723206995  0.70225854613107175  0.71311649718232017
  0.72402428813430919  0.73460562162931453  0.74448396370541259  0.75414110715198535
  0.76387091788927630  0.77366677013529983  0.78341231850362691  0.79341110262636227
  0.80345668757719990  0.81320823740312931  0.82260368203959600  0.83208721651325934
  0.84231934741624470  0.85311817241548760  0.86425222037894156  0.87532685579602398
  0.88545118573099857  0.89542768508720361  0.90485560736863635  0.91443712080551642
  0.92445630759562036  0.93500780206568557  0.94557715891569560  0.95641823910313906
  0.96729710255346268  0.97856459463010526  0.98925285071584756  1.00000000000000000
 -0.00225796590884573  0.01048789013658318  0.02099853312589512  0.03171646029122999
  0.04271609328912897  0.05388349878908822  0.06522878741721071  0.07635494245497541
  0.08781082393270019  0.09893142954705234  0.10943543564541471  0.11969528616060586
  0.13017766168328421  0.14085027544069947  0.15130180744474780  0.16168669852230630
  0.17237186423169101  0.18325626558357155  0.19422562542233718  0.20497615280812725
  0.21537089042746263  0.22534412877251300  0.23510947855598477  0.24502826213899220
  0.25542505250207653  0.26632143017345938  0.27690636274020741  0.28698531236498792
  0.29699368164778039  0.30645954578157242  0.31570854299280232  0.32479448402928457
  0.33447712813550723  0.34583794600847245  0.35707198726065470  0.36784465641402664
  0.37817714194650415  0.38867479678060485  0.39918013633427479  0.40986080412788822
  0.42078168231673430  0.43147663535314462  0.44178167590985934  0.45076621629048047
  0.45990208071281080  0.46940554392721723  0.47932289505298087  0.48957883641433259
  0.49970257190384482  0.51008518334872432  0.51986557726017968  0.52905198975820789
  0.53811142971894621  0.54772243216597383  0.55780010956468251  0.56799551994757080
  0.57851467274987112  0.58915578618970932  0.59966698753369585  0.61021047865547429
  0.62087817070340034  0.63199000361082047  0.64324186006516970  0.65437462524176671
  0.66534053134662241  0.67659386387664711  0.68806442814492275  0.69946615018925118
  0.71090639016319868  0.72314867612649547  0.73519948975271465  0.74664567816379934
  0.75735451927591035  0.76825784021565613  0.77933169893992937  0.79046859453634533
  0.80119423493978437  0.81155042743595451  0.82141595666988765  0.83108289509018907
  0.84148426521183284  0.85193004904142622  0.86336211112840744  0.87406831948256214
  0.88551255403053630  0.89675698915381541  0.90823360469723569  0.92021470715630871
  0.93178565213398046  0.94219179910069173  0.95193426919929236  0.96114029971228832
  0.97046574230158156  0.98005847420593162  0.99001398111715255  1.00000000000000000
 -0.00225559627572658  0.00880658244117666  0.01811501972964243  0.02799880521967950
  0.03821561877440407  0.04918948558892499  0.06029029446350928  0.07088996466540720
  0.08121125994761884  0.09186749306606234  0.10223059609326271  0.11217510531221661
  0.12191932422233548  0.13157955679577119  0.14083362636459992  0.14999826514188802
  0.15954779537478417  0.16923953558118413  0.17882620098718360  0.18852419578764881
  0.19863202979999225  0.20882387463149499  0.21890744862955877  0.22912845978953145
  0.23965875892775401  0.25019306700296867  0.26040328255259088  0.27067930207183283
  0.28129526421554724  0.29215438005887373  0.30321381007837345  0.31460328223110617
  0.32622266431398950  0.33751368861665698  0.34793376699948841  0.35826220717830232
  0.36844525337194062  0.37881134731514166  0.38959093239506404  0.40062883891877715
  0.41209887193125500  0.42319618155367961  0.43433059924300682  0.44531862095598912
  0.45652820016662049  0.46740296133392112  0.47858732155256206  0.48963920484275664
  0.50055166100007609  0.51152134029934404  0.52255251017458371  0.53428140754933762
  0.54565653996844643  0.55653583900616355  0.56717857909892500  0.57801616115724241
  0.58891672078370028  0.59978499726323786  0.61051400402623990  0.62096702233725232
  0.63092178809649435  0.64043227418740190  0.64997955134887575  0.65900687448490225
  0.66815356007929416  0.67815503369410501  0.68852829650657987  0.69897486748513138
  0.70946990986417158  0.72016311180916537  0.73112590632312513  0.74186023733371009
  0.75291725305331003  0.76391958504579349  0.77444092503049666  0.78448970882019098
  0.79509366289613337  0.80593729034950279  0.81645960097343795  0.82679289234427256
  0.83755442897348209  0.84899853217253085  0.86040017964027782  0.87164210384806695
  0.88271368004887019  0.89328753006420936  0.90395493012623274  0.91471963694991765
  0.92535503664968488  0.93592079193941247  0.94670467447843842  0.95768479377170868
  0.96859960638566445  0.97879694837036046  0.98961730891739130  1.00000000000000000
 -0.00049804795348505  0.11346762336855105  0.17066604147562986  0.21140043923278382
  0.24419169974740310  0.27190273971946610  0.29572809655358823  0.31814672834169389
  0.33872833015695136  0.35770220830841176  0.37587751252459622  0.39335025586389499
  0.40974621438420045  0.42508248203278648  0.43875206908268694  0.45183035779321423
  0.46436663247335880  0.47666547831794231  0.48847619347218280  0.50018322319903896
  0.51155927459972639  0.52288819647422380  0.53394361378346888  0.54493022953310344
  0.55564561373443988  0.56608918537250541  0.57623065938067630  0.58620188780329985
  0.59632301230159057  0.60665645314590055  0.61715349772424621  0.62764846588868384
  0.63740032709219374  0.64655507965661374  0.65484515353653372  0.66278403827465460
  0.67048721088088570  0.67812678297087603  0.68545893532936275  0.69257678049395366
  0.69942842808675632  0.70653395122918461  0.71330339074183646  0.71980178003851591
  0.72630627579679907  0.73273735118864414  0.73924776910706935  0.74563442018105586
  0.75205205720817869  0.75860100325420254  0.76512561666911916  0.77144581435732729
  0.77755295008604752  0.78365882716217516  0.78992444934249839  0.79619581934973516
  0.80228363382660295  0.80805311634800081  0.81357227331835846  0.81903766391284993
  0.82450579513958810  0.82993001666575350  0.83535780594543574  0.84092396157027738
  0.84641359847536524  0.85182943458643923  0.85712341608923170  0.86237067082271823
  0.86769237155765389  0.87303204051152294  0.87851546015615778  0.88388818935691449
  0.88922428461523473  0.89449388974277133  0.89950352440566772  0.90426055802386285
  0.90907009830309271  0.91405083655139285  0.91869180091846014  0.92333179454383008
  0.92770321669352585  0.93200442412307338  0.93619620683212301  0.94027640600733275
  0.94434751606026035  0.94842523545409596  0.95256458294448854  0.95684712121611792
  0.96130675331926108  0.96577137241161093  0.97000948582465552  0.97412763724622942
  0.97826617664347459  0.98233175275329843  0.98559550487714187  1.00000000000000000
 -0.00272362189355925  0.01070544762545870  0.02157448912344619  0.03278573152758799
  0.04394207399807660  0.05546388489610098  0.06653598186905123  0.07733560945351796
  0.08847869000076115  0.09941953110268283  0.10989644652835236  0.12010147350053495
  0.13076247266410160  0.14162452314253274  0.15212545959375418  0.16246301401568308
  0.17285385367961795  0.18349955726606873  0.19427149281975126  0.20501326534919403
  0.21569559343118097  0.22654144350189376  0.23751595328731309  0.24868957063872429
  0.26014421152189066  0.27151970758132615  0.28265812727155409  0.29365940960748832
  0.30458155529679898  0.31551438008276567  0.32643816539140896  0.33695609808855392
  0.34697465290542640  0.35685259013074239  0.36662597599127650  0.37630978442557472
  0.38601793192295653  0.39582866120068322  0.40585377246747473  0.41589889343560538
  0.42578926819318941  0.43599799533457423  0.44622589678196650  0.45610315336203749
  0.46580123092897741  0.47566070687746620  0.48611314056999755  0.49669078398238037
  0.50696962297397885  0.51728773889598456  0.52796301916524324  0.53885921224326394
  0.54940041603830969  0.55965687103668471  0.56980046013327879  0.58000251154828641
  0.59027611980060879  0.60033044692215931  0.61034869130679315  0.62030849014875933
  0.63096779948166959  0.64198438762316523  0.65280020268260175  0.66324553042999168
  0.67370741963958036  0.68418673892466364  0.69452641157802331  0.70457425011761687
  0.71439986285196344  0.72441446927635300  0.73461945407346685  0.74507751988143944
  0.75561958594432888  0.76583974668644528  0.77595693310462155  0.78566087878272117
  0.79562244584978481  0.80554721884839020  0.81584531996720244  0.82604178434701281
  0.83659447068968817  0.84712575571785009  0.85777468397200884  0.86814918447911460
  0.87877319871792203  0.88935794209497887  0.90019105692817281  0.91114143483041221
  0.92235340762412521  0.93336824249341799  0.94396455708826654  0.95498033113233705
  0.96615438400791842  0.97790489701678673  0.98892006788314513  1.00000000000000000
  0.02435620862729605  0.03141156323182621  0.04067246919968236  0.05063518838782186
  0.06062743628541653  0.07049484951759294  0.08077941135861889  0.09157030050128699
  0.10291627588246692  0.11374368226801532  0.12420797344157966  0.13440255489808392
  0.14478029957247798  0.15555515705913164  0.16623513817494953  0.17621089293103043
  0.18587796942567009  0.19552360308938674  0.20524382149181603  0.21459694308276822
  0.22365802011996078  0.23276692049484560  0.24196478542226307  0.25117061226817894
  0.26026224478648041  0.26978020233809641  0.28054525617625797  0.29192557017889087
  0.30323097556079220  0.31437292633649094  0.32541383758310916  0.33611362283983343
  0.34639745123847987  0.35653831758243232  0.36651381535177169  0.37629512489873979
  0.38608370687538424  0.39609795404490589  0.40662487700855193  0.41744730759333454
  0.42822970357995060  0.43865781653134839  0.44868064493305437  0.45870662973636450
  0.46917810265616505  0.47967231178426550  0.48990600889849978  0.49989071196069251
  0.50982429649902927  0.52011889795153088  0.53101489159744142  0.54204765803258481
  0.55292996089970536  0.56362326647464445  0.57508574806324697  0.58631330554540839
  0.59686727060063505  0.60703396144829158  0.61622658411300757  0.62520680291037356
  0.63418894913449742  0.64348819668794199  0.65376299966428375  0.66449073664759373
  0.67607976207667053  0.68739528706541830  0.69762315203782832  0.70734123538333027
  0.71662344427201374  0.72614004329328807  0.73538905702813384  0.74453117206556252
  0.75358875498774036  0.76297698416741544  0.77244998301067680  0.78187469282241029
  0.79142856500837033  0.80138518820514415  0.81151205850059061  0.82150735224226590
  0.83154197565600352  0.84175646089668055  0.85203538169397708  0.86228058227252991
  0.87258307082513498  0.88264201499342876  0.89271336728044293  0.90312642701936130
  0.91371757826435496  0.92434497097881563  0.93485770456078754  0.94547296195744202
  0.95597949128347082  0.96508353189223139  0.97098292675971787  1.00000000000000000
  0.08710333629401640  0.20570974404185338  0.24652388923245189  0.27150420624788452
  0.29192544457275149  0.30871983054807989  0.32396123162849971  0.33857540424812294
  0.35254474891686916  0.36561513963846748  0.37830132107037479  0.39117188866987973
  0.40385401486820788  0.41583455384611040  0.42717030787674531  0.43817814575022673
  0.44887656817630944  0.45921511021532924  0.46936365392668361  0.47930726057335504
  0.48912045972398616  0.49897148539479186  0.50905110184336377  0.51904089811874909
  0.52852282940284878  0.53756370559042144  0.54663682910327505  0.55603327169779193
  0.56545207796207142  0.57479247076442785  0.58377755406591292  0.59258207710668476
  0.60133298986559947  0.60981348257242729  0.61808874706238814  0.62580806468923633
  0.63295527162838705  0.63987749377288972  0.64684214735577150  0.65393158483244718
  0.66112858654063678  0.66809177119261753  0.67454413051443685  0.68072912596360302
  0.68681718921017276  0.69281365444864662  0.69865629396361217  0.70426722240402151
  0.70958442891991425  0.71463233597170361  0.71982381915769800  0.72503613468744410
  0.73003865326816764  0.73495261921544541  0.73989447771695993  0.74499961907191603
  0.75005115208542372  0.75471196592114753  0.75919764537646661  0.76362820592692304
  0.76803269966242371  0.77249049207452025  0.77699457713626363  0.78143641255417029
  0.78602952828392403  0.79024985765019162  0.79465116988273554  0.79899629662159710
  0.80335806155088774  0.80749754033283883  0.81160963603983338  0.81525654511862611
  0.81896659347966971  0.82278919256966609  0.82662488192268047  0.83043993787741466
  0.83423092149903411  0.83797419643872206  0.84167737180101787  0.84538255834639242
  0.84910438161294688  0.85291324795713575  0.85685260958950837  0.86103205216456102
  0.86521737546560928  0.86935728518472621  0.87334551146929085  0.87800997675436665
  0.88372023672403843  0.88993577273008795  0.89702562756549964  0.90579454728690789
  0.91509811442182110  0.92165848783417903  0.92639295094906615  1.00000000000000000
   2.2815557733797335E-023  -1.0000000000000000     
 F F F F F F F F F F F F F F F F T F T F F F T F F F F F F F F F T F T F T F T F F F F F F F F F T F T F T F T F T F T F T F T F F F F F F F F F F F F F F F F F T F T F F F T F F F F F F F F F T F T F T F T F F F F F F F F F T F T F T F T F T F T F T F T F
  <DiscreteSampler_grid>
  grouped_processes
  1 # 1 for a reference and 2 for a running grid.
  10 # Attribute 'min_bin_probing_points' of the grid.
  1 # Attribute 'grid_mode' of the grid. 1=='default',2=='initialization'
  0.0000000000000000 # Attribute 'small_contrib_threshold' of the grid.
  0.5000000000000000 # Attribute 'damping_power' of the grid.
 # binID   n_entries weight   weight_sqr   abs_weight
    13   10   3.976918260685730E-014   1.170375214344749E-026   3.976918260685730E-014
    14   10   3.976918260685621E-014   1.170375214344750E-026   3.976918260685621E-014
    25   10   3.051090395932067E-014   3.482849945114147E-027   3.051090395932067E-014
    26   10   3.051090395932067E-014   3.482849945114161E-027   3.051090395932067E-014
  </DiscreteSampler_grid>
