  0.00000000024883373  0.00000000033758182  0.00000000041916806  0.00000000050097840
  0.00000000058117212  0.00000000066211731  0.00000000074398083  0.00000000083350567
  0.00000000092177709  0.00000000101115143  0.00000000110134260  0.00000000119031732
  0.00000000128358587  0.00000000138072284  0.00000000148157903  0.00000000158691243
  0.00000000169537058  0.00000000179954659  0.00000000190169207  0.00000000200170524
  0.00000000211046126  0.00000000222773258  0.00000000234482113  0.00000000245572632
  0.00000000256918964  0.00000000267910032  0.00000000280363141  0.00000000293331142
  0.00000000306533582  0.00000000319780523  0.00000000332851666  0.00000000345692971
  0.00000000359699045  0.00000000373691012  0.00000000387424772  0.00000000401091878
  0.00000000415014773  0.00000000429330487  0.00000000444051923  0.00000000459170598
  0.00000000474307122  0.00000000489061770  0.00000000503522745  0.00000000518659505
  0.00000000534013866  0.00000000550103823  0.00000000566168049  0.00000000582603091
  0.00000000600093794  0.00000000616888352  0.00000000633176820  0.00000000649219101
  0.00000000665570633  0.00000000682364444  0.00000000699593764  0.00000000717437996
  0.00000000735778457  0.00000000754776184  0.00000000775236878  0.00000000794765036
  0.00000000814475382  0.00000000834130888  0.00000000854656765  0.00000000875316162
  0.00000000896146134  0.00000000916970540  0.00000000937181389  0.00000000957333498
  0.00000000979252881  0.00000001003882270  0.00000001029494888  0.00000001056012401
  0.00000001082930570  0.00000001109313956  0.00000001135983812  0.00000001162917937
  0.00000001190152627  0.00000001218282873  0.00000001248675228  0.00000001283585639
  0.00000001320669745  0.00000001359212000  0.00000001398520908  0.00000001438181118
  0.00000001478416959  0.00000001519395694  0.00000001562297767  0.00000001612218461
  0.00000001669938039  0.00000001738056287  0.00000001813206719  0.00000001904352800
  0.00000002018300294  0.00000002223589244  0.00000002370563465  1.00000000000000000
  0.00944897811202242  0.01686026420769316  0.02506849928740987  0.03525420763480995
  0.04534204596185313  0.05615845588766465  0.06641919062646690  0.07681687170724438
  0.08641908426620658  0.09651535334120045  0.10628438842512959  0.11642738292589913
  0.12670781741626597  0.13731019096742042  0.14848743579645629  0.16022021626859856
  0.17131754039382882  0.18208654744210423  0.19272700917005584  0.20311585380074293
  0.21284570554250967  0.22224793102542398  0.23194903914067203  0.24199729880073959
  0.25209913206785223  0.26242815963651750  0.27302151174168449  0.28366980311102102
  0.29394936594797827  0.30406990648819326  0.31403222640364864  0.32405106678531431
  0.33459602494419760  0.34548983424033469  0.35622402669433656  0.36641992094328679
  0.37618820074478543  0.38590740043293031  0.39560581867081746  0.40534434386912271
  0.41503548326531114  0.42464432689263854  0.43412484791943595  0.44399164997986212
  0.45439828456670589  0.46525758372623077  0.47612113593130490  0.48689341672158987
  0.49770191711542039  0.50793679576094364  0.51790196565224966  0.52808311837889044
  0.53826514083242738  0.54880256159333496  0.55950139434424906  0.57026300870137459
  0.58082896587750488  0.59123779796795362  0.60183821012077643  0.61264816129513155
  0.62371930322514246  0.63495242160500920  0.64592601481127543  0.65636213068452265
  0.66665520603792672  0.67701181668440313  0.68761899296514761  0.69795745730060932
  0.70806700639900122  0.71811125400268916  0.72814682932200669  0.73859698593287870
  0.74874620303700112  0.75957653960271332  0.77043307718870480  0.78086871278983938
  0.79116417429257724  0.80119718603485246  0.81187413994071811  0.82270267414103737
  0.83350696841546523  0.84355915840204498  0.85296969368247566  0.86265300215984153
  0.87303697375867917  0.88427011594347582  0.89544271549988974  0.90713587564184528
  0.91747246884576827  0.92744235777291251  0.93743899400204045  0.94829973801551648
  0.95927894885252885  0.96949622382373890  0.97992812747673930  1.00000000000000000
 -0.00168557450902089  0.00978823919207170  0.01969353920334543  0.02985644997502077
  0.03964063584921319  0.05019527954007022  0.06091324319409257  0.07215255182508887
  0.08346628779847817  0.09476159173776355  0.10542484888833904  0.11514134576066883
  0.12483347223626724  0.13464390542740237  0.14453799073970777  0.15493366679147780
  0.16540744878334718  0.17699248478015095  0.18866485525201301  0.19987973559251371
  0.21067778753796068  0.22097513158451981  0.23091526819049635  0.24062720186213626
  0.25023038539930509  0.26070110286203402  0.27108109668708941  0.28177501362355917
  0.29265387341319971  0.30375539242457322  0.31463299058028238  0.32537256872771836
  0.33581596906223826  0.34631581762808228  0.35668361505531726  0.36726116595537045
  0.37802358500180139  0.38864433045376362  0.39935036719301470  0.41020869670494786
  0.42160038559565427  0.43316510087737936  0.44406939401132250  0.45414910964186495
  0.46446604764907728  0.47493420673617726  0.48528675080392158  0.49552903559341743
  0.50646031277115688  0.51812578880283622  0.52897245362312362  0.53976516335055735
  0.55063984542613142  0.56181615712758981  0.57164445830893229  0.58197310805852465
  0.59237596652383273  0.60299917119786306  0.61285954212445426  0.62258252176865780
  0.63216699834867141  0.64194194923934800  0.65183289674811962  0.66221341886937390
  0.67275539872034129  0.68348205918711524  0.69393039395320033  0.70428496070436553
  0.71451549880736476  0.72470084866117312  0.73471229639323277  0.74444903126197493
  0.75432223697019107  0.76436990065219568  0.77492903919522960  0.78552642708232812
  0.79596316917269339  0.80617756988138867  0.81642531873855329  0.82677827682459637
  0.83701529385205509  0.84720796748271532  0.85738133226067959  0.86772105548493983
  0.87768890227764107  0.88774855580530743  0.89807657803858154  0.90940791158048617
  0.92075000523537387  0.93207779878926000  0.94310056789006114  0.95443393266823151
  0.96535477306613804  0.97648645976127979  0.98781319104585963  1.00000000000000000
 -0.00210455872532225  0.00938258317043638  0.02003889955477691  0.03104953248079174
  0.04256252763137613  0.05451698357258776  0.06634135444463390  0.07754772032030473
  0.08822585067737940  0.09839747920011731  0.10834136694110079  0.11829065774459781
  0.12790481454740368  0.13748701784496378  0.14713252672473615  0.15725789653717220
  0.16759295778962993  0.17797238443943522  0.18817846504831756  0.19812951450721275
  0.20825567184789093  0.21860623496148718  0.22895206951214436  0.23928835679465951
  0.24964498939276761  0.25988605757896466  0.26987679400938386  0.27964100495597688
  0.28904213319534650  0.29827026430397852  0.30785093102570515  0.31836798513889086
  0.32926728133997202  0.34010514229946409  0.35067895718874498  0.36161153539800062
  0.37286961718621398  0.38429373241037862  0.39561223215276181  0.40597838569931516
  0.41618011481060790  0.42584619736814489  0.43598155451671317  0.44568350796912953
  0.45530769744890515  0.46496760922641966  0.47469903247971068  0.48429688460647746
  0.49388873759628871  0.50336358179460261  0.51352587443195719  0.52352566684684543
  0.53369401090705837  0.54409040762860417  0.55446193854560588  0.56530267907554299
  0.57561439674487003  0.58614959828658453  0.59741768362666192  0.60850340704031758
  0.61895638339803971  0.62913238828409301  0.63946680319346672  0.64923694145054123
  0.65869007815964009  0.66859812210688185  0.67917353943124836  0.69016799954881769
  0.70112308409375601  0.71168216161261055  0.72161439358958790  0.73149612254262353
  0.74145813334786914  0.75181792435671069  0.76218237053965432  0.77276598130928731
  0.78390884557359497  0.79516477338558644  0.80645844998791927  0.81745566052846186
  0.82864969985611281  0.84005927860877172  0.85158909589732601  0.86374743879027793
  0.87568353821806433  0.88688237403453607  0.89799984053667825  0.90924637463944935
  0.92070811000721697  0.93227566527242967  0.94447515930864212  0.95690644982184736
  0.96806286851043655  0.97873541771902373  0.98928703444000698  1.00000000000000000
 -0.00141824259660776  0.00944869606365309  0.01973396907892517  0.02980646739537814
  0.03964248798833032  0.04945969468916124  0.05925248707472252  0.06978956989329610
  0.08018063573127999  0.09137758566416081  0.10288622646258054  0.11354603622923126
  0.12405499917621020  0.13383627265400785  0.14373075677890609  0.15388129166092362
  0.16426313415324914  0.17515936504761179  0.18587118240159467  0.19682338768947891
  0.20761604618205304  0.21823393219793621  0.22861270088851743  0.23898684884097504
  0.24991339410727889  0.26080650974875835  0.27177089907802188  0.28247789579967625
  0.29317107797692460  0.30395320241606766  0.31507182437193848  0.32624539214776715
  0.33732929357616076  0.34840071173884019  0.35948170245757488  0.37109122551807516
  0.38271892595018348  0.39401776272002148  0.40457526054682380  0.41477794422934688
  0.42487658863473426  0.43486378183607383  0.44485178700271472  0.45409181265870263
  0.46310084545924085  0.47217307958445170  0.48223782316892372  0.49336741602479411
  0.50460523051313788  0.51573379591212454  0.52670310655103236  0.53757562688708938
  0.54830251074851111  0.55952273308888101  0.57052464276973314  0.58132644597190641
  0.59184445457995050  0.60243502958839423  0.61275826864392902  0.62261552764658257
  0.63254506383082021  0.64276769610882922  0.65339889687385633  0.66407006647608191
  0.67429680971407768  0.68461743453254253  0.69452765732680244  0.70490629875169242
  0.71533828489658113  0.72621784635055031  0.73667895439051490  0.74721015717079353
  0.75786339603629183  0.76836814482898308  0.77911719743280983  0.78985794921882724
  0.80165517833179800  0.81311364649338524  0.82434675506622646  0.83552763705754918
  0.84686405094087680  0.85756357542317285  0.86840991307016291  0.87908072845853380
  0.88999174698797079  0.90060183030132823  0.91113192554470368  0.92154414556592557
  0.93198578002322552  0.94210267224044486  0.95216659469877829  0.96197703286909841
  0.97176200198401252  0.98106983655672320  0.99062570572451014  1.00000000000000000
 -0.00237816973250200  0.00886943913250918  0.01905152616072043  0.02986275388094448
  0.04115721975212691  0.05265948151437303  0.06415263084440517  0.07500363638606213
  0.08561274882658956  0.09624341346540967  0.10633826622731385  0.11596513215255783
  0.12590871179213378  0.13610353166614078  0.14650317858329490  0.15682480725785936
  0.16788462884446959  0.17845630307319874  0.18882412653486969  0.19888977285346260
  0.20932890550782798  0.21968699564036714  0.23065820928515568  0.24174580050095873
  0.25285849458890247  0.26370629133853379  0.27422984495606029  0.28436957795319351
  0.29414354092419787  0.30348085907746708  0.31315378590694709  0.32286071513501724
  0.33329114777472213  0.34359191233636222  0.35357746333432322  0.36372464090049222
  0.37453337988870894  0.38583405900242768  0.39712157403522752  0.40803317776058556
  0.41861455091850647  0.42924733090649259  0.43974876196339591  0.45042585964851933
  0.46090162557239267  0.47150867475052038  0.48238179614396126  0.49336109106100090
  0.50422147628918379  0.51489369370887994  0.52499477896598767  0.53451446974738159
  0.54389225337807867  0.55358554743001609  0.56363722165671293  0.57365413412650934
  0.58400367704976852  0.59467658136887314  0.60581046095370883  0.61730488631419655
  0.62903488647112193  0.64115222587583565  0.65278011726125396  0.66431958587551521
  0.67470107020866410  0.68506781832934871  0.69535989952468291  0.70554369702981412
  0.71587320321386771  0.72648550207976925  0.73766157534396692  0.74867147818728019
  0.75963312650337655  0.77064147254868187  0.78159601675088697  0.79216034024413640
  0.80271260053087801  0.81324334581100455  0.82354804524805991  0.83376647763736378
  0.84493782059130151  0.85626063452427104  0.86774429041313739  0.87919280600192817
  0.88983959369808052  0.89994286403772594  0.90979989426630414  0.91953191381861588
  0.92932331932029633  0.93897872005808247  0.94920191536976972  0.95957215277435126
  0.96978647416057617  0.97998220474822040  0.98993438505116438  1.00000000000000000
  0.01473461544430949  0.01757527694192776  0.02165647606584115  0.02689383680230615
  0.03205535601044990  0.03720504003279139  0.04213737290011516  0.04688576161273356
  0.05155426750699798  0.05612606603689792  0.06060050519479646  0.06510112589783991
  0.06962991590574248  0.07431455016390559  0.07902853345298935  0.08405568597569851
  0.08933299699840425  0.09466324396382798  0.09999267939325213  0.10543304318932864
  0.11111219180523321  0.11687087856129011  0.12268391865918481  0.12842369083640762
  0.13419450012621384  0.13979034925765246  0.14527456505573966  0.15085425822719939
  0.15648975717317698  0.16216689967537842  0.16803941134775394  0.17397636945471262
  0.18018261311080747  0.18653180053538976  0.19304111920159323  0.19969979210707106
  0.20647764953898196  0.21319621075633888  0.21971525971834527  0.22608409972869176
  0.23224809066299842  0.23860922349252564  0.24516391187091907  0.25177126555683910
  0.25811953328677745  0.26437950476455296  0.27062447879670454  0.27691889397729907
  0.28344001310931560  0.28992564439873192  0.29663709116908055  0.30342530399591450
  0.31029686634412523  0.31734256141377654  0.32456352660451299  0.33190380353778487
  0.33963321140972608  0.34699305712325257  0.35430287343893341  0.36170600255001334
  0.36937572379734784  0.37730858501264608  0.38532981572436453  0.39334329109852079
  0.40144503617962618  0.40979754598150953  0.41871937417081195  0.42827029403877209
  0.43770014444785232  0.44662128250864136  0.45539864772473448  0.46459299349199917
  0.47435315730525385  0.48477903934120126  0.49486852243980328  0.50531772100192474
  0.51604166129991302  0.52758548907310576  0.53954193622156443  0.55157351175985370
  0.56434334156555954  0.57843776372525513  0.59309621361188747  0.60801213262430498
  0.62401155598028646  0.64078919582047245  0.65861744197459637  0.67768032454508453
  0.69752456778016825  0.71871095357964210  0.74185155526914270  0.76803445260609737
  0.79985952919155434  0.83807983994039403  0.89293977298756144  1.00000000000000000
 -0.00267010274825223  0.01071046595333504  0.02147301174693033  0.03151451365066097
  0.04179472514690867  0.05179471660998043  0.06229096513579253  0.07244417390615149
  0.08268255294844222  0.09304696733242983  0.10355054699047300  0.11442788832041142
  0.12545218088760185  0.13598002592539946  0.14638016213160071  0.15685553412746731
  0.16751622961598039  0.17850303492144182  0.18964609476423530  0.20103824897080130
  0.21211432934022226  0.22291948967903469  0.23305657155105233  0.24302123869118356
  0.25338204249411056  0.26362701733002653  0.27383509991585575  0.28390725436939879
  0.29351715477992973  0.30312253455384464  0.31285668140534167  0.32294296846559173
  0.33340633401729036  0.34403020687110181  0.35483752359665632  0.36553662751134552
  0.37612239785729334  0.38661601485985864  0.39687813714200249  0.40701257894357562
  0.41749829905921537  0.42873455361504159  0.44023758615379949  0.45099079427474104
  0.46146153231736142  0.47185006021696790  0.48259981976870486  0.49294434455389075
  0.50311047591075331  0.51311855834668507  0.52320971542901773  0.53319972954878292
  0.54341644688445223  0.55340335983164746  0.56330105974009814  0.57328044404143919
  0.58320942834337963  0.59352865081204065  0.60383443879165344  0.61453542693660890
  0.62517874737847356  0.63550659576504742  0.64574234977750511  0.65623662279133488
  0.66704043747154196  0.67784317814542150  0.68902110056669352  0.70078270746656968
  0.71259902270420883  0.72358194187132663  0.73402731499210416  0.74411336186705468
  0.75462328103262655  0.76541232850849827  0.77657884725708970  0.78776292176241081
  0.79929486248024795  0.81109219625880025  0.82229439365081158  0.83284972947640745
  0.84279883071822959  0.85334404421911236  0.86381204573214032  0.87411916201458195
  0.88393347643464171  0.89338203114365755  0.90288329624732300  0.91302172640179380
  0.92411527653868630  0.93495585735041620  0.94533249959365107  0.95549578251066136
  0.96617864822293131  0.97770688101566183  0.98878995495429356  1.00000000000000000
  0.02500916089067675  0.03081820979146913  0.03928262062223108  0.04853002541730275
  0.05810386690120629  0.06776062631991135  0.07790064113610874  0.08826267233249613
  0.09948345978293079  0.10960480453941714  0.11969662480803045  0.12963566843889715
  0.13970447148122020  0.14952147541059441  0.15934115421100251  0.16931400489026696
  0.17927339827968303  0.18955156669254505  0.20035507034916752  0.21129456426077775
  0.22175848004785326  0.23180464118942104  0.24205756252387611  0.25238216999765906
  0.26233853833960680  0.27250700040128573  0.28253123126593377  0.29269198032541061
  0.30272919489947370  0.31283871169450350  0.32309071931160305  0.33347511896476872
  0.34382138349571517  0.35398346517643797  0.36410679554564612  0.37440975035074686
  0.38481283904344810  0.39505206481776323  0.40504816468670773  0.41483560377345458
  0.42440921284063438  0.43403370583219475  0.44410365819029807  0.45486211155794792
  0.46588549224827513  0.47673995470259212  0.48749633209666660  0.49773038919453727
  0.50753383775007199  0.51746640071800798  0.52737817825874156  0.53719329712482844
  0.54769178881933278  0.55902212726015477  0.57071492148868230  0.58231341418902205
  0.59298411063887080  0.60382955135408334  0.61425589845509965  0.62490189727755951
  0.63525295957233385  0.64519356490196500  0.65450456814432822  0.66371411932320390
  0.67288929819508758  0.68191353853480297  0.69101094619188974  0.70060416173199580
  0.71068838620998709  0.72107119729898250  0.73107495737852635  0.74092938661986563
  0.75081234081704995  0.76086320346357428  0.77073385723195031  0.78037127001658901
  0.78983729441558581  0.79924183926348902  0.80850560479810207  0.81772990386543964
  0.82710278630299860  0.83692063685495544  0.84629967881564339  0.85548647745847006
  0.86495479314491264  0.87487662064115690  0.88478465741019174  0.89466939014550950
  0.90493396848848451  0.91549999082119138  0.92686401179135225  0.93804681406660029
  0.95096075082040066  0.96365566538100056  0.97152969092844899  1.00000000000000000
  0.08983543605351434  0.13008626957878797  0.14958404431768940  0.16274635001738341
  0.17440720448298186  0.18584857073364602  0.19546884816458357  0.20470954030351632
  0.21354775698199674  0.22297496370475051  0.23157211967806834  0.23930404714913361
  0.24662805857313097  0.25388442282336560  0.26123565422722356  0.26865287968501561
  0.27607982869858705  0.28350856420959791  0.29094451736317523  0.29835722196220793
  0.30566681943248475  0.31276502418748597  0.31963649637684438  0.32631862710635567
  0.33293102144353875  0.33950423292865456  0.34595351821736359  0.35224046079393950
  0.35835680961515748  0.36445150451221231  0.37038469678079899  0.37636865517677232
  0.38223845756426389  0.38828866377453369  0.39428069582061992  0.40022162326830435
  0.40609325619134390  0.41195997065079726  0.41776059464218995  0.42342688212804303
  0.42902117019781216  0.43453309517322403  0.43993118069346271  0.44525410780023728
  0.45064731674002345  0.45605467637980535  0.46140282653712839  0.46667821261269310
  0.47188908770504728  0.47702898776559971  0.48215557976458123  0.48718002215977257
  0.49208607223810569  0.49699200356658563  0.50187781652320063  0.50688473714385807
  0.51179792825310155  0.51673359788757955  0.52187583047389985  0.52733020475172332
  0.53290171109051820  0.53809834442709181  0.54320865915019823  0.54832989184752934
  0.55347599815957749  0.55881880295118613  0.56432091823209540  0.56976143767608212
  0.57532315066581607  0.58081800197735045  0.58610259610791759  0.59154032502777087
  0.59715585718596176  0.60286043078171958  0.60881235358043562  0.61487295628709204
  0.62102127393356998  0.62735301095729790  0.63373773761734775  0.64004082195284207
  0.64633827513242126  0.65287826823967798  0.65985782703686935  0.66720759930005746
  0.67532621660475811  0.68358493262280651  0.69245527985120858  0.70158848996209500
  0.71154518618579954  0.72368612158477041  0.73724918891659319  0.75345880237337437
  0.77266476667927764  0.80193270579694076  0.88722562637009594  1.00000000000000000
   9.0577817330600831E-018  -1.0000000000000000     
 T F T F T F T F F F F F F F F F T F T F T F T F F F F F F F F F T F T F T F T F T F F F T F T F T F T F T F T F T F T F T F T F T F F F T F T F F F F F F F F F T F T F T F T F F F F F F F F F T F T F T F T F T F F F F F F F T F T F T F T F T F T F T F T F
  <DiscreteSampler_grid>
  grouped_processes
  1 # 1 for a reference and 2 for a running grid.
  10 # Attribute 'min_bin_probing_points' of the grid.
  1 # Attribute 'grid_mode' of the grid. 1=='default',2=='initialization'
  0.0000000000000000 # Attribute 'small_contrib_threshold' of the grid.
  0.5000000000000000 # Attribute 'damping_power' of the grid.
 # binID   n_entries weight   weight_sqr   abs_weight
    13   10   9.842471143414195E-008   3.251307048240630E-014   9.842471143414195E-008
    14   10   9.842471143414198E-008   3.251307048240625E-014   9.842471143414198E-008
    16   10   2.299277080465418E-007   2.078678488547871E-013   2.299277080465418E-007
    17   10   2.299277080465065E-007   2.078678488547803E-013   2.299277080465065E-007
  </DiscreteSampler_grid>
