  0.00000000025244076  0.00000000032207723  0.00000000037884519  0.00000000043097128
  0.00000000049641517  0.00000000057314451  0.00000000065927374  0.00000000073363232
  0.00000000083282805  0.00000000093217886  0.00000000103124465  0.00000000112876373
  0.00000000122507988  0.00000000132170021  0.00000000142367593  0.00000000153189752
  0.00000000165302043  0.00000000177973427  0.00000000188050495  0.00000000197642400
  0.00000000208151373  0.00000000220155192  0.00000000233475259  0.00000000247273036
  0.00000000260822642  0.00000000274702634  0.00000000289526838  0.00000000305369596
  0.00000000320998300  0.00000000336370254  0.00000000352337391  0.00000000369988171
  0.00000000387051916  0.00000000399959836  0.00000000412838173  0.00000000424671810
  0.00000000437044812  0.00000000449964228  0.00000000465738947  0.00000000483876642
  0.00000000503269822  0.00000000521997844  0.00000000537433497  0.00000000551727968
  0.00000000565913534  0.00000000580039803  0.00000000598828507  0.00000000618528461
  0.00000000638221202  0.00000000657514461  0.00000000676257137  0.00000000694587607
  0.00000000714304474  0.00000000734671667  0.00000000753164939  0.00000000770097337
  0.00000000787130248  0.00000000803883148  0.00000000819806077  0.00000000837167729
  0.00000000856614772  0.00000000876904428  0.00000000896157782  0.00000000914579321
  0.00000000931995918  0.00000000949999327  0.00000000969463076  0.00000000989784931
  0.00000001010315352  0.00000001029966801  0.00000001050013286  0.00000001071064095
  0.00000001092563842  0.00000001116434700  0.00000001144625986  0.00000001174803070
  0.00000001201305402  0.00000001225903833  0.00000001253442049  0.00000001283596149
  0.00000001317232696  0.00000001354500156  0.00000001394104708  0.00000001435073584
  0.00000001476910517  0.00000001519793454  0.00000001565049931  0.00000001616550434
  0.00000001678270382  0.00000001751665135  0.00000001829850169  0.00000001919982174
  0.00000002026010629  0.00000002210792390  0.00000002371783757  1.00000000000000000
  0.00921289407592624  0.01671610313812874  0.02517477150048647  0.03691903120086107
  0.04617569299519879  0.05574096944093627  0.06418495639154470  0.07359777330015152
  0.08284084232169955  0.09262267565293174  0.10292042851676050  0.11688238932822793
  0.12921032979162916  0.13961317881308416  0.14984058637985392  0.15926895097924532
  0.16843292610167460  0.17772812944388883  0.18577858514912676  0.19340443080742678
  0.20159991479951408  0.20992773177331245  0.21995984511747083  0.23115974009411674
  0.24383805953216983  0.25746906040557971  0.26945918793700480  0.27951255352351356
  0.28932731787481619  0.29891866103318515  0.30687450970469260  0.31501050082147897
  0.32507187384027764  0.33611518272728980  0.34695951266273101  0.35763744281018583
  0.36856711671561115  0.37784553462752535  0.38513921556208841  0.39266789340338321
  0.40051358527664643  0.40841901149803728  0.41623372926829444  0.42414186121403635
  0.43272862815459473  0.44316744435888183  0.45582473541835894  0.47035087522867836
  0.48622757974869640  0.49987062945132438  0.50872251191725848  0.51574709515189410
  0.52383597534924686  0.53229176750747731  0.54043214623870384  0.54822775872819796
  0.55557900126026882  0.56350016538600700  0.57386878357624072  0.58631979813379620
  0.59874314317900901  0.61142513503645091  0.62241626014915874  0.63272985456770536
  0.64320444086383954  0.65600492273990152  0.66902905630695619  0.68097376229004325
  0.69256606581701252  0.70445653339908521  0.71501829521069504  0.72419821824281139
  0.73367846274283466  0.74291415431645191  0.75264097581112199  0.76277354008672427
  0.77537509796187465  0.78919468810583782  0.80130050334846881  0.81150316771389674
  0.81978055409567674  0.82732458209292448  0.83654180508606990  0.84578442815399313
  0.85557883783277455  0.86471194168799426  0.87368027527955527  0.88475921025094417
  0.89770706341714601  0.91241655716326742  0.92595953761409999  0.94023823658991246
  0.95469891545618801  0.96912607825255503  0.98474645310093800  1.00000000000000000
 -0.00000017251880310  0.00008610477662498  0.00057153392532694  0.00189304707422915
  0.00345870997828762  0.00536148289888290  0.00773052265203255  0.01113604148746336
  0.01495782585255788  0.01894959955519485  0.02315139623294143  0.02757459749985442
  0.03320633973789260  0.03887934308185971  0.04500220030392669  0.05168485315535624
  0.05951985620432807  0.06817535715690952  0.07701995105839357  0.08578420308206870
  0.09384249362950170  0.10225528780464388  0.11108689390677481  0.12057027491432225
  0.12970375629993947  0.13780859999681677  0.14542864766644698  0.15270333589162821
  0.16007469595748153  0.16847146508771621  0.17761077323103538  0.18701317570122869
  0.19671003741448712  0.20717226820750897  0.21844942833060052  0.23012476359078846
  0.24302229019593952  0.25674703467551685  0.27017272437666451  0.28302357091755526
  0.29571019412740474  0.30889733879969783  0.32262953434224156  0.33705200631938603
  0.35250443809597592  0.36647070795609088  0.37844161407220633  0.39036359173815854
  0.40215675387296884  0.41363964713203394  0.42535740778003611  0.43719860162447632
  0.45016249824525989  0.46365513268361602  0.47719139510633379  0.48935813803491557
  0.50056138673739170  0.51146957112736513  0.52254566142863113  0.53368739938292153
  0.54409042031644650  0.55405056621959481  0.56393392502608264  0.57375072971779673
  0.58365405604468468  0.59383910471480950  0.60522021664838022  0.61652179587469846
  0.62755554524507917  0.63849788948938035  0.64968709702971827  0.66167857110225248
  0.67501518621712442  0.69211166714102546  0.70829647424242770  0.72445131521684347
  0.74023345320331790  0.75516610973787279  0.76942088798944441  0.78343939665566376
  0.79734015878202391  0.81136944758362084  0.82567329380790411  0.84023265560291538
  0.85495783136346226  0.86947900142106305  0.88364501471176216  0.89786793236743345
  0.91037408952177712  0.92231464491593029  0.93481710243930394  0.94799583256482978
  0.96201777959486923  0.97518736241109216  0.98777334341028855  1.00000000000000000
 -0.00338399492922166  0.01083448174312095  0.02366198181992851  0.03682297272524256
  0.05045649864797149  0.06256319404992054  0.07249037998993896  0.08214215990493419
  0.09253114925638084  0.10330091340425319  0.11187283049493504  0.11901411019190364
  0.12620706485152250  0.13457497672910210  0.14508023844595183  0.15681629410611794
  0.16633301276304938  0.17607849216282631  0.18588196604503243  0.19653720036420674
  0.20777338317860292  0.21978843196887193  0.23297339820077789  0.24609596083775345
  0.25822022336827055  0.26906576800688548  0.27859617268390330  0.28825818076835485
  0.29794127791163666  0.30641563411854639  0.31480083524542446  0.32348084715850983
  0.33279780841580314  0.34372074114223494  0.35671715894867273  0.37086214712240512
  0.38248655747858096  0.39360408033510885  0.40468569974896668  0.41474608887362585
  0.42393882108774089  0.43222070965449533  0.44067604967958529  0.44980810244068098
  0.45981996041050688  0.47070447974801599  0.48203247176238279  0.49385110847835845
  0.50571586026643134  0.51713594530954021  0.52822612041082306  0.53868236974209271
  0.54847646441366149  0.55842097364617771  0.56752616772517495  0.57552326714403212
  0.58332949059642392  0.59149771723259437  0.60022605991470401  0.60871760964336219
  0.61729705407679281  0.62617051025930159  0.63813040780273567  0.65115674988539618
  0.66357272771639242  0.67767807499437716  0.69000848568558704  0.70048073025189050
  0.70992877669684218  0.71981576864658792  0.73085347526082767  0.74136157506608713
  0.75203213108327083  0.76345657138192979  0.77440126119535213  0.78486641374157584
  0.79502165067079644  0.80552383808841554  0.81717111858504787  0.82931857564419809
  0.84297061427215714  0.85645786901814747  0.86859190418218202  0.88004568706626529
  0.89067437685606199  0.90033502662065290  0.91027550937443014  0.91992700812622086
  0.92937711895582653  0.93958930146069153  0.95039541711624853  0.96146063686950556
  0.97159731769037583  0.98104575893635604  0.99054007540272770  1.00000000000000000
 -0.00145988854220397  0.00622560060870679  0.01262093971402791  0.01871100972591889
  0.02511887564490270  0.03311351514849407  0.04196957839966031  0.05144719752275618
  0.06198730129254683  0.07229182142760196  0.08182266138205535  0.08994591492593311
  0.09803123686128686  0.10716757717975110  0.11717002414067373  0.12851632504675475
  0.14000391118264666  0.15214272767819911  0.16523068051158432  0.17924422761782777
  0.19398847670844929  0.20674986959534244  0.21909453319467354  0.23065876948858222
  0.24126559946510617  0.25197551740859708  0.26358805840601657  0.27593822660047329
  0.28855901366425235  0.30004369158883681  0.30954005755677949  0.31891486159216859
  0.32828101678315785  0.33871785319338582  0.34798925480616766  0.35822274951989591
  0.36815476862984603  0.37837853411443984  0.38925241590716886  0.39915846378650721
  0.41033549139748055  0.42317760093850448  0.43604993168904005  0.44768849023383489
  0.45765864725802580  0.46762144910630343  0.47877789899210821  0.48847355996640102
  0.49716540496136263  0.50606453031051701  0.51466795940872789  0.52351583004817370
  0.53318130176706946  0.54424590402550133  0.55817007615572023  0.57068277458294081
  0.58265496500754255  0.59510784128687877  0.60758297196067956  0.61796091219779803
  0.62917897015254298  0.64257785602450412  0.65531353786652258  0.66799638679662965
  0.68052570896981457  0.69638305324970529  0.71099136879223823  0.72326626519574633
  0.73383308685536597  0.74448682753120854  0.75528544858070945  0.76622144920897917
  0.77664111462819485  0.78597074695086988  0.79553508372850712  0.80504954505480064
  0.81465471607669238  0.82403212185439667  0.83322555244151397  0.84268394482370346
  0.85411835809548342  0.86654167791163250  0.87923550049666355  0.89116800846641586
  0.90330501991926226  0.91587776734956017  0.92480976720388608  0.93335221665919377
  0.94217519343757838  0.95046664369255640  0.95745816575034448  0.96366430707713846
  0.97049526325159075  0.97925986669974052  0.98969473069330494  1.00000000000000000
 -0.00493153889303224  0.01776655046764792  0.02736378005557032  0.03442994996519949
  0.04183712628717669  0.04983500383870946  0.05767381947393105  0.06482270034726811
  0.07214174362807872  0.08044561807254164  0.09245738620040245  0.10751517916196067
  0.12257232009935848  0.13608382828548915  0.14859479225351063  0.16000245237971977
  0.16976451161413733  0.17970387743704075  0.18966246880110180  0.19954758246205356
  0.20947214510048681  0.21769397637681573  0.22593395879574979  0.23514560156606784
  0.24421602656291430  0.25378270907461092  0.26504204225809008  0.27836996598019770
  0.29232630777477386  0.30413389952603892  0.31585090039377084  0.32773039153070499
  0.33778914172258706  0.34684552422787701  0.35526730165043297  0.36630462251072576
  0.37516185105651800  0.38476850477580549  0.39421247240502194  0.40405722607678207
  0.41341640987968759  0.42210766007963962  0.43067956722454809  0.43941587825715361
  0.44867933799950704  0.45859843237979164  0.46942659858693253  0.48050272645879855
  0.49130609026975913  0.50188472796828398  0.51183232030089709  0.52235745189895966
  0.53441481204734531  0.54670747054109026  0.55982459508178350  0.57287585941407682
  0.58602779423470797  0.59889060641941394  0.61019636184646775  0.61929835172513492
  0.62899898283910072  0.63956456820708307  0.65101566586929649  0.66119823372929853
  0.67086275599715806  0.67996409183612816  0.68885128032978860  0.69817395843247121
  0.70588838618308147  0.71374007972818443  0.72266351200823076  0.73164637597204651
  0.74211131211921666  0.75643820366344372  0.77191953491935494  0.78598719558335250
  0.79974817901114381  0.81338412963586171  0.82778042159316123  0.84053722454561375
  0.85048943390848430  0.85957394684262334  0.86838955699583009  0.87676714376043785
  0.88566213083500012  0.89509376877223046  0.90590411875824894  0.91574082085138619
  0.92544639624453540  0.93422854299312741  0.94414786012305862  0.95518946723649900
  0.96634186434735903  0.97767569433270118  0.98865595231312786  1.00000000000000000
  0.01527232720896441  0.02708350488916087  0.03411566330001509  0.03933367086366907
  0.04428289180303209  0.04872151522578545  0.05344532876073119  0.05850138527620327
  0.06341489002737642  0.06780160728285925  0.07197013565392324  0.07611999851793569
  0.08004462279627905  0.08368641062258443  0.08738193726628535  0.09124263019719987
  0.09539583107393750  0.09997873188447398  0.10446281080363609  0.10889525495722381
  0.11323760871661354  0.11720250923600582  0.12140634096791880  0.12634216758931424
  0.13157009759184202  0.13616695587836503  0.14039463311198569  0.14488629083070761
  0.15036905870007899  0.15740615604188302  0.16490347894329740  0.17201052254031635
  0.17921498202642230  0.18579013141301626  0.19137837402388957  0.19662647786397319
  0.20147574118791897  0.20584252406472961  0.20995462837223330  0.21419440354581473
  0.21876658222855810  0.22393144189894573  0.22932995645929991  0.23455492340595199
  0.23993974593708969  0.24546506530823117  0.25140510051680903  0.25983634839297098
  0.26742971023667256  0.27427927083877418  0.27969259549485681  0.28668647263225927
  0.29427987101473424  0.30164353549226902  0.30925957477835442  0.31760797718709638
  0.32559516020419904  0.33324503281637519  0.34150252194790043  0.35009048430435402
  0.35877063149456540  0.36721142208029023  0.37567819219122567  0.38410320049647839
  0.39293247815382315  0.40308466847263003  0.41416688993300904  0.42281442398119251
  0.43017447616449755  0.43729675804402812  0.44432396215999742  0.45167457238186465
  0.45959587769460752  0.46744738885462417  0.47519798207647290  0.48402188279549524
  0.49329423635199504  0.50220677325379059  0.51054912952652798  0.52013201187035041
  0.53096234148562238  0.54319633073826523  0.55964665079365872  0.57905220718905193
  0.59917886196426340  0.61945218744858088  0.63983122702568751  0.66063097086759182
  0.68546859086521983  0.71223339097075855  0.73616921866971896  0.76440079666233229
  0.80212218689499515  0.84156541240007776  0.88872981341871449  1.00000000000000000
 -0.00227326852848536  0.00919340764690795  0.01854226518830413  0.02897153009982603
  0.03792562422671088  0.04648893421847603  0.05470647839163114  0.06480274930108423
  0.07853238437871858  0.09309336148087775  0.10505431510105112  0.11467238775093364
  0.12338436163610859  0.13248594147331322  0.14143717646492343  0.15008330268253636
  0.15845413565489030  0.16743287261238471  0.17765619331856047  0.18800475045631340
  0.19820455562391151  0.21011981772805249  0.22661322041835855  0.24123355208942779
  0.25352692121429143  0.26458574903845650  0.27495442124765640  0.28493416639031482
  0.29603221788647183  0.30815360462542191  0.31909459746431712  0.32866411319627031
  0.33789434341862074  0.34680871411584513  0.35500058598132922  0.36241470851798280
  0.37022714241489402  0.37915456843185241  0.38818164970898755  0.39662812242648715
  0.40477157585723006  0.41446670752579495  0.42431435922148275  0.43424001136434992
  0.44485740670112556  0.45621801170719095  0.46886969136913831  0.48102661893353182
  0.49044862509211301  0.49883856096454665  0.50591839826627938  0.51324191153671073
  0.52111091985232683  0.53026810284423098  0.53857223602857462  0.54987341357129726
  0.56065029857551130  0.57151361919989807  0.58147691606144225  0.59392054711816422
  0.60734091901748055  0.61888847457789653  0.63073810937904595  0.64327100726401210
  0.65546171804825515  0.66910167567121992  0.68382234954071752  0.69817850060394826
  0.71063427348253960  0.72060065442602217  0.72957328768671004  0.73885328762236324
  0.74869015349196566  0.75839556884322035  0.76709568018060903  0.77628733315122711
  0.78617360260395941  0.79595658447168749  0.80607748133833357  0.81539655460981197
  0.82643608140480318  0.83922046597446132  0.85725796393665410  0.87338108905738143
  0.88665747058654132  0.89919903978491644  0.91126329929413652  0.92317477964656292
  0.93446216648871072  0.94457693793199327  0.95395716008839593  0.96321943145888045
  0.97269818268444885  0.98154669245722503  0.99043011516634827  1.00000000000000000
  0.64301190883340043  0.68411037770044125  0.70931663141380719  0.72947139734320998
  0.74669019086527033  0.76378195077049704  0.77997773033715889  0.79508363783659775
  0.80751962087002072  0.81871487743378202  0.82948558476538692  0.83960847508059921
  0.84963742178807211  0.85921164080360324  0.86701134165283611  0.87399697267054843
  0.88106720874517930  0.88787918367698215  0.89438604286267309  0.89945919252662532
  0.90423335377864200  0.90853315386693456  0.91240971565762641  0.91614196400865111
  0.91920230165569650  0.92227041396923526  0.92540195976636275  0.92836826325529964
  0.93122832636930741  0.93391930873915108  0.93637758311182173  0.93852620341117576
  0.94038227296096377  0.94225916403080578  0.94404111173507410  0.94568909182108440
  0.94722221283553731  0.94868620516004243  0.95012435491954061  0.95147274637582435
  0.95267345828901695  0.95377452493532833  0.95484020909341449  0.95588838276939359
  0.95702431258786236  0.95807579148756694  0.95902035250514495  0.95989874779054274
  0.96075339008128502  0.96158066950747789  0.96232360075960399  0.96290842909261010
  0.96347566541412444  0.96404730621174772  0.96459044761657919  0.96510306974933346
  0.96559164234537642  0.96606562486251113  0.96661032267579949  0.96714959715592919
  0.96766548864046298  0.96811512703683744  0.96855202614647107  0.96899019362372774
  0.96944130391364958  0.96993207091751987  0.97048621102180965  0.97445790682131095
  0.98147313258200153  0.98187167504600303  0.98220864759238768  0.98252339484814744
  0.98279068458902208  0.98306586655425132  0.98337332969118429  0.98367779296077995
  0.98397700844057889  0.98428599969967201  0.98460898351792758  0.98498333088888146
  0.98538924014589591  0.98580434319879395  0.98623311256248480  0.98674184879603810
  0.98723462682793905  0.98781770902225907  0.98845758960941554  0.98915245187136747
  0.98994630774204417  0.99078841037280785  0.99170306233232353  0.99272689082630716
  0.99391340823006080  0.99540128892002067  0.99736898306344657  1.00000000000000000
  0.05034085504762778  0.10405683642988488  0.13601359514319711  0.16033971833218891
  0.17896523492372604  0.18955185749081679  0.20158009203650429  0.21002562273617645
  0.21763608747759056  0.22653626408182634  0.23426861251835873  0.24031045111206351
  0.24537717896613875  0.25057115834244498  0.25605163383263529  0.26145371970136266
  0.26654132231921507  0.27138742703989788  0.27585345732375965  0.28034991765630268
  0.28463688148827654  0.29048671124473213  0.29759338318405421  0.30509584244132748
  0.31165525119453497  0.31763122045334152  0.32369961954097515  0.33000789261325514
  0.33670445025169482  0.34400021453287749  0.35157756500488335  0.35898045434018711
  0.36617963064887760  0.37328023548581679  0.38002846874727142  0.38700701137295956
  0.39396275445366652  0.39954397414364518  0.40491942383938279  0.41077170070955388
  0.41685082622060737  0.42241032486248131  0.42841885260692136  0.43440435633739333
  0.43966883525224532  0.44480980982057516  0.44951058378205222  0.45456002043156085
  0.46006038702593194  0.46560332603799048  0.47082625687320145  0.47568973683895960
  0.48103431947855696  0.48713180622918184  0.49385418196782260  0.50117913801585690
  0.50793249111425864  0.51392701971740162  0.52002630798733451  0.52612644908730366
  0.53247368154115482  0.53868110794983015  0.54440752049206720  0.55018129311950525
  0.55623685055760064  0.56167273471120216  0.56619836515156718  0.57007994796306738
  0.57404172976173706  0.57828894451999158  0.58269703496307790  0.58665856562125718
  0.59077462112692225  0.59495526344099869  0.59989933327400091  0.60496225724876018
  0.61014487883735891  0.61540282030285987  0.62076902684873692  0.62563104170327433
  0.63218242782469747  0.63915802290946477  0.64791344247488225  0.65769761748858413
  0.66780344852134155  0.67855256540940034  0.69063337288414828  0.70404643342727213
  0.71858010962488428  0.73091432950978219  0.74286099447115317  0.76217180601760404
  0.78224742697971206  0.81962877781655419  0.86295137991515825  1.00000000000000000
   7.9874748143305565E-030  -1.0000000000000000     
 T F T F T F T F F F F F F F F F T F T F T F T F T F F F T F T F T F T F T F T F T F T F T F T F T F T F T F T F T F T F T F T F T F T F T F T F F F F F F F F F T F T F T F T F T F F F T F T F T F T F T F T F T F T F T F T F T F T F T F T F T F T F T F T F
  <DiscreteSampler_grid>
  grouped_processes
  1 # 1 for a reference and 2 for a running grid.
  10 # Attribute 'min_bin_probing_points' of the grid.
  1 # Attribute 'grid_mode' of the grid. 1=='default',2=='initialization'
  0.0000000000000000 # Attribute 'small_contrib_threshold' of the grid.
  0.5000000000000000 # Attribute 'damping_power' of the grid.
 # binID   n_entries weight   weight_sqr   abs_weight
    13   10   1.056780285113587E-022   5.795091930386006E-044   1.056780285113587E-022
    14   10   1.056780285113586E-022   5.795091930385990E-044   1.056780285113586E-022
    16   10   6.371177775093003E-023   8.853864392730339E-045   6.371177775093003E-023
    17   10   6.371177775093216E-023   8.853864392731098E-045   6.371177775093216E-023
  </DiscreteSampler_grid>
