  0.00000000025059976  0.00000000032593303  0.00000000040839951  0.00000000048978554
  0.00000000055111918  0.00000000061571794  0.00000000067593413  0.00000000073867120
  0.00000000083208070  0.00000000091590231  0.00000000101873245  0.00000000112724410
  0.00000000121342945  0.00000000128972228  0.00000000137556367  0.00000000146630688
  0.00000000156281678  0.00000000166053730  0.00000000178400288  0.00000000193656046
  0.00000000209448184  0.00000000227560315  0.00000000246852218  0.00000000264463354
  0.00000000280205219  0.00000000294630663  0.00000000310133622  0.00000000328680260
  0.00000000346353479  0.00000000358673599  0.00000000369987191  0.00000000380990445
  0.00000000390749339  0.00000000399790251  0.00000000408514841  0.00000000418405138
  0.00000000429631854  0.00000000441091922  0.00000000453723081  0.00000000468739150
  0.00000000483823867  0.00000000497613126  0.00000000510758712  0.00000000523709975
  0.00000000536947887  0.00000000549688166  0.00000000561762391  0.00000000574246816
  0.00000000588596004  0.00000000604136894  0.00000000620045441  0.00000000635175721
  0.00000000649388608  0.00000000663314545  0.00000000677117235  0.00000000692216341
  0.00000000708711624  0.00000000724658019  0.00000000739855882  0.00000000758496141
  0.00000000780065835  0.00000000801660004  0.00000000823879334  0.00000000846372001
  0.00000000868657401  0.00000000891605317  0.00000000915493597  0.00000000938716534
  0.00000000958134829  0.00000000975458404  0.00000000993889616  0.00000001013494810
  0.00000001033663092  0.00000001053430480  0.00000001077361226  0.00000001104905772
  0.00000001132975525  0.00000001161151938  0.00000001191279391  0.00000001220050046
  0.00000001257847235  0.00000001303121243  0.00000001351799436  0.00000001397151942
  0.00000001434611269  0.00000001470844640  0.00000001509926385  0.00000001552020731
  0.00000001600917029  0.00000001661284711  0.00000001745909962  0.00000001857421467
  0.00000001999367786  0.00000002228865349  0.00000002361129729  1.00000000000000000
  0.00880580726291029  0.01708195853853317  0.02775709930140820  0.03969564946805641
  0.05049786750530897  0.06052602801972412  0.07045084397385699  0.08047928967051815
  0.09040040022976065  0.10066781307385593  0.11374513954217760  0.12788775515574496
  0.14030174043751326  0.15316366390870303  0.16597130717177500  0.17808664351528858
  0.19115557650092110  0.20536042948013636  0.21901984620134513  0.23209345692418765
  0.24275587893299680  0.25422853734889928  0.26504556286324044  0.27692115563019404
  0.28988624017626580  0.30229738059988892  0.31370895009551114  0.32551285651313083
  0.33617291030650148  0.34676383016554074  0.35776802228761778  0.36813230703739869
  0.37777541061607023  0.38620532260443169  0.39398721154045996  0.40237643311021559
  0.41186096430001240  0.41923441833614589  0.42613933366492718  0.43321933497606419
  0.44056598452835882  0.44859498172475137  0.45786639779484201  0.46500093406470000
  0.47136930813078004  0.47759844682413116  0.48414285932197315  0.49035578057746726
  0.49707453172753036  0.50289053983910392  0.50817568397765733  0.51443222382881115
  0.52122370580610999  0.52833614398241702  0.53516870812500561  0.54081326868064850
  0.54657394755466604  0.55262331005595700  0.55859985736474937  0.56480920118680944
  0.57479529257353235  0.58599402817947832  0.59706082827603491  0.60958376465465680
  0.62363260694108102  0.63701731330040279  0.64989856943139013  0.66232833976927030
  0.67311274613080974  0.68110083102504970  0.68943345845443460  0.69781933607680857
  0.70798099963459293  0.71900275188122931  0.72983186752074147  0.74353293417359900
  0.75814898431551025  0.77308151584141283  0.78689833494194472  0.80031764526907068
  0.81235533281704153  0.82173420393968122  0.83020428795075829  0.83894402170969962
  0.84780329165086676  0.85636740973191539  0.86493314736266302  0.87377171771717732
  0.88554727935935118  0.89958663825168239  0.91451272347243440  0.92751237842390977
  0.94161079061243269  0.95688510953390138  0.97438597080179545  1.00000000000000000
 -0.00000013807123987  0.00007181404611934  0.00053074136985172  0.00164166879532661
  0.00353047717268460  0.00614919220417256  0.00961586742504274  0.01398472087690751
  0.01800644846063539  0.02218293983605750  0.02765290884839318  0.03403402822266444
  0.04070678162875017  0.04715039904543458  0.05375297291404176  0.06085899453809400
  0.06859479541653003  0.07754409769433969  0.08676123310487369  0.09393123560548446
  0.10094082254972131  0.10872770440145024  0.11719908604068000  0.12571242677408967
  0.13422429150585802  0.14323068074134018  0.15248802807843181  0.16258781321067947
  0.17604830582378736  0.18871898248259283  0.20100164546018975  0.21301594449253625
  0.22382200324623935  0.23263081766161564  0.24203530226272060  0.25540628000083537
  0.27020259699457877  0.28409659870638160  0.29508694880228936  0.30450736561066344
  0.31182541526402197  0.31916696999135835  0.32631711501299754  0.33369034525433239
  0.34212390134178411  0.35087636643679743  0.35929042614730700  0.36720260085829970
  0.37510773036118483  0.38303573258353590  0.39110458526664876  0.40002167473155531
  0.40899725220966993  0.41798207483781252  0.42636516656977369  0.43458280119047515
  0.44282427957469495  0.45153045224222244  0.46025879946319048  0.46890318630797417
  0.47823155894386293  0.48834093451016047  0.49864379140800047  0.50872178978047677
  0.51863058145033492  0.52832377195119395  0.53806702523342609  0.55228958994514277
  0.57491576610379513  0.59702496299688435  0.61852823803244850  0.63930306650208957
  0.65729849157206544  0.67495870089701171  0.69188187994971129  0.70531643082212658
  0.71918681409464358  0.73314386605925497  0.74729524926721957  0.76220155530950340
  0.77791820245200149  0.79205746528349474  0.80564444876829733  0.81880249285041962
  0.83392569098403135  0.85023314590222343  0.86658095496783227  0.88267557215520853
  0.89702983830911698  0.91125813326811100  0.92511663559573931  0.93875771138364861
  0.95380500706759996  0.96900030863633746  0.98438024691999104  1.00000000000000000
 -0.00156117228206049  0.00739111563044585  0.01574652406716933  0.02205426510580094
  0.02739433722202866  0.03253766440902195  0.03762970470249727  0.04340244535647344
  0.04914249885016867  0.05431971317780288  0.05886516430500784  0.06450756781093483
  0.07213585943592379  0.07926952237465876  0.08943252162208593  0.10161124109098410
  0.11320692158372769  0.12438341555234721  0.13785046698591535  0.15198830057377286
  0.16401925028805664  0.17456219513131682  0.18501493780049280  0.19703836088183896
  0.20840952484057071  0.21863989794936828  0.22845841355046009  0.24154632065051940
  0.25243727637462843  0.26221674460263583  0.27138055722740084  0.28046470525214412
  0.29021328417797787  0.30106842870975953  0.31570977628801977  0.33380524361735192
  0.35226628963985440  0.37007734276882120  0.38758609795852739  0.40491968480081358
  0.42033665024306094  0.43627411954183859  0.44905038204889358  0.46084907483637388
  0.47233148001253672  0.48358379495527137  0.49681288537264123  0.51148266401181763
  0.52344784800456345  0.53443206853534397  0.54467009004537092  0.55426935669223398
  0.56268674483575354  0.57146252708574063  0.58136232234422303  0.59638519285753611
  0.61058034312791853  0.62137117941531050  0.63050304097439913  0.63881720220368488
  0.64655725524219543  0.65558271960190739  0.66471666457957601  0.67462751910847130
  0.68633929938883387  0.69866418189052026  0.71036077110444229  0.72073172010192721
  0.73031262496841165  0.74058919199232953  0.75055146609359935  0.76223493219534066
  0.77510148031331039  0.78901494996124499  0.80391618716134505  0.81912958966056748
  0.83274812328988368  0.84379787911844661  0.85319745359090526  0.86142050708790152
  0.87034883931846929  0.88055958375187560  0.89035978176251118  0.89859793134451627
  0.90747646992497333  0.91749888689505432  0.92778458238323724  0.93706232188388394
  0.94531915707441272  0.95317271361757294  0.96066374182842595  0.96791372337736592
  0.97496105372758790  0.98196190442462650  0.98872512204677521  1.00000000000000000
 -0.00472369598126811  0.01756115346922899  0.03563859260451733  0.05138311229274587
  0.06569996287725310  0.07947967253719862  0.09307933922230513  0.10674320905023871
  0.11783625565983152  0.12926335711283590  0.13821125742885154  0.14722817442818625
  0.15600922618241778  0.16574741532684417  0.18055148145985550  0.19444033873098288
  0.20673207734347701  0.21789955402545519  0.22888864482566207  0.23807256382907513
  0.24877522565254223  0.25860224740508542  0.26753206415141301  0.27594206372993885
  0.28483181943240399  0.29455838439274173  0.30477469507264077  0.31517182966403240
  0.32643214193155812  0.33439823261426294  0.34004884579370009  0.34788784825172847
  0.35622820887281903  0.36397418379002283  0.37084415335492332  0.37721969351198859
  0.38379946239216084  0.39198090690788989  0.40215179278501878  0.41251197919877780
  0.42294207231238784  0.43328861852169909  0.44316618807135583  0.45160384813618804
  0.45983815552673396  0.46755446462548683  0.47506862507720149  0.48371205614939633
  0.49555157210179490  0.50716164222126325  0.51803459305759347  0.52912265794248969
  0.54241890085801148  0.55516972086219041  0.56934086230498393  0.58800791949250408
  0.60190452589277621  0.60875167040249822  0.61385468608964322  0.62014149424005460
  0.62584590525310402  0.63220846854345580  0.63904822313550624  0.64515834916385673
  0.65073422853704899  0.65576702033415257  0.66143398227659655  0.66843318818240405
  0.67704590204948301  0.68577923212761760  0.69127110306837514  0.69699080697534455
  0.70269868022586934  0.70829953281058122  0.71518707970458972  0.72556267701706245
  0.73830137536590301  0.74979945585703467  0.76020049546389878  0.76844488200684358
  0.77659706956095298  0.78535083116505222  0.79634679554694676  0.81087546179164349
  0.82693839970472183  0.84361491070073247  0.86051275185457687  0.87709233740549397
  0.89260908500019509  0.90754862337466646  0.92175669235308344  0.93449046959962556
  0.94876132145589454  0.96375042357161089  0.97952348721626181  1.00000000000000000
 -0.00392980556559278  0.01404560708865292  0.03274697600828459  0.04331319150846219
  0.05302702029748588  0.06184757815378315  0.07035911498546457  0.08007286152014942
  0.08742100515045653  0.09237404239143011  0.09738950749770317  0.10193540920469465
  0.10662651747966335  0.11269275330026823  0.11886776203595362  0.12533799842978471
  0.13090186891434183  0.13580153684071675  0.14130673215334602  0.14806572883945418
  0.15717946766247390  0.16568545289827857  0.17789352500417688  0.19089473642504456
  0.20404485017009713  0.21719968989308663  0.22944476827698582  0.24058925762569949
  0.25202302281888977  0.26377230390441953  0.27734299330049722  0.29350279191857503
  0.31097672393558551  0.32621045031418144  0.33819568587415039  0.34906031535488335
  0.35949607908954229  0.36934096490847756  0.37901915462836600  0.38949381132609939
  0.40340094826079081  0.41850991594735126  0.43147892235864188  0.44324870813610523
  0.45580598317595999  0.46772685268732545  0.48298981949641884  0.49884803441309133
  0.51272548241102467  0.52554432054460865  0.53806263888073658  0.54949853935407489
  0.56040168482944108  0.57063508364238325  0.58057818841253050  0.59048692170435868
  0.59995391735734549  0.61055468752211994  0.62272179863188548  0.63525822440541935
  0.64906151462505812  0.66336247702541162  0.67706498876466181  0.69024044311467947
  0.70301284422538379  0.71472803540590291  0.72835327835414543  0.74116261894044888
  0.75751853983633910  0.77059541696737099  0.77790404076741049  0.78479566789918465
  0.79170369143534791  0.79862447039113948  0.80645075756188078  0.81503440604882071
  0.82099713149822018  0.82465767590448658  0.82831323576601257  0.83156007643681307
  0.84023263978773355  0.85577801652579066  0.86934613102246661  0.88163476182213640
  0.89446822209175869  0.90687096848455950  0.91861338946989946  0.92969468413653966
  0.93947594995498374  0.94843493906050425  0.95785325627439788  0.96705962834401749
  0.97588999461812254  0.98352700195412057  0.99162504853792632  1.00000000000000000
  0.00415772100864940  0.11914008531910683  0.18203520740188567  0.22952163543996840
  0.26717327279227426  0.29857191652028386  0.32210290624025717  0.34007385529545187
  0.35773255147889998  0.37402308936846279  0.39266070404697839  0.41316360260210272
  0.43299706512741981  0.44912592182367711  0.46221744977580392  0.47551728797382953
  0.48846743488395267  0.50304244967612233  0.51837369694175928  0.53278217310647724
  0.54793932085601504  0.56120500329106604  0.57007317895937193  0.57724256869079460
  0.58346705347601902  0.58970572171639180  0.59678898203240649  0.60364349479867629
  0.61012875512367715  0.61747605448995069  0.62488052556828488  0.63479595888499163
  0.64761747375809964  0.65834661546476847  0.66771325021528161  0.67584881613820325
  0.68366719283588517  0.69222564280396881  0.70039782666972983  0.70715008482230046
  0.71303169755378892  0.71907034523045998  0.72560613013414410  0.73363024255463261
  0.74240518705540071  0.75033691784979906  0.75803979492645623  0.76563113874826949
  0.77331535428142317  0.78142669158664502  0.78968645483478506  0.79812985017334459
  0.80680045412401979  0.81472064219881768  0.82265947538942319  0.82990530094572312
  0.83576903323977636  0.84051211903129797  0.84489120579419530  0.84908096128840471
  0.85365446276151036  0.85821696112201262  0.86234274038511327  0.86614563195983973
  0.86999246620067405  0.87444828827621590  0.87976322558289577  0.88472769600354917
  0.88882602275886946  0.89253369139830274  0.89609664894677454  0.90027583839672698
  0.90482306788156630  0.90912018109559001  0.91405593391597317  0.91856053092037104
  0.92239132793244916  0.92589355226950654  0.92935685565137749  0.93289224247625635
  0.93760766422927455  0.94179577365549239  0.94511038504959810  0.94831678983901224
  0.95145034045926558  0.95397183266784480  0.95637336646923188  0.95909192266253951
  0.96184344787431253  0.96492288875861798  0.96835750924578856  0.97239722974311715
  0.97675062013421221  0.98626233987495981  0.99441430658021346  1.00000000000000000
 -0.00387299156642040  0.01478448180930998  0.03182142010432357  0.04820504700879630
  0.06260858977131442  0.07438420821012223  0.08439703294075356  0.09327790601964665
  0.10262558824138326  0.11280113358506044  0.12258004360248950  0.13158647127625400
  0.14053223292734418  0.15027179809376834  0.16095757534723948  0.17359156081477550
  0.18674552106310180  0.19597670923000335  0.20464551421301369  0.21284870706167860
  0.22101303457591770  0.22915219548438340  0.23694923371234924  0.24504932517500119
  0.25751380524962908  0.27163202696910926  0.28406348388986447  0.29436553809151522
  0.30288965159246656  0.31268439922501279  0.32192201166887474  0.32940473438481838
  0.33646688960825077  0.34404362262859589  0.35253012618563800  0.36342009941271380
  0.37427346283437168  0.38391110025943304  0.39367801933261198  0.40518993131551467
  0.41823523842006138  0.43053934895000434  0.44446674636742334  0.45861997424906409
  0.46910763262673388  0.47807342847539386  0.48751691744104603  0.49831715183321462
  0.51065923221423148  0.52371852813485709  0.53708860923618662  0.55174305471287410
  0.56636796539100254  0.57645693860007163  0.58492786987873258  0.59111912775856867
  0.59774667540429738  0.60450957911414405  0.61076761691059600  0.61758804289126312
  0.62568778906679090  0.63373625952478152  0.64268515600463905  0.65682086456929412
  0.67477894357909718  0.69168822304656852  0.70651732298152659  0.71840021505414031
  0.72867327799161685  0.74047619126621222  0.75287251744541717  0.76551879353759678
  0.77927684019330079  0.79231467151455603  0.80475566912538765  0.81359220718716274
  0.82010727147371854  0.82619090058059208  0.83164283428634334  0.83770112446093126
  0.84413954006522685  0.85031662108284023  0.85645622485298500  0.86323791263071070
  0.86970833921345714  0.87726637740759350  0.88846575818512052  0.90268171547725840
  0.91430151754877476  0.92513229792807083  0.93555688224966771  0.94665663146939960
  0.95849615815028766  0.96959561660373494  0.98230345972405286  1.00000000000000000
  0.64414254531871484  0.67924049931573638  0.70646289723736388  0.73317161515358298
  0.75615155170804771  0.77608472976494614  0.79500080842270815  0.81365868459129465
  0.82776863311602178  0.83829786885462898  0.84853340795315924  0.85975959541556091
  0.86962859652187141  0.87877327822112239  0.88777687843552056  0.89688691963426814
  0.90443539704801956  0.91134330462135238  0.91680780817946217  0.92051880377431827
  0.92385512994021901  0.92795440592996159  0.93193391276037085  0.93483333269143687
  0.93701877661167488  0.93907260008362836  0.94098915359314794  0.94324513062185877
  0.94559264619587757  0.94770511166137128  0.94969065182365442  0.95163569401688253
  0.95344089726607451  0.95514041282621287  0.95687717805404093  0.95829336069512072
  0.95922792559502501  0.96002784064590940  0.96081203404975357  0.96152646315765156
  0.96223072410696142  0.96291374487781944  0.96357477907717004  0.96417595153944446
  0.96469070410151103  0.96511096746210545  0.96557091484155866  0.96604645921501708
  0.96646902026604842  0.96681066786666048  0.96713954590006590  0.96747875789076221
  0.96782586440112783  0.96817099417804464  0.96849846340268719  0.96879747783260084
  0.96909346030247745  0.96938738324432416  0.96967711556599312  0.96999021484347747
  0.97033566346028899  0.97083513549405143  0.98131703557251926  0.98196133054415835
  0.98240873953698926  0.98278024603636682  0.98305435599997570  0.98334315569561048
  0.98365492499716567  0.98397192132090039  0.98429013730028503  0.98460829852799281
  0.98492030100143046  0.98524550865338356  0.98558715045532319  0.98594951469176018
  0.98633180392675446  0.98674414665461818  0.98723428685755199  0.98773318320525760
  0.98822056882690168  0.98872521652332057  0.98927901303140298  0.98986170878774460
  0.99049146183808723  0.99112748958992392  0.99182627562731429  0.99258526291673055
  0.99310118864491115  0.99365349456570118  0.99421409421747597  0.99478778491864339
  0.99561687456183090  0.99673370109559412  0.99808662138931903  1.00000000000000000
  0.01053569720981118  0.23483709219864410  0.26267678262388017  0.28481678497892693
  0.30403282859233510  0.32307358187633733  0.33951116905404433  0.35204476993345585
  0.36425702318035341  0.37569076997511636  0.38677611503483256  0.39774428210088048
  0.41140931041051332  0.42697183331685318  0.44356767994882901  0.45803469109642458
  0.46932808333193921  0.47948421680509740  0.48872970478819794  0.49737821411429201
  0.50654268941440994  0.51678152450952197  0.52735234244545259  0.53769034743057731
  0.54837126956920823  0.55965033083761284  0.57002063826656568  0.57925990207765954
  0.58783595988498216  0.59633717190611113  0.60553960359570280  0.61612812071256318
  0.62662611351992370  0.63777122668544539  0.64717601641701372  0.65455025983424520
  0.66089831059610771  0.66674756650736611  0.67232401194129732  0.67736591736595664
  0.68229204896264084  0.68691950570110016  0.69216175617925391  0.69778864918255445
  0.70352223878046760  0.70928203904083387  0.71521392568531006  0.72168463105060765
  0.72778933935338530  0.73048574205469996  0.73341942946270477  0.73634438787619194
  0.73932353721530353  0.74241731138439626  0.74566949815800576  0.74848788176460801
  0.75121811089656987  0.75403929647597923  0.75685589096221562  0.75933603384031489
  0.76172919616983259  0.76412726160624911  0.76679342550990026  0.76961706639711791
  0.77225236390955099  0.77506943842309262  0.77799801937703328  0.78073087128932706
  0.78343480470195093  0.78620167825077636  0.78893781055465706  0.79157055197729931
  0.79508643426213155  0.79894660646973237  0.80262720633308926  0.80580877330883416
  0.80821462850594106  0.81392338865052904  0.82164815643937705  0.82932255017544654
  0.83738605627694562  0.84568504116627108  0.85409235761358959  0.85794043053572766
  0.85819820685375747  0.85849712051463289  0.86132838597215744  0.86604076868654267
  0.86979431630463566  0.87295586929249980  0.87604602265162901  0.87901710619850237
  0.88176984897128452  0.88908419407258121  0.89963804889349708  1.00000000000000000
   1.5159322566945760E-026  -1.0000000000000000     
 F F F F F F F F F F F F F F F F T F T F T F T F F F F F F F F F T F T F T F T F T F T F T F T F T F T F T F T F T F T F T F T F F F F F F F F F F F F F F F F F T F T F T F T F F F F F F F F F T F T F T F T F T F T F T F T F T F T F T F T F T F T F T F T F
  <DiscreteSampler_grid>
  grouped_processes
  1 # 1 for a reference and 2 for a running grid.
  10 # Attribute 'min_bin_probing_points' of the grid.
  1 # Attribute 'grid_mode' of the grid. 1=='default',2=='initialization'
  0.0000000000000000 # Attribute 'small_contrib_threshold' of the grid.
  0.5000000000000000 # Attribute 'damping_power' of the grid.
 # binID   n_entries weight   weight_sqr   abs_weight
    13   10   1.695314633805445E-019   2.185304067750245E-037   1.695314633805445E-019
    14   10   1.695314633805408E-019   2.185304067750186E-037   1.695314633805408E-019
    16   10   1.333320400942844E-019   1.087807336438643E-037   1.333320400942844E-019
    17   10   1.333320400942832E-019   1.087807336438642E-037   1.333320400942832E-019
  </DiscreteSampler_grid>
