  0.00000000022004161  0.00000000063725393  0.00000000091875517  0.00000000112916301
  0.00000000131898142  0.00000000146818119  0.00000000161381206  0.00000000178634830
  0.00000000196452873  0.00000000214240610  0.00000000234537800  0.00000000255598497
  0.00000000279214556  0.00000000300291876  0.00000000318664728  0.00000000335116112
  0.00000000350755218  0.00000000367033861  0.00000000382337104  0.00000000398237621
  0.00000000414648533  0.00000000429770244  0.00000000446325456  0.00000000462531802
  0.00000000477427839  0.00000000493290528  0.00000000509823058  0.00000000526082489
  0.00000000541818441  0.00000000556893087  0.00000000571075319  0.00000000584269172
  0.00000000597990999  0.00000000612117964  0.00000000625757339  0.00000000639274601
  0.00000000654048860  0.00000000670691756  0.00000000689386510  0.00000000708426746
  0.00000000726918386  0.00000000744613670  0.00000000763671944  0.00000000782812974
  0.00000000802421757  0.00000000821168208  0.00000000838677586  0.00000000854769015
  0.00000000869407247  0.00000000882134597  0.00000000895664989  0.00000000909734675
  0.00000000923609136  0.00000000937659520  0.00000000952132702  0.00000000967020612
  0.00000000982890759  0.00000001000897973  0.00000001019680277  0.00000001035234880
  0.00000001049650780  0.00000001064108286  0.00000001078549094  0.00000001092195021
  0.00000001105029440  0.00000001119786126  0.00000001136533334  0.00000001154445041
  0.00000001171641865  0.00000001186766917  0.00000001202474403  0.00000001218913619
  0.00000001236532937  0.00000001256296953  0.00000001280787686  0.00000001310568483
  0.00000001341211289  0.00000001371132852  0.00000001398476186  0.00000001425266098
  0.00000001451510569  0.00000001478993799  0.00000001513128189  0.00000001546950066
  0.00000001574673794  0.00000001611823483  0.00000001654246911  0.00000001699736670
  0.00000001749849082  0.00000001810281741  0.00000001884924081  0.00000001963506225
  0.00000002076383391  0.00000002269872964  0.00000002365220126  1.00000000000000000
  0.00916496866823764  0.01785317928008227  0.03171060894636352  0.04632686982150634
  0.05962079844000572  0.07101083535065736  0.08257066415409697  0.09331573345340569
  0.10617338708831837  0.12111130220516238  0.13579847057980052  0.14738734312806309
  0.15785922432423202  0.16681194935072136  0.17380942823293122  0.17997399480583662
  0.18658745310733413  0.19456717401493756  0.20387181065197779  0.21237299832062717
  0.22016831003546922  0.22804949815226405  0.23940827647045146  0.25171061839549835
  0.26299439365400046  0.27282681850416735  0.28211092925809750  0.29181326455980938
  0.30226694506148738  0.31353170856074941  0.32560041268534723  0.33861354444591552
  0.35126120127953081  0.36327330759238302  0.37479615270428440  0.38518244045803113
  0.39415529250985021  0.40436764557234978  0.41541298956095313  0.42632892665321426
  0.43752497011446284  0.44977991056465383  0.46146457830536575  0.47141671114169997
  0.48168025445683121  0.49289843897190649  0.50489069296133571  0.51730081117214233
  0.52890480767925641  0.53790331905380795  0.54486620844415101  0.55143398405782484
  0.55797982556708658  0.56542247164309967  0.57514168505053287  0.58812202810384950
  0.60512250439949622  0.62067617887461080  0.63507576232168605  0.64766235093758706
  0.65846159621294720  0.66924208458505585  0.67941555716566737  0.68735519910285825
  0.69377481809172903  0.70046332127695576  0.70826019745063873  0.71692711224591710
  0.72873761414338623  0.74309871952215578  0.75599329206730914  0.76566975690537864
  0.77353405335490610  0.77949829058088871  0.78641356515564698  0.79343151319404126
  0.79982852872307419  0.80613489600988675  0.81237248009332619  0.81932455414089933
  0.82720370934435561  0.83525017193545070  0.84331722218854566  0.85065398064238429
  0.85970364176607350  0.87018634099345926  0.88366206371712175  0.89790869295477360
  0.90835297413695992  0.91802503645814038  0.92769523274250998  0.93765573073099340
  0.94826758723682647  0.96264355916403066  0.98019693902252525  1.00000000000000000
 -0.00000018915831576  0.00007182534475179  0.00051952680982794  0.00154110489758257
  0.00322240389940115  0.00507393662462533  0.00677089882065643  0.00883825438342803
  0.01180256890889284  0.01487456505826899  0.01816302490525818  0.02143799579712220
  0.02471577287997079  0.02857835648018829  0.03198910360966296  0.03562831893084785
  0.03982606325494017  0.04552924253509225  0.05237181526990035  0.05967935665419563
  0.06790851466579431  0.07755894054998841  0.08780675627180774  0.09855946969282041
  0.10861670972359706  0.11831177021988244  0.12823312250619986  0.13667931327456007
  0.14510346404619542  0.15339449376096947  0.16233768988194405  0.17242059054646502
  0.18240611915110300  0.19201270384669772  0.20118258526374033  0.21067660155435144
  0.22003785757879893  0.22885334358272677  0.23816925285332516  0.24913434456561867
  0.26206541360776259  0.27435613555948030  0.28646862985534854  0.29838581418927257
  0.30991194143582101  0.32006523141265669  0.33075048981126653  0.34203700232407336
  0.35401477681094679  0.36658643582873424  0.37947697635322691  0.39248736038478960
  0.40632312724167846  0.41942063066525781  0.43285787691478922  0.44625860576282267
  0.45749579362614529  0.46960685669136942  0.48056230149287243  0.49077242064148791
  0.50133553848178292  0.51221792172670688  0.52425491625626675  0.53884643896879103
  0.55373384891118160  0.56764995642009364  0.58148713313492151  0.59511235779380323
  0.60751919432586066  0.62081974177665600  0.63418640079294597  0.64657755125556915
  0.65768951079973059  0.66784256178859536  0.67946022994816779  0.69194597934691715
  0.70438751613807338  0.71589320932751943  0.72748282927811703  0.73896573052765069
  0.75043502410216179  0.76197255780493034  0.77363170029360218  0.78537464265052293
  0.79738349904240968  0.81109190446008383  0.82325168471630195  0.83964335148263636
  0.86001468062491582  0.88235031785677642  0.90614602007930367  0.92851939947199091
  0.94853484783698772  0.96618950499942602  0.98328377904255593  1.00000000000000000
 -0.00160304965868148  0.00838281413520887  0.01582088240181754  0.02362498369522103
  0.03099773931339266  0.03831125243975113  0.04503314796828418  0.05127853257940703
  0.05762702320146157  0.06568041493296148  0.07573543234836923  0.08870687842834490
  0.10200198096385260  0.11755048738254557  0.13522427256513975  0.15083100623875645
  0.16203003464571858  0.17195716102830622  0.18223389565791490  0.19332974921940316
  0.20379439108469322  0.21239794486902078  0.21948270284241547  0.22652010496598790
  0.23434736756356975  0.24253827858114535  0.25048485300779333  0.25766035920905100
  0.26444377951501741  0.27049434778157044  0.27955418471753529  0.29197470977835022
  0.30557346110316286  0.32156878269778544  0.33633466651423011  0.34976917860031920
  0.36249820665402765  0.37537635818423498  0.38564459729055411  0.39622140412231749
  0.40600087424460235  0.41318613429533990  0.42035949340049311  0.42667436076587378
  0.43376530562098381  0.44222735775457506  0.45152405318839806  0.46128232535472108
  0.47091058587091189  0.48146858454899871  0.49401692969292671  0.50549274637027597
  0.51492873453873966  0.52408494082164947  0.53280899180375341  0.54274340072449012
  0.55466012114029573  0.56799646833741069  0.58222100196910764  0.59659836412886647
  0.60883046413404052  0.61977830484737106  0.63030726667175874  0.64317960317933587
  0.65657440016696789  0.66889758003144972  0.68330736942862502  0.69699377202145141
  0.71101868825149594  0.72568363691905868  0.73954935068604233  0.75189759086629659
  0.76352388186778475  0.77206892252027759  0.78035651644499160  0.78811515894910822
  0.79546038673377861  0.80355309202292524  0.81403076852035461  0.82361610334666113
  0.83265528535998135  0.84312309040643307  0.85542567618613286  0.86975226974402287
  0.88406030952461778  0.89573084599210195  0.90521442754728776  0.91361055044033235
  0.92227810288320222  0.93108900913714243  0.93963098938736300  0.94827450304165373
  0.95813082071022437  0.97142518168629644  0.98635827837689216  1.00000000000000000
 -0.00083876085862460  0.00463694946293386  0.01034134486258301  0.01790084828319595
  0.02756265642703859  0.03689967273649239  0.04439095677046519  0.06049097479851340
  0.07446135209239090  0.08831399350447632  0.10351084253711346  0.11763354865239675
  0.13088360311860225  0.14307129464963753  0.15534884577969751  0.16834492963087511
  0.18096921021366888  0.19280671154604537  0.20397351738044711  0.21496250183648410
  0.22633632425076647  0.23860678196668866  0.25046086363818243  0.26044706040195181
  0.26975283313733134  0.27949979912591555  0.29063115378852211  0.30365316945173199
  0.31765411978374164  0.33147398371462472  0.34683613930324692  0.35987014098736836
  0.37240694443474948  0.38365055071543297  0.39288944902484368  0.39999034737971007
  0.40532576758502559  0.41253491361534211  0.42107502431982297  0.42995824965375273
  0.43811347664537176  0.44771674150547935  0.45684960917742828  0.47267592412506088
  0.48526937479628685  0.49534007304612493  0.50281303726985105  0.51002201621866095
  0.51744565245251106  0.52754209609478997  0.53779285272875232  0.54617649399125712
  0.55489599396762834  0.56445912622583272  0.57576743139008058  0.58759004795008229
  0.59871783334843276  0.61120439972286544  0.62549365711666005  0.64039182017751617
  0.65416725576335255  0.66632624627784531  0.67770483595626418  0.68851357020193160
  0.69693840680427366  0.70415420764123549  0.71116671368514894  0.71932306025873927
  0.72807238529966378  0.73665566478472699  0.74433202824565359  0.75225531843031734
  0.76112811272760006  0.77148501022207161  0.78112440157425134  0.78978409479546496
  0.79778080967994780  0.80520211042089074  0.81298634053660213  0.82312050670125136
  0.83457805322690315  0.84701233733947590  0.86190419015646658  0.87758381984655964
  0.89148539709417118  0.90286343388610257  0.91022096886335280  0.91822666761444982
  0.92569227079588945  0.93358326134030167  0.94632930558619965  0.95836702645524352
  0.96717447187924799  0.97691685732363009  0.98865820234354240  1.00000000000000000
 -0.00537182879608869  0.02080760425083283  0.03754664421053436  0.05052996103937886
  0.06226443090372054  0.07290442492311003  0.08370372511062615  0.09635512112408012
  0.10865461329883576  0.11998540096782112  0.12702266465349607  0.13475804247905296
  0.14370869016269935  0.15064476785416628  0.15616271848862850  0.16214049103925923
  0.17032528949378889  0.17812012116082668  0.18666020896441163  0.19441549268283612
  0.20128458646807260  0.20758729667037507  0.21372628267818233  0.22001587679141857
  0.22682937537455061  0.23380677808179506  0.24202216931469434  0.25263266227266357
  0.26644783185828724  0.27977827367936620  0.29200855429194139  0.30423974790890618
  0.31264854510083517  0.31987112835809095  0.32628794341791773  0.33324527498102136
  0.34341184490753174  0.35681264599444995  0.37002001107416571  0.38068773999367200
  0.39049288279003896  0.40030473075380441  0.40871480714246633  0.41799076386185030
  0.42755431333622018  0.43763544042235758  0.44681193972247835  0.45610647415909156
  0.46619241320462862  0.47586459587064073  0.48399742699800119  0.49206814663924964
  0.49904311492431830  0.51220270265330947  0.52624724804092415  0.53982300735687128
  0.55266215413861708  0.56503982454529267  0.57910990823071185  0.59529100983672323
  0.61115727930860964  0.62683002624623230  0.63967453396611962  0.65053194971356465
  0.66026700173026054  0.66817079309807370  0.67688949546131560  0.68600641339530077
  0.69726816076364362  0.70812392793316503  0.72122264329227437  0.73840780931708572
  0.75737394344160669  0.77200051547689097  0.78210581607716478  0.79104834456710671
  0.79906521654840457  0.80687997314737536  0.81565758369299968  0.82512933674901878
  0.83548264082617796  0.84604579599775243  0.85460582403391927  0.86160808834303526
  0.86836570311386518  0.87625750010666770  0.88445016676782062  0.89672115621070636
  0.91276263796540835  0.92850893541120816  0.94249113503812920  0.95447217794135764
  0.96560925866501057  0.97697845654443660  0.98817959095073005  1.00000000000000000
  0.00804392115193133  0.01644346681283636  0.02250859828339310  0.02885626373449455
  0.03470984881218944  0.04011112456798549  0.04520742058367365  0.05045132271648720
  0.05562766639666852  0.06043399492968447  0.06588151966716013  0.07161397065286509
  0.07716406841316657  0.08181391451087504  0.08585876359222824  0.08982462345456370
  0.09371010848618372  0.09770600174207893  0.10194828546218988  0.10617673769422391
  0.11025152707969740  0.11441019701963921  0.11857822391285408  0.12237441200003439
  0.12603226450511479  0.12948474129299078  0.13305900289731232  0.13634752267236794
  0.14014154190172123  0.14432560401781386  0.14808440769443468  0.15187092084590545
  0.15607854506797572  0.16024753504093012  0.16414992379265092  0.16822175158775529
  0.17211766206066514  0.17601703817849920  0.17989822808040049  0.18353096790845880
  0.18754727753926304  0.19215166156731550  0.19716780263338665  0.20206507150294109
  0.20723732792457564  0.21356944886700507  0.21962436059421200  0.22616642959235050
  0.23381563094613511  0.24294836608969092  0.25337206865821699  0.26311835503215297
  0.27176983855985992  0.27943920708254183  0.28742895758900927  0.29624414979151742
  0.30560658462251367  0.31436909940723146  0.32262475847616168  0.33117659293287705
  0.34064234431860047  0.35006486563871253  0.35908829866092495  0.36828298253204816
  0.37793702030249998  0.38843838916516776  0.39929147175569402  0.40970766181762303
  0.41964098787641074  0.42886367426057082  0.43869007100636637  0.44890867263590939
  0.45959453060587646  0.47092889274291655  0.48172930064683994  0.49263591738416723
  0.50582939106423741  0.52129065251158535  0.53829755620003383  0.55977970064917393
  0.58627349690588271  0.60826734466319887  0.63077209072327156  0.65551017275630319
  0.67280893885963688  0.68476345225843305  0.69589516307434840  0.70877077110607967
  0.72129605660591722  0.73582206092700131  0.76576269371207939  0.80396122292918881
  0.83553960024512008  0.86634915173524341  0.91464387439497741  1.00000000000000000
 -0.00199366592618547  0.00851441091474283  0.01756172621665739  0.02719657019010331
  0.03662575231478229  0.04578932833998078  0.05455432885257962  0.06313528558370510
  0.07192871787970229  0.08132819355843293  0.09320722455939089  0.10639484909184441
  0.12218429928289012  0.13387223290462330  0.14502447514042197  0.15530241237681011
  0.16517035403578070  0.17439608090426173  0.18410074453750111  0.19610654223238327
  0.20847272720632662  0.21685767391162858  0.22476187908236878  0.23203770422867331
  0.23886774992265580  0.24592604478147795  0.25384876112450788  0.26158250699081131
  0.27010933591791958  0.28209678086459083  0.29393358416640480  0.30524097192860900
  0.31784527721658207  0.33212738092523753  0.34613765995566326  0.35819986808671084
  0.37033333538596386  0.38225367247725789  0.39307473274429533  0.40152774832123611
  0.40756751488882187  0.41546490050267826  0.42355582981742707  0.43188453118805525
  0.44090098479331558  0.44946361571160931  0.45805449838195955  0.46985235687752103
  0.48525403881635015  0.50344015221350713  0.52144825712239007  0.53500104547375238
  0.54581830670177611  0.55632611994134817  0.56741235391405576  0.57995702170893748
  0.59377611095706839  0.60794016260001282  0.62226798107643932  0.63622562454964704
  0.65104584148764755  0.66479155965050352  0.67710663013695993  0.68878008739894103
  0.70042077373043765  0.71325765412075215  0.72719513464582941  0.73656208971924286
  0.74404893523437643  0.75177160273684351  0.76056116107019966  0.76897643349943279
  0.77749129217795598  0.78510445379335025  0.79052114876913648  0.79712612362420354
  0.80496748212606972  0.81459227700943604  0.82571483426021142  0.83730716521072068
  0.84823477933146230  0.85780249500223615  0.86692764410019352  0.87608352842064841
  0.88568142270889660  0.89671285053885341  0.91295500570483612  0.92396251524689510
  0.93597506050441148  0.94632765276846742  0.95570996619999526  0.96380747341424855
  0.97234155596503591  0.98048373387194321  0.99043971155042354  1.00000000000000000
  0.64652229856139043  0.67374494517655659  0.69479099001146094  0.70930565135600432
  0.72953819575463263  0.74899425054522273  0.76533933790430486  0.78185505162186109
  0.79628843694823614  0.80697861275196725  0.81745175974630557  0.82952028925982668
  0.84006141632874853  0.84958172011267152  0.85899530537858870  0.86746008848911804
  0.87518234609306345  0.88153456924469209  0.88819139739910624  0.89506432490863019
  0.90084618746395240  0.90569900936811409  0.91011822449446167  0.91447348751345670
  0.91847467238588121  0.92209794009233170  0.92580809315551593  0.92922618510539190
  0.93258841140117132  0.93591882859100761  0.93904466891471439  0.94170662305278885
  0.94405160855137227  0.94613864607872433  0.94797206519192090  0.94965486768998919
  0.95123254986212047  0.95275234487769478  0.95429320403872053  0.95572925008863385
  0.95687265120950138  0.95782979962773029  0.95865743409626536  0.95935012406065479
  0.96000060499560014  0.96061290406577393  0.96117896974473505  0.96179824729030050
  0.96247630315575505  0.96315953888772676  0.96382876697668118  0.96447275190866288
  0.96507851683624568  0.96564758556240737  0.96617275141409409  0.96667955503667791
  0.96716735840790025  0.96761522189760207  0.96806602122503127  0.96851708173699702
  0.96891050964628023  0.96925963322467845  0.96957530868499986  0.96982714915808621
  0.97008433445133790  0.97036752197436216  0.97065888118700883  0.97098260063298159
  0.98137843414801140  0.98194339453764012  0.98234376368729703  0.98270849503021973
  0.98301540011423272  0.98333599136837246  0.98366764861564859  0.98397278081321982
  0.98428375371252652  0.98461222790175951  0.98497462266412272  0.98536509007321538
  0.98577819817204693  0.98617791441803127  0.98661218974530662  0.98708185790606628
  0.98761123480695634  0.98827850880724377  0.98896317225783303  0.98968904860920059
  0.99052628438363743  0.99147660244429880  0.99246625021477675  0.99348462539976146
  0.99468787881687903  0.99621773623534138  0.99806888998882004  1.00000000000000000
  0.03306729969156416  0.11737049072758760  0.17654043463835042  0.18459613139944639
  0.19553230436040908  0.20639704444226351  0.22150955837565048  0.23546794330318993
  0.24561958994799971  0.25320592971649203  0.26085029566402279  0.26962046163983205
  0.27863312522595024  0.28711361633469207  0.29478929385608293  0.30130938863464879
  0.30738685252658804  0.31412982621614932  0.32262230531462260  0.33015175126668089
  0.33632573825543810  0.34249444466590323  0.35069317609304979  0.35749465563282784
  0.36380053544740054  0.37039252218536911  0.37710460770219817  0.38340245691440922
  0.38953194300349747  0.39507025580639515  0.40138081043769214  0.40905847342607321
  0.41674703830312732  0.42530541819937873  0.43353622807786696  0.44161067956403138
  0.44799666897279961  0.45386248187610184  0.46017540915405852  0.46667289535755424
  0.47324831855749583  0.48055844867945574  0.48825815920472121  0.49601264430309011
  0.50317125776639327  0.50949047218485721  0.51552870873485734  0.52177794576880143
  0.52826323632765448  0.53475150791337867  0.54080609195781726  0.54562697542749894
  0.54996388248961270  0.55387300948637064  0.55793709676574277  0.56240927620157011
  0.56657963028601244  0.57045485915745797  0.57487373282951948  0.58027840268978992
  0.58535892590229688  0.58979743011686536  0.59407041535160598  0.59872639803516636
  0.60195098239782641  0.60546960641204761  0.60931348425832699  0.61347405237399222
  0.61835317274738899  0.62394449855600687  0.63037682683919549  0.63675507386746055
  0.64283810166701039  0.64872728501090760  0.65486483685516284  0.66096050571015519
  0.66696504172995252  0.67288544267651051  0.67909456030186510  0.68506980118820571
  0.69173979467920010  0.69828964448045139  0.70452084416609073  0.71089803702861287
  0.71755684180807056  0.72492176083306414  0.73313204458308467  0.74434644365287650
  0.75464683642516006  0.76371981055688565  0.77344330131859462  0.78413357895409685
  0.79717413708111962  0.81845391316957217  0.94247280377681086  1.00000000000000000
   1.3832164503588322E-040  -1.0000000000000000     
 T F F F T F T F F F F F F F F F T F T F T F T F F F F F F F F F T F T F T F T F T F T F T F T F T F T F T F T F T F T F T F T F T F F F T F T F F F F F F F F F T F T F T F T F F F F F F F F F T F T F T F T F T F T F T F T F T F T F T F T F T F T F T F T F
  <DiscreteSampler_grid>
  grouped_processes
  1 # 1 for a reference and 2 for a running grid.
  10 # Attribute 'min_bin_probing_points' of the grid.
  1 # Attribute 'grid_mode' of the grid. 1=='default',2=='initialization'
  0.0000000000000000 # Attribute 'small_contrib_threshold' of the grid.
  0.5000000000000000 # Attribute 'damping_power' of the grid.
 # binID   n_entries weight   weight_sqr   abs_weight
    13   10   5.986149872718041E-034   1.577170949898703E-066   5.986149872718041E-034
    14   10   5.986149872717989E-034   1.577170949898673E-066   5.986149872717989E-034
    16   10   8.460206168889846E-034   2.334039770998966E-066   8.460206168889846E-034
    17   10   8.460206168889759E-034   2.334039770998916E-066   8.460206168889759E-034
  </DiscreteSampler_grid>
