  0.00000000022512536  0.00000000061011960  0.00000000087087192  0.00000000112790565
  0.00000000134428441  0.00000000149936839  0.00000000164392446  0.00000000180140484
  0.00000000200685370  0.00000000221569103  0.00000000239000270  0.00000000258325736
  0.00000000278744035  0.00000000308395399  0.00000000333807746  0.00000000357928999
  0.00000000378998607  0.00000000398773206  0.00000000416598215  0.00000000432309254
  0.00000000448599678  0.00000000465532130  0.00000000488222801  0.00000000514519675
  0.00000000545046785  0.00000000575728626  0.00000000592214121  0.00000000600606294
  0.00000000607955191  0.00000000615832708  0.00000000623759312  0.00000000631996261
  0.00000000641135865  0.00000000654257284  0.00000000669884979  0.00000000686012984
  0.00000000703340313  0.00000000719455290  0.00000000736963632  0.00000000755793268
  0.00000000776166354  0.00000000795145477  0.00000000809991446  0.00000000822297075
  0.00000000834609155  0.00000000846808174  0.00000000859263787  0.00000000876132528
  0.00000000893518544  0.00000000909750157  0.00000000925512473  0.00000000940528032
  0.00000000956604189  0.00000000974524996  0.00000000993751648  0.00000001012450644
  0.00000001031507109  0.00000001044225182  0.00000001057484078  0.00000001071158577
  0.00000001085072782  0.00000001102007581  0.00000001120414074  0.00000001138983829
  0.00000001157308816  0.00000001174485395  0.00000001190736982  0.00000001207392610
  0.00000001223832218  0.00000001242396990  0.00000001266937002  0.00000001289560216
  0.00000001310612346  0.00000001330781458  0.00000001351108385  0.00000001370158272
  0.00000001388765724  0.00000001408969953  0.00000001432160027  0.00000001457047900
  0.00000001479719266  0.00000001500756476  0.00000001528883218  0.00000001560533797
  0.00000001596300914  0.00000001636837307  0.00000001685492445  0.00000001737298824
  0.00000001798364022  0.00000001864907892  0.00000001930476808  0.00000001994271847
  0.00000002087016667  0.00000002286075149  0.00000002369811806  1.00000000000000000
  0.00976649728845637  0.01663930796286375  0.02603406156638524  0.03594933527173188
  0.04863789824620607  0.05799750343422645  0.06872900673638281  0.08193266146043332
  0.09804436876586681  0.11253133496225867  0.12278682788845181  0.13177689778743112
  0.14057434786353076  0.15027072231517932  0.15983742362941089  0.16976430536124981
  0.18056432011132445  0.19105167559259337  0.20043354448731981  0.20904751865998300
  0.21720182547835712  0.22545260286664667  0.23592516930722740  0.24979193402129876
  0.26503034315386187  0.28014740309892655  0.29521354736634975  0.30872940916350877
  0.31829447263320559  0.32648056476511361  0.33487687559131568  0.34278903502746644
  0.35029170955921807  0.36159266870224283  0.37358326804982145  0.38133488468463239
  0.38694248333180575  0.39339410477876813  0.39942066685630007  0.40511902452186999
  0.41245229326743277  0.42063828969853650  0.42815105248142743  0.43348677532153596
  0.43835222754962339  0.44645514691057592  0.45403757106275489  0.46298206489190852
  0.47302262043723009  0.48410277692696618  0.49794798932144924  0.50893456521757807
  0.51744003584664744  0.52589453901055738  0.53558188788041505  0.54818352258533343
  0.56668420626059257  0.58526065633070035  0.60213445107503405  0.61698454229121069
  0.63050172973279606  0.64225983634195327  0.65304926573408939  0.66431600036359362
  0.67575586296012846  0.69069509849436228  0.70801698939056179  0.71610325599247326
  0.72407969538014727  0.73136407556965444  0.73832168045283664  0.74507721306885633
  0.75442502703176428  0.76587623599279131  0.77692918850705317  0.78706248946196911
  0.79617257287683063  0.80306831911756327  0.80818778258332014  0.81355866926159948
  0.81912821886827003  0.82777781685339125  0.83903010602563299  0.84820913190854308
  0.85578611914357905  0.86511758506547520  0.87762782628817670  0.89475523568004023
  0.91391520751459399  0.93206006623870519  0.94798172691418980  0.95991684758456286
  0.97126615011111683  0.98212569033791752  0.99115777881475697  1.00000000000000000
 -0.00000012866219465  0.00006763284658338  0.00051163205158232  0.00170961313336240
  0.00386962120009088  0.00640885190973230  0.00970203810241906  0.01380086789997591
  0.01796403920199679  0.02171798829719378  0.02557384639256578  0.03077626849409574
  0.03653877054469656  0.04252148490376136  0.04903215241264658  0.05547690688437718
  0.06161015262848544  0.06866545142357187  0.07714459915027438  0.08641912305990518
  0.09666870865069360  0.10820347969112833  0.11743900299518013  0.12557344701172291
  0.13320972606027007  0.14102158217307234  0.14962909142226488  0.16011510128510786
  0.17114569545839187  0.18141610805383496  0.19165289558229148  0.20365920175425745
  0.21623709510555128  0.22893043380876904  0.24197937807233605  0.25529000999359036
  0.26716987534010356  0.27935127068969789  0.29183742580046196  0.30394155484900182
  0.31770553578980149  0.33356204623697322  0.34879425629855504  0.36269088207614719
  0.37603493071756444  0.39172096063678180  0.40961087595094336  0.42652125674104036
  0.44082723110630473  0.45322204961101115  0.46451785922551059  0.47732665046149436
  0.48901285057012733  0.49730329948670565  0.50534493263812230  0.51280994684626335
  0.51963163627030862  0.52642506599683470  0.53346148171127050  0.54123287294197930
  0.54913106536836098  0.55712930697287499  0.56548655920837965  0.57403605569544935
  0.58214858022624061  0.59083261868681780  0.59997123986335255  0.60934052424751184
  0.62050433070970179  0.63181843101795121  0.64338854977295090  0.65477671111480584
  0.66624236905677992  0.67953548944552167  0.69312930697764341  0.70462521423951485
  0.71688813422134634  0.72936355894840488  0.74203840453347747  0.75521763260348440
  0.76989061018501326  0.78170702100574541  0.79338030788159775  0.80501238522328189
  0.81786305091665212  0.83142692293204012  0.84502397472657342  0.85864992230391535
  0.87125901117026805  0.88908087841446171  0.90717044654947743  0.92485029247408723
  0.94411172552882139  0.96269449437901233  0.98114365554043403  1.00000000000000000
 -0.00279650337295907  0.01495552622528390  0.02718374547463486  0.03816592030008692
  0.04671811451785440  0.05562225240893064  0.06559521068414195  0.07553228327912079
  0.08348601745632601  0.09160834014363799  0.09822336775691971  0.10339656070511656
  0.11361940400051312  0.12455502298037890  0.13960492280550976  0.16015763609557127
  0.17438057030309007  0.18407557790682400  0.19377695246988780  0.20285532745734788
  0.21209573431248538  0.22175290846677947  0.23166178182407918  0.24134337168292638
  0.25122646261406123  0.26076492623145481  0.26937036336569636  0.27858046698262973
  0.28915841292601763  0.29899120990804651  0.31022293114969524  0.32276841975128590
  0.33807877123736774  0.35437642432683258  0.36926233302364359  0.38276049208916912
  0.39543962247322584  0.40596348657599701  0.41335039445222083  0.42039048110455829
  0.42870414167626514  0.43634740740059547  0.44484448998744591  0.45471516935850143
  0.46466282820506999  0.47494612006706111  0.48551431291193314  0.49695395178719742
  0.51140312598241910  0.52560184009758970  0.53588285769108179  0.54492251905497957
  0.55295456577124447  0.56066611250107656  0.56854637611798275  0.58143782112717923
  0.59685053244875641  0.61134762581744884  0.62578974518524388  0.64186706732847820
  0.65672468733833234  0.66850329260769636  0.67937777583053338  0.69048740236212125
  0.70079941347811425  0.71064449116115436  0.72102488057383252  0.73079151036792755
  0.73768806705612333  0.74500470616743131  0.75243762055529018  0.76064439499326686
  0.76920315002589812  0.77641273589437421  0.78262507183625907  0.78931584170799818
  0.80027468936224722  0.81241762631958703  0.82265111030393379  0.83250228478745880
  0.84309838495610279  0.85498667216565927  0.86930664558130633  0.88092700775453847
  0.89220855770507435  0.90307004389322865  0.91352284717048793  0.92325483397520036
  0.93246201179531008  0.94319118676928249  0.95293847807941889  0.96225078550739218
  0.97125162885779837  0.98018225373902801  0.98981686517336109  1.00000000000000000
 -0.00252373219235569  0.00966003776066007  0.01929317104832174  0.02826340300385141
  0.03839179371910697  0.05097738663109591  0.06482721791966509  0.07681234465076638
  0.08878134428261686  0.10167630083118855  0.11551412402432311  0.13122177299467278
  0.14757837225359313  0.16320480212191857  0.17474325451701964  0.18692636477347374
  0.20120927626685317  0.21426279884783553  0.22430068096424344  0.23237047350701537
  0.24024246561854212  0.24841893615516369  0.25906657737563143  0.27204375243588441
  0.28401452555700080  0.29383225649742306  0.30070999131269305  0.30775275761258014
  0.31482062916370995  0.32310449078257614  0.33244595649952119  0.34108973855018587
  0.34935048845690447  0.35947091521601315  0.37044476345820898  0.38031393778017525
  0.39067204138624656  0.40072561946311741  0.41030959700367936  0.42116100320607996
  0.43169811555959609  0.44019538247004114  0.44816439241681666  0.45651686788531226
  0.46518136122422982  0.47437790012547493  0.48516635113358553  0.50129623896423370
  0.51887936082586383  0.53350852065428400  0.54553496285990133  0.55492055381789718
  0.56353583873629121  0.57267629192053837  0.58313758462868681  0.59494100689185259
  0.60749800154402323  0.62118250578017009  0.63337413517974406  0.64468985015486835
  0.65770641059304669  0.67247541366908303  0.68440014176401576  0.69297856032164074
  0.70086729148534943  0.70838892482142246  0.71637094408669821  0.73250734995012601
  0.74800667687332900  0.75961913833089478  0.77036219630532854  0.77844714014587879
  0.78617259135632633  0.79411052287553630  0.80260019500385005  0.81155366834762555
  0.81984954242849728  0.82786666883668647  0.83470429521369249  0.83838017808135890
  0.84345727481921651  0.84947688581481362  0.85789846644680678  0.86621489670893137
  0.87315581497609940  0.87938193487058136  0.88512222032388244  0.89100072935838714
  0.90042474418283236  0.91570285293334641  0.93070132827856866  0.94344803236352304
  0.95592701052504381  0.96946308559790162  0.98427759776725754  1.00000000000000000
 -0.00165259194902807  0.00692561077192644  0.01724782189114755  0.02808645665274664
  0.03769038556553617  0.04560481140755263  0.05282205490562466  0.05947640842214320
  0.06633678632467667  0.07416823513447499  0.08340049716033292  0.09123011850142498
  0.09868415593194577  0.10651165746682922  0.11479259996026464  0.12666130556964725
  0.13680823791528482  0.14770281664143889  0.15924775034963737  0.17152945666350286
  0.18880866468366295  0.20667482443857346  0.21544321043149836  0.22263484590521718
  0.22976288404631037  0.23693458017492003  0.24352190760121414  0.24978848671360065
  0.25663475127140561  0.26339754918434849  0.26833199824790038  0.27466264018888648
  0.28541217479261982  0.29628254868353876  0.30597461999052372  0.31620364359776804
  0.32700342251638737  0.33786218369138865  0.34823380565155221  0.36098176352821087
  0.37561805774713752  0.39163598865266808  0.40852361176744106  0.42140301183388995
  0.43106654597195798  0.43951553748162697  0.44833689670168253  0.46149062817718423
  0.47700610476068150  0.48818512657375557  0.49653219984267344  0.50513172731919498
  0.51419566027977592  0.52722844480358488  0.53769776117359591  0.54811747352224027
  0.55978891837203748  0.57132930176905916  0.58183613406726775  0.59104748445775912
  0.60035695103012354  0.60992153949585537  0.62007552051989179  0.62979206468342397
  0.63734263572869021  0.64541651729240312  0.66043929318625394  0.67730821019640319
  0.69111857657611198  0.70375749196737569  0.71579567806427447  0.72757584777613271
  0.73734784479791882  0.74872388119009681  0.75682626899820948  0.76418373335577372
  0.77204109336763316  0.78141885730825977  0.79137211947098451  0.80256967753202624
  0.81486610940618820  0.82656678025446417  0.83806593986824329  0.84706093416087747
  0.85372408333403471  0.86048521869493499  0.86768653981243959  0.87471210882847417
  0.88468961062226548  0.89865520370002794  0.91227105849881240  0.92668235972851409
  0.94256164631997941  0.96060226875020616  0.97990203373672402  1.00000000000000000
 -0.00490296536146295  0.01008325314345762  0.02380982261194199  0.03483559744116514
  0.03657696673069322  0.03831833602022131  0.04183647358196062  0.04551098483648637
  0.04959501085712909  0.05365839776672852  0.05746329644216861  0.06165171666680638
  0.06711672803364988  0.07390734314546434  0.08010863360736861  0.08563311574545686
  0.09058430698052923  0.09526189977088168  0.09966367608977887  0.10394932797728972
  0.10882169437660881  0.11456946413340807  0.12060923807927301  0.12653228383792736
  0.13237109470664885  0.13828566995941197  0.14328144182785005  0.14843282824894238
  0.15427696318153161  0.16030487858106418  0.16619928390844252  0.17085502348535178
  0.17483486856517250  0.17896313799508232  0.18318996887510972  0.18779147459293061
  0.19116924517440362  0.19520229060254718  0.19940047766686711  0.20393582484687436
  0.20906600799091005  0.21400714897976048  0.21593019623551979  0.21815073919336900
  0.22028912936377959  0.22262545022134597  0.22763248315347193  0.23263682680675554
  0.23796487387707591  0.24334047730653879  0.24818097218875887  0.25415998909396031
  0.26195931185210686  0.27094476838921649  0.28028674696532768  0.28822225691556469
  0.29544213812127035  0.30320498039380839  0.31153162711982485  0.31954386771564519
  0.32762360586444889  0.33580327273935184  0.34436785428244771  0.35388487842883609
  0.36355106211135246  0.37357815056523719  0.38305058724424501  0.39556987658628823
  0.40808228885169129  0.42065753647455212  0.43346015046247577  0.44534530921147075
  0.45436905138646372  0.46348050784412786  0.47290269331879325  0.48133758681755029
  0.49198811634192746  0.50781607755660130  0.52534319909537119  0.54215679292899799
  0.55811284689176666  0.57462481676472288  0.59036156222332448  0.60675767451774665
  0.62498871468906703  0.64841646682091314  0.66468929182161851  0.68204547531313353
  0.70192540097343914  0.72477021050230539  0.74832568223805285  0.77984919959335730
  0.82127957276489949  0.84968591793901793  0.89470337065786498  1.00000000000000000
 -0.00265521541466087  0.01332101901514348  0.02621579973131532  0.03583621414043051
  0.04396512568331423  0.05207712402471208  0.05968885123832077  0.06779506546208526
  0.07672084173128670  0.08833310394083804  0.09938217086242693  0.10887301169388400
  0.11743791967688909  0.12657113838276465  0.13647962887236464  0.14668008828983378
  0.15757054414740040  0.16891497016998791  0.17895248914694015  0.18837387671850206
  0.19606104072008573  0.20336918924048028  0.21031164834339869  0.21787674891676848
  0.22581194103605667  0.23518717154296379  0.24525179220899376  0.25497792111683903
  0.27018949840792028  0.28343907733882051  0.29650101250519328  0.30812981883528384
  0.31905142968633854  0.33084171855652139  0.34506630706251518  0.36395496379475889
  0.38078360579052223  0.39590097099472488  0.40802555025467729  0.41879287160793571
  0.42999208875073464  0.43980251301292361  0.44636314272170857  0.45520935375615268
  0.46409337934088762  0.47174056900424871  0.47864023320382898  0.48381125040536616
  0.48882249252650301  0.49430615443269310  0.50199107256141240  0.51361718380319332
  0.52796275106350199  0.54115780147363135  0.55625591424955956  0.57090944739823590
  0.58451140101401844  0.59563991980205266  0.60490951872969723  0.61196587493023247
  0.61928600955515334  0.62619874819756927  0.63161411795080036  0.64095747289816019
  0.65123114117870151  0.66393907348466297  0.67826504750281136  0.69373185264130266
  0.70758508663491626  0.71919773657490726  0.73010532901494984  0.74090458510776180
  0.75335055979728216  0.76807983033734151  0.78362661324257110  0.79702909969680746
  0.80831687429119281  0.81792669187872069  0.82695715653352986  0.83579122860799704
  0.84438341378373039  0.85333043772055328  0.86440423560022561  0.87708264065978192
  0.88883715291250465  0.89946870227164455  0.91026286884653063  0.92167313220005342
  0.93565104426362922  0.94654802146074313  0.95560075377812126  0.96317078147909874
  0.97063949850650411  0.98008813767769742  0.99013980269511037  1.00000000000000000
  0.64449181792791033  0.67665765457905147  0.70106024803508860  0.72404888675459400
  0.74343474791078756  0.76115805151333182  0.77564320259927810  0.78952840806297553
  0.80151034934605070  0.81243880390349987  0.82270766538984375  0.83383874761399568
  0.84454026198196464  0.85299117607856867  0.86111744410528834  0.86954614415365805
  0.87755693301257409  0.88297426158392001  0.88824496842653378  0.89294529961144931
  0.89698888181991365  0.90058022752616718  0.90467175576857817  0.90841792872439386
  0.91213115160166758  0.91581711966821766  0.91839920942158337  0.92053212948426433
  0.92274491676383785  0.92516292427701874  0.92754428007317602  0.92947038309062779
  0.93132606263620332  0.93332138991825842  0.93544881848627304  0.93726547630147206
  0.93903800272881466  0.94090213139862255  0.94271878734112879  0.94424361973960991
  0.94562175234314261  0.94703490042947336  0.94852954137747614  0.94988216476697684
  0.95107524484496420  0.95223598908768659  0.95328207688706879  0.95428371515584509
  0.95524191600385422  0.95611812787716421  0.95699239904596178  0.95788172790176629
  0.95876468511103596  0.95964023954798949  0.96043786502689543  0.96119132805473195
  0.96192231999973299  0.96264555860566847  0.96326815578683289  0.96387464592263494
  0.96445959534666181  0.96499808484051708  0.96552208860864919  0.96606832981261970
  0.96660429989669849  0.96713296747060817  0.96765821008989084  0.96814384571915191
  0.96855250009092375  0.96890732069386210  0.96925073104717285  0.96959145442172545
  0.96992978010535447  0.97036738995608807  0.97087274793744427  0.97979064646652736
  0.98058957022758908  0.98133187505818198  0.98191679785378005  0.98250172064937813
  0.98305212714623202  0.98358976216575500  0.98412739718527797  0.98468120233624479
  0.98523546762784475  0.98590862019737135  0.98663459557078903  0.98748282368170237
  0.98835828724076669  0.98929079333327996  0.99029908656840437  0.99136794181424648
  0.99278296183986559  0.99445203154226869  0.99622167832433606  1.00000000000000000
  0.01802821684108936  0.12076219588290683  0.17470138708030508  0.19162862916439069
  0.20206463442277078  0.21241943027436688  0.22155659130275598  0.22791991213806762
  0.23272356191981469  0.23732153136069958  0.24308290019540091  0.25259173039068356
  0.26301275211227165  0.27013906997592507  0.27614141191880076  0.28143091904185868
  0.28607165797640660  0.29061137352288458  0.29661141996537982  0.30276907885007570
  0.30790009183575279  0.31488658790201396  0.32054936128174955  0.32607883730551956
  0.33320398316487898  0.34023774865163192  0.34547882866143409  0.35179744156278947
  0.36030966984788293  0.36808054605121321  0.37466330978363599  0.38011256471188742
  0.38553729910832868  0.39209092444845656  0.39902705986570053  0.40646403894513955
  0.41328646355430015  0.41936579181342065  0.42600678675764170  0.43290873786015044
  0.43910284685066375  0.44535825249056710  0.45195771232188736  0.45760620624201820
  0.46326023683691497  0.46894954934496136  0.47436773967466084  0.47983337167516998
  0.48584319454921854  0.49267448030763977  0.49955369622361434  0.50646328919582040
  0.51300397876064496  0.51955690613416516  0.52622239521248459  0.53274338017939826
  0.53993817535454713  0.54557638299833922  0.55063663879543634  0.55538150718670876
  0.55992650715505832  0.56504149909958135  0.57196311040917092  0.57994107686953988
  0.58781462465068413  0.59391575950104158  0.59801607177860472  0.60217873285760493
  0.60661169064573328  0.61144245464322711  0.61685395992299219  0.62303176965777429
  0.62708673206645305  0.63072600648278176  0.63473638014123257  0.63844485487072367
  0.64232486569785241  0.64679786846579546  0.65205324940450993  0.65687665606543566
  0.66095066710586736  0.66487327588086675  0.66891513450684115  0.67365880694054114
  0.67883706993318638  0.68480901448728204  0.69283358028697095  0.70301120774650783
  0.71430119222218946  0.72710488911449056  0.74008942005877998  0.75387915892137658
  0.76690671116119202  0.78368303798615302  0.95288620086845821  1.00000000000000000
   1.3879283282372820E-031  -1.0000000000000000     
 T F T F T F T F F F F F F F F F T F T F T F T F T F F F T F T F T F T F T F T F T F T F T F T F T F T F T F T F T F T F T F T F T F T F T F T F F F F F F F F F T F T F T F T F T F F F T F T F T F T F T F T F T F T F T F T F T F T F T F T F T F T F T F T F
  <DiscreteSampler_grid>
  grouped_processes
  1 # 1 for a reference and 2 for a running grid.
  10 # Attribute 'min_bin_probing_points' of the grid.
  1 # Attribute 'grid_mode' of the grid. 1=='default',2=='initialization'
  0.0000000000000000 # Attribute 'small_contrib_threshold' of the grid.
  0.5000000000000000 # Attribute 'damping_power' of the grid.
 # binID   n_entries weight   weight_sqr   abs_weight
    13   10   1.074275050830866E-023   7.956097467884498E-046   1.074275050830866E-023
    14   10   1.074275050830781E-023   7.956097467882997E-046   1.074275050830781E-023
    16   10   4.050373765550365E-024   4.982315617724612E-047   4.050373765550365E-024
    17   10   4.050373765551899E-024   4.982315617729640E-047   4.050373765551899E-024
  </DiscreteSampler_grid>
