  0.00000000005615584  0.00000000013229788  0.00000000019528525  0.00000000025664840
  0.00000000031966730  0.00000000038777226  0.00000000046083250  0.00000000053876909
  0.00000000061849047  0.00000000070108837  0.00000000078250147  0.00000000087076601
  0.00000000096255917  0.00000000105816658  0.00000000116177932  0.00000000126102652
  0.00000000136167751  0.00000000146739335  0.00000000157436709  0.00000000168051236
  0.00000000179381589  0.00000000191474294  0.00000000203514111  0.00000000215337385
  0.00000000227429562  0.00000000239993572  0.00000000252800275  0.00000000265267317
  0.00000000277507696  0.00000000289416360  0.00000000301624664  0.00000000314536887
  0.00000000327594501  0.00000000340577948  0.00000000353275426  0.00000000365882980
  0.00000000378486779  0.00000000391333864  0.00000000404869183  0.00000000419192577
  0.00000000433993167  0.00000000449098578  0.00000000463790523  0.00000000478856775
  0.00000000493984246  0.00000000509098303  0.00000000525724236  0.00000000541933491
  0.00000000557808211  0.00000000573660171  0.00000000589589739  0.00000000605542311
  0.00000000621303747  0.00000000637108317  0.00000000652969608  0.00000000669031781
  0.00000000686307240  0.00000000704367781  0.00000000723147600  0.00000000742039277
  0.00000000761430691  0.00000000781424479  0.00000000801244529  0.00000000821079432
  0.00000000841770980  0.00000000863342575  0.00000000885286585  0.00000000908097833
  0.00000000930746217  0.00000000953467686  0.00000000975814246  0.00000000998764139
  0.00000001022384172  0.00000001046837052  0.00000001072151470  0.00000001097769337
  0.00000001123384217  0.00000001150477543  0.00000001178424851  0.00000001216210626
  0.00000001253896236  0.00000001290829461  0.00000001328067326  0.00000001366477928
  0.00000001407647707  0.00000001451238779  0.00000001494819953  0.00000001542360945
  0.00000001603374768  0.00000001673000983  0.00000001746641639  0.00000001829500847
  0.00000001933479709  0.00000002062489029  0.00000002125399287  1.00000000000000000
  0.00953672329753938  0.01549292848485340  0.02518354830042015  0.03599940493714692
  0.04710639043927414  0.05834844534256158  0.06963634604953944  0.08073361133486225
  0.09142320645597014  0.10211164631642773  0.11251538660605923  0.12302202389473310
  0.13399194742001522  0.14535186566808320  0.15693305248674227  0.16851315059366567
  0.18002445521382598  0.19116586336972058  0.20147862165840380  0.21127531493228924
  0.22076884174880837  0.23044733685639079  0.24034588341268920  0.25055217864009605
  0.26134847898839736  0.27247789567958236  0.28366305057810121  0.29417783789958279
  0.30396742994660902  0.31390428893436900  0.32428168811167357  0.33490545627751084
  0.34543708068517132  0.35567365277836588  0.36586037114690972  0.37595872060959523
  0.38619538701280837  0.39668625050732315  0.40734302439547548  0.41792884028367544
  0.42843306625611893  0.43908608015914263  0.44983594764993223  0.46032525649126804
  0.47037432351181441  0.48017910938414626  0.48995302071078656  0.49975696120773488
  0.50932937620696528  0.51855421148537739  0.52824415205686559  0.53806830819743723
  0.54837788043306235  0.55873593493369622  0.56932137992480036  0.58013937160032891
  0.59108079341383446  0.60255201536512126  0.61463201461223727  0.62626085219107341
  0.63736457696326665  0.64813901903475990  0.65847811284652236  0.66896125499202519
  0.67913242195756252  0.68939237047983826  0.69973216501201196  0.71001746587228398
  0.71978044949893061  0.72896588863842970  0.73803080775881269  0.74704394391221940
  0.75604687561131356  0.76521886029291475  0.77529642184365810  0.78637709667372202
  0.79781005720702036  0.80910891714816469  0.81976356183180177  0.82991371389429869
  0.84010496435221649  0.85068787032998627  0.86142373479990597  0.87203062503162165
  0.88256287214212714  0.89269830438669107  0.90234554647083087  0.91195700285449666
  0.92217779846817594  0.93298447217549718  0.94360296894545515  0.95412630475192917
  0.96517697758091003  0.97657101069643504  0.98815834842379391  1.00000000000000000
 -0.00235547995757530  0.00923525878897856  0.01905264573731855  0.02919841418282628
  0.03910883165779398  0.04960043318454954  0.06049383075727391  0.07127103734307924
  0.08191433180902800  0.09261685756673901  0.10302554255363949  0.11357323574810599
  0.12385208477226324  0.13433904761809973  0.14528042483972561  0.15667300367943510
  0.16791669288962668  0.17832825515972150  0.18844116275355274  0.19838716281397442
  0.20850988467559872  0.21860210602488361  0.22927650967513158  0.24014085382046102
  0.25175479530486522  0.26365206515027229  0.27494146902006950  0.28504080650562241
  0.29510912878226547  0.30548726188580039  0.31567579188293948  0.32526454832904650
  0.33463626638204963  0.34417353922873084  0.35385433286513623  0.36325016104439473
  0.37265884352180279  0.38302235298166926  0.39443533614419835  0.40616255412810215
  0.41764805667528559  0.42845334118756934  0.43878039807052832  0.44903634213244242
  0.45940676116213919  0.47006168471937038  0.48068399277995560  0.49110411177902541
  0.50153794323844569  0.51226579585365684  0.52274485543334481  0.53330900491350330
  0.54360046450590938  0.55397290191221471  0.56478445031344082  0.57598676033869001
  0.58688763256439025  0.59733413343709862  0.60771434191222662  0.61816535814710538
  0.62816038785611261  0.63753790623581663  0.64722679863719446  0.65748627810218141
  0.66802138368196773  0.67870804402629747  0.68992600172626861  0.70162124897761169
  0.71261505843198092  0.72302564282123361  0.73342027652605102  0.74393621957255374
  0.75461838276675097  0.76555377770713928  0.77653409098072990  0.78746697184766012
  0.79849361316134315  0.80967829838710781  0.82091596651270182  0.83168050481133571
  0.84208282318104710  0.85209680007392419  0.86212052115858162  0.87216139284151206
  0.88224037370149888  0.89242198285354224  0.90268986224311321  0.91299542520452059
  0.92367308711348228  0.93487917594517655  0.94607298634140402  0.95720707843862318
  0.96817178663342951  0.97896427372191652  0.98940560024632107  1.00000000000000000
 -0.00207757711664467  0.00816501858718072  0.01785995119968687  0.02797695206652102
  0.03861919355918628  0.05029768764401667  0.06215993593318593  0.07360066060045059
  0.08488403192162683  0.09607059894491210  0.10733165792430197  0.11717959448341145
  0.12688835797504039  0.13619279120197569  0.14578050934138631  0.15502460681446512
  0.16459145198837483  0.17548570705789393  0.18666377678496890  0.19786598657758470
  0.20922219467197276  0.22089441874481724  0.23253671945104323  0.24343895284152292
  0.25395088842607455  0.26413001856761081  0.27428564752013729  0.28467540936739583
  0.29542098060495126  0.30643166241963971  0.31765101263140111  0.32888563388977488
  0.34001162023276243  0.35096888040642765  0.36224312425713578  0.37371099678424530
  0.38485979101262907  0.39593411566947806  0.40693341050613835  0.41808398301416178
  0.42866953222181486  0.43934982688955315  0.44958205890078923  0.46007660128251865
  0.46979916743975275  0.47928569153236084  0.48931765563078422  0.50000776358573196
  0.51137473167161718  0.52239410631162508  0.53297102661844198  0.54328837516038586
  0.55376429210989053  0.56372306844187237  0.57378836000413291  0.58382475462604233
  0.59437672773525996  0.60500465357343103  0.61573544742447239  0.62661090975781586
  0.63812648539811245  0.64971556236111883  0.66082275601895313  0.67156844652189052
  0.68231916068555631  0.69330483986697533  0.70402033022584909  0.71423364529285271
  0.72428481251263932  0.73418390919043419  0.74428975540476794  0.75405805664211001
  0.76388529072902056  0.77374730574346062  0.78368250463487721  0.79330723926332580
  0.80303034568018350  0.81287507224957489  0.82253765994177575  0.83217113903364537
  0.84180501417460873  0.85244099878893920  0.86352114993601325  0.87437164993970529
  0.88420138138518822  0.89401970741969561  0.90396406104034643  0.91391921173051038
  0.92374288113430669  0.93384326723008049  0.94493280593342643  0.95678643761140270
  0.96820593978093439  0.97924946116651501  0.98979161250359959  1.00000000000000000
 -0.00211849332706783  0.00969012924809838  0.02032185849449977  0.03094580816156803
  0.04182292706947600  0.05202735284345140  0.06239532731042467  0.07281833652503893
  0.08359744562113261  0.09427526163540971  0.10527430142657683  0.11607428620509871
  0.12691270715409561  0.13793052483347196  0.14980631494886595  0.16196036551885343
  0.17313866458926380  0.18426327535885731  0.19461599082926434  0.20492091466360593
  0.21436450291606635  0.22424664355240281  0.23452429313380149  0.24533356269788248
  0.25574366708562069  0.26586710627964205  0.27582466315255860  0.28626085250271277
  0.29745619034299836  0.30891485334732621  0.31992983639974493  0.33024398469731281
  0.33999631874757463  0.34969927089981256  0.35975177246817258  0.37002695075246672
  0.38030407038581360  0.39050240977707112  0.40074957698399044  0.41095633864962400
  0.42102519158084495  0.43110172855027357  0.44154609935272171  0.45240249806517191
  0.46356175960440177  0.47479140727891578  0.48607508869084043  0.49711686514618625
  0.50767323517805707  0.51774559845123458  0.52751740939935376  0.53714163876932308
  0.54662274933675281  0.55590553967771905  0.56527318727719622  0.57477923573072387
  0.58482243675811585  0.59571808465141696  0.60681446591086219  0.61789788486123354
  0.62879370343900021  0.63984902808480104  0.65004772561050006  0.65965631313717066
  0.66910485457239266  0.67888259337268697  0.68858706347211041  0.69835435500133503
  0.70796070967421776  0.71779820868103739  0.72748697240144189  0.73757295199240247
  0.74783498038586438  0.75848678806968339  0.76926396490436810  0.78006450196140076
  0.79038904354304340  0.80040307112817277  0.81058558591702135  0.82101714549206806
  0.83150335899612371  0.84197777164448095  0.85211616659098044  0.86235685341101265
  0.87278988431807680  0.88331563183734663  0.89448905620733021  0.90667653501507706
  0.91967917816501421  0.93239067713122037  0.94419016729668881  0.95537099163546790
  0.96624392706063011  0.97697113117097145  0.98831955181553044  1.00000000000000000
 -0.00219034813654148  0.00967581285736414  0.01933295506982144  0.02951897705185026
  0.03998005395935291  0.05078696112960535  0.06209306186223909  0.07325629214636822
  0.08410531976995708  0.09501328931644892  0.10577105867716015  0.11684348212625113
  0.12752040099585854  0.13838843120773611  0.14952289982617589  0.16004711758122847
  0.17007976547444592  0.18029911362262355  0.19100335108644262  0.20232892145866380
  0.21341122776313526  0.22422222455288521  0.23482182054391762  0.24563983261804850
  0.25616277541063065  0.26656257737859956  0.27667284788010499  0.28702402656125142
  0.29764734284969580  0.30832465677563448  0.31866459601365327  0.32855034294269253
  0.33832848124157555  0.34860046247187076  0.35928875404935812  0.37034755328850655
  0.38133341933942927  0.39232504986633215  0.40322724680943334  0.41387372975075282
  0.42432065990751860  0.43473533291683714  0.44537828342839708  0.45611393712479070
  0.46674751054784791  0.47716036607646856  0.48719454335387041  0.49691060187760477
  0.50637327049778691  0.51575869366138605  0.52525781660666027  0.53495015777957178
  0.54497420662917118  0.55508046499572505  0.56567895526267908  0.57666234129576421
  0.58806555386719728  0.59981027887708682  0.61130185815434590  0.62285033077720153
  0.63449456778505930  0.64563096867902825  0.65626260640061029  0.66688240871185367
  0.67765890064710610  0.68889046775830398  0.69979447137745410  0.71062154760606189
  0.72076619193233993  0.73056829863043926  0.74048538424269239  0.75046165522871411
  0.76052315469895115  0.77080474047271597  0.78147648460200836  0.79240862128505996
  0.80323260984696210  0.81375155213057271  0.82347012061817559  0.83313445138960951
  0.84262082908413938  0.85208050108203504  0.86160243891022714  0.87152821854460572
  0.88239070866403102  0.89370866505233659  0.90484574690880148  0.91623577249722721
  0.92780950102666304  0.93928399146730401  0.94977823748934442  0.95954482919122008
  0.96937972229190428  0.97878235060003138  0.98947998057546949  1.00000000000000000
  0.01443249189623074  0.01606489367911436  0.01973591740161116  0.02370977995387429
  0.02935215174585734  0.03461010400782451  0.03997191789054567  0.04550663243718053
  0.05115585459566695  0.05691215801736291  0.06251705945348893  0.06807937084859150
  0.07347940256469335  0.07888519909352432  0.08413122219528707  0.08934403014827071
  0.09467176813370666  0.10002237426237572  0.10548764659356104  0.11169346065006840
  0.11760800812995152  0.12345990321840297  0.12905089164752551  0.13446137170384764
  0.14006078848250228  0.14581658540126491  0.15173095637028483  0.15782908222078890
  0.16397439714823062  0.17000886905708792  0.17589153096676771  0.18145555127724267
  0.18705773675099482  0.19273266826109384  0.19895577082946911  0.20536512452051256
  0.21167327085764862  0.21780004428666383  0.22389674107135210  0.23038950297746469
  0.23726629794245524  0.24418773911818281  0.25100753715653440  0.25776411411732064
  0.26457684763040468  0.27156216766681013  0.27869915630109088  0.28597628521300456
  0.29348639400369769  0.30104184741206630  0.30849423633431083  0.31594055028173262
  0.32344375535179648  0.33085283634950635  0.33796138894174127  0.34511531619568747
  0.35238384671773676  0.35993593149043640  0.36777918355744538  0.37567477509620573
  0.38385253785777051  0.39198418179268163  0.40070459900927435  0.40960644934622475
  0.41855537636849488  0.42757346891243858  0.43678532841870615  0.44608252855845149
  0.45535037976037535  0.46494077779602300  0.47468891515147321  0.48436207340616133
  0.49418556275581843  0.50443178202807126  0.51543915646427985  0.52692751640390767
  0.53838984741338924  0.55009768948552518  0.56236883566760854  0.57502162707097626
  0.58727358686083542  0.59966456960245529  0.61278163743345759  0.62654739659584380
  0.64149272920944633  0.65728570464946046  0.67368443665745670  0.69111797642148876
  0.71033411999583607  0.73135229461845974  0.75428952704161967  0.77936523714543982
  0.81004569933257420  0.84839240029249074  0.90038335498747257  1.00000000000000000
 -0.00243390592669871  0.01028474176056197  0.02098986441204606  0.03047846511067839
  0.03983356630398306  0.04905535409399379  0.05847782542298805  0.06794985463279261
  0.07776767046233614  0.08787750942086034  0.09844192851333423  0.10884515468025156
  0.11936747586733119  0.12984409152626475  0.14056553932764981  0.15126456895448998
  0.16173298915425380  0.17245739916751318  0.18354680577266580  0.19486823018174543
  0.20588741272229677  0.21657209967210012  0.22701522321207968  0.23720536735103495
  0.24740826876829178  0.25800549942913242  0.26899030926683509  0.28029440265459815
  0.29146889958364414  0.30209392067602076  0.31220762907358213  0.32249843236939241
  0.33311042080742947  0.34416823973697197  0.35529407523860695  0.36658354927796388
  0.37769745839858559  0.38881131529590390  0.39980529223752126  0.41083364512371778
  0.42150230889027013  0.43191162143003797  0.44193071790649163  0.45152241608998345
  0.46116533095687584  0.47098473875179742  0.48107874584591237  0.49155490855388045
  0.50196083190783714  0.51224493100700985  0.52223716506573803  0.53211243738768588
  0.54181414523562643  0.55138307349699311  0.56123234990595172  0.57164328643615914
  0.58277030967267496  0.59428359254505159  0.60550049435839415  0.61602012583327637
  0.62596545709523943  0.63592035566799343  0.64652465222408739  0.65698184471482501
  0.66681114435266631  0.67662910051875613  0.68643618232682879  0.69677354628265820
  0.70727929401249390  0.71921849551894401  0.73063055874813077  0.74153815528996181
  0.75248805852555345  0.76417684431976174  0.77550654051627621  0.78635074624958534
  0.79648388908479861  0.80631811897350525  0.81624904067982162  0.82704239657277823
  0.83856405948347224  0.85037568466622582  0.86230789736724323  0.87393222337992804
  0.88551413634517973  0.89682677341127937  0.90774494817676721  0.91814099229357338
  0.92854634736539088  0.93893656404965242  0.94904356728902528  0.95915935240056738
  0.96925799203905283  0.97948752359579583  0.98950111430859966  1.00000000000000000
  0.02464752244433331  0.03195707913620954  0.04087957737771712  0.05013159256135696
  0.05963049523430532  0.06890253564718993  0.07788181541488014  0.08670909632468922
  0.09577302970018416  0.10523200566453733  0.11509696606360852  0.12529960410863752
  0.13575398425005539  0.14620028643064245  0.15686058560556404  0.16752573948741198
  0.17815399608641583  0.18861452385062255  0.19877954482141796  0.20883156090444630
  0.21899570273258231  0.22925008301170774  0.23969091537445558  0.25033406939210967
  0.26101598743261695  0.27182073880443469  0.28266096250715389  0.29361358354033401
  0.30412668973971985  0.31376176963150237  0.32276471148952618  0.33168688783594569
  0.34100284590690394  0.35059354404674603  0.36028419067227885  0.37006397852742806
  0.38015649974272586  0.39077186304011063  0.40151237328183376  0.41195988752249735
  0.42219889525273013  0.43270465968951788  0.44310923749130393  0.45293175007830128
  0.46244346349455578  0.47196808363057913  0.48159721610139028  0.49101003278923522
  0.50052478306293180  0.51022924861285679  0.52036882245992189  0.53057847452082640
  0.54061544873017686  0.55038032127385905  0.56016193987422358  0.56997707844355372
  0.57982233424014185  0.58965199767448828  0.59962153224457959  0.61011783292136779
  0.62071840206673001  0.63036953618719160  0.63950187829563776  0.64844933320645270
  0.65801231454881426  0.66695024041612128  0.67644722620359021  0.68581039983732983
  0.69620717397655529  0.70707345469622007  0.71789549657640295  0.72920150376638559
  0.73976351407338126  0.75029342373501051  0.76059905950955609  0.77117117417475556
  0.78126916360340504  0.79117413314655938  0.80136769478912373  0.81186524240273550
  0.82256320269453420  0.83352969476250804  0.84466842930393116  0.85552502580334022
  0.86585931198952437  0.87627859579246170  0.88731898070793558  0.89870736305084609
  0.91048420072647240  0.92232167260732878  0.93408321129167338  0.94522529825197033
  0.95571185423685556  0.96571665260222039  0.97088011614012626  1.00000000000000000
  0.07631226035878455  0.13687826887278340  0.15605777365604073  0.17191545774547951
  0.18576500481393957  0.19761531253902029  0.20862277541185154  0.21829138731050235
  0.22822641034283600  0.23798905662437858  0.24768766711673648  0.25712556914420132
  0.26634438351389844  0.27522687394629514  0.28371280499909529  0.29201890034082961
  0.30007862635889376  0.30788640485763896  0.31569656321965167  0.32370684374832859
  0.33179649552039397  0.33970633433297992  0.34743813492842029  0.35491020772233473
  0.36192277239455856  0.36862895400884971  0.37528818283756549  0.38191805621771541
  0.38839409283934812  0.39475442056426308  0.40103075515631093  0.40741457749948973
  0.41381607362282063  0.42028135293662422  0.42664647136757577  0.43299302917781662
  0.43933932162109329  0.44560871805701890  0.45174353981258836  0.45777475984311988
  0.46383679525034532  0.47008797053021101  0.47660122925947507  0.48335180749234147
  0.48986194355106544  0.49611828110455491  0.50179302717162200  0.50743949071116956
  0.51322999954397808  0.51928395096520263  0.52562209038877494  0.53204688143821655
  0.53825454060258082  0.54426173752508422  0.54977984016507708  0.55541112188470809
  0.56115036525640827  0.56671219230020919  0.57205894776432986  0.57733108191744098
  0.58259801256823429  0.58790051277669886  0.59333021077320336  0.59872039936529919
  0.60416890117975497  0.60954306630083188  0.61489384237592160  0.62005428562625942
  0.62510488800291364  0.63024755797829024  0.63530673925526526  0.64049767985116468
  0.64567399026293826  0.65083261339928045  0.65605468423230884  0.66139500969850051
  0.66695988007230467  0.67289053927161757  0.67911819434747389  0.68523323412876047
  0.69115880692065812  0.69710518772332364  0.70293472988143590  0.70962232707350592
  0.71663945370016813  0.72374727710212228  0.73072603922462676  0.73785031626067576
  0.74571066889933812  0.75455329631732915  0.76420649034502108  0.77354230125328094
  0.78400088984581040  0.79802549747736473  0.81919379025668659  1.00000000000000000
   2.0158182921686616E-016  -1.0000000000000000     
 F F F F F F F F F F F F F F F F T F T F T F T F F F F F F F F F T F F F T F T F F F F F F F F F T F T F T F T F T F T F T F T F F F F F F F F F F F F F F F F F T F T F T F T F F F F F F F F F T F F F T F T F F F F F F F F F T F T F T F T F T F T F T F T F
  <DiscreteSampler_grid>
  grouped_processes
  1 # 1 for a reference and 2 for a running grid.
  10 # Attribute 'min_bin_probing_points' of the grid.
  1 # Attribute 'grid_mode' of the grid. 1=='default',2=='initialization'
  0.0000000000000000 # Attribute 'small_contrib_threshold' of the grid.
  0.5000000000000000 # Attribute 'damping_power' of the grid.
 # binID   n_entries weight   weight_sqr   abs_weight
    13   10   3.186993662389842E-007   2.232746089751918E-013   3.186993662389842E-007
    14   10   3.186993662389777E-007   2.232746089751827E-013   3.186993662389777E-007
    25   10   2.730746202029535E-007   1.451249275608414E-013   2.730746202029535E-007
    26   10   2.730746202028686E-007   1.451249275607287E-013   2.730746202028686E-007
  </DiscreteSampler_grid>
