  0.00000000025086961  0.00000000033566831  0.00000000041055301  0.00000000048980384
  0.00000000056891491  0.00000000065156632  0.00000000073619072  0.00000000082515182
  0.00000000091501130  0.00000000100781213  0.00000000110275574  0.00000000119833742
  0.00000000130163166  0.00000000140558554  0.00000000150387709  0.00000000159849015
  0.00000000170356319  0.00000000180967703  0.00000000191942136  0.00000000203150447
  0.00000000214991341  0.00000000227258204  0.00000000239443912  0.00000000251584923
  0.00000000263450406  0.00000000276131818  0.00000000289068489  0.00000000301610257
  0.00000000313761419  0.00000000325689413  0.00000000337448837  0.00000000350435286
  0.00000000364249320  0.00000000378228144  0.00000000392217645  0.00000000406174787
  0.00000000419985010  0.00000000433579577  0.00000000447266213  0.00000000461729846
  0.00000000477024728  0.00000000492479855  0.00000000507753347  0.00000000522740546
  0.00000000537433809  0.00000000551738335  0.00000000565912218  0.00000000581730973
  0.00000000598240751  0.00000000614568105  0.00000000630885698  0.00000000647266669
  0.00000000663892231  0.00000000680971851  0.00000000698358815  0.00000000715754604
  0.00000000733081005  0.00000000752352188  0.00000000772558279  0.00000000793104947
  0.00000000812991462  0.00000000833015072  0.00000000853546716  0.00000000874098540
  0.00000000894471490  0.00000000914958215  0.00000000935244008  0.00000000955749265
  0.00000000979841807  0.00000001004250754  0.00000001028706424  0.00000001053401442
  0.00000001078538279  0.00000001104243667  0.00000001130606301  0.00000001157027953
  0.00000001185051908  0.00000001212775877  0.00000001243952339  0.00000001277878837
  0.00000001312375533  0.00000001347970161  0.00000001385960728  0.00000001426489850
  0.00000001469234826  0.00000001513244969  0.00000001555390118  0.00000001604016842
  0.00000001662887399  0.00000001729835800  0.00000001807636152  0.00000001898888609
  0.00000002009262694  0.00000002212972789  0.00000002368858731  1.00000000000000000
  0.00937194825993808  0.01648157790451608  0.02623536428059707  0.03646963399572552
  0.04662014877672728  0.05682039668639381  0.06706986697570053  0.07696438770235745
  0.08708877208378521  0.09746662617320302  0.10793391885516014  0.11856620559575073
  0.12915272874171455  0.13962184278133488  0.15005675261670995  0.16029002177046284
  0.17080307189211688  0.18086672399030071  0.19065924409491847  0.19993163974085393
  0.20950482982249630  0.21981001374745918  0.23103612950502950  0.24244375956138792
  0.25401601170485477  0.26515987127188451  0.27665131204598881  0.28823895989046544
  0.29884973504534468  0.30952199879888226  0.32010919042065711  0.33092184589712892
  0.34124077860661151  0.35185809667645040  0.36266209779408787  0.37320679319846417
  0.38337361360564282  0.39352964072679536  0.40383440680351196  0.41460936320246111
  0.42569773354991258  0.43688482407155871  0.44788330657057895  0.45850477375023807
  0.46876023300299674  0.47891474828878827  0.48953355018525774  0.50039912623301408
  0.51109379611834260  0.52154491688384175  0.53195891388955352  0.54230862275740410
  0.55261446325326069  0.56295684731748108  0.57325450238015518  0.58370397235006488
  0.59402002420700861  0.60424217026527904  0.61438991051417602  0.62465345657123961
  0.63454417361275128  0.64408123578749099  0.65336378786888427  0.66270202237198184
  0.67198988346088639  0.68108894810741838  0.69049213527479780  0.70053533058134410
  0.71070020752041752  0.72087379960407039  0.73112843861225874  0.74171712104341525
  0.75257072966780880  0.76322354239789492  0.77379830598116417  0.78446648984850142
  0.79501362196625269  0.80506921016154154  0.81475376819890810  0.82434791411257091
  0.83407083428124118  0.84408676497764024  0.85444775975412568  0.86484941514997293
  0.87493247286295484  0.88500712402126591  0.89485161398094037  0.90493345048161555
  0.91515824910274490  0.92600466081811428  0.93739799928740652  0.94879932055792560
  0.95998976891313248  0.97023010307311164  0.98077014216706582  1.00000000000000000
 -0.00245335697434803  0.00929787206705423  0.01928615346895437  0.03078612191408486
  0.04192648676685416  0.05268896993085262  0.06336592011852146  0.07440165061943269
  0.08513744953015910  0.09567081247726911  0.10611497140510023  0.11740945612972868
  0.12859357482886549  0.13998461224404196  0.15108345871182105  0.16188534532410973
  0.17215339628085688  0.18229778828014762  0.19249763538941306  0.20269871767406930
  0.21301907079386745  0.22349346801442013  0.23429317402524483  0.24488865567149484
  0.25519551365225190  0.26545965567383695  0.27574306061358572  0.28652873753880409
  0.29729176985100919  0.30779965740850906  0.31809812732388559  0.32840423376749439
  0.33843166987700429  0.34800434906191119  0.35753779968535410  0.36718490123664926
  0.37700438430393118  0.38684429311273566  0.39668388891273870  0.40674670836035959
  0.41703776519076152  0.42739118894644446  0.43779321115711833  0.44842416263960744
  0.45931825006930377  0.47006091711002962  0.48061868867022972  0.49124789477527214
  0.50193487163796169  0.51271796318770357  0.52323007665894894  0.53384940889817278
  0.54446901412126225  0.55551160026891599  0.56668459205393518  0.57737314082325819
  0.58782577781763234  0.59812008834548736  0.60833978420521873  0.61840201597226829
  0.62877941363757350  0.63949876371518177  0.65031149530305632  0.66126979532658314
  0.67211693004221829  0.68267801850407217  0.69298930281088700  0.70331294725680638
  0.71418614470949771  0.72544460186948356  0.73685980325270872  0.74828535445736133
  0.75961161902770991  0.77043786517789736  0.78038696288052389  0.79045492016513319
  0.80080623692305442  0.81139387378015027  0.82152834465724500  0.83163741947552150
  0.84193930499584335  0.85267138165451850  0.86362026981787599  0.87491906704421529
  0.88627821686249353  0.89732752798757232  0.90800316664604752  0.91881107109503113
  0.92933675090283940  0.93969235219750957  0.94947443647442942  0.95960848607592963
  0.96975119092493844  0.98005536362167389  0.99006516342207496  1.00000000000000000
 -0.00249810980544599  0.01197890024506369  0.02351201554016499  0.03457260115231014
  0.04531711434939700  0.05629739691959008  0.06712884247004386  0.07785049298463603
  0.08841904843383583  0.09870744675209200  0.10866323690156358  0.11867059094757725
  0.12893550651580574  0.14009812721955803  0.15111275156260481  0.16221879924693819
  0.17324688765024224  0.18414482688384945  0.19427750399685287  0.20413176470088765
  0.21447382974989596  0.22539599038795324  0.23660039673218902  0.24785772179244875
  0.25943849322750867  0.27097484774146119  0.28165604869065908  0.29191946577091782
  0.30234390889394347  0.31288532024942139  0.32332681234151239  0.33376317104295805
  0.34453474829388142  0.35544971170512962  0.36637262757698652  0.37730439623658069
  0.38819960216496990  0.39897096041714375  0.40947986163368655  0.41970532132822791
  0.42984672930164497  0.44008794447588573  0.45036167835492702  0.46072128539731400
  0.47139098952251557  0.48201660097236149  0.49210471005110712  0.50188394438343265
  0.51179056633498854  0.52147997806788571  0.53115024005894940  0.54095632059063381
  0.55124041012907299  0.56173304078851338  0.57219391746622261  0.58273033742552383
  0.59332388118925128  0.60397904943212277  0.61468564608383836  0.62500954299259326
  0.63499014608862780  0.64500085753145464  0.65520937914181221  0.66548905178518669
  0.67603942712805931  0.68721835189194003  0.69877296475944872  0.70982891725113273
  0.72012650211455664  0.73011293987320325  0.73999373056344520  0.75020525102677516
  0.76034687282985003  0.77047856509163548  0.78061624467244173  0.79081753737622484
  0.80137286533745822  0.81272190913683540  0.82412225155247831  0.83478231447468187
  0.84456340743599223  0.85382609130315468  0.86350064255471481  0.87354185909944793
  0.88437255786616809  0.89540194618816515  0.90582187931942404  0.91600632320864650
  0.92615639712339071  0.93624000573289246  0.94608794714015909  0.95616331922301623
  0.96699935377270574  0.97820723027679657  0.98902819446484946  1.00000000000000000
 -0.00220562340258964  0.00946017099135251  0.01903890961592808  0.02899733871638291
  0.03887673760044139  0.04924191992926481  0.05968599954405740  0.07037209629397825
  0.08128818999980927  0.09159906716989691  0.10171635056759638  0.11226777149730260
  0.12346908987207192  0.13450011306420087  0.14532574964748415  0.15597427884332257
  0.16619261478319616  0.17621174674276321  0.18633705856539809  0.19636464731781364
  0.20613542871592402  0.21627289489121190  0.22685037002375177  0.23722943056085388
  0.24702369160705268  0.25693019446585513  0.26742505097205271  0.27833076219795583
  0.28909516401444357  0.29960274771799306  0.30994965249985784  0.32037853982199649
  0.33122797348498867  0.34233345508114060  0.35308599105513377  0.36344219541524392
  0.37359352101472626  0.38398539998143216  0.39462426401488332  0.40542992827844060
  0.41643156879682569  0.42734068217329235  0.43807544031748530  0.44877807618377141
  0.45957622493344874  0.47019181733131443  0.48077266852583567  0.49127875648810515
  0.50199806595930552  0.51309008200888051  0.52420366936880636  0.53518552573368616
  0.54605240072433892  0.55668889800950849  0.56735657868393785  0.57801155239477497
  0.58885756894468366  0.59979877182695507  0.61043571172819289  0.62114398046217567
  0.63156236352130601  0.64183648567196694  0.65205738905235711  0.66232047645590408
  0.67261915741541389  0.68319644300575166  0.69365357430113905  0.70433354568276763
  0.71453211249595705  0.72452873685860442  0.73436840716284435  0.74441492173334656
  0.75448974540863678  0.76495539527102097  0.77589111808559952  0.78741337957518309
  0.79845189268304428  0.80866604056602054  0.81845414607377132  0.82818628447269849
  0.83831181542053501  0.84913524257122863  0.86023636410732673  0.87129599405986713
  0.88170994224794963  0.89147975608653995  0.90121333170615769  0.91098969804224039
  0.92118926717515470  0.93156753170331397  0.94194506253262922  0.95301894494014439
  0.96421669108898178  0.97568018270482770  0.98772722733920548  1.00000000000000000
 -0.00215956503397796  0.00988131558853775  0.02032459192178197  0.03112482024628183
  0.04201119998226951  0.05273352572376368  0.06325462996693554  0.07489229106565552
  0.08581311268032334  0.09651794303823444  0.10753361509508756  0.11889399239528738
  0.13024309327048561  0.14089746471451500  0.15168900794606399  0.16227973372934862
  0.17246702347346454  0.18288978726338306  0.19307438028547283  0.20347998844511411
  0.21405460672960100  0.22459890329024129  0.23475492310546309  0.24477068132123553
  0.25488511480153853  0.26501474750305332  0.27503129517802061  0.28523263835979223
  0.29520057207227107  0.30503217791173115  0.31473200558520725  0.32485718469388225
  0.33452844935882675  0.34406085644389151  0.35356811680434885  0.36359728510535994
  0.37341766878304489  0.38314968922283249  0.39293888884224620  0.40310641997629787
  0.41339259461933281  0.42386863269490882  0.43454959405685856  0.44514880177647798
  0.45542543670045049  0.46562627796957534  0.47568984506818507  0.48576266183988331
  0.49567609419435521  0.50580919730207552  0.51610066933750243  0.52614439874398045
  0.53595938128453857  0.54568312971938249  0.55563001230661935  0.56571976215674480
  0.57608776840394904  0.58658551437448714  0.59749201368988614  0.60879361534897503
  0.62031956513398490  0.63167406638443402  0.64260558900642806  0.65318284668329185
  0.66405257860182343  0.67546524825615850  0.68684981392615085  0.69776227880082553
  0.70892582683712735  0.72062540983908863  0.73220419993208041  0.74330218302720619
  0.75412698411031531  0.76486752519043710  0.77532688567015773  0.78568160711826374
  0.79601676369997054  0.80648005724880945  0.81696935660520553  0.82761606412963418
  0.83846586496969122  0.84925010178533300  0.85993876185300377  0.87047896084473442
  0.88105431214195307  0.89200378377894451  0.90337365211555498  0.91489332523272038
  0.92627653775434149  0.93722728970532398  0.94801221536142366  0.95865676369482478
  0.96908354757161896  0.97956127998460363  0.98972718780760927  1.00000000000000000
  0.01417065546265330  0.01632772171947692  0.02121800755051749  0.02697123757199462
  0.03284609061765895  0.03862907081830565  0.04419910462143930  0.04965786145393947
  0.05514845588221285  0.06062810424476408  0.06597866933847588  0.07125497674996656
  0.07658012231297556  0.08198436171232891  0.08747948867356044  0.09310855319362543
  0.09871332859188366  0.10436597993151475  0.11002393430851731  0.11566941570867352
  0.12134246880927231  0.12695139867926744  0.13247092260990201  0.13790881500129423
  0.14346827297584308  0.14911768835217717  0.15488426030129901  0.16054319561258878
  0.16605183824106348  0.17147503716478252  0.17686628432770113  0.18226049085342108
  0.18775333651692261  0.19359311130549534  0.19985782348741576  0.20615959721656846
  0.21263241042958031  0.21922397755108000  0.22596234957373756  0.23277748234416612
  0.23969783858733543  0.24659599099610791  0.25339940682525114  0.26016099789392372
  0.26706016563743867  0.27412474475916088  0.28135469722759382  0.28866149135346059
  0.29583971149210431  0.30290896986441329  0.30992823462256353  0.31704916908539510
  0.32422813173447823  0.33167705131665598  0.33926000440400628  0.34728970359495426
  0.35513452271132517  0.36290894942300184  0.37049198579343540  0.37812613741645490
  0.38591134016946799  0.39394698886146834  0.40216911825123947  0.41061221536525538
  0.41914639965483269  0.42803081155153094  0.43727318511105118  0.44690833561375265
  0.45660203305563007  0.46641793906123341  0.47644319763085613  0.48690208666456031
  0.49748159918479840  0.50809553537052443  0.51909288456992098  0.53018240831852337
  0.54155512503401548  0.55337001970725042  0.56547621759947475  0.57773769564602306
  0.59041368472714528  0.60400980510605229  0.61777950472687071  0.63194601680204132
  0.64663447427843268  0.66231911038539437  0.67868484576112809  0.69555351589503434
  0.71360443984656330  0.73423119838349227  0.75809548450735975  0.78543312045619196
  0.81700058124063391  0.85250120287685716  0.90040431834929346  1.00000000000000000
 -0.00263882174717202  0.01034586909989377  0.02130153080819646  0.03115932151212669
  0.04085905570842364  0.05062170445149045  0.06074143614655518  0.07128676959657707
  0.08143933178347457  0.09224877825636940  0.10296546937820295  0.11360614602111856
  0.12409463403120057  0.13505069944435341  0.14631208993304975  0.15716603808613017
  0.16753686049136871  0.17771220736709090  0.18827999639915285  0.19935774098312878
  0.21080395242031666  0.22221068818687850  0.23312384963827951  0.24379441297914040
  0.25441387654170577  0.26500940628158237  0.27567622588440843  0.28649144475033389
  0.29715967441405960  0.30736208060867082  0.31737811833443969  0.32735886215587368
  0.33716506824431086  0.34686440265921636  0.35688748996925085  0.36712286963590773
  0.37794088455757979  0.38896628771149261  0.39964515312129578  0.40976049588109015
  0.42007307174783737  0.43107286673638701  0.44183535224049403  0.45181093010572776
  0.46165629772826450  0.47181746886279891  0.48241739651435805  0.49305221634475105
  0.50397515572079843  0.51518453220682259  0.52635989034750164  0.53701016768268139
  0.54766579154686723  0.55787651495666402  0.56837016895470815  0.57894605263694687
  0.58935937055615228  0.59952447617694371  0.61010268733663053  0.62099492837538417
  0.63228802359806369  0.64326881567195859  0.65437125510910610  0.66473049845140675
  0.67519791503480242  0.68583756853979938  0.69683015280825666  0.70740964017094676
  0.71779317616986626  0.72838022376236555  0.73879980583205795  0.74920495045278401
  0.75964965320697042  0.77033425253745069  0.78128278537910945  0.79180209325133843
  0.80227646247030671  0.81266159622815914  0.82376656899393719  0.83482364902057993
  0.84561253397253922  0.85623381437734358  0.86697960195311485  0.87777178631516450
  0.88847462719027204  0.89917762486912578  0.90989365713288728  0.92027543238874376
  0.93042643081662202  0.94035651999384340  0.95045006864941006  0.96044895072118897
  0.97068499837538924  0.98046467480583033  0.99044870619889169  1.00000000000000000
  0.02449864419436095  0.03124020097822209  0.04040509166207640  0.05003230113731037
  0.05982511020741580  0.07004350904171953  0.08093897961865119  0.09187788700996982
  0.10238917536278201  0.11215134674262375  0.12116465983917277  0.13000454681860038
  0.13886546710734907  0.14797843124442608  0.15792195248606331  0.16814172623467402
  0.17880811835318899  0.18933200153027954  0.19975198863585431  0.21027321100927462
  0.22064258910197559  0.23078273802163207  0.24061818311807054  0.25073805440629598
  0.26134495773123939  0.27228760593780049  0.28294801250259266  0.29306904620380381
  0.30293873642030927  0.31268079628899370  0.32211010288231418  0.33145983417167069
  0.34129844870154574  0.35221919956934622  0.36353280124789705  0.37458559045168882
  0.38538688373318458  0.39633186861457748  0.40704521435790997  0.41758481141896953
  0.42747003275889578  0.43719907202787650  0.44655326806688589  0.45642618736888674
  0.46666460260211540  0.47658158433041298  0.48654923496649155  0.49657885925115774
  0.50668308621350677  0.51655403227510976  0.52637991828136055  0.53629350695526545
  0.54605150505484057  0.55538051529107002  0.56483397467454299  0.57473390824303838
  0.58509591683183948  0.59505749353161308  0.60517038881729457  0.61558940819051222
  0.62622583330418691  0.63656472155131583  0.64665356438767729  0.65664397010494324
  0.66647579682503755  0.67617745107664484  0.68579973155575380  0.69614392082030196
  0.70644854426022974  0.71698619215538617  0.72744346982339425  0.73796195129463782
  0.74854772752361642  0.75917090121698394  0.77014780720888687  0.78221151188109528
  0.79438227019522889  0.80607296637363446  0.81700483274766911  0.82741259835241743
  0.83750065684941044  0.84729479736049496  0.85696492245125311  0.86644997190382422
  0.87592529604379443  0.88540026187538712  0.89499066479260692  0.90466063117533524
  0.91459935506139123  0.92488447535274487  0.93525843567920053  0.94546492223048484
  0.95575476333535558  0.96511535285825223  0.97089636190722972  1.00000000000000000
  0.07190476525508956  0.13540467593507696  0.15584187018176315  0.17294681402205306
  0.18855056212433252  0.20124887620213922  0.21299949964963871  0.22394126782616741
  0.23478343398899537  0.24505590507081523  0.25485530960754998  0.26450563810856614
  0.27423588467816290  0.28383605357598463  0.29331665658342387  0.30290057802967163
  0.31239534385937440  0.32149579374566289  0.33047165053415373  0.33928918383108270
  0.34789567926381487  0.35615061571832968  0.36422187889546792  0.37214990701164424
  0.37987530750277865  0.38760957392418349  0.39541446311483308  0.40314111422423338
  0.41070666283687018  0.41804234506477023  0.42515151776224047  0.43195861931699314
  0.43853269838180969  0.44488374396567637  0.45124299639395887  0.45763069747321489
  0.46412855262159830  0.47069068796397773  0.47725069346385168  0.48380972382406212
  0.49022338870811294  0.49656881473081876  0.50280655376592276  0.50883048187461499
  0.51473680315754289  0.52045555838328650  0.52602701937089713  0.53176107662072369
  0.53750177126248255  0.54315078460717858  0.54869955426949013  0.55421129054438656
  0.55972539804861288  0.56510535389726957  0.57028022252575261  0.57540780346164455
  0.58049819017252557  0.58554824010748541  0.59050010372937323  0.59564263555962360
  0.60077611067382675  0.60576344238854896  0.61069894977448369  0.61548085230837624
  0.62029915939454294  0.62527224742536214  0.63038637198544356  0.63555776185889046
  0.64069889927762458  0.64596928911956430  0.65121166186699864  0.65648907157053005
  0.66173800962187079  0.66682003218443042  0.67185022562934649  0.67684409602455764
  0.68182463325003217  0.68695668130539878  0.69223511292425222  0.69769042367794898
  0.70316996068267601  0.70883178698941174  0.71475357206932921  0.72076893921700758
  0.72695936544019679  0.73355598626889451  0.74048400824161709  0.74777403629823558
  0.75563130713838389  0.76396857931060203  0.77310125257322415  0.78395534965041458
  0.79863381524882837  0.81617960445104165  0.90058204998966052  1.00000000000000000
   1.3845365038703180E-029  -1.0000000000000000     
 F F F F F F F F F F F F F F F F T F T F T F T F F F F F F F F F T F T F T F T F T F F F F F F F T F T F T F T F T F T F T F T F F F F F F F F F F F F F F F F F T F T F T F T F F F F F F F F F T F T F T F T F T F F F T F T F T F T F T F T F T F T F T F T F
  <DiscreteSampler_grid>
  grouped_processes
  1 # 1 for a reference and 2 for a running grid.
  10 # Attribute 'min_bin_probing_points' of the grid.
  1 # Attribute 'grid_mode' of the grid. 1=='default',2=='initialization'
  0.0000000000000000 # Attribute 'small_contrib_threshold' of the grid.
  0.5000000000000000 # Attribute 'damping_power' of the grid.
 # binID   n_entries weight   weight_sqr   abs_weight
    13   10   1.261610730368489E-019   5.372710236844469E-038   1.261610730368489E-019
    14   10   1.261610730401338E-019   5.372710236870360E-038   1.261610730401338E-019
    16   10   1.049017929250606E-019   3.570946146959278E-038   1.049017929250606E-019
    17   10   1.049017929266703E-019   3.570946146964949E-038   1.049017929266703E-019
  </DiscreteSampler_grid>
