  0.00000000017484104  0.00000000080325288  0.00000000113310779  0.00000000137215925
  0.00000000160027655  0.00000000186735101  0.00000000210576537  0.00000000233396922
  0.00000000255928556  0.00000000278118041  0.00000000296987768  0.00000000312874273
  0.00000000329201804  0.00000000345966849  0.00000000361351708  0.00000000375782168
  0.00000000390083081  0.00000000404035078  0.00000000420767217  0.00000000436346612
  0.00000000451706928  0.00000000465970981  0.00000000478772497  0.00000000492140992
  0.00000000505960434  0.00000000520227104  0.00000000534985356  0.00000000549563245
  0.00000000563997448  0.00000000579855240  0.00000000597472559  0.00000000614263849
  0.00000000629756049  0.00000000644745558  0.00000000659203942  0.00000000673674597
  0.00000000688963593  0.00000000703951724  0.00000000719170246  0.00000000733548931
  0.00000000749826733  0.00000000768416175  0.00000000786319255  0.00000000802711185
  0.00000000818651948  0.00000000832830194  0.00000000845912691  0.00000000859902531
  0.00000000872652568  0.00000000886672214  0.00000000900883128  0.00000000914953512
  0.00000000929772486  0.00000000945198335  0.00000000961243670  0.00000000977808012
  0.00000000997619775  0.00000001018244170  0.00000001039138917  0.00000001060384728
  0.00000001082001649  0.00000001101965819  0.00000001120897079  0.00000001140587786
  0.00000001160128670  0.00000001178055262  0.00000001198102989  0.00000001220763306
  0.00000001243753948  0.00000001265888079  0.00000001289105495  0.00000001311148109
  0.00000001331477973  0.00000001351025524  0.00000001370940325  0.00000001391812699
  0.00000001414527532  0.00000001438395855  0.00000001462530917  0.00000001488515240
  0.00000001519406223  0.00000001549809448  0.00000001570440846  0.00000001594742925
  0.00000001621992214  0.00000001655829486  0.00000001686526262  0.00000001730048816
  0.00000001784720346  0.00000001844008616  0.00000001902744661  0.00000001965786220
  0.00000002046896353  0.00000002209529243  0.00000002388731479  1.00000000000000000
  0.00929943770437745  0.01692765171426190  0.02878481763793613  0.04321586905488624
  0.05582539158587571  0.06773927503959737  0.07813943571740184  0.08700116765650152
  0.09399490727208347  0.10169575129057438  0.11106277480377998  0.12143396909574074
  0.13138099309253776  0.14104994189121056  0.15239660684422396  0.16694145832847376
  0.17792624486521183  0.18897622096369396  0.20026858109296630  0.21348659364690570
  0.22733025557824046  0.24021195170247409  0.25226018929332072  0.26333618284885341
  0.27429955257816124  0.28464054877393846  0.29358750777077419  0.30000924147285896
  0.30748073769799356  0.31651472983632190  0.32578224145966628  0.33478102154135558
  0.34311043207985276  0.35160371657080358  0.36219754029074519  0.37422099788327534
  0.38689064774008719  0.39891996646908268  0.41102423833269947  0.42409117467336049
  0.43830636591295896  0.45335010350084848  0.46676326471465523  0.47851520633775640
  0.49020676999865154  0.50164387805260036  0.51324474483598359  0.52637801189403643
  0.53832414528634298  0.54821424184180956  0.55794090523501949  0.56892447936243662
  0.58065207735436120  0.59153194952403254  0.60007326075338807  0.60855463365527040
  0.61745716592977484  0.62656029648240763  0.63568455769204579  0.64400960235085281
  0.65420667047305903  0.66440860544502001  0.67432609225404172  0.68468865467736162
  0.69471346918270016  0.70339529630371167  0.71180687147666732  0.72102501058457069
  0.73131677955143148  0.74149051110331654  0.75076279491600262  0.76006809531915753
  0.77003119426491651  0.77976565277601739  0.78908672437367389  0.79886090042739111
  0.80947188007925985  0.81983035591581477  0.82964592511156299  0.83956578604377463
  0.84998766832502848  0.86068379007398632  0.87158192727968620  0.88033659722321123
  0.88872958647738065  0.89871164114830360  0.90857068286294995  0.92153643581349365
  0.93131761902763477  0.94089711598599912  0.95126371631461748  0.96132827928317510
  0.97021174139432642  0.98004743960111451  0.99133479208387310  1.00000000000000000
 -0.00001476711049688  0.00053055831315869  0.00236440679947794  0.00502033865760074
  0.00850398886607035  0.01207648943966447  0.01696631355557177  0.02419145429005207
  0.03008662538477343  0.03530588742339227  0.04041352906032818  0.04595964721534560
  0.05219291572034474  0.05805265269997418  0.06391579971767877  0.07010495426240920
  0.07700779755216025  0.08478725039698984  0.09306764421036529  0.10141988937506474
  0.10982375673802533  0.11911664821999124  0.13009209929169416  0.14189074419940656
  0.15273290546430471  0.16278308575986344  0.17289431513880776  0.18255801920173279
  0.19262566900306918  0.20454319976648994  0.21617343288222390  0.22806629830177541
  0.23954832351640742  0.25050418134129737  0.26104455439197588  0.27212546865754395
  0.28341040280183699  0.29412272839274334  0.30407877834545849  0.31365844370388202
  0.32435592395123303  0.33471271862741925  0.34405572569175391  0.35313351146201472
  0.36182344545810302  0.37041057422186413  0.37948267480276304  0.38861256789003568
  0.39773519631671600  0.40673940816359500  0.41621690928367244  0.42585060464565355
  0.43579917310435262  0.44599317284295548  0.45626454016218398  0.46649173729664978
  0.47699178339312298  0.48788558311639446  0.49882261358832192  0.50942809032897396
  0.51968635234684646  0.53022329654046407  0.54159918719359645  0.55344592021869854
  0.56561304848194793  0.57837133822301989  0.59154960795089018  0.60439134826772223
  0.61706411731028366  0.62905332491824728  0.64146371353013731  0.65459300369426821
  0.66764234459517424  0.68041823714805882  0.69457971741632851  0.70937011350418167
  0.72443174082402162  0.73942626812971568  0.75415104073515948  0.76888727555251235
  0.78254448602924176  0.79712224140442800  0.81212863020598680  0.82724804150884590
  0.84253922930856007  0.85770663535403369  0.87313697971269555  0.88828291447223962
  0.90270414562917312  0.91634639381631411  0.92960972367065653  0.94325375786323251
  0.95673615788076816  0.97053001630103708  0.98501744840966388  1.00000000000000000
 -0.00337505985987504  0.01240453744720427  0.02444787920078627  0.03376891305543189
  0.04254379368350923  0.05130158056439341  0.06090269166971792  0.07084977880782961
  0.08026021411128287  0.09066219286811478  0.10054500610234537  0.10819047638635321
  0.11586267418866440  0.12325312961825076  0.13039609970133814  0.13875562331100849
  0.14841366099417860  0.15728770397101388  0.16591925488007497  0.17522874654856613
  0.18469941796881506  0.19678619223495555  0.20937515625600114  0.22121231056624638
  0.23303991598908488  0.24639425128315232  0.26046521792716609  0.27275978288541414
  0.28337755909526879  0.29352467662491771  0.30381198537322884  0.31414259469664735
  0.32380232933675246  0.33349760066027717  0.34439587247280395  0.35574308108620056
  0.36785195192835485  0.38112429002085285  0.39386129396607383  0.40474332806623436
  0.41424319570986284  0.42380033152024366  0.43447137528675989  0.44689091465360964
  0.45817676821776571  0.46759948171441956  0.47689801485541788  0.48579539246415032
  0.49544986152296433  0.50624840541520877  0.51721017946808823  0.52738133209311322
  0.53684837164564436  0.54689574301137400  0.55738857057762703  0.56718164291665363
  0.57623975703300756  0.58527131062563353  0.59453617766653999  0.60381017694356010
  0.61300146896929530  0.62198475087105076  0.63070167617857620  0.63970219621775759
  0.64961352223092550  0.66083865243057460  0.67344705550329453  0.68655623252809794
  0.69987491853760531  0.71360669040487623  0.72577433447521478  0.73615117157106447
  0.74720937981771307  0.75754241366539821  0.76763867270156894  0.77836268899248406
  0.78782046431223507  0.79779643881185236  0.80944195532586949  0.82154481850710404
  0.83252199356515355  0.84316008731232162  0.85421226935549499  0.86322750081714328
  0.87040707025677144  0.87849721801179492  0.88893088385552854  0.90133865199054353
  0.91535597546963188  0.92909597609844263  0.94183023253807396  0.95358251030123553
  0.96464049177654143  0.97592086432173974  0.98755325485112688  1.00000000000000000
 -0.00242756234167657  0.01077480093974676  0.01948231804008302  0.02762008057698688
  0.03597041873279493  0.04655802087390959  0.05849498633503426  0.06876368912113585
  0.07790073676540772  0.08673256663861101  0.09606663488017707  0.10454148882268931
  0.11191521611595116  0.11954288951757895  0.12797751358158252  0.13584363822745682
  0.14373819243899946  0.15254932399774521  0.16200231103762477  0.17204361145505487
  0.18386480756457099  0.19493097074268995  0.20444513092410838  0.21189032407445402
  0.21915810695150567  0.22657251083117541  0.23522268651635600  0.24445937576325483
  0.25424358356049370  0.26356335324703795  0.27400242592289226  0.28837573568201003
  0.29733774001977015  0.30713869280372935  0.31730126060121994  0.32691096685850696
  0.33671030322552903  0.34666751784668881  0.35773017410949037  0.36990944467400244
  0.38260971358170748  0.39529455695448501  0.40726674590548040  0.41842813517443361
  0.42961548523067788  0.44144686602081867  0.45318050792939035  0.46582205450856390
  0.47981924783241375  0.49365719593431756  0.50471698949224952  0.51335838799956723
  0.52190002784238176  0.53057848742287850  0.53969999530517720  0.54846436114573460
  0.55647573292184338  0.56538180315104070  0.57621869227629485  0.58810358603708646
  0.60009196329518755  0.61193578891080125  0.62401653730206175  0.63753970481029199
  0.64961132565143509  0.66198099706663016  0.67465801808559855  0.68698416680156060
  0.69887449734612606  0.71032612026505670  0.72156968358546458  0.73185441963863485
  0.74120542875119100  0.75121816381089668  0.76156551850043397  0.77393862231622079
  0.78591950588558002  0.79665932195359490  0.80685735905247080  0.81714010198669840
  0.82717774311445391  0.83693840434567368  0.84714936190120360  0.85946575156079685
  0.87326952343955722  0.88446563819889668  0.89423931293903369  0.90529726191941351
  0.91682533037922997  0.92906772688875516  0.94069994325174022  0.95305304956899317
  0.96507674556867107  0.97696928112668768  0.98807223385388976  1.00000000000000000
 -0.00257540293049446  0.00983136855315495  0.02178433820983559  0.03495766210415584
  0.04844571239611602  0.06068586779170834  0.07179558192784513  0.08181400875815949
  0.09031817525088848  0.09835215626691488  0.10597424111867579  0.11402761942880524
  0.12529480387235686  0.13836200520334402  0.15067615844159865  0.16260262197614953
  0.17412214579370466  0.18565984449930190  0.19814963644586464  0.21172852250028207
  0.22636487847554279  0.24044486795020148  0.25393553172192918  0.26697951900445172
  0.27985967291224301  0.29249943754786739  0.30536090923994275  0.31917827166070656
  0.33229476854874401  0.34317045479078584  0.35290075929053422  0.36258692003379189
  0.37274154498698892  0.38213803740993180  0.39099821079474895  0.40051617125475075
  0.41152137625988372  0.42115645664183154  0.42945924916033829  0.43718931532926020
  0.44531017794937583  0.45483986379258839  0.46392871560818505  0.47303540783614945
  0.48272861763148811  0.49119313013725152  0.49922371536211874  0.50788288168371032
  0.51799529418289847  0.53023157079546268  0.54201642894394497  0.55089718551746714
  0.55868295706495952  0.56661663173591015  0.57530773130556589  0.58447951729321435
  0.59246898183822705  0.59960581353406928  0.60712857415501564  0.61532867038982586
  0.62436786303755831  0.63351289097717278  0.64505121139268273  0.65724559261386317
  0.66797925563476934  0.67799440618794604  0.68713797180908009  0.69592870245575678
  0.70507925545938011  0.71520015210420385  0.72572398556190376  0.73647454205597118
  0.74757847075458306  0.75918940464056284  0.77099482968639055  0.78289235923123079
  0.79504878124307476  0.80697983523353767  0.81875839177944032  0.83015599903144111
  0.84076150837966257  0.85313272811539631  0.86622109470303121  0.87894403687398082
  0.89032496195791644  0.90030352969380711  0.90928062175628832  0.91773449227650694
  0.92597042173446154  0.93418978191222768  0.94257887742878599  0.95092832815541006
  0.95936644644781854  0.97033944830164187  0.98088280247132942  1.00000000000000000
 -0.01246170657536694  0.12864646120135717  0.18387723295606351  0.23519385167566043
  0.27114084017521939  0.29637340275328750  0.31601242466419543  0.33503109338280107
  0.35260651269917725  0.36731101045193698  0.38288319074504656  0.40202974300319599
  0.42563451269170050  0.44150598557726872  0.45592936502521936  0.46845824044860457
  0.48222094118776043  0.49614649771139113  0.51011912213639765  0.52315926456106698
  0.53571861462873549  0.54914072062804642  0.56304790577498831  0.57658320384729222
  0.58959662216805608  0.60224059999367063  0.61372938142398237  0.62352322748743605
  0.63284985235728186  0.64218210632098482  0.65026841949145830  0.65760649543675576
  0.66491898139557426  0.67279214246897501  0.68188710122176843  0.69085941262389294
  0.69842760501900558  0.70534416525131904  0.71234699421867143  0.71949935566773626
  0.72684020122581661  0.73362663443601606  0.73916508006850268  0.74396367021808885
  0.74862532806722504  0.75448438036763632  0.76113390326349439  0.76823470220744694
  0.77413201762036643  0.77983028370016461  0.78563847502723394  0.79253286248499288
  0.79865727967084310  0.80401469585108243  0.80878423417808509  0.81343252138186706
  0.81819362570576470  0.82331924534683831  0.82935162787149697  0.83549024398523164
  0.84222674967723110  0.84915949408934455  0.85606703723579525  0.86310268298117632
  0.86998456370576827  0.87564830487274403  0.87991155646157704  0.88386699961387105
  0.88794215754567440  0.89194462245329220  0.89565414631983176  0.89979515811944155
  0.90411200426220106  0.90820057953080546  0.91213574438535294  0.91609390585546802
  0.92013226395013514  0.92454557633282242  0.92915895881528077  0.93361640604001916
  0.93759270803007611  0.94116077674864373  0.94490727498003946  0.94873901531332949
  0.95216479909005847  0.95602638186941902  0.95957540242298256  0.96294917711648043
  0.96645260709960312  0.96977008363322637  0.97318261817450336  0.97686679513443642
  0.98094752951956787  0.98571883796653237  0.99193643757371830  1.00000000000000000
 -0.00362977682655017  0.01263645753556482  0.02492140429197804  0.03637194287657954
  0.04705254833813947  0.05764076121872649  0.06890422774559320  0.08025205859576531
  0.09069422355136027  0.10041976039207386  0.11185180150181602  0.12332834254974268
  0.13424032196125721  0.14454264222006324  0.15437607902987255  0.16492630739292291
  0.17576489917501276  0.18758185996049043  0.19986633450474153  0.21247947733333433
  0.22419540273203004  0.23393431096955139  0.24229070610345607  0.25046807531656434
  0.25937514806224199  0.26915864260206696  0.27954001614974672  0.28947020460094014
  0.29770716043109036  0.30568448826213496  0.31317989865147272  0.32136698906240974
  0.32961950585034100  0.33947616639444123  0.35034249970646153  0.36008728583626026
  0.37059850172633824  0.38093553046055173  0.39087448749840981  0.40132338702589415
  0.41277146828541578  0.42491316941652890  0.43681227591544669  0.44799859564831301
  0.45938400465221391  0.47138250992852143  0.48306551761271954  0.49385657294823926
  0.50461538520434035  0.51531220756320273  0.52647046130157205  0.53831718428142861
  0.54870082646550089  0.55905999931268224  0.56920036582927924  0.57942990369432334
  0.58892962579948049  0.60030527660194566  0.61148853195206498  0.62178659048384644
  0.63293226590409501  0.64414932044231943  0.65407318653907376  0.66460584406780177
  0.67472821982110598  0.68580371148064667  0.69823234233413267  0.71011011984540806
  0.72140072396074650  0.73216668735337698  0.74270285846232975  0.75273117500186315
  0.76266974772754992  0.77334895962319483  0.78511187716136421  0.79822265890033828
  0.81012418331603075  0.82077167215203772  0.82970258379539485  0.83842209080392527
  0.84757331400554026  0.85846424139331901  0.87085892616292671  0.88411544165273304
  0.89594275632894937  0.90751134671476485  0.91781921688912493  0.92481976754200423
  0.93251346278544733  0.94061269818539917  0.94999107563383833  0.96026788847239608
  0.96929432425716533  0.97695981350784888  0.98557434859951543  1.00000000000000000
  0.64583223281665825  0.68299878742994002  0.71556214283721187  0.74679893332200409
  0.77226448366569178  0.79135524836438098  0.80991431215832932  0.82586320406709401
  0.84088376657666564  0.85310135558516920  0.86432917888626570  0.87424578031088307
  0.88335452029930484  0.89172967583784846  0.89863485437619295  0.90498232246176413
  0.91141407072868086  0.91708587128513919  0.92150528027028389  0.92546339708144576
  0.92914259664078314  0.93226221353004379  0.93508854020192422  0.93764261900159962
  0.93984407248295587  0.94188184332930158  0.94389192539573719  0.94577655362308322
  0.94749094962007552  0.94907775499808800  0.95062876313559463  0.95210933785623486
  0.95345931865897171  0.95468887290657045  0.95584038877069943  0.95692014011162674
  0.95790956874767008  0.95885951805368508  0.95976301363796601  0.96055786492787421
  0.96127196935824544  0.96195079867801647  0.96259617335001002  0.96320607739065411
  0.96380393940993259  0.96437228281261311  0.96492041208453105  0.96544622773679090
  0.96593977097649597  0.96636041606829759  0.96675204167005646  0.96712388892148682
  0.96747615288265043  0.96781338057633370  0.96814077117918851  0.96846054828360673
  0.96878130716176891  0.96909291374389617  0.96939944056742744  0.96970645989030957
  0.97005032597881313  0.97048122371679257  0.98186375075691323  0.98208786302539097
  0.98228372733511804  0.98244988269676159  0.98258891771078694  0.98274469688951227
  0.98291932254700876  0.98311899584539142  0.98336601542528279  0.98361445347057452
  0.98386237283960121  0.98410908201584990  0.98437032164228289  0.98464754895607609
  0.98494349469610221  0.98526982927513240  0.98562505797039368  0.98600186225438302
  0.98639943362135385  0.98683829742373030  0.98730066771969804  0.98777614718913487
  0.98826380305551798  0.98877254971018980  0.98935352367134133  0.98997198395564967
  0.99067147351163853  0.99146124193576934  0.99232160588225171  0.99324707259779177
  0.99435462399983809  0.99566739973030560  0.99742824627693627  1.00000000000000000
  0.09067539232199169  0.23130982934901501  0.27248985401298470  0.29190093012540985
  0.30682307588418439  0.31924702249354331  0.33045116253606582  0.34086959800105454
  0.35058375754498122  0.36255883248358017  0.37572878821411121  0.38741195588658944
  0.39874007964962821  0.41090835144223231  0.42379051923396438  0.43489756585106609
  0.44477446109538610  0.45423810275831311  0.46351672172659281  0.47252992406723726
  0.48079526532548889  0.48906035194544223  0.49821480522239309  0.50773393328861294
  0.51713448155579367  0.52636491382638606  0.53589798336201122  0.54642900519915782
  0.55728398315031558  0.56926845022102501  0.58072118851979715  0.59108475198993782
  0.60089012797791785  0.60997762476906214  0.61833905502642705  0.62663167197719905
  0.63487719309263135  0.64313917480215377  0.65154616956671363  0.65993217108403479
  0.66774080955275994  0.67389011268885068  0.68010686681635069  0.68618553690835449
  0.69169806344263918  0.69678665006787832  0.70201825866691958  0.70728011748673636
  0.71249864798589480  0.71741344347037950  0.72207257806662650  0.72661812258546765
  0.73134075027273759  0.73535695994373906  0.73905374561996073  0.74248360628699139
  0.74618785566207857  0.75028921592971498  0.75433272058580714  0.75763674170503992
  0.76053820854198528  0.76335485860167596  0.76653795545170855  0.76991260165383268
  0.77321812716800387  0.77648305237135251  0.77934926311943820  0.78247612253493393
  0.78596258301156285  0.78909417468312881  0.79213155953627257  0.79508829028455552
  0.79791807750312327  0.80094936151220952  0.80423079655340135  0.80776014778064686
  0.81163454612732611  0.81558125755675848  0.81929301574807856  0.82281621946782435
  0.82606537676013125  0.83014485459620069  0.83557379702689272  0.84164458005050347
  0.84716243207307362  0.85291207725719576  0.85946343037199135  0.86695430489845093
  0.87649365766688370  0.88724638161954594  0.89392640353495734  0.90029306101823969
  0.90997021647342546  0.92833236573507727  0.97456847015543546  1.00000000000000000
   3.8293265676605668E-039  -1.0000000000000000     
 F F F F F F F F F F F F F F F F T F T F T F T F F F F F F F F F T F T F T F T F F F F F F F F F T F T F T F T F T F T F T F T F F F F F F F F F F F F F F F F F T F T F T F T F F F F F F F F F T F T F T F T F F F F F F F F F T F T F T F T F T F T F T F T F
  <DiscreteSampler_grid>
  grouped_processes
  1 # 1 for a reference and 2 for a running grid.
  10 # Attribute 'min_bin_probing_points' of the grid.
  1 # Attribute 'grid_mode' of the grid. 1=='default',2=='initialization'
  0.0000000000000000 # Attribute 'small_contrib_threshold' of the grid.
  0.5000000000000000 # Attribute 'damping_power' of the grid.
 # binID   n_entries weight   weight_sqr   abs_weight
    13   10   7.156021539087408E-033   1.144434570671452E-064   7.156021539087408E-033
    14   10   7.156021539087379E-033   1.144434570671451E-064   7.156021539087379E-033
    16   10   2.135078656580150E-032   1.927814893738449E-063   2.135078656580150E-032
    17   10   2.135078656580135E-032   1.927814893738435E-063   2.135078656580135E-032
  </DiscreteSampler_grid>
