  0.00000000005630065  0.00000000013329713  0.00000000019207907  0.00000000025072896
  0.00000000031580343  0.00000000038283199  0.00000000045257772  0.00000000052533823
  0.00000000059917681  0.00000000068465861  0.00000000076849013  0.00000000085606002
  0.00000000094556006  0.00000000103832533  0.00000000113395520  0.00000000122776671
  0.00000000132464389  0.00000000142940993  0.00000000153542567  0.00000000164048445
  0.00000000174510015  0.00000000185584676  0.00000000197055317  0.00000000208876344
  0.00000000220770610  0.00000000232781574  0.00000000245294183  0.00000000257556566
  0.00000000269719269  0.00000000281961323  0.00000000294346739  0.00000000307436009
  0.00000000321345431  0.00000000334890753  0.00000000348819596  0.00000000362472948
  0.00000000376110242  0.00000000389699182  0.00000000403624681  0.00000000418418037
  0.00000000432898346  0.00000000447298305  0.00000000461431694  0.00000000475742640
  0.00000000490134474  0.00000000504596854  0.00000000519528628  0.00000000535378211
  0.00000000551692317  0.00000000568011960  0.00000000584182281  0.00000000600390203
  0.00000000617376060  0.00000000634639672  0.00000000651998754  0.00000000669330677
  0.00000000688623466  0.00000000709052051  0.00000000729218697  0.00000000749267473
  0.00000000769559491  0.00000000790202207  0.00000000811556307  0.00000000833149227
  0.00000000854784903  0.00000000876195835  0.00000000897401265  0.00000000919976658
  0.00000000943672602  0.00000000967274703  0.00000000991232242  0.00000001015573648
  0.00000001040050546  0.00000001065675022  0.00000001092868652  0.00000001120219498
  0.00000001147463615  0.00000001176709338  0.00000001209070504  0.00000001243051605
  0.00000001277745661  0.00000001313173548  0.00000001349125525  0.00000001386290453
  0.00000001424745108  0.00000001465089321  0.00000001509451334  0.00000001560036382
  0.00000001618416933  0.00000001683926205  0.00000001753406690  0.00000001832944273
  0.00000001931822312  0.00000002058298766  0.00000002119810105  1.00000000000000000
  0.00963769530099511  0.01598000859691940  0.02490729221299984  0.03452951889500852
  0.04415707113638852  0.05390970452592835  0.06391906020760539  0.07415894211336736
  0.08428695542253624  0.09426596761415194  0.10423630296994217  0.11411413443810747
  0.12401227220516271  0.13416339924263460  0.14465254042370221  0.15500451056940148
  0.16506537675544627  0.17512930193448889  0.18544760519398487  0.19578716336007823
  0.20619899178996498  0.21692772359216345  0.22803872311980944  0.23923748276239526
  0.25017403596925825  0.26082838000716735  0.27129181451838347  0.28172671537193272
  0.29209572790589516  0.30244222302594359  0.31303423753855097  0.32390410288334154
  0.33470588233859921  0.34531964279624844  0.35593792079280040  0.36663189872553109
  0.37760018768614495  0.38871210874857248  0.39941599517608861  0.40904308185920335
  0.41863505506386967  0.42805347367362628  0.43833180780645464  0.44845354625667283
  0.45843708382308185  0.46900292569428476  0.48000273749182049  0.49147447825596208
  0.50228315864019812  0.51287947166611536  0.52371053549826707  0.53476982068307777
  0.54538750710614492  0.55592213206611607  0.56686497108361333  0.57768816787720523
  0.58840785701594722  0.59859268048584979  0.60917294177180281  0.61989934596901830
  0.63099815315778041  0.64198802903778296  0.65325141397338460  0.66455730318410078
  0.67552752663154114  0.68616075731735404  0.69645238286165967  0.70667727996984353
  0.71721714458220376  0.72794866042423934  0.73856421973060593  0.74882176221119368
  0.75903569122746850  0.76934860683204620  0.78011841176074204  0.79110459109739550
  0.80176643418813887  0.81174828123399367  0.82151352451467885  0.83143046928377962
  0.84209577806538727  0.85284222319605818  0.86376672185814363  0.87371164323416861
  0.88387907003424593  0.89417124900091804  0.90475872476459840  0.91493028713790048
  0.92489050178556886  0.93537292529196736  0.94623544592103026  0.95753334044258509
  0.96882409771237654  0.97983423856152529  0.99010718483806703  1.00000000000000000
 -0.00230064509356163  0.00802593938954034  0.01735572606936297  0.02617748076420843
  0.03527962766689009  0.04440078623743095  0.05396234571985473  0.06354265304897698
  0.07331153347225024  0.08353964640322516  0.09400752126472010  0.10430789891627691
  0.11463299747237517  0.12518647025115814  0.13595705419095572  0.14690998097147440
  0.15795537690021719  0.16876844204708480  0.17909108307899813  0.18916504470169218
  0.19909681918466227  0.20892688582149754  0.21887089660306258  0.22917834342545274
  0.23991645838878101  0.25062413572295456  0.26094074166380493  0.27082986089392769
  0.28040659296830889  0.29011092403529531  0.29995556089094422  0.31000085624505858
  0.32017532097888279  0.33034532066329303  0.34021749454301708  0.34997076207616240
  0.35959464719679868  0.36920116733958808  0.37919306707729872  0.38952456775032984
  0.40006135666149695  0.41012010413073563  0.41981556142315585  0.43014169927350127
  0.44051635706286957  0.45138200881226542  0.46195737263965525  0.47293892953203875
  0.48288959519093427  0.49247921762412306  0.50218734616803895  0.51239718873459672
  0.52276903592011570  0.53302508624661038  0.54347481449162605  0.55483710671511965
  0.56622813415006679  0.57736206730535167  0.58819999988862992  0.59908759775398879
  0.61000418865958217  0.62074514763452204  0.63189471665440666  0.64306950787681993
  0.65402494496964392  0.66501423217401578  0.67667014624416733  0.68869272064872811
  0.70016225457280923  0.71199277030934116  0.72326891507349667  0.73396692492065452
  0.74435074286922898  0.75561680452134594  0.76731955332590795  0.77858311625181653
  0.78936934336348419  0.79994597058048422  0.81007632834203647  0.82022833933459105
  0.83092090902055293  0.84235501931012469  0.85369849404582732  0.86446723301276562
  0.87484958678524227  0.88551237376895942  0.89632015972968537  0.90790771071856835
  0.91949064722281981  0.93143219921475706  0.94283397640067990  0.95418806261803712
  0.96565145108402639  0.97696089066429570  0.98838846630006005  1.00000000000000000
 -0.00208638352986863  0.00988572228981058  0.01992971285027321  0.02972909257887103
  0.03972222316277635  0.04958565795615226  0.05939033798977147  0.06926155715716029
  0.07956167717838225  0.08980135092986363  0.10008271182395491  0.10991895171287545
  0.11946331934668147  0.12843729581671534  0.13747582869668662  0.14673358827939292
  0.15659208839889080  0.16663511168344231  0.17714243094408885  0.18809224384525725
  0.19926318882098068  0.21020402432458352  0.22105866538121990  0.23198168364916252
  0.24272389068284511  0.25328942706916374  0.26390519598862772  0.27428864968609884
  0.28483952869327867  0.29534510224917238  0.30598733214773921  0.31658372603526602
  0.32658590001561744  0.33703212062213833  0.34724874583680743  0.35802025310837599
  0.36774944622497291  0.37708730330940132  0.38599197635100874  0.39537583496755863
  0.40546373640103223  0.41604403923958821  0.42676947977796631  0.43753850172074343
  0.44839419816566972  0.45926015049719199  0.47003177424897563  0.48068576909484795
  0.49143042995727187  0.50234332354408906  0.51347241729732351  0.52473535524179393
  0.53603584707547947  0.54708504604150754  0.55795199998108225  0.56881203587165763
  0.57988937448937639  0.59074928926581038  0.60114198207090919  0.61149982253297530
  0.62135305816798803  0.63159182035972150  0.64243990644938331  0.65370750458152616
  0.66500731738694774  0.67539674873819333  0.68611855369758867  0.69694381023537610
  0.70786270437510956  0.71877807630086132  0.72970860240326607  0.74088927551239536
  0.75194716323092503  0.76284569251341816  0.77364794343022714  0.78414078557465283
  0.79492896811284852  0.80593144125804894  0.81687326256499959  0.82725655247128527
  0.83760698640399123  0.84811795931460499  0.85878542359389831  0.86902991555299813
  0.87895244341900469  0.88883545736495062  0.89893443341729518  0.90943312708193569
  0.92057927995227329  0.93209079624242275  0.94402439591111620  0.95601842632725720
  0.96745781048119561  0.97861857386148754  0.98918058319425173  1.00000000000000000
 -0.00196830649213980  0.00959024714356642  0.01974514776157518  0.02992090378494046
  0.04013013659693564  0.04999559672974918  0.06004667189912644  0.07053941032554169
  0.08125804062558310  0.09199974713899517  0.10276495902899832  0.11383455267895190
  0.12545020873396889  0.13706519374017420  0.14853850202228319  0.15971877587866862
  0.17046954449999491  0.18048900559707762  0.19033187958305153  0.20044403497045951
  0.21081371283846592  0.22126746423675375  0.23176031142974579  0.24208618648650690
  0.25214285958811483  0.26203462430778851  0.27239539412858060  0.28331963866032622
  0.29424747176301713  0.30496771836085806  0.31628710830671813  0.32849676065649908
  0.34061626063549938  0.35165881873544019  0.36229733825916588  0.37282424973656259
  0.38341554612378154  0.39406425749483892  0.40484952126633778  0.41528896375055047
  0.42634936384481442  0.43755701595468027  0.44845609815781085  0.45896307337909154
  0.46892760317266835  0.47904370450078126  0.48879878801100313  0.49818157925547613
  0.50767738938439133  0.51713345965720914  0.52754222380347771  0.53709938361565202
  0.54677360045025769  0.55646825915087439  0.56624026291273000  0.57640493101206158
  0.58708143087172204  0.59839795429935960  0.60970307431388215  0.62038324473724682
  0.63093060531879352  0.64128153220936046  0.65206047434353209  0.66337184290484152
  0.67530213311967302  0.68707553321463366  0.69833800195625273  0.70916948165877725
  0.71934160282511084  0.72955590602384601  0.73898986317308890  0.74821944521778350
  0.75765347004044004  0.76746608330615429  0.77759502778366207  0.78831438627947970
  0.79917255223060979  0.81056832282355606  0.82153938234287982  0.83294303446057893
  0.84301795567192706  0.85311097030210314  0.86332829404642242  0.87411615718705815
  0.88429715879811077  0.89409738382134685  0.90401820454861603  0.91458739747388695
  0.92515578911625229  0.93617388254586609  0.94723177966975713  0.95773454819613646
  0.96770616757374917  0.97786780899585746  0.98874181865212629  1.00000000000000000
 -0.00216948818558619  0.00922558796185787  0.01969156037017490  0.03008877316191410
  0.04145840390298661  0.05279635621453770  0.06414339459731898  0.07470413220183891
  0.08546170818159840  0.09570110500260604  0.10562672951560449  0.11514321227477135
  0.12489504842964333  0.13537071363542641  0.14555927034107513  0.15625600144257148
  0.16685228566489746  0.17777597154289146  0.18874645785799268  0.19942709171790976
  0.21036205139537495  0.22120166158907600  0.23190637501599598  0.24267181958120340
  0.25284162684572686  0.26284549543188579  0.27273837171249032  0.28279633333830323
  0.29313113640989813  0.30333273813773776  0.31372119983296787  0.32412856111123589
  0.33472842413943737  0.34516567014680544  0.35533679325969214  0.36504014056559930
  0.37459017327181787  0.38407866233595289  0.39420817724552132  0.40419607219399062
  0.41418446888721883  0.42410032769671668  0.43420465409344505  0.44435557559111133
  0.45463803445965595  0.46532364037252055  0.47618893519842426  0.48661972004218601
  0.49667784848995039  0.50666014490563305  0.51639094194507729  0.52600682915344865
  0.53559631248176587  0.54597867701193414  0.55675969966303740  0.56751342959789763
  0.57842116432888024  0.58946313164370190  0.60024083380554583  0.61103084373816108
  0.62222859701989952  0.63364368547368977  0.64466679708017616  0.65501015628473569
  0.66509485307110450  0.67481215802469807  0.68447099328320260  0.69465318125996578
  0.70547903603749396  0.71680433659362786  0.72860743698472397  0.74072306082679862
  0.75246905072413250  0.76334448284059386  0.77387583330411736  0.78450418830321633
  0.79536774611615546  0.80635731103087949  0.81734683886817960  0.82878859761670154
  0.84007099460962409  0.85128422299384821  0.86221321448991883  0.87306279435561618
  0.88390523085214445  0.89435076260491686  0.90513387343991392  0.91581230261634616
  0.92720785294708585  0.93835057884946194  0.94922774886938266  0.95969510802265179
  0.96971829026564160  0.97983517623417171  0.98992107512461147  1.00000000000000000
  0.01247956633565707  0.01685093237038031  0.02035720658446214  0.02558507838025511
  0.03149144791221176  0.03753625618529700  0.04365598034449340  0.04975428654371761
  0.05595219771446280  0.06201467981720920  0.06781673111422347  0.07344475801910516
  0.07907069176253327  0.08487858078351450  0.09087302247466225  0.09692921897988024
  0.10297503439122915  0.10884192618576227  0.11462793095726989  0.12043818680531745
  0.12607247730938254  0.13157526877361389  0.13710996059291672  0.14272265567591033
  0.14835217039229928  0.15395953811069268  0.15959316790503711  0.16510896915534093
  0.17109253420229725  0.17712727270048775  0.18348764006503626  0.18994200275939951
  0.19648418136286713  0.20297224671811850  0.20934221213884549  0.21555160023301301
  0.22166687129994447  0.22773871364494339  0.23377597052328652  0.23984414101283208
  0.24613779729039040  0.25268136286621756  0.25929342052940407  0.26574027270256928
  0.27203439839992277  0.27848024327407356  0.28502831062265888  0.29173435820119037
  0.29849926309812108  0.30569759843803412  0.31303759763762629  0.32036740953745363
  0.32756424592059685  0.33469877515650898  0.34213031893435386  0.34977752681675134
  0.35764560296980885  0.36551564053728813  0.37309251757381467  0.38063118324402795
  0.38851990688944088  0.39681224692718381  0.40537282991818213  0.41393390251489359
  0.42251944972968181  0.43121874680567057  0.43990484867736107  0.44886879836746696
  0.45797679306488287  0.46757229095230085  0.47718926449853488  0.48727744567091624
  0.49758995111915316  0.50833446896448586  0.51962647651728155  0.53078540946859187
  0.54191411975877313  0.55311349902298756  0.56499034528704406  0.57746936725003917
  0.59026547472851409  0.60358903652948048  0.61780346151167720  0.63214693572731373
  0.64650823993424178  0.66158085444614712  0.67817590196836963  0.69591442109990875
  0.71470310426340511  0.73532775525330085  0.75796352801391798  0.78388760391001022
  0.81450344704640931  0.85107021151231388  0.90058603695051143  1.00000000000000000
 -0.00251417207769058  0.00973205707479733  0.02041284346458474  0.03138874446759463
  0.04294835684354210  0.05370269326332037  0.06388917431079903  0.07363612673844967
  0.08360072720123722  0.09404263093682143  0.10402734447319611  0.11395372808978876
  0.12398249751607000  0.13414841994932561  0.14505136021015866  0.15560409329680824
  0.16616602823874985  0.17653491090718565  0.18699525484843174  0.19754288751328083
  0.20837940212061112  0.21920921861139672  0.22941519099322003  0.23913886152170052
  0.24865786736042281  0.25836491992285049  0.26816289190620479  0.27820084814092888
  0.28868698647424540  0.29958765572400481  0.31045720540457988  0.32090505971365246
  0.33125641018967789  0.34192623717654680  0.35294539184794832  0.36392772814762919
  0.37444099979253032  0.38502425099777143  0.39564602125456194  0.40603724152033438
  0.41632948518696306  0.42672565994855177  0.43708885011062443  0.44731379062425791
  0.45751762237050581  0.46813755809707858  0.47894388493950196  0.48937601910322920
  0.49996152126497756  0.51101867909935750  0.52217489881083368  0.53295992247357205
  0.54285137816432227  0.55274631784515904  0.56280630553893807  0.57377115609482210
  0.58414459946396136  0.59555850231753893  0.60662643611521094  0.61792505739739911
  0.62854384382525386  0.63926835744688759  0.64962588874573501  0.65994612550835152
  0.67033561832091282  0.68082800912688068  0.69165296908454810  0.70250644000469264
  0.71283842878476411  0.72280575844086037  0.73258951630451241  0.74271829081824914
  0.75325255802258362  0.76412209272041876  0.77492810109858690  0.78574319544227045
  0.79627622123380248  0.80706413242789499  0.81770568292324919  0.82884040989299002
  0.84020523166591665  0.85155731073560381  0.86249708631154431  0.87345871846192569
  0.88455814143723233  0.89553290397752472  0.90568647607045061  0.91598557396862268
  0.92657564693085392  0.93738421135406458  0.94803355349904139  0.95891805654557027
  0.96970192627796759  0.97967543625714437  0.98965731246472455  1.00000000000000000
  0.02457294342397885  0.03131493628475046  0.04063298202594744  0.05037611247653558
  0.05976953669156436  0.06922141284587234  0.07866823706225634  0.08820113351921524
  0.09793427112512644  0.10792607689146562  0.11802274189540110  0.12804864930229737
  0.13817710524025190  0.14869339816940480  0.15952368865117084  0.16993196162444790
  0.17994049568934858  0.18981546103612498  0.19968328271212452  0.20972747571693193
  0.21963055834388756  0.22981248701890244  0.24027519105591238  0.25065578288998586
  0.26109205769111177  0.27164416685015813  0.28216372821507846  0.29182754074482642
  0.30127214177817058  0.31079274558031611  0.32116803173313357  0.33158761233489875
  0.34190288434816851  0.35208199889332925  0.36236395852196196  0.37258316946665587
  0.38278364483188043  0.39322885359331483  0.40377979466162112  0.41448053222311548
  0.42483178953167550  0.43508171303740006  0.44513981039383177  0.45510490830413908
  0.46523834164858896  0.47572137813376586  0.48678519255105501  0.49796081257516339
  0.50856685568880977  0.51854923284054633  0.52829547827876111  0.53811173887382402
  0.54799821152209693  0.55808295292525234  0.56777895714068660  0.57752829595630306
  0.58700000261066909  0.59680941428938949  0.60647700908211299  0.61582583825368686
  0.62507893514602442  0.63461307338194028  0.64479341938035772  0.65515161290852808
  0.66570958289482463  0.67628776697662418  0.68684738936647405  0.69704928559214474
  0.70721558039231736  0.71744378404007558  0.72782039607751259  0.73831167642481399
  0.74886188194090109  0.75929713188752213  0.76945637547887824  0.77930494230784142
  0.78939193756171810  0.79968740915159064  0.81012501502790002  0.82055934613976900
  0.83128311250351350  0.84219551985963026  0.85295915707409031  0.86342228049014402
  0.87391349525410666  0.88407493744160004  0.89422704221803606  0.90433557184671864
  0.91428360403842746  0.92439829318793376  0.93473736488726777  0.94520390612179461
  0.95586933830828569  0.96547213413037236  0.97102217713609429  1.00000000000000000
  0.06129402980960644  0.11575839803881692  0.13564009267866015  0.15106917050816498
  0.16580919589519022  0.17911890254494683  0.19189542980495142  0.20387976023463997
  0.21460908750603594  0.22429911577024908  0.23386487707673939  0.24320999733094073
  0.25231720944586178  0.26101241990217805  0.26968111554568713  0.27858238413435249
  0.28764759639600174  0.29629058898162197  0.30470851892250650  0.31274628113076752
  0.32050388167420607  0.32805073169633669  0.33561869072223793  0.34336174530972141
  0.35113334423777953  0.35865937487822735  0.36606070680224634  0.37308690363416191
  0.38021858724160806  0.38720777223540698  0.39412420887584287  0.40088320361971364
  0.40759938929558603  0.41438190658931118  0.42112453522134669  0.42796045204704863
  0.43472669213044685  0.44120858554678061  0.44736985812842373  0.45336653826666551
  0.45935040704998109  0.46544904871150161  0.47167479626435838  0.47797289246826147
  0.48430809793080559  0.49047892462444082  0.49653046184427274  0.50253745631950519
  0.50860638223305377  0.51477964318512281  0.52090080799379557  0.52692142093747885
  0.53283267365824261  0.53872677066736230  0.54466841158644830  0.55064090346105521
  0.55649697880202131  0.56208134724383219  0.56749454465206639  0.57291194619538477
  0.57848075967607704  0.58439115788964235  0.59043213490433999  0.59646598548299501
  0.60233286648867701  0.60795622158906681  0.61331904416339378  0.61859660672993300
  0.62388637054976570  0.62921756418803487  0.63468204669538819  0.64023718872590163
  0.64575065091036032  0.65162612884358107  0.65744295292384092  0.66330166415032743
  0.66926932318759935  0.67525744472517557  0.68124432011898861  0.68740346838288324
  0.69369010055208202  0.70013823085963867  0.70667821878399006  0.71325428251657641
  0.72005204198149175  0.72723319098554862  0.73487214258039379  0.74332761060625274
  0.75200267257725883  0.76217434723217581  0.77357082734824423  0.78668133499335535
  0.80294643330806359  0.82481283129491834  0.86155741899099325  1.00000000000000000
   6.5924969524247861E-017  -1.0000000000000000     
 F F F F F F F F F F F F F F F F T F T F T F T F F F F F F F F F T F T F T F T F F F F F F F F F T F T F T F T F T F T F T F T F F F F F F F F F F F F F F F F F T F T F T F T F F F F F F F F F T F T F T F T F F F F F F F F F T F T F T F T F T F T F T F T F
  <DiscreteSampler_grid>
  grouped_processes
  1 # 1 for a reference and 2 for a running grid.
  10 # Attribute 'min_bin_probing_points' of the grid.
  1 # Attribute 'grid_mode' of the grid. 1=='default',2=='initialization'
  0.0000000000000000 # Attribute 'small_contrib_threshold' of the grid.
  0.5000000000000000 # Attribute 'damping_power' of the grid.
 # binID   n_entries weight   weight_sqr   abs_weight
    13   10   2.712457880070024E-006   2.983962177974344E-011   2.712457880070024E-006
    14   10   2.712457880070035E-006   2.983962177974375E-011   2.712457880070035E-006
    25   10   1.676170178062198E-006   8.290808724089749E-012   1.676170178062198E-006
    26   10   1.676170178062269E-006   8.290808724090037E-012   1.676170178062269E-006
  </DiscreteSampler_grid>
