  0.00000000005610984  0.00000000013654668  0.00000000019801537  0.00000000025785656
  0.00000000032177392  0.00000000038991606  0.00000000046081047  0.00000000053506478
  0.00000000061326502  0.00000000069484535  0.00000000077214615  0.00000000085296441
  0.00000000093564084  0.00000000102266135  0.00000000111698008  0.00000000121433765
  0.00000000131135104  0.00000000141353570  0.00000000151691015  0.00000000161842594
  0.00000000171905800  0.00000000182858367  0.00000000194153487  0.00000000205472675
  0.00000000216691531  0.00000000228214792  0.00000000240113085  0.00000000252352490
  0.00000000264467629  0.00000000276650977  0.00000000288562173  0.00000000301227852
  0.00000000314515359  0.00000000328159993  0.00000000341399533  0.00000000354585731
  0.00000000367494454  0.00000000380592713  0.00000000393860091  0.00000000408282765
  0.00000000422811431  0.00000000437347662  0.00000000451954964  0.00000000466615742
  0.00000000481303524  0.00000000495783432  0.00000000510524635  0.00000000525889094
  0.00000000542708537  0.00000000559497171  0.00000000576995350  0.00000000594420090
  0.00000000611258676  0.00000000628569876  0.00000000645696790  0.00000000662652395
  0.00000000680489849  0.00000000699385565  0.00000000719616874  0.00000000739995829
  0.00000000760124808  0.00000000780548618  0.00000000801563166  0.00000000822840213
  0.00000000843699734  0.00000000863711702  0.00000000883352896  0.00000000905274675
  0.00000000928113149  0.00000000951343493  0.00000000975534444  0.00000001000528592
  0.00000001025978718  0.00000001051912804  0.00000001078146209  0.00000001104276626
  0.00000001130745228  0.00000001156783981  0.00000001187310103  0.00000001222257254
  0.00000001258414129  0.00000001294959009  0.00000001331808906  0.00000001369516867
  0.00000001408738468  0.00000001453160329  0.00000001497127077  0.00000001546760204
  0.00000001604486899  0.00000001667768001  0.00000001736340672  0.00000001816175579
  0.00000001912776511  0.00000002044662258  0.00000002123331079  1.00000000000000000
  0.00941851249436254  0.01719598940712370  0.02696827108259264  0.03886420558267323
  0.04984770638990831  0.06097761014493298  0.07147039863553092  0.08210013500173567
  0.09248397909263559  0.10275061669718590  0.11315477867787643  0.12355433166106233
  0.13400446156226176  0.14377091112342968  0.15370439747521519  0.16374550393960827
  0.17376446420725572  0.18362629291496943  0.19304283132591157  0.20240002848375693
  0.21248062527665948  0.22251199763771776  0.23221522311447995  0.24191268604849497
  0.25253632176075597  0.26445552013231488  0.27601123901205854  0.28586621878964280
  0.29601259619266312  0.30601732930534781  0.31650647187946440  0.32649641759109793
  0.33649109557708612  0.34638791572249361  0.35651767063033968  0.36665712827345426
  0.37656113448311535  0.38724714594913862  0.39764267119663776  0.40850268206942669
  0.41934638037415911  0.43014598422910466  0.44107287342780688  0.45243908994230986
  0.46345861485755213  0.47422675048256724  0.48485260650253498  0.49530938843291983
  0.50568068751105333  0.51597447183988865  0.52755864400291674  0.53928442031817325
  0.55079270764197918  0.56195700238330337  0.57316289568744017  0.58408544254710226
  0.59441206607383201  0.60456266803764835  0.61425388860348162  0.62396918743646756
  0.63345028545390880  0.64326945164945104  0.65328474773494161  0.66333824641555894
  0.67353799331496422  0.68431149595455432  0.69502333438248554  0.70539234120971162
  0.71522197244568131  0.72471697425245751  0.73404708819498610  0.74349179599628379
  0.75314937493670597  0.76366974713024649  0.77370989485207731  0.78395247681250102
  0.79407561761811196  0.80415159173846407  0.81410237694337551  0.82449147708952863
  0.83465904302583060  0.84462453062871157  0.85457018371748805  0.86555740311612583
  0.87673824418553969  0.88737448341194991  0.89775546165974507  0.90803175986891560
  0.91836276974936504  0.92824518742905582  0.93840829468040698  0.94886668522410011
  0.95933252656748680  0.96965093463790963  0.97976494677409842  1.00000000000000000
 -0.00258187671100496  0.01057369409141851  0.02275975636051920  0.03487899404240337
  0.04747247658298247  0.06021133060107767  0.07202718975945105  0.08305776251056114
  0.09367522244528725  0.10464373314007136  0.11556683488418371  0.12586346410720334
  0.13668495645715684  0.14733154965697443  0.15834911387701320  0.16900954255332248
  0.18004282268148492  0.19123172017120779  0.20263324212622161  0.21397548931743074
  0.22550637780506830  0.23656909001521345  0.24762370427618044  0.25844415511740626
  0.26938091304416917  0.27986161036864310  0.29059536933979452  0.30130088808857280
  0.31190824963212538  0.32233369658078098  0.33272253996241902  0.34354310648384445
  0.35452071861557305  0.36577024627042493  0.37714082010352812  0.38860025203532661
  0.39974245648363260  0.40977425340442819  0.41990958230429509  0.42930687112532140
  0.43894542423873895  0.44884726588791213  0.45907738627834033  0.46935186272487350
  0.47976113911514773  0.49035766688510124  0.50094633404117306  0.51133345115565654
  0.52162968939821996  0.53206716401343324  0.54270865866825635  0.55358557938378294
  0.56428853255772649  0.57437151458575231  0.58419240838930397  0.59404374787072578
  0.60408931173935043  0.61402122637340817  0.62378639395902968  0.63368380669450297
  0.64367592355222125  0.65376278827357481  0.66393867409877549  0.67372395364843296
  0.68354794885665571  0.69387813217539929  0.70448567410342033  0.71504051559815873
  0.72533368202943993  0.73544478124269497  0.74545099963585160  0.75501124165043487
  0.76443961700675589  0.77414226668357899  0.78413290540720271  0.79435113707820693
  0.80488700198120000  0.81572128390181398  0.82660434468694099  0.83705969487864695
  0.84713014348489524  0.85702480642749801  0.86678539073087435  0.87656875803658052
  0.88678961291004321  0.89716951911862020  0.90766945302189417  0.91794440431169388
  0.92855183548670628  0.93902025858377869  0.94874209447285673  0.95878247049515797
  0.96931636255798215  0.98026535853387198  0.99008517852257572  1.00000000000000000
 -0.00300574557640523  0.01047642261178202  0.02211300401293577  0.03359766667852045
  0.04473081241344136  0.05533265606570192  0.06579496214688872  0.07629921423126980
  0.08696824413693049  0.09766426353421431  0.10808577113483053  0.11838630124439886
  0.12889101628521024  0.13982730189897047  0.15073351094084766  0.16175070651254889
  0.17295471906101809  0.18454649396445805  0.19548489144589720  0.20586988426871758
  0.21590729203310399  0.22594303362982918  0.23595348266600966  0.24618621945624861
  0.25662579109132894  0.26740776909236674  0.27802673274970285  0.28829320795965951
  0.29770836250820015  0.30707269629999295  0.31659754001957818  0.32693556527547013
  0.33800353817994622  0.34952006155507087  0.36053151047732263  0.37177031215719758
  0.38307200371145433  0.39424300269051427  0.40448107054368493  0.41388606972696096
  0.42283400163858381  0.43152528050966077  0.44036941331973506  0.44968152824522423
  0.45951308707648314  0.47000259528692573  0.48058389630240744  0.49089396259797935
  0.50140003289918555  0.51167460003045928  0.52182979414213126  0.53219818419949105
  0.54282911658732269  0.55371202115423135  0.56443345388887600  0.57502807520420807
  0.58557546598112975  0.59605010425559757  0.60647073992798284  0.61681333974758334
  0.62711454012046164  0.63755899891369694  0.64838124913270812  0.65898951416254947
  0.66924167240347188  0.67902340974476116  0.68876995805219909  0.69844886492515179
  0.70849475033919718  0.71884741191580870  0.72936972896790053  0.74029960442533038
  0.75123983341820166  0.76159030662738358  0.77163273056557002  0.78175673286978065
  0.79203002246829102  0.80197634278412611  0.81187404487507364  0.82310997406567254
  0.83425782015126027  0.84529714736556616  0.85607541142596200  0.86793237208277529
  0.87980456243023886  0.89169905662213844  0.90319252864529576  0.91421466255840678
  0.92508074029895349  0.93561615525884745  0.94611843632468196  0.95652358968467988
  0.96754920093677854  0.97860959140113823  0.98929248324096375  1.00000000000000000
 -0.00221687613474392  0.00940671691962633  0.01930854022319606  0.02896865124915144
  0.03910614349979599  0.04911233903763344  0.05942011697950610  0.06961199973493411
  0.08013093086969578  0.08987344734634961  0.09953840987050065  0.10873726299043387
  0.11795236489465399  0.12726243936816212  0.13677583471523774  0.14637813757665230
  0.15663592987538116  0.16678661783241885  0.17715055110040973  0.18749954055773155
  0.19861495139418453  0.21022152840360853  0.22170870213856395  0.23215943313337276
  0.24183341628037849  0.25187771467611469  0.26206250779884738  0.27252152306503968
  0.28291186699349624  0.29392058421764389  0.30501735854882095  0.31584938427136638
  0.32663775484310409  0.33742786125821966  0.34830759186259219  0.35889389819974349
  0.36947917658783869  0.37988462296547471  0.39016335550116565  0.40056762296008569
  0.41161342395946521  0.42274272209325309  0.43352987946897914  0.44375974261748879
  0.45386874306953867  0.46404366198624064  0.47443427132899685  0.48499284229041950
  0.49591872694316169  0.50685566380278313  0.51802018002442962  0.52893781896151038
  0.53964340411277534  0.55027866722771546  0.56089225182803248  0.57154251487263485
  0.58228949249375428  0.59304484299985993  0.60361794432096216  0.61452231741138208
  0.62459919303326117  0.63570506443377262  0.64632207186659973  0.65806993761530674
  0.66928300129619134  0.67964887532759266  0.68957070808118492  0.69952711041261517
  0.70992753065586933  0.72081150866382127  0.73169443963349823  0.74253698124269718
  0.75278096979700104  0.76269893244193088  0.77295144270192051  0.78379207984993138
  0.79472930701130040  0.80533727631067054  0.81583342641177559  0.82689536078644355
  0.83730626681280151  0.84728410462035142  0.85787689508724407  0.86934602107124870
  0.88028264103138165  0.89066470171961842  0.90087688586246950  0.91116048406408656
  0.92138466548185982  0.93179883883455084  0.94276327459938469  0.95397132472885038
  0.96508002937795445  0.97660156093487027  0.98806810829939951  1.00000000000000000
 -0.00252781969024740  0.01001870329214379  0.02059544340134379  0.03142947474493964
  0.04182112756234511  0.05255681453250679  0.06354078837314157  0.07472378311759800
  0.08632790528547019  0.09815521160142128  0.10952718494509525  0.12007015222808679
  0.13050016371975803  0.14122780265723400  0.15219363640694222  0.16294035464016846
  0.17317273535687278  0.18324161045629725  0.19315480874310992  0.20299264577119583
  0.21315045095296795  0.22390700803655308  0.23546532202137835  0.24698292407049066
  0.25844083239302695  0.26942011356959211  0.27984302317427290  0.29019131895108941
  0.30114528997628265  0.31165235130476165  0.32163517912194967  0.33119872006876455
  0.34181651172552258  0.35305293318497960  0.36349732392345480  0.37335955595905129
  0.38433742360295309  0.39532086463895427  0.40582553228034918  0.41629791768807994
  0.42686540702318537  0.43745920487805606  0.44811013220990886  0.45849524022202948
  0.46850013078214076  0.47808300823474198  0.48875233062943124  0.49982538886389638
  0.51060916230184483  0.52103475871975768  0.53146178175259962  0.54183617783882865
  0.55174158097193271  0.56158814992287887  0.57137738380032332  0.58138269906708673
  0.59168639406272105  0.60239281408399770  0.61309882249975656  0.62347884372211548
  0.63417363898998380  0.64485486405661918  0.65555012860530637  0.66615080197289456
  0.67729430725333295  0.68850441627330894  0.69937263197732258  0.71050465554269937
  0.72117229250577142  0.73161958911912350  0.74123392970988822  0.75144201575339453
  0.76164228981854820  0.77180018835180009  0.78184978754968504  0.79167211035826635
  0.80187790556193528  0.81217932440482354  0.82270195849875671  0.83313141858032769
  0.84362359302779644  0.85354616918710124  0.86423035754357347  0.87452327289509468
  0.88528221773594640  0.89596838576123239  0.90655502828037970  0.91770397582941388
  0.92817202130663212  0.93851117546748819  0.94865367747096829  0.95868620445554020
  0.96862358132449944  0.97852353808292170  0.98901338193444688  1.00000000000000000
  0.00375326325601819  0.11222842236140675  0.16909227544179040  0.20983226770022451
  0.24358745740500820  0.27317996055245380  0.29829740105258901  0.31958004253275729
  0.33956637325204786  0.35852733310459256  0.37592767916639575  0.39264141355646992
  0.40848492846700396  0.42394944667644335  0.43899339434164664  0.45335601372319323
  0.46644764465330996  0.47858511138575699  0.49015662191755077  0.50145045744195194
  0.51217079931266052  0.52262714515211905  0.53340322614081892  0.54403883060312963
  0.55466353674789914  0.56507244094427367  0.57537312808655683  0.58542458745058812
  0.59499639585796615  0.60415408621795941  0.61269298774431025  0.62103568904543516
  0.62952429228136719  0.63827727288236746  0.64673006830538660  0.65472435791997452
  0.66237299517715686  0.66991959902317477  0.67757585776733764  0.68526210901175511
  0.69260986183873707  0.69986871392428318  0.70709522531867630  0.71449037950674799
  0.72198004344558686  0.72956294199900740  0.73683780004023780  0.74380328376074734
  0.75035443584684247  0.75681887181333596  0.76315806546996467  0.76956705173296769
  0.77579628411959745  0.78174548712608405  0.78762015893134707  0.79362230106362630
  0.79993898032861588  0.80639665302265950  0.81249115397885707  0.81836293578517949
  0.82402287438455557  0.82965956932317964  0.83539846364562043  0.84128278343556739
  0.84736077339642979  0.85342718942019735  0.85909470946103272  0.86447327508360727
  0.86976920491478471  0.87515156589898946  0.88034104745853792  0.88543338696403606
  0.89051649857330561  0.89552479439746158  0.90032326077735991  0.90498632176840932
  0.90973417272208945  0.91436879521397707  0.91888963940307278  0.92324772415086109
  0.92750452673162709  0.93178873067955514  0.93624437399966487  0.94073074157511083
  0.94517716486829906  0.94961519542645811  0.95400094890640741  0.95831347222847252
  0.96265195946506676  0.96709948004191681  0.97165596050050806  0.97615518948889779
  0.98052475859341204  0.98418536899782205  0.98635443015926150  1.00000000000000000
 -0.00249635033604620  0.00926994288846762  0.01996824145661046  0.03043754076694924
  0.04138682693436269  0.05251116103273239  0.06342837349593732  0.07384554825283358
  0.08391220607341637  0.09423734584971070  0.10405886943786392  0.11416023138143462
  0.12396533659448242  0.13371130129516628  0.14339419898318245  0.15334526355098499
  0.16386860859384891  0.17491203924777285  0.18567277120846495  0.19663421389203070
  0.20753903852533540  0.21869272520368260  0.23008657887953224  0.24089431881281378
  0.25155326309128428  0.26178574594077081  0.27228191548050923  0.28284146578247277
  0.29283568538730625  0.30243319399466073  0.31221757159293695  0.32255942221713885
  0.33302656102103984  0.34321974769703845  0.35306511911577287  0.36287406671364841
  0.37324514674882597  0.38404570324425652  0.39498235850226626  0.40510991363825438
  0.41497461464762320  0.42509580747460490  0.43530413424436704  0.44527415434286222
  0.45503183287865395  0.46496710363653876  0.47494057159219144  0.48499760216154442
  0.49527239445732868  0.50533495673942030  0.51555655403336775  0.52577622101849897
  0.53625987332715708  0.54674794636226554  0.55729443017974634  0.56821138736514465
  0.57911310356436330  0.59021176046184276  0.60136481924844465  0.61240287713291430
  0.62299342555182002  0.63328401066281614  0.64373385717182718  0.65442511312841112
  0.66522791488086341  0.67570318801130203  0.68620698107079980  0.69723939039625427
  0.70819101426796838  0.71904235830668528  0.72962023500922579  0.74000018106100940
  0.75040610777962269  0.76090784273554857  0.77181488567262024  0.78373441051704762
  0.79537803055395984  0.80710302861117333  0.81863347293350619  0.82977410632833437
  0.84101465344199500  0.85152658783799606  0.86179944916320939  0.87148852837485991
  0.88206326812818847  0.89318444871821545  0.90453594380609359  0.91540057209827752
  0.92658395765719059  0.93799860972902405  0.94956079160836582  0.96076988213004177
  0.97119493198450724  0.98114086654610022  0.99063229168601075  1.00000000000000000
  0.02423317578197722  0.03244011242135222  0.04196178544755304  0.05169549952798094
  0.06100792835149543  0.06976745095690909  0.07848750535367928  0.08768618384354858
  0.09736264527608676  0.10735177165339463  0.11712388614036104  0.12701275057919595
  0.13725791290378286  0.14742975878627446  0.15740810775838918  0.16728300836332508
  0.17719634997098463  0.18705360739568899  0.19718397199214774  0.20777256777055916
  0.21838024169553003  0.22890454816575709  0.23943264877329781  0.25030721472679562
  0.26135776211749628  0.27220177457304062  0.28288807253568954  0.29356598698964848
  0.30402923096948192  0.31408605543108964  0.32379509329024320  0.33361055235683545
  0.34356683802552845  0.35360014710064841  0.36362930754692180  0.37374493775764078
  0.38417420124958751  0.39466228251629715  0.40516449253990888  0.41569691521572455
  0.42618206252606050  0.43683851897355258  0.44779882751841776  0.45857470442171810
  0.46900767436020296  0.47903178968121918  0.48929272533346541  0.49997499382258170
  0.51142122161149273  0.52309770254242716  0.53433002851132294  0.54546396625117577
  0.55638130074772363  0.56738968859283800  0.57801560143440767  0.58821107190660959
  0.59755471391681525  0.60688658455667688  0.61602372925923343  0.62541707150526038
  0.63522782580972026  0.64553282107213372  0.65628232010076359  0.66649757094800555
  0.67635892250684826  0.68604153523507494  0.69585787514028274  0.70597228870623918
  0.71533378377859347  0.72462271443656134  0.73363577297523830  0.74279919169519193
  0.75201021708574678  0.76070987851174743  0.76930283018227064  0.77835773542978348
  0.78786735406946762  0.79767927094333513  0.80781124037146657  0.81822596323621488
  0.82858869557907910  0.83845837176658666  0.84823479033250659  0.85833043473021897
  0.86879928164682518  0.87936060442543285  0.89057314946425892  0.90200220975718604
  0.91271719439673482  0.92283142788287131  0.93267877042472769  0.94307303831204103
  0.95409550857845049  0.96416836063352951  0.97105865362589816  1.00000000000000000
  0.09491944238218009  0.22625061339357561  0.25751197215254817  0.28202945211687741
  0.30202195448778218  0.31951538966087845  0.33578806302468112  0.35076825576914428
  0.36387446525930178  0.37604083636307795  0.38799012571322267  0.39987897573662701
  0.41148879964503388  0.42278775176653027  0.43448794015827691  0.44575434313594742
  0.45685596816758439  0.46756757037268498  0.47849702808633204  0.48908808130071763
  0.49940861441620615  0.50924695544274967  0.51903194132400876  0.52855033894251024
  0.53767031859917602  0.54648745557660172  0.55523785292587624  0.56399079378277850
  0.57267884125749935  0.58134597602528304  0.58989749303376360  0.59847278420255279
  0.60696931739684623  0.61515474386182489  0.62310848247808592  0.63073033179950122
  0.63808323976007231  0.64518378812799837  0.65200402409225644  0.65882096942910606
  0.66559870702767332  0.67226732496525254  0.67859522190447541  0.68488839221383879
  0.69098301644210780  0.69706792094728065  0.70318519590731776  0.70924632411640920
  0.71532490094525480  0.72117775036630682  0.72697664937719475  0.73262244464989923
  0.73813436724708636  0.74341599407747083  0.74843517530293424  0.75325976514738979
  0.75794696580362231  0.76277992080942425  0.76760223165793884  0.77233688067190864
  0.77689899785912964  0.78147707135523481  0.78600162598883971  0.79045640862485478
  0.79476705852058560  0.79879947683569674  0.80285299202328531  0.80697792193728590
  0.81095466732294585  0.81482021229484225  0.81849509280034149  0.82214321333712626
  0.82594870716270052  0.82961473710011724  0.83327306930172651  0.83688438526738662
  0.84044867462102679  0.84398973385759812  0.84731301220326660  0.85068034595657593
  0.85399108339462859  0.85750795948440217  0.86099381623634252  0.86424512656261476
  0.86766018345957541  0.87120108549766984  0.87484698069277222  0.87840745751933036
  0.88197067615680946  0.88587046045406370  0.89051542659460237  0.89610112845974432
  0.90166218071778581  0.90717362338529095  0.91037791238996280  1.00000000000000000
   2.3009396134182228E-023  -1.0000000000000000     
 F F F F F F F F F F F F F F F F T F T F F F T F F F F F F F F F T F T F F F T F F F F F F F F F T F T F T F T F T F T F T F T F F F F F F F F F F F F F F F F F T F T F F F T F F F F F F F F F T F T F F F T F F F F F F F F F T F T F T F T F T F T F T F T F
  <DiscreteSampler_grid>
  grouped_processes
  1 # 1 for a reference and 2 for a running grid.
  10 # Attribute 'min_bin_probing_points' of the grid.
  1 # Attribute 'grid_mode' of the grid. 1=='default',2=='initialization'
  0.0000000000000000 # Attribute 'small_contrib_threshold' of the grid.
  0.5000000000000000 # Attribute 'damping_power' of the grid.
 # binID   n_entries weight   weight_sqr   abs_weight
    13   10   2.101473142464176E-013   1.748102354666190E-025   2.101473142464176E-013
    14   10   2.101473142464375E-013   1.748102354666577E-025   2.101473142464375E-013
    25   10   2.260622172428897E-013   3.940812743038473E-025   2.260622172428897E-013
    26   10   2.260622172428871E-013   3.940812743038405E-025   2.260622172428871E-013
  </DiscreteSampler_grid>
