  0.00000000024864352  0.00000000032708360  0.00000000040188163  0.00000000048401716
  0.00000000056868938  0.00000000066351130  0.00000000076153953  0.00000000087479204
  0.00000000100894683  0.00000000115466238  0.00000000128913035  0.00000000142195691
  0.00000000153801366  0.00000000164047294  0.00000000174652968  0.00000000186006962
  0.00000000198716115  0.00000000211416939  0.00000000224020822  0.00000000236351076
  0.00000000248249848  0.00000000259253459  0.00000000270004293  0.00000000280625822
  0.00000000292527755  0.00000000306435971  0.00000000319613888  0.00000000332130814
  0.00000000343927717  0.00000000358704550  0.00000000373064281  0.00000000388454451
  0.00000000402697777  0.00000000415331988  0.00000000427645393  0.00000000439887552
  0.00000000452293436  0.00000000464529861  0.00000000478645401  0.00000000492263277
  0.00000000505989438  0.00000000519396119  0.00000000532965720  0.00000000546353437
  0.00000000558584009  0.00000000570000052  0.00000000581616818  0.00000000593967921
  0.00000000606400516  0.00000000619480239  0.00000000632773066  0.00000000646787561
  0.00000000662926067  0.00000000679349520  0.00000000696331564  0.00000000712515311
  0.00000000728635405  0.00000000744594263  0.00000000763250853  0.00000000781107248
  0.00000000800768591  0.00000000817981417  0.00000000832864979  0.00000000847679618
  0.00000000860881598  0.00000000874063604  0.00000000889394281  0.00000000908714331
  0.00000000928613361  0.00000000948623166  0.00000000972096785  0.00000000999069307
  0.00000001027859666  0.00000001055695344  0.00000001083795883  0.00000001110718398
  0.00000001135714869  0.00000001163041407  0.00000001189450735  0.00000001219121567
  0.00000001253611251  0.00000001291325498  0.00000001330139937  0.00000001368913780
  0.00000001408918416  0.00000001453098566  0.00000001498856165  0.00000001543924479
  0.00000001594259857  0.00000001662112441  0.00000001746209858  0.00000001845319285
  0.00000001980128164  0.00000002209438740  0.00000002373277604  1.00000000000000000
  0.00681211781063773  0.02374582794725365  0.03909499064835576  0.05157771358544151
  0.06336529757063983  0.07585344114578849  0.08771140701570952  0.09865365402696671
  0.10918463428714484  0.11928980655949606  0.12889292675319455  0.13861417466635753
  0.14726968899479206  0.15447526286773031  0.16136582294752164  0.16840280003973157
  0.17514250840551374  0.18147329179417268  0.18702142375068653  0.19232570432245757
  0.19841354195066641  0.20417103409240178  0.21017430788542907  0.21903810964504691
  0.22851883331518716  0.23917214346609228  0.24890793387348786  0.25618004984450693
  0.26343345437406807  0.27157332621439029  0.27866170027689596  0.28527229909480489
  0.29218727312305243  0.30067179766578145  0.31036702293307666  0.32436245497217647
  0.33779200999613435  0.34699566404956766  0.35590893646052263  0.36382416044182231
  0.37111609178156069  0.37826196193008726  0.38578980450612593  0.39450214419142487
  0.40553284482614926  0.41789417910559229  0.42933385276150798  0.43991545724207026
  0.44951689898912339  0.45985496626006384  0.47322034281258130  0.48757210749245405
  0.50325477732450741  0.51759478125246217  0.52964944548112891  0.54051914384307009
  0.55073012715973424  0.56039342318208896  0.57015546970232445  0.58084474532383434
  0.59282573356292434  0.60547788158712801  0.61583253523557147  0.62475271237516561
  0.63297549252492824  0.64103806102142247  0.65445664622511190  0.67023163495206517
  0.68497882274033117  0.69822399505578503  0.71081808824595405  0.72264239610981340
  0.73299640097538910  0.74237135214037153  0.75190977599193987  0.76132037480505232
  0.77072091767416251  0.78030375553125197  0.79081835207514040  0.80515204815026642
  0.82183196100325784  0.83605810056240726  0.84989625120414536  0.86320869721926485
  0.87570222153823796  0.88700277844050324  0.89739308417990504  0.90744942182564559
  0.91709145382101931  0.92692391443000732  0.93712314789719664  0.94816601048430782
  0.96010242935823331  0.97313600741078599  0.98666211173423801  1.00000000000000000
 -0.00000016777741622  0.00007255004195195  0.00057794599135190  0.00174733137983511
  0.00341624770065312  0.00582560573333243  0.00912318181341602  0.01250889554832836
  0.01660867219698757  0.02129444625411801  0.02541494261545522  0.02925685642132822
  0.03365905343874658  0.03921314815749057  0.04584839409992718  0.05267010357692893
  0.05982931823193938  0.06723596113292216  0.07524730184171478  0.08421165635093958
  0.09372246311793367  0.10314033112569009  0.11278234569790617  0.12273692076446635
  0.13305383032578086  0.14408960897496464  0.15485893325952013  0.16625221362941944
  0.17843760392808158  0.19088093968915260  0.20306871321590136  0.21491797955198377
  0.22707155900438714  0.24019974848651465  0.25319400099574862  0.26449948674316159
  0.27473997330786931  0.28518490985080475  0.29563587145161424  0.30873646874124500
  0.32237364179158229  0.33555651981380719  0.34879500516892714  0.36139624807046944
  0.37282533918944116  0.38344668747897342  0.39332748904250953  0.40313227383043565
  0.41238241280707133  0.42134066867232051  0.43080268902991858  0.44075580042680307
  0.45076568811688106  0.46185262828929258  0.47458296345048262  0.48765661188428228
  0.49993008645549425  0.51179813891563830  0.52353603170397789  0.53433826985818011
  0.54437719987568256  0.55657330847176156  0.56815533030722498  0.58024104990927705
  0.59306709122203960  0.60678733288957065  0.62064818105210884  0.63360098932489506
  0.64569676839290058  0.65688684555506138  0.66852052024237363  0.68131784313454724
  0.69446377629692824  0.70752840521377891  0.72053696383480770  0.73373432301514563
  0.74675840581571484  0.76003036704711058  0.77367982923293088  0.78728924854895854
  0.80097317821277381  0.81515755342113894  0.82987612783234055  0.84518370758519346
  0.86126330948410734  0.87870706861214443  0.89590705276388838  0.90891859371417472
  0.92107172190380981  0.93226993362851074  0.94354068783461975  0.95520647499113720
  0.96615490459250997  0.97693549736268914  0.98852981163359233  1.00000000000000000
 -0.00400529274879143  0.01377841161883988  0.02616462159865238  0.03695484300179011
  0.04736829455704109  0.05787646927210399  0.06845526673729305  0.07871489581559891
  0.09064417906434340  0.10333712819542865  0.11542129980189883  0.12777240596064690
  0.14099290999983505  0.15540592073608900  0.16729834674931895  0.18047839249708411
  0.19258333763391891  0.20394462412874884  0.21675098016227193  0.22978995527342339
  0.24155852184756230  0.25344938088304886  0.26622393691967472  0.27870056132613352
  0.28988996418295909  0.30172239820804575  0.31313637486519191  0.32407415764003666
  0.33549136414348729  0.34788473144833082  0.36003687436638981  0.37072362370315787
  0.38140577148471727  0.39130534787475263  0.40130673858360005  0.41138347958269389
  0.42230783303967312  0.43867145988623030  0.45381132900037785  0.46998389416957181
  0.48787374703826508  0.50203241112666053  0.50907560609641822  0.51680633103746343
  0.52507048825561675  0.53400563297163384  0.54294966944094036  0.55165544958443424
  0.56010984417695897  0.57059512777688359  0.58305939697844267  0.59567818968492514
  0.60640457791147451  0.61473035044034430  0.62255230818976814  0.63160321567589950
  0.64229288353462433  0.65348517003231721  0.66398145010005305  0.67390539302082220
  0.68366351244233592  0.69330317802823416  0.70329341889099917  0.71420818300747924
  0.72544963957326247  0.73720460172654712  0.74751994622950790  0.75731842640764879
  0.76774636228042770  0.77774648302326976  0.78714470649976787  0.79450234668759190
  0.80039023939578935  0.80629575186301905  0.81198441558094048  0.81750121312306678
  0.82531101956058728  0.83427756032336942  0.84287412412299334  0.85078557480508454
  0.86262190197290267  0.87683073996633654  0.88332875229411822  0.89035670915816090
  0.89727730766718417  0.90420600985883026  0.91071364910838837  0.91694127660098845
  0.92440187449216715  0.93197578095313316  0.94369764982508608  0.96027606436411461
  0.97127330969730530  0.98055644611300763  0.98939031777972630  1.00000000000000000
 -0.00173856589712619  0.00877162321043491  0.01709749510083021  0.02514299669003562
  0.03379627052607315  0.04326070160108998  0.05468155457451879  0.06893543754489617
  0.08531819606865562  0.09925100453125291  0.10995968589803411  0.12004687334975889
  0.12952594856815847  0.13919329624315385  0.14926640679695566  0.15887073527133991
  0.16802955459082269  0.17696909673838945  0.18602071073555065  0.19700919824755600
  0.21070093111414254  0.22487396592578485  0.23433824012697255  0.24306016887496742
  0.25272652318497169  0.26111034898873214  0.26998632858916438  0.27926169103640991
  0.28929934378090033  0.29936404413205753  0.30863248004027755  0.31834412560737302
  0.32863034075112985  0.33991517548283917  0.35037688458904909  0.35741525381819506
  0.36306006555852205  0.37054853424719925  0.37809187043921788  0.38601334475076782
  0.39353712153645415  0.40113614131209246  0.40890965456738182  0.41570102448523855
  0.42771038662122218  0.44529086970442522  0.46180975866739854  0.47708214213087718
  0.49182918347924320  0.50526019372470410  0.51837468221239624  0.53033587467433441
  0.54311716430660162  0.55613219206347686  0.57049418420073605  0.58194655131982898
  0.59060629824284228  0.59882272450001806  0.60694338023647298  0.61564603591168821
  0.62492466569674188  0.63347724471728317  0.64210749237673848  0.65356985766244702
  0.66578557952321682  0.67583357085837270  0.68473603712629094  0.69335683751763688
  0.70177839991668289  0.71015425074145577  0.71844662056815534  0.72620801167317528
  0.73593706189453478  0.74912445851645926  0.76080483940288846  0.77271568914724564
  0.78427246325042455  0.79612405925405150  0.80881932128551581  0.82568083981249329
  0.83962106910850487  0.85016591729505131  0.86189651946491963  0.87274709319771138
  0.88279754994736792  0.89236080389640182  0.90186309682462584  0.91266717996065161
  0.92214913578411273  0.93242504868169418  0.94246835678816843  0.95309222695053719
  0.96483444920523542  0.97665241325000784  0.98810728438377349  1.00000000000000000
 -0.00155175897465795  0.00844951902335118  0.01488509138119234  0.02132814422466172
  0.02811341286772283  0.03474402702426688  0.04153096018400566  0.05142790469024179
  0.06470268822660977  0.07649465754744643  0.09159895787740559  0.10848395674992817
  0.12636142175331661  0.14414472582200002  0.16011681958576837  0.17200431071481864
  0.18007313665952540  0.18887834021723088  0.19662818778387536  0.20289707087698386
  0.20865318300866459  0.21479688021454801  0.22143423295789938  0.22772833221668556
  0.23657870701734363  0.24759245995447182  0.26196958052063302  0.27758663398929123
  0.29280769095358516  0.30724624527205124  0.31714664687982713  0.32368902964000829
  0.33027089304444807  0.33653495372597564  0.34253347785535010  0.34888869006467821
  0.35485356549512492  0.36109876954161951  0.36754208378483216  0.37435682581733154
  0.38363054094123222  0.39593821751052688  0.41099455359701609  0.42956140553330163
  0.44388352687237448  0.45605974932023519  0.46754580402984547  0.47924038855865220
  0.49096411880892887  0.50233518217949213  0.51399819790962009  0.52662499641188654
  0.53904179103837613  0.55098895132644132  0.56201249691573585  0.57297492924255422
  0.58360123447819667  0.59341611080437451  0.60371331680890583  0.61437096437904049
  0.62570200469937842  0.63709578557007118  0.64811427667680666  0.65888888413600710
  0.66976365864177967  0.68099323773093834  0.69351492215046040  0.70830244580182800
  0.71626677696753793  0.72482583489728347  0.73365975931220129  0.74267371396002768
  0.75250969200995077  0.76197260900682018  0.77090581576492245  0.77993303865168306
  0.78891296497222441  0.79800776076848323  0.80762924521097856  0.81806591311486310
  0.82892512542307706  0.84262180903918660  0.85526200421039200  0.86696427366027407
  0.87779470882739896  0.88746535192905651  0.89661888776286236  0.90692337351005448
  0.91806638780321226  0.92998597680747230  0.94276042307361763  0.95515409571913545
  0.96629329093568472  0.97737877407701557  0.98890471226863785  1.00000000000000000
  0.00629521859247533  0.07194172741076385  0.13244175016601878  0.16995551059786818
  0.20476757079406918  0.23348328101777796  0.25533029571745508  0.27752330104032458
  0.30127405199400537  0.32160987968965710  0.34116414148169105  0.36401855973014391
  0.38640182623172015  0.40457510185635187  0.42100752952305642  0.43734922090745293
  0.45833723308616181  0.47432963475312706  0.48771834368099520  0.49917461964678522
  0.50849667309925606  0.51719580263633624  0.52611973605019169  0.53568979987192678
  0.54451072826828362  0.55452813351636021  0.56533815026333956  0.58016541358806162
  0.59373017404591555  0.60621456579921207  0.61629017392036489  0.62551605663446985
  0.63607282870070880  0.64629973079204783  0.65681859818180743  0.66696542077664400
  0.67780993178035942  0.68768668175019176  0.69698456796273089  0.70679742547108670
  0.71680500800939539  0.72771404119974259  0.73374084064074507  0.73983766527390926
  0.74600168961178814  0.75248422547684668  0.75955522260326791  0.76607550990141837
  0.77276314393161538  0.77836916376868903  0.78383641054352282  0.78856725266393435
  0.79356394176403600  0.79946815794644088  0.80570205747484658  0.81204415632016758
  0.81793520840211997  0.82325567127467658  0.82830193585737522  0.83359262832737968
  0.83915776652377894  0.84490384797232898  0.85105800190912151  0.85733252505666802
  0.86245444539800975  0.86782998656053423  0.87344624927534964  0.87712311337466520
  0.88021168204485145  0.88387377400637757  0.88733913222689043  0.89081285589800818
  0.89440097011789521  0.89780420056242671  0.90092491410017594  0.90396533599075168
  0.90723963152060727  0.91078384308654092  0.91434985701947713  0.91759649088498529
  0.92083449854961652  0.92395941062534126  0.92716221419070388  0.93026323260448640
  0.93328914145352915  0.93643374267111856  0.94064162266458007  0.94581094738412852
  0.95155723049184493  0.95683624388521438  0.96239419826997252  0.96811498874195923
  0.97389209269744426  0.98038472176471636  0.99019236088235818  1.00000000000000000
 -0.00187546678362698  0.00747149110456438  0.01571201362229573  0.02621410458194423
  0.03741608979657265  0.05060858325864767  0.06479184147932401  0.07889332691517369
  0.09362031223491214  0.10901518305493180  0.12235190308487419  0.13334831483687451
  0.14438712726766553  0.15584921919441089  0.16663976193276897  0.17719504424745072
  0.18669324032862264  0.19595897227816886  0.20672272899326738  0.21938511407473610
  0.23139618483899130  0.24189587085202627  0.25013596236261398  0.25691050683367328
  0.26343575046736550  0.26976370694546425  0.27644436539231965  0.28373672342231293
  0.29086379167013088  0.29869170765575859  0.30713260279214177  0.31737227244307664
  0.32935491895928426  0.33920651752367653  0.34810560906480853  0.35924146241488503
  0.37118306517240868  0.38290021092953191  0.39351283937070319  0.40160816403462429
  0.40836553767429362  0.41540423236707053  0.42296073020360386  0.43153629003525995
  0.44072934603542657  0.44891690393021599  0.45675922689209875  0.46454468142733030
  0.47231501287847527  0.48086293606765629  0.49245414083904832  0.50541487686070719
  0.51667598978619078  0.52648560889307350  0.53539855030438721  0.54466538474014137
  0.55437734530341332  0.56542733972413906  0.57833214902842645  0.59171207761100497
  0.60471813792282703  0.61740155205612568  0.62852886412413445  0.63987671771638543
  0.64983352431991015  0.65758906608357592  0.66504899705716014  0.67187235305205895
  0.67853608031295820  0.68554341468324287  0.69314450764792268  0.70119487267399672
  0.70809301824753190  0.71685342389147555  0.72674346774892862  0.73663573709384023
  0.74843722965819470  0.76108724488005874  0.77413960706672202  0.78751245173244333
  0.80260647006834018  0.81750891304978501  0.83267452738578895  0.84625011036009656
  0.85681066580954302  0.86641611243907446  0.87624987283706623  0.88630425689060977
  0.89738629846436291  0.90864424354492557  0.92100027863950407  0.93370526313205260
  0.94842088119291101  0.96284619767985025  0.97851261021688363  1.00000000000000000
  0.64574935080573470  0.67020131116472415  0.69432233509459851  0.71544417376459091
  0.73361129990931140  0.75076978001376549  0.76596322426349883  0.78066399377044227
  0.79398992339781005  0.80533080353558295  0.81645175055279118  0.82819488866388380
  0.83960883045688295  0.85060436837626785  0.86074886169397202  0.87005726571962516
  0.87838212426695694  0.88603796842982530  0.89382595687854982  0.90053653218757224
  0.90576739965007869  0.91077046569171038  0.91544737055103031  0.91929103859749939
  0.92204527025466065  0.92477118595110908  0.92761787575821530  0.93050901755358129
  0.93335172775989050  0.93596933370911206  0.93826198594063603  0.94012758402363850
  0.94197627427929442  0.94374108631199460  0.94540397704489421  0.94707111653642251
  0.94870680783406536  0.95030099277574065  0.95180481763348279  0.95319096353187660
  0.95445202097301496  0.95556059920895764  0.95661351517965632  0.95763082482176531
  0.95856007160306722  0.95938258862496428  0.96016468629860119  0.96097284466054245
  0.96179504874495791  0.96252303945054074  0.96319238877995261  0.96383145715251839
  0.96445719642371863  0.96502760697474022  0.96557059733067763  0.96609533087272759
  0.96659344023275329  0.96706379406439480  0.96751679559576698  0.96795346500058943
  0.96835751398600822  0.96872493274004234  0.96904133898243339  0.96935152066918373
  0.96965311641906837  0.96994500156097418  0.97027520109943055  0.97063225887561910
  0.97197556153412756  0.98195056736026498  0.98236390263087414  0.98273595083469645
  0.98302143772173523  0.98331043072937541  0.98361182176360129  0.98392415112465559
  0.98424413108478015  0.98460294312017493  0.98497286736972378  0.98535557021097298
  0.98574825192367999  0.98618309165585327  0.98665441381368113  0.98712480304784334
  0.98766388141812400  0.98825087278043233  0.98889082122680405  0.98964498265048839
  0.99047825213067375  0.99142087477874707  0.99240823831366465  0.99347520680695867
  0.99459181717990686  0.99591715881225884  0.99764129068299945  1.00000000000000000
  0.06274441132866826  0.20370738008754707  0.22582422669734933  0.24599837491988380
  0.25685656278397107  0.26483761599873001  0.27262845361296884  0.28020625316291264
  0.28816323630386870  0.29605691532796224  0.30298368713123491  0.30946282420156518
  0.31599405459700203  0.32365665146220191  0.33223279585745413  0.33855348012165820
  0.34469539760927165  0.35114493467548202  0.35773506773486596  0.36394957982489312
  0.37216384159756238  0.38012117876288598  0.38759932489057614  0.39440526831748923
  0.40105073452698087  0.40873496640101387  0.41524771165277891  0.42091096817043044
  0.42635131441921653  0.43154473572221858  0.43667364877177500  0.44140175631839867
  0.44618171574952786  0.45128652895244048  0.45579347435052642  0.46033380428435772
  0.46454963352428907  0.46928433264398361  0.47362240680519169  0.47763523489277793
  0.48230075298376013  0.48767886883296935  0.49366669844032540  0.49945566151383741
  0.50528111706006296  0.51148605998458241  0.51784843131650793  0.52402794977574174
  0.52991909201922027  0.53537300902257912  0.54111215885653630  0.54740910713230906
  0.55424744694811212  0.56088146731111754  0.56613377431787992  0.57034197470530279
  0.57457973424860753  0.57865731215825655  0.58266265314099863  0.58656580170073191
  0.59070409762647380  0.59481521236935275  0.59906791894854694  0.60330384651328262
  0.60775515103620736  0.61209343292105189  0.61620363021469848  0.62042333281399442
  0.62529398473695663  0.63131011691896133  0.63776892718786182  0.64386834586121755
  0.64973644458098923  0.65520057651612384  0.66128679332130669  0.66824803408018563
  0.67615191740205316  0.68428442003219325  0.69166122997506463  0.69861128946226692
  0.70549666241587816  0.71228540477148850  0.71873846443552591  0.72463486042449354
  0.73071986391541144  0.73797441127323904  0.74440486748731394  0.75148158723412772
  0.75896857387029604  0.76642599262231614  0.77567923787805082  0.78815880848534459
  0.80341385948691024  0.82632767514379257  0.86603298681349361  1.00000000000000000
   7.5924310160101414E-026  -1.0000000000000000     
 T F T F T F T F F F F F F F F F T F T F T F T F T F T F T F T F T F T F T F T F T F T F F F T F T F T F T F T F T F T F T F T F T F T F T F T F F F F F F F F F T F T F T F T F T F T F T F T F T F T F T F T F T F T F F F T F T F T F T F T F T F T F T F T F
  <DiscreteSampler_grid>
  grouped_processes
  1 # 1 for a reference and 2 for a running grid.
  10 # Attribute 'min_bin_probing_points' of the grid.
  1 # Attribute 'grid_mode' of the grid. 1=='default',2=='initialization'
  0.0000000000000000 # Attribute 'small_contrib_threshold' of the grid.
  0.5000000000000000 # Attribute 'damping_power' of the grid.
 # binID   n_entries weight   weight_sqr   abs_weight
    13   10   2.921185472404426E-018   4.207397569626533E-035   2.921185472404426E-018
    14   10   2.921185472404389E-018   4.207397569626441E-035   2.921185472404389E-018
    16   10   1.963951634402826E-018   1.325826268551295E-035   1.963951634402826E-018
    17   10   1.963951634402863E-018   1.325826268551299E-035   1.963951634402863E-018
  </DiscreteSampler_grid>
