  0.00000000024864352  0.00000000032708360  0.00000000040188164  0.00000000048401716
  0.00000000056868938  0.00000000066351130  0.00000000076153953  0.00000000087479204
  0.00000000100894683  0.00000000115466238  0.00000000128913035  0.00000000142195691
  0.00000000153801366  0.00000000164047293  0.00000000174652968  0.00000000186006962
  0.00000000198716115  0.00000000211416939  0.00000000224020822  0.00000000236351076
  0.00000000248249848  0.00000000259253459  0.00000000270004293  0.00000000280625822
  0.00000000292527755  0.00000000306435971  0.00000000319613888  0.00000000332130815
  0.00000000343927718  0.00000000358704551  0.00000000373064282  0.00000000388454452
  0.00000000402697778  0.00000000415331989  0.00000000427645394  0.00000000439887553
  0.00000000452293437  0.00000000464529862  0.00000000478645403  0.00000000492263279
  0.00000000505989439  0.00000000519396121  0.00000000532965722  0.00000000546353438
  0.00000000558584010  0.00000000570000053  0.00000000581616819  0.00000000593967922
  0.00000000606400517  0.00000000619480239  0.00000000632773066  0.00000000646787562
  0.00000000662926067  0.00000000679349519  0.00000000696331564  0.00000000712515312
  0.00000000728635405  0.00000000744594264  0.00000000763250853  0.00000000781107248
  0.00000000800768591  0.00000000817981417  0.00000000832864979  0.00000000847679618
  0.00000000860881598  0.00000000874063604  0.00000000889394281  0.00000000908714331
  0.00000000928613360  0.00000000948623165  0.00000000972096784  0.00000000999069306
  0.00000001027859664  0.00000001055695342  0.00000001083795880  0.00000001110718395
  0.00000001135714865  0.00000001163041402  0.00000001189450730  0.00000001219121560
  0.00000001253611243  0.00000001291325490  0.00000001330139930  0.00000001368913774
  0.00000001408918411  0.00000001453098562  0.00000001498856163  0.00000001543924478
  0.00000001594259856  0.00000001662112439  0.00000001746209856  0.00000001845319282
  0.00000001980128158  0.00000002209438738  0.00000002373277604  1.00000000000000000
  0.00681211780385491  0.02374582812891510  0.03909499103428541  0.05157771400888257
  0.06336529806251967  0.07585344147671899  0.08771140718380263  0.09865365425559476
  0.10918463466951912  0.11928980692714887  0.12889292711660633  0.13861417496604767
  0.14726968924837119  0.15447526301523765  0.16136582301937344  0.16840280007159625
  0.17514250837704082  0.18147329167319015  0.18702142373014427  0.19232570445634653
  0.19841354231449396  0.20417103454935262  0.21017430863807865  0.21903811104786630
  0.22851883484643079  0.23917214510567175  0.24890793488570173  0.25618005060620486
  0.26343345496468162  0.27157332638679876  0.27866170005912072  0.28527229884249339
  0.29218727288825563  0.30067179757440471  0.31036702291701684  0.32436245486329046
  0.33779200997811343  0.34699566403592536  0.35590893654434252  0.36382416050023875
  0.37111609185108946  0.37826196192373440  0.38578980446364086  0.39450214412269069
  0.40553284486716640  0.41789417926078976  0.42933385305048716  0.43991545764660867
  0.44951689956012547  0.45985496704320811  0.47322034391227358  0.48757210877995860
  0.50325477854985967  0.51759478225212918  0.52964944631082200  0.54051914447953286
  0.55073012771705931  0.56039342372914436  0.57015547028308111  0.58084474592680213
  0.59282573412679629  0.60547788208391473  0.61583253554962503  0.62475271267880694
  0.63297549278796739  0.64103806126571294  0.65445664665388559  0.67023163553007703
  0.68497882344072036  0.69822399570591487  0.71081808878463737  0.72264239643520900
  0.73299640127728305  0.74237135244832697  0.75190977628940125  0.76132037498029459
  0.77072091767822393  0.78030375546593034  0.79081835152487423  0.80515204833427545
  0.82183196063490649  0.83605810065884367  0.84989625130194113  0.86320869725735327
  0.87570222149544208  0.88700277857021614  0.89739308440257604  0.90744942215504687
  0.91709145396010483  0.92692391457322465  0.93712314801551300  0.94816601076333817
  0.96010242980779892  0.97313600795089161  0.98666211206784704  1.00000000000000000
 -0.00000016777741300  0.00007255004248384  0.00057794599146983  0.00174733136561567
  0.00341624764267918  0.00582560561655234  0.00912318166776813  0.01250889543680478
  0.01660867214734632  0.02129444620799626  0.02541494258377114  0.02925685638794515
  0.03365905336881426  0.03921314800796107  0.04584839383481859  0.05267010317042509
  0.05982931774421316  0.06723596052293362  0.07524730109620023  0.08421165553441555
  0.09372246233033044  0.10314033043412144  0.11278234515274457  0.12273692046195334
  0.13305383034996920  0.14408960921236572  0.15485893374182602  0.16625221440631385
  0.17843760492390492  0.19088094094157079  0.20306871463755624  0.21491798102546011
  0.22707156072028614  0.24019975034255259  0.25319400260436364  0.26449948841612214
  0.27473997500137953  0.28518491160106241  0.29563587333614655  0.30873647124095566
  0.32237364460065338  0.33555652283050363  0.34879500836589444  0.36139625139318649
  0.37282534240219567  0.38344669040719370  0.39332749202052064  0.40313227668852986
  0.41238241549519766  0.42134067138681847  0.43080269172700697  0.44075580322494140
  0.45076569110713521  0.46185263111684377  0.47458296634436981  0.48765661463754323
  0.49993008923290089  0.51179814230117249  0.52353603534674642  0.53433827359797370
  0.54437720456483796  0.55657331318008041  0.56815533489628423  0.58024105466044928
  0.59306709618175069  0.60678733811947283  0.62064818623466445  0.63360099410777004
  0.64569677292834393  0.65688684963273258  0.66852052464783884  0.68131784759460301
  0.69446378076815851  0.70752840965134323  0.72053696795373368  0.73373432672907812
  0.74675840912287561  0.76003037003121265  0.77367983216218661  0.78728925149770668
  0.80097318142407115  0.81515755668429757  0.82987613095420920  0.84518371042388551
  0.86126331200452511  0.87870707090686240  0.89590705419477434  0.90891859515682205
  0.92107172317126806  0.93226993474155218  0.94354068878857200  0.95520647576507145
  0.96615490524302361  0.97693549787139511  0.98852981190647260  1.00000000000000000
 -0.00400529272580774  0.01377841143766708  0.02616462142854191  0.03695484286937008
  0.04736829444408243  0.05787646907196983  0.06845526620520193  0.07871489510647377
  0.09064417832224446  0.10333712763120675  0.11542129958324192  0.12777240604679582
  0.14099291038704478  0.15540592119555310  0.16729834735330490  0.18047839337684451
  0.19258333860559390  0.20394462536287353  0.21675098122465841  0.22978995620704160
  0.24155852271560940  0.25344938163149366  0.26622393753214074  0.27870056168746893
  0.28988996432825892  0.30172239841352821  0.31313637498805841  0.32407415766066167
  0.33549136406992408  0.34788473127726072  0.36003687426699743  0.37072362396821329
  0.38140577213521132  0.39130534873626727  0.40130673937765682  0.41138348023717641
  0.42230783338134009  0.43867146049277939  0.45381132936226337  0.46998389446941985
  0.48787374638788661  0.50203241101481444  0.50907560577906685  0.51680633063038783
  0.52507048778331089  0.53400563253834010  0.54294966907842590  0.55165544918838383
  0.56010984339031888  0.57059512674329504  0.58305939599856493  0.59567818876706480
  0.60640457744557164  0.61473035010068033  0.62255230815387841  0.63160321561251676
  0.64229288371346416  0.65348517060364320  0.66398145088662497  0.67390539384994830
  0.68366351322572938  0.69330317856101364  0.70329341921922206  0.71420818328093094
  0.72544963982580368  0.73720460241931851  0.74751994731777194  0.75731842798981119
  0.76774636376736627  0.77774648411599689  0.78714470692235183  0.79450234708200052
  0.80039023966142575  0.80629575207858961  0.81198441582483472  0.81750121340398929
  0.82531101986100064  0.83427756066302394  0.84287412452209165  0.85078557494929130
  0.86262190281182671  0.87683074048980592  0.88332875277050549  0.89035670959894930
  0.89727730816893025  0.90420601047303861  0.91071364980477931  0.91694127731566322
  0.92440187526574746  0.93197578140305004  0.94369765016991880  0.96027606484846406
  0.97127330950925606  0.98055644592894720  0.98939031760529095  1.00000000000000000
 -0.00173856585607595  0.00877162303705709  0.01709749479875266  0.02514299627539004
  0.03379627017623676  0.04326070132383100  0.05468155419731133  0.06893543681180477
  0.08531819474254598  0.09925100349190731  0.10995968495478285  0.12004687253746221
  0.12952594787067573  0.13919329561757915  0.14926640635094413  0.15887073500223978
  0.16802955437415668  0.17696909650411355  0.18602071039963863  0.19700919753538204
  0.21070093035375786  0.22487396529608908  0.23433823987208868  0.24306016885668100
  0.25272652318469085  0.26111034902115243  0.26998632862329003  0.27926169120978506
  0.28929934397473805  0.29936404441923081  0.30863248031150292  0.31834412603064832
  0.32863034126717861  0.33991517615548084  0.35037688529747041  0.35741525429360627
  0.36306006655786655  0.37054853517448444  0.37809187131649119  0.38601334552907679
  0.39353712223927556  0.40113614218772603  0.40890965537424606  0.41570102494907690
  0.42771038776999304  0.44529087050514071  0.46180975953377851  0.47708214307347108
  0.49182918443673429  0.50526019458997273  0.51837468310426782  0.53033587546638428
  0.54311716507252294  0.55613219265044944  0.57049418449865741  0.58194655163803821
  0.59060629833010891  0.59882272466098219  0.60694338050291163  0.61564603618795688
  0.62492466587773532  0.63347724471418021  0.64210749213070528  0.65356985709869564
  0.66578557895831925  0.67583357046248271  0.68473603672850369  0.69335683709992080
  0.70177839945901299  0.71015425012868982  0.71844661985876135  0.72620801074469843
  0.73593706067821552  0.74912445743380685  0.76080483845371694  0.77271568816577074
  0.78427246223342928  0.79612405816304277  0.80881932046641547  0.82568083848321472
  0.83962106860296248  0.85016591667607400  0.86189651884565843  0.87274709267636708
  0.88279754955822787  0.89236080358428338  0.90186309664665232  0.91266717987432711
  0.92214913565640355  0.93242504849099295  0.94246835660589878  0.95309222680651218
  0.96483444922866612  0.97665241334497965  0.98810728442331386  1.00000000000000000
 -0.00155175897146081  0.00844951886608470  0.01488509115578067  0.02132814399976864
  0.02811341264328471  0.03474402685927092  0.04153096009222296  0.05142790492786349
  0.06470268889480818  0.07649465833434869  0.09159895908781464  0.10848395822949081
  0.12636142334104933  0.14414472727340327  0.16011682062215701  0.17200431123622348
  0.18007313708490341  0.18887834054770672  0.19662818799055051  0.20289707095348763
  0.20865318300971569  0.21479688010566220  0.22143423281751334  0.22772833192112624
  0.23657870651175322  0.24759245914162917  0.26196957960249928  0.27758663319073851
  0.29280769038962573  0.30724624502439862  0.31714664691544603  0.32368902995458870
  0.33027089340439281  0.33653495391893551  0.34253347795368327  0.34888869015849483
  0.35485356558179848  0.36109876962369231  0.36754208392622206  0.37435682599056164
  0.38363054105393629  0.39593821757492514  0.41099455373666272  0.42956140593972092
  0.44388352706565926  0.45605974930790666  0.46754580391775741  0.47924038840978644
  0.49096411863662065  0.50233518197946836  0.51399819747750553  0.52662499546419117
  0.53904178967200467  0.55098894972132317  0.56201249551619370  0.57297492780819315
  0.58360123326802082  0.59341610956877378  0.60371331544452644  0.61437096286096615
  0.62570200301225121  0.63709578389222388  0.64811427517542264  0.65888888283082658
  0.66976365745025468  0.68099323668132627  0.69351492131758641  0.70830244441330548
  0.71626677641992442  0.72482583406908274  0.73365975853397125  0.74267371324253750
  0.75250969127538814  0.76197260839895076  0.77090581529289226  0.77993303843314088
  0.78891296495067409  0.79800776087262693  0.80762924538353675  0.81806591326655309
  0.82892512537240370  0.84262180851473656  0.85526200358730053  0.86696427320225533
  0.87779470852856389  0.88746535187382192  0.89661888780152044  0.90692337356175878
  0.91806638776997473  0.92998597646913617  0.94276042248847447  0.95515409502104209
  0.96629329030604372  0.97737877364636350  0.98890471213116937  1.00000000000000000
  0.00629521861040823  0.07194172735958823  0.13244175047672319  0.16995551125973571
  0.20476757206673632  0.23348328243364305  0.25533029729181245  0.27752330291113791
  0.30127405384056644  0.32160988138836810  0.34116414329899530  0.36401856176863623
  0.38640182773582749  0.40457510344808006  0.42100753127950191  0.43734922391405989
  0.45833723556501277  0.47432963671428541  0.48771834512348411  0.49917462083940223
  0.50849667400985865  0.51719580354606942  0.52611973735812911  0.53568980132764166
  0.54451073007794404  0.55452813521731403  0.56533815252853226  0.58016541569803004
  0.59373017583849408  0.60621456725881639  0.61629017528786567  0.62551605821044731
  0.63607283058977671  0.64629973296568000  0.65681860038773388  0.66696542287504557
  0.67780993393403022  0.68768668370301345  0.69698457014416138  0.70679742788383582
  0.71680501085955106  0.72771404282856356  0.73374084231536896  0.73983766693927511
  0.74600169119592841  0.75248422708129237  0.75955522407256504  0.76607551115600592
  0.77276314510909150  0.77836916479127638  0.78383641167783813  0.78856725368900438
  0.79356394316059675  0.79946815950741490  0.80570205904133030  0.81204415781237327
  0.81793520970955480  0.82325567250228782  0.82830193711751288  0.83359262979576221
  0.83915776806510589  0.84490384964861076  0.85105800372617491  0.85733252654449854
  0.86245444692921935  0.86782998824748148  0.87344625070593185  0.87712311422219813
  0.88021168322200205  0.88387377506733344  0.88733913325837832  0.89081285698417589
  0.89440097136058450  0.89780420173081543  0.90092491520411566  0.90396533704528670
  0.90723963266048291  0.91078384435215165  0.91434985833407967  0.91759649205669092
  0.92083449968185349  0.92395941169627005  0.92716221532205967  0.93026323370642905
  0.93328914250234862  0.93643374369908505  0.94064162404263962  0.94581094895240003
  0.95155723178641571  0.95683624496185871  0.96239419917745095  0.96811498955299768
  0.97389209370574858  0.98038472276968536  0.99019236138484279  1.00000000000000000
 -0.00187546678421562  0.00747149102340373  0.01571201344840620  0.02621410420166816
  0.03741608941477510  0.05060858274217741  0.06479184099477585  0.07889332638305289
  0.09362031153802174  0.10901518249257282  0.12235190242057556  0.13334831454840626
  0.14438712714309801  0.15584921882395097  0.16663976176255554  0.17719504433087524
  0.18669324064359782  0.19595897239911059  0.20672272899772517  0.21938511364999530
  0.23139618456181760  0.24189587046229286  0.25013596183028936  0.25691050628938822
  0.26343574994419755  0.26976370656632753  0.27644436502709113  0.28373672294653435
  0.29086379103593990  0.29869170685474289  0.30713260187662828  0.31737227102682691
  0.32935491736487410  0.33920651627243337  0.34810560799361789  0.35924146109021393
  0.37118306389849248  0.38290020976010769  0.39351283821287192  0.40160816295805302
  0.40836553653887320  0.41540423119237119  0.42296072896851206  0.43153628863597399
  0.44072934443394907  0.44891690250846494  0.45675922541495234  0.46454467985983289
  0.47231501114103086  0.48086293352777137  0.49245413761563345  0.50541487388509410
  0.51667598708912077  0.52648560638568620  0.53539854765569539  0.54466538188483260
  0.55437734210421552  0.56542733589083738  0.57833214527043464  0.59171207439888596
  0.60471813518700201  0.61740154984346374  0.62852886204240721  0.63987671574558391
  0.64983352247911730  0.65758906482374013  0.66504899590315047  0.67187235199665829
  0.67853607925579695  0.68554341371012317  0.69314450654218807  0.70119487147426951
  0.70809301722089801  0.71685342225562954  0.72674346596074391  0.73663573557234852
  0.74843722752845465  0.76108724235278791  0.77413960438145901  0.78751244864378300
  0.80260646710213213  0.81750891049688135  0.83267452491629479  0.84625010895802588
  0.85681066482369561  0.86641611153075027  0.87624987208642713  0.88630425613592678
  0.89738629745626641  0.90864424252084408  0.92100027730153589  0.93370526186995551
  0.94842087975507960  0.96284619672262595  0.97851260944859808  1.00000000000000000
  0.64574935081145890  0.67020131133982541  0.69432233536636812  0.71544417399969040
  0.73361130008083364  0.75076978018538121  0.76596322445095155  0.78066399396191344
  0.79398992343515062  0.80533080348296360  0.81645175040551821  0.82819488843258959
  0.83960883021423627  0.85060436815842067  0.86074886150681951  0.87005726557523466
  0.87838212412219197  0.88603796828286374  0.89382595673837872  0.90053653203319395
  0.90576739953809593  0.91077046557942509  0.91544737045460178  0.91929103852680483
  0.92204527019249061  0.92477118588075502  0.92761787569754550  0.93050901750318171
  0.93335172773135577  0.93596933367990620  0.93826198589605725  0.94012758400621821
  0.94197627425533148  0.94374108628786091  0.94540397702805423  0.94707111652103637
  0.94870680782459471  0.95030099277067837  0.95180481762946734  0.95319096353114774
  0.95445202095872606  0.95556059918865310  0.95661351517161164  0.95763082481183037
  0.95856007158541789  0.95938258861321324  0.96016468628128582  0.96097284464209931
  0.96179504872731181  0.96252303942088424  0.96319238874406721  0.96383145710809692
  0.96445719637099392  0.96502760692592282  0.96557059729052475  0.96609533083473409
  0.96659344019946936  0.96706379403567166  0.96751679557351056  0.96795346497812185
  0.96835751396889269  0.96872493272022642  0.96904133895948441  0.96935152064556662
  0.96965311639213692  0.96994500153093643  0.97027520107455101  0.97063225885585425
  0.97197556244590400  0.98195056738295394  0.98236390266033891  0.98273595086532206
  0.98302143775886441  0.98331043077449820  0.98361182181198681  0.98392415117781384
  0.98424413113953058  0.98460294317948760  0.98497286742980816  0.98535557026760878
  0.98574825198020555  0.98618309172318219  0.98665441388263830  0.98712480312327633
  0.98766388150616324  0.98825087288204749  0.98889082136133899  0.98964498280914737
  0.99047825231024433  0.99142087498405207  0.99240823854080440  0.99347520700633551
  0.99459181734900981  0.99591715898286326  0.99764129088722087  1.00000000000000000
  0.06274441133875856  0.20370737928623403  0.22582422567736735  0.24599837415894857
  0.25685656219425629  0.26483761527945893  0.27262845287418830  0.28020625212530559
  0.28816323470063171  0.29605691370108528  0.30298368551541160  0.30946282266010472
  0.31599405290457649  0.32365664961235779  0.33223279404501671  0.33855347905359834
  0.34469539632095464  0.35114493339738290  0.35773506632125812  0.36394957845410053
  0.37216383988607238  0.38012117712501725  0.38759932355786864  0.39440526712206930
  0.40105073334719232  0.40873496528612774  0.41524771098112701  0.42091096756335034
  0.42635131393131009  0.43154473524514314  0.43667364832200589  0.44140175591906711
  0.44618171535571294  0.45128652843706946  0.45579347390013381  0.46033380382123201
  0.46454963301392543  0.46928433213524251  0.47362240645815218  0.47763523453694501
  0.48230075255874572  0.48767886842306213  0.49366669809124247  0.49945566116016443
  0.50528111667209519  0.51148605951770898  0.51784843074381848  0.52402794912244366
  0.52991909135192039  0.53537300839274127  0.54111215825952197  0.54740910660762365
  0.55424744648187363  0.56088146688761198  0.56613377404967036  0.57034197439568179
  0.57457973396924367  0.57865731189618907  0.58266265297707509  0.58656580155439886
  0.59070409764096299  0.59481521243763447  0.59906791906000068  0.60330384657492797
  0.60775515101683197  0.61209343293448037  0.61620363029186354  0.62042333293707452
  0.62529398489994470  0.63131011703136419  0.63776892733290480  0.64386834610090005
  0.64973644472639569  0.65520057680246735  0.66128679348188990  0.66824803434821900
  0.67615191774936512  0.68428442036200210  0.69166123005699820  0.69861128949298157
  0.70549666250679910  0.71228540492391956  0.71873846462407276  0.72463486062047977
  0.73071986392926669  0.73797441150595833  0.74440486763723523  0.75148158756391392
  0.75896857425512976  0.76642599307701664  0.77567923854599352  0.78815880911688896
  0.80341386013439042  0.82632767641098481  0.86603298887176305  1.00000000000000000
   4.7452693981885134E-019  -1.0000000000000000     
 T F T F T F T F F F F F F F F F T F T F T F T F T F T F T F T F T F T F T F T F T F T F F F T F T F T F T F T F T F T F T F T F T F T F T F T F F F F F F F F F T F T F T F T F T F T F T F T F T F T F T F T F T F T F F F T F T F T F T F T F T F T F T F T F
  <DiscreteSampler_grid>
  grouped_processes
  1 # 1 for a reference and 2 for a running grid.
  10 # Attribute 'min_bin_probing_points' of the grid.
  1 # Attribute 'grid_mode' of the grid. 1=='default',2=='initialization'
  0.0000000000000000 # Attribute 'small_contrib_threshold' of the grid.
  0.5000000000000000 # Attribute 'damping_power' of the grid.
 # binID   n_entries weight   weight_sqr   abs_weight
    13   10   1.825740920252768E-011   1.643514675635366E-021   1.825740920252768E-011
    14   10   1.825740920252744E-011   1.643514675635330E-021   1.825740920252744E-011
    16   10   1.227469771501767E-011   5.179008861528500E-022   1.227469771501767E-011
    17   10   1.227469771501790E-011   5.179008861528515E-022   1.227469771501790E-011
  </DiscreteSampler_grid>
