  0.00000000025244076  0.00000000032207723  0.00000000037884519  0.00000000043097128
  0.00000000049641517  0.00000000057314451  0.00000000065927373  0.00000000073363231
  0.00000000083282805  0.00000000093217886  0.00000000103124465  0.00000000112876373
  0.00000000122507988  0.00000000132170022  0.00000000142367593  0.00000000153189752
  0.00000000165302044  0.00000000177973428  0.00000000188050495  0.00000000197642400
  0.00000000208151374  0.00000000220155191  0.00000000233475259  0.00000000247273035
  0.00000000260822641  0.00000000274702633  0.00000000289526837  0.00000000305369594
  0.00000000320998298  0.00000000336370252  0.00000000352337389  0.00000000369988169
  0.00000000387051915  0.00000000399959835  0.00000000412838173  0.00000000424671810
  0.00000000437044813  0.00000000449964229  0.00000000465738947  0.00000000483876643
  0.00000000503269821  0.00000000521997844  0.00000000537433497  0.00000000551727967
  0.00000000565913534  0.00000000580039803  0.00000000598828508  0.00000000618528461
  0.00000000638221203  0.00000000657514462  0.00000000676257138  0.00000000694587609
  0.00000000714304476  0.00000000734671670  0.00000000753164942  0.00000000770097339
  0.00000000787130250  0.00000000803883150  0.00000000819806078  0.00000000837167730
  0.00000000856614773  0.00000000876904429  0.00000000896157782  0.00000000914579321
  0.00000000931995917  0.00000000949999326  0.00000000969463076  0.00000000989784930
  0.00000001010315351  0.00000001029966800  0.00000001050013285  0.00000001071064094
  0.00000001092563842  0.00000001116434699  0.00000001144625985  0.00000001174803068
  0.00000001201305401  0.00000001225903832  0.00000001253442048  0.00000001283596148
  0.00000001317232695  0.00000001354500155  0.00000001394104708  0.00000001435073585
  0.00000001476910519  0.00000001519793456  0.00000001565049934  0.00000001616550438
  0.00000001678270387  0.00000001751665139  0.00000001829850173  0.00000001919982176
  0.00000002026010630  0.00000002210792391  0.00000002371783757  1.00000000000000000
  0.00921289407599544  0.01671610314344013  0.02517477153064278  0.03691903131680550
  0.04617569314892250  0.05574096968884642  0.06418495677764424  0.07359777377996873
  0.08284084283770579  0.09262267626205742  0.10292042937249429  0.11688238999722229
  0.12921033023613251  0.13961317915541857  0.14984058678650117  0.15926895134845870
  0.16843292647859659  0.17772812995785928  0.18577858570894409  0.19340443155480116
  0.20159991551509296  0.20992773264631331  0.21995984610510536  0.23115974122907809
  0.24383806099192029  0.25746906176484458  0.26945918913127948  0.27951255469370584
  0.28932731920144783  0.29891866188009109  0.30687451039621921  0.31501050150478360
  0.32507187488634937  0.33611518327901252  0.34695951321003582  0.35763744286719507
  0.36856711715956075  0.37784553443644292  0.38513921519972666  0.39266789314252359
  0.40051358499822903  0.40841901115261259  0.41623372879899800  0.42414186073848675
  0.43272862793780070  0.44316744394303303  0.45582473512425797  0.47035087493509908
  0.48622757898081087  0.49987062833009233  0.50872251108586541  0.51574709436971589
  0.52383597452280228  0.53229176673872736  0.54043214533288209  0.54822775779227850
  0.55557900010572991  0.56350016382662460  0.57386878120800444  0.58631979600100181
  0.59874314067036882  0.61142513270809473  0.62241625796235522  0.63272985232294165
  0.64320443841574837  0.65600491905802438  0.66902905280318758  0.68097375856985520
  0.69256606221501049  0.70445652946294424  0.71501829252916249  0.72419821534056505
  0.73367845932780795  0.74291415062541832  0.75264097194593915  0.76277353616733601
  0.77537509286766826  0.78919468236830581  0.80130049865072706  0.81150316418903445
  0.81978055145031181  0.82732457899319500  0.83654180203387996  0.84578442508597951
  0.85557883452067918  0.86471193905787591  0.87368027349841237  0.88475920909940797
  0.89770706328266914  0.91241655736052418  0.92595953789724317  0.94023823691537212
  0.95469891576469612  0.96912607856238098  0.98474645325584398  1.00000000000000000
 -0.00000017251880479  0.00008610477767294  0.00057153392732098  0.00189304707435978
  0.00345870998571426  0.00536148288025288  0.00773052255893152  0.01113604134146763
  0.01495782574338542  0.01894959946689028  0.02315139616337730  0.02757459742636719
  0.03320633963322314  0.03887934290932221  0.04500220005393203  0.05168485283886583
  0.05951985574774168  0.06817535666019874  0.07701995052967700  0.08578420269540390
  0.09384249328972025  0.10225528756224916  0.11108689377442971  0.12057027489166518
  0.12970375628089359  0.13780859991412203  0.14542864745393963  0.15270333554791149
  0.16007469542452513  0.16847146427809961  0.17761077228130398  0.18701317466290338
  0.19671003630859171  0.20717226702566607  0.21844942708912615  0.23012476225997947
  0.24302228857039818  0.25674703279664446  0.27017272232962175  0.28302356861691369
  0.29571019137941235  0.30889733562812444  0.32262953089048158  0.33705200270175650
  0.35250443462246028  0.36647070512093355  0.37844161157979944  0.39036358891733491
  0.40215675100033144  0.41363964404778253  0.42535740467398475  0.43719859826781504
  0.45016249473312364  0.46365512917833435  0.47719139175107900  0.48935813518475957
  0.50056138415474116  0.51146956849531078  0.52254565870389647  0.53368739690755984
  0.54409041805887337  0.55405056400186392  0.56393392305831735  0.57375072793249304
  0.58365405434647866  0.59383910297984199  0.60522021480200483  0.61652179398935747
  0.62755554338409036  0.63849788767197391  0.64968709532905478  0.66167856951727755
  0.67501518361287449  0.69211166453475503  0.70829647154365749  0.72445131281575070
  0.74023345106158545  0.75516610782883731  0.76942088630462768  0.78343939505858118
  0.79734015714609230  0.81136944585498805  0.82567329194255201  0.84023265361066979
  0.85495782923934449  0.86947899919767035  0.88364501253390626  0.89786793005690513
  0.91037408753529792  0.92231464341074620  0.93481710100879589  0.94799583129249931
  0.96201777851354542  0.97518736167056241  0.98777334304049125  1.00000000000000000
 -0.00338399493707910  0.01083448169647413  0.02366198169715525  0.03682297258285711
  0.05045649855873280  0.06256319397619839  0.07249037988814830  0.08214215961520999
  0.09253114881331706  0.10330091284305860  0.11187283024757598  0.11901411005602916
  0.12620706490566283  0.13457497711671909  0.14508023793342575  0.15681629388311535
  0.16633301149084131  0.17607849115521282  0.18588196500747797  0.19653719890420174
  0.20777338219944747  0.21978843116484736  0.23297339733155961  0.24609596042827039
  0.25822022341046041  0.26906576832556572  0.27859617287268690  0.28825818099600975
  0.29794127818453120  0.30641563456990284  0.31480083572617990  0.32348084741969996
  0.33279780861312563  0.34372074177722794  0.35671715942515575  0.37086214845681398
  0.38248655858437514  0.39360408090514670  0.40468570005394161  0.41474608882828984
  0.42393882100934938  0.43222070979163790  0.44067604965033985  0.44980810218415679
  0.45981996000248571  0.47070447917898250  0.48203247111613223  0.49385110775776281
  0.50571585950712039  0.51713594451314016  0.52822611972318645  0.53868236917053525
  0.54847646378448189  0.55842097295849358  0.56752616708814629  0.57552326659081743
  0.58332949011730917  0.59149771688163411  0.60022605963444209  0.60871760944372078
  0.61729705393652867  0.62617051009466396  0.63813040750508432  0.65115674936666079
  0.66357272686200908  0.67767807382003831  0.69000848468333220  0.70048072964340646
  0.70992877644087626  0.71981576881075193  0.73085347532458911  0.74136157511426082
  0.75203213120782819  0.76345657184888405  0.77440126168134849  0.78486641418342395
  0.79502165106115785  0.80552383851785059  0.81717111908660600  0.82931857615116655
  0.84297061478590940  0.85645786965165926  0.86859190487686810  0.88004568779254977
  0.89067437758119061  0.90033502734399773  0.91027551016722208  0.91992700885760736
  0.92937711951136903  0.93958930192809786  0.95039541755915613  0.96146063730957165
  0.97159731800507998  0.98104575912883518  0.99054007547543987  1.00000000000000000
 -0.00145988853974069  0.00622560051084954  0.01262093963526807  0.01871100967420205
  0.02511887571428126  0.03311351530684223  0.04196957856246302  0.05144719761758323
  0.06198730127253559  0.07229182144397714  0.08182266140881851  0.08994591483444396
  0.09803123650053952  0.10716757654112111  0.11717002305869145  0.12851632387580747
  0.14000390997785883  0.15214272660628092  0.16523067934149313  0.17924422617178626
  0.19398847524270685  0.20674986821651670  0.21909453204406446  0.23065876857993692
  0.24126559889210270  0.25197551692341408  0.26358805803033436  0.27593822645672372
  0.28855901372876325  0.30004369162905858  0.30954005734699619  0.31891486091952786
  0.32828101554103550  0.33871785145182981  0.34798925330833108  0.35822274803652060
  0.36815476730968444  0.37837853309078867  0.38925241473630834  0.39915846244298175
  0.41033548963153182  0.42317759894413964  0.43604993003429093  0.44768848890998314
  0.45765864606307610  0.46762144797370431  0.47877789798573622  0.48847355943556892
  0.49716540448488439  0.50606453001942153  0.51466795911108587  0.52351582962874665
  0.53318130135268016  0.54424590341227819  0.55817007547117392  0.57068277400946543
  0.58265496444154152  0.59510784060332622  0.60758297090089108  0.61796091111212448
  0.62917896891664715  0.64257785423037050  0.65531353613097487  0.66799638495167701
  0.68052570733641260  0.69638305141448775  0.71099136741892832  0.72326626405340166
  0.73383308585892770  0.74448682699818813  0.75528544847249368  0.76622144952547766
  0.77664111499603605  0.78597074711428261  0.79553508373072812  0.80504954500437842
  0.81465471606825823  0.82403212188102137  0.83322555263433795  0.84268394505849686
  0.85411835839330874  0.86654167813811922  0.87923550074111645  0.89116800890023107
  0.90330502052481942  0.91587776841676272  0.92480976804967330  0.93335221762196774
  0.94217519448769660  0.95046664463718367  0.95745816646348370  0.96366430765067779
  0.97049526392933183  0.97925986726001979  0.98969473101138372  1.00000000000000000
 -0.00493153890002714  0.01776655031063751  0.02736377999961639  0.03442994984485485
  0.04183712607528242  0.04983500346723849  0.05767381908528848  0.06482269996280324
  0.07214174321487644  0.08044561756923889  0.09245738534615333  0.10751517793115123
  0.12257231868517689  0.13608382678889974  0.14859479053466845  0.16000245073236896
  0.16976450996376305  0.17970387570225207  0.18966246708162793  0.19954758081090143
  0.20947214349522472  0.21769397509753538  0.22593395700001487  0.23514559953069750
  0.24421602454303795  0.25378270699584476  0.26504203991317737  0.27836996331327107
  0.29232630542235533  0.30413389773705646  0.31585089866093385  0.32773038997494369
  0.33778914051693909  0.34684552311079542  0.35526730035149046  0.36630462119299928
  0.37516185006292913  0.38476850394265588  0.39421247181701496  0.40405722589526905
  0.41341640982961037  0.42210766013446571  0.43067956733725127  0.43941587852181557
  0.44867933832151957  0.45859843286303453  0.46942659916694057  0.48050272713664766
  0.49130609094139949  0.50188472845961973  0.51183232071338858  0.52235745230761599
  0.53441481240658095  0.54670747105431872  0.55982459570824072  0.57287586031421045
  0.58602779510607861  0.59889060711653475  0.61019636241929809  0.61929835218418294
  0.62899898354154704  0.63956456940100026  0.65101566737849725  0.66119823533105715
  0.67086275759891878  0.67996409340869990  0.68885128214820524  0.69817396036975121
  0.70588838752816596  0.71374008096226882  0.72266351304639387  0.73164637686453160
  0.74211131327236313  0.75643820526587213  0.77191953620084874  0.78598719635569081
  0.79974817954633193  0.81338413034441759  0.82778042251816253  0.84053722555310662
  0.85048943467332494  0.85957394715771007  0.86838955701005216  0.87676714362969188
  0.88566213075796596  0.89509376872049995  0.90590411860845377  0.91574082053226713
  0.92544639582051103  0.93422854243716791  0.94414785937881274  0.95518946640827052
  0.96634186359094199  0.97767569383058583  0.98865595219058655  1.00000000000000000
  0.01527232701557557  0.02708350564159975  0.03411566437971188  0.03933367190705932
  0.04428289279896358  0.04872151607600884  0.05344532953802697  0.05850138604031818
  0.06341489056803987  0.06780160767464291  0.07197013589624819  0.07611999857796975
  0.08004462266871203  0.08368641030844440  0.08738193683142186  0.09124262970807785
  0.09539583066208314  0.09997873162094525  0.10446281076936823  0.10889525497242178
  0.11323760870918621  0.11720250934608996  0.12140634099418292  0.12634216771338583
  0.13157009791839699  0.13616695631090023  0.14039463369023816  0.14488629153573104
  0.15036905974590520  0.15740615732148763  0.16490348003506639  0.17201052351465407
  0.17921498286224979  0.18579013193701854  0.19137837439487432  0.19662647820045445
  0.20147574145283420  0.20584252430805064  0.20995462860610631  0.21419440378672774
  0.21876658238693131  0.22393144210156873  0.22932995667611625  0.23455492367878572
  0.23993974619139280  0.24546506545496308  0.25140510127961102  0.25983634928816468
  0.26742971124827114  0.27427927168550864  0.27969259657135875  0.28668647393660934
  0.29427987237642722  0.30164353677264605  0.30925957602741511  0.31760797845679539
  0.32559516128037225  0.33324503390522409  0.34150252319750374  0.35009048563411360
  0.35877063284978483  0.36721142347066904  0.37567819363727484  0.38410320183618074
  0.39293247951084759  0.40308466987196023  0.41416689117407046  0.42281442507273814
  0.43017447726086200  0.43729675914244287  0.44432396326415824  0.45167457347799028
  0.45959587875459318  0.46744738993794444  0.47519798314921935  0.48402188382972483
  0.49329423713325871  0.50220677385583146  0.51054913000870805  0.52013201237662787
  0.53096234201405268  0.54319633139613321  0.55964665163951466  0.57905220813758451
  0.59917886295146594  0.61945218850418349  0.63983122817056770  0.66063097188247688
  0.68546859201232091  0.71223339135518382  0.73616921897954568  0.76440079738847666
  0.80212218786311873  0.84156541299029797  0.88872981396203732  1.00000000000000000
 -0.00227326852873557  0.00919340745838987  0.01854226498685404  0.02897153003222888
  0.03792562409164435  0.04648893406923981  0.05470647818878194  0.06480274885426188
  0.07853238376953064  0.09309336100456500  0.10505431493107603  0.11467238769993349
  0.12338436144511684  0.13248594101726985  0.14143717596395949  0.15008330243647519
  0.15845413578400711  0.16743287309570620  0.17765619378251601  0.18800475089561239
  0.19820455600282444  0.21011981752617845  0.22661322097910949  0.24123355265819130
  0.25352692176725350  0.26458574945772639  0.27495442152861715  0.28493416690619922
  0.29603221846627487  0.30815360524259966  0.31909459819534575  0.32866411410433888
  0.33789434436151966  0.34680871489445242  0.35500058643066518  0.36241470871971948
  0.37022714210793356  0.37915456777433548  0.38818164924095122  0.39662812235295142
  0.40477157594719931  0.41446670745933722  0.42431435903814235  0.43424001078969010
  0.44485740605766749  0.45621801082031005  0.46886969045900223  0.48102661839572763
  0.49044862471954509  0.49883856069040894  0.50591839793922344  0.51324191112388251
  0.52111091920527086  0.53026810215073261  0.53857223551031608  0.54987341279374480
  0.56065029762170449  0.57151361818717461  0.58147691498345944  0.59392054568285035
  0.60734091738580787  0.61888847316852602  0.63073810722573065  0.64327100485372490
  0.65546171492145100  0.66910167241221297  0.68382234609807302  0.69817849742367011
  0.71063427105502874  0.72060065237338977  0.72957328560213497  0.73885328547211604
  0.74869015148092621  0.75839556719464585  0.76709567896784780  0.77628733184840026
  0.78617360130066860  0.79595658302625083  0.80607748022346870  0.81539655311234571
  0.82643608023561554  0.83922046384301507  0.85725796239906193  0.87338108826980465
  0.88665747030433706  0.89919904002744755  0.91126329991460586  0.92317478015237930
  0.93446216674928329  0.94457693793447517  0.95395715979140183  0.96321943093526485
  0.97269818188754198  0.98154669179555287  0.99043011475644460  1.00000000000000000
  0.64301190883760240  0.68411037763762383  0.70931663125651545  0.72947139704926389
  0.74669019052302710  0.76378195040339680  0.77997772988321756  0.79508363736420617
  0.80751962047844261  0.81871487706100510  0.82948558436022257  0.83960847471106570
  0.84963742140352583  0.85921164045097431  0.86701134127870927  0.87399697218214956
  0.88106720819838358  0.88787918312011793  0.89438604228696117  0.89945919204432101
  0.90423335330803090  0.90853315341147178  0.91240971522535697  0.91614196356964228
  0.91920230129597735  0.92227041358530881  0.92540195940496195  0.92836826289152985
  0.93122832602557970  0.93391930840908921  0.93637758281603323  0.93852620315344282
  0.94038227270902830  0.94225916377785368  0.94404111149606063  0.94568909159698222
  0.94722221261851691  0.94868620494698586  0.95012435472002521  0.95147274619709565
  0.95267345811520088  0.95377452475734215  0.95484020891361865  0.95588838258725684
  0.95702431238206698  0.95807579129108855  0.95902035232474514  0.95989874762077565
  0.96075338991700876  0.96158066936048636  0.96232360064723610  0.96290842898252016
  0.96347566530747109  0.96404730610986400  0.96459044752504175  0.96510306966778381
  0.96559164227117678  0.96606562479385738  0.96661032259638124  0.96714959707914117
  0.96766548857570245  0.96811512697256763  0.96855202608622870  0.96899019356406280
  0.96944130385472427  0.96993207085327704  0.97048621094211140  0.97445789651162407
  0.98147313253432644  0.98187167501187134  0.98220864756204507  0.98252339483110285
  0.98279068457554597  0.98306586653806838  0.98337332968008573  0.98367779295619839
  0.98397700844142522  0.98428599970321728  0.98460898351622572  0.98498333089370060
  0.98538924014371942  0.98580434319677357  0.98623311254646517  0.98674184877740001
  0.98723462682545582  0.98781770900466193  0.98845758958909302  0.98915245181952227
  0.98994630765009584  0.99078841024176278  0.99170306218007998  0.99272689067293740
  0.99391340808747475  0.99540128877075051  0.99736898293253151  1.00000000000000000
  0.05034085531550404  0.10405683693673681  0.13601359533918650  0.16033971843277500
  0.17896523483404800  0.18955185748046594  0.20158009232815144  0.21002562288871551
  0.21763608805999798  0.22653626477311542  0.23426861318300482  0.24031045151750827
  0.24537717957834515  0.25057115921144008  0.25605163488510108  0.26145372066857042
  0.26654132312919243  0.27138742766501472  0.27585345779858683  0.28034991814238747
  0.28463688215913929  0.29048671218953237  0.29759338436667082  0.30509584352814056
  0.31165525206364242  0.31763122125500348  0.32369962024226329  0.33000789309199796
  0.33670445057401910  0.34400021486396171  0.35157756530024498  0.35898045460602140
  0.36617963083031391  0.37328023567843627  0.38002846870486884  0.38700701152474365
  0.39396275466506531  0.39954397454254698  0.40491942449210944  0.41077170147679470
  0.41685082687645170  0.42241032535232320  0.42841885301560056  0.43440435665409294
  0.43966883552687991  0.44480981001099057  0.44951058400585064  0.45456002074418567
  0.46006038748230987  0.46560332649754588  0.47082625729601213  0.47568973725783847
  0.48103431995766471  0.48713180679117757  0.49385418261769165  0.50117913866604380
  0.50793249168971621  0.51392702029664616  0.52002630854192811  0.52612644965132715
  0.53247368211758495  0.53868110841895733  0.54440752082651012  0.55018129328962850
  0.55623685061152572  0.56167273471556378  0.56619836515558974  0.57007994793581818
  0.57404172974642187  0.57828894446170998  0.58269703494047698  0.58665856565888308
  0.59077462124938496  0.59495526375144581  0.59989933362058323  0.60496225764322353
  0.61014487924316696  0.61540282080332187  0.62076902722724148  0.62563104242141931
  0.63218242841954642  0.63915802368123964  0.64791344381372551  0.65769761895559853
  0.66780345008591979  0.67855256732439795  0.69063337513614664  0.70404643556001922
  0.71858011238904218  0.73091433173971543  0.74286099652958304  0.76217180857320876
  0.78224742785727897  0.81962877757893471  0.86295137990942816  1.00000000000000000
   4.9921717043764121E-023  -1.0000000000000000     
 T F T F T F T F F F F F F F F F T F T F T F T F T F F F T F T F T F T F T F T F T F T F T F T F T F T F T F T F T F T F T F T F T F T F T F T F F F F F F F F F T F T F T F T F T F F F T F T F T F T F T F T F T F T F T F T F T F T F T F T F T F T F T F T F
  <DiscreteSampler_grid>
  grouped_processes
  1 # 1 for a reference and 2 for a running grid.
  10 # Attribute 'min_bin_probing_points' of the grid.
  1 # Attribute 'grid_mode' of the grid. 1=='default',2=='initialization'
  0.0000000000000000 # Attribute 'small_contrib_threshold' of the grid.
  0.5000000000000000 # Attribute 'damping_power' of the grid.
 # binID   n_entries weight   weight_sqr   abs_weight
    13   10   6.604876781959922E-016   2.263707785307035E-030   6.604876781959922E-016
    14   10   6.604876781959919E-016   2.263707785307031E-030   6.604876781959919E-016
    16   10   3.981986109433124E-016   3.458540778410284E-031   3.981986109433124E-016
    17   10   3.981986109433258E-016   3.458540778410581E-031   3.981986109433258E-016
  </DiscreteSampler_grid>
