  0.00000000005622179  0.00000000013400814  0.00000000019524229  0.00000000025461784
  0.00000000031858416  0.00000000038603477  0.00000000045708239  0.00000000053271587
  0.00000000061262765  0.00000000069885052  0.00000000078354281  0.00000000087091652
  0.00000000096171794  0.00000000106131401  0.00000000116737862  0.00000000127294923
  0.00000000137978530  0.00000000149027631  0.00000000159880242  0.00000000171173365
  0.00000000183214049  0.00000000195674137  0.00000000207791578  0.00000000219690198
  0.00000000232034072  0.00000000244877169  0.00000000257996588  0.00000000270984450
  0.00000000283643739  0.00000000296135245  0.00000000308789318  0.00000000321625360
  0.00000000334674952  0.00000000347686350  0.00000000361096262  0.00000000374427538
  0.00000000387423479  0.00000000400560951  0.00000000414539184  0.00000000428657507
  0.00000000443203977  0.00000000457899631  0.00000000472300642  0.00000000486846799
  0.00000000501340472  0.00000000515971002  0.00000000530979753  0.00000000546255105
  0.00000000561993304  0.00000000578129277  0.00000000594097706  0.00000000610157319
  0.00000000626034402  0.00000000642526861  0.00000000658878408  0.00000000676393079
  0.00000000694789937  0.00000000714569714  0.00000000734894273  0.00000000755160309
  0.00000000775165978  0.00000000794560720  0.00000000813391987  0.00000000832558017
  0.00000000852256802  0.00000000871984809  0.00000000891735350  0.00000000916101580
  0.00000000940906194  0.00000000965274171  0.00000000989071063  0.00000001012721698
  0.00000001036804414  0.00000001061156591  0.00000001085695307  0.00000001111183591
  0.00000001136171980  0.00000001161984477  0.00000001192743616  0.00000001226379914
  0.00000001260656655  0.00000001295644667  0.00000001331009617  0.00000001367770723
  0.00000001406209768  0.00000001445296284  0.00000001485738373  0.00000001533425310
  0.00000001591567453  0.00000001660209494  0.00000001735785021  0.00000001818206382
  0.00000001914337059  0.00000002046793733  0.00000002123212811  1.00000000000000000
  0.00955987005046381  0.01616771147866929  0.02515443196931559  0.03584787359569001
  0.04617036030144976  0.05670574226137165  0.06727553297973535  0.07840115933031555
  0.08895546144595946  0.09935584113245575  0.11038452481103346  0.12211190739259783
  0.13239533431675893  0.14253326544816550  0.15315541163672686  0.16409980068231253
  0.17469619411214274  0.18538843308460584  0.19680440620843581  0.20803784057733390
  0.21877617569153915  0.22930977431308508  0.23990114057689216  0.25023493541846725
  0.26025733825191150  0.27059454411717632  0.28127713233433627  0.29149902177002640
  0.30135113379630973  0.31119730367701648  0.32147713570098579  0.33199367281141812
  0.34254738183695960  0.35314744570187262  0.36378524950310065  0.37427352522273816
  0.38447063369067563  0.39457689676930396  0.40485743725047091  0.41543509448599580
  0.42613579667939316  0.43684445978236386  0.44760255769832391  0.45857584482675334
  0.46980213366142309  0.48106846968436723  0.49240909836018415  0.50339395943668375
  0.51413085891962951  0.52471382403071343  0.53537947939438124  0.54602557167464005
  0.55677011874524196  0.56781262344472150  0.57915896108125031  0.58998764695259853
  0.60000941239841021  0.61023813617861078  0.62034092252398720  0.63057765681613942
  0.64044330074266553  0.65086516691633867  0.66106700812524477  0.67094393287961041
  0.68080466411338236  0.69095937762567805  0.70217487517659694  0.71325869597180269
  0.72412341322443696  0.73502875292910563  0.74613871713520230  0.75710468571374867
  0.76787115672767159  0.77787389114614769  0.78794723462568650  0.79794593292221883
  0.80810489223799731  0.81828491011494797  0.82840262778832074  0.83895800391046527
  0.84907448637008331  0.85913725336580082  0.86892227901779540  0.87948426419991210
  0.88995121915053554  0.89976013859191373  0.90926765717126745  0.91902291192624930
  0.92910197791787652  0.93906048080629967  0.94894317389864713  0.95897274417095713
  0.96944476125135226  0.98019927044055633  0.99143420430039708  1.00000000000000000
 -0.00243275025200057  0.01116887501839543  0.02302731361451380  0.03504573918768924
  0.04634498167875734  0.05713634261057910  0.06787072132043054  0.07866412056781262
  0.08926734460517469  0.10030583017305046  0.11225298146569515  0.12493108173193181
  0.13566640215515105  0.14587720222329251  0.15611915453296937  0.16640814236860757
  0.17654105660600913  0.18637080209912593  0.19673173742288572  0.20760740282638335
  0.21844929529722779  0.22944885513936489  0.24093175778593670  0.25287856352441257
  0.26488079247975677  0.27668283914681624  0.28799816144147106  0.29916329846739892
  0.31029522599768272  0.32083235574558028  0.33131156978945847  0.34189502565410740
  0.35187137112680711  0.36123275881361394  0.37042827146446772  0.38008112202738004
  0.39053294189917293  0.40122477961646519  0.41196632510359760  0.42276883649720254
  0.43365057110083627  0.44462484151919374  0.45552933781803229  0.46634920679081504
  0.47700690398677087  0.48751415860647662  0.49755814024155948  0.50744062341374696
  0.51719009157115314  0.52717653449235802  0.53754532700506585  0.54837072050264291
  0.55937792379994344  0.56979526390836777  0.57979591169694489  0.58996297549109478
  0.60040508489022859  0.61081860941879806  0.62038526699875896  0.62994647522890812
  0.63976286180187525  0.64978592783655764  0.65965067767481633  0.66980440652036166
  0.68045292818194514  0.69092580763291034  0.70134030623904620  0.71223532530772249
  0.72378557469967530  0.73535729939300809  0.74642822973090472  0.75689682803026204
  0.76707330212642033  0.77701739914500978  0.78651217452675959  0.79598361590837674
  0.80552963966273239  0.81543575920667166  0.82592831950776879  0.83641645965933420
  0.84707854340497468  0.85773218502458726  0.86857643082358083  0.87881400831527212
  0.88885540181177436  0.89910644830324260  0.90981553574658802  0.92085196889910359
  0.93143692676690082  0.94124909436876081  0.95082818903215016  0.96050663652332158
  0.97067327654079505  0.98055849907669679  0.99027569664024417  1.00000000000000000
 -0.00223522602255135  0.00965621077335114  0.01971122477645268  0.03158313844222872
  0.04304279027371112  0.05421352681640772  0.06478105557506927  0.07554813424679394
  0.08589743418594945  0.09634699194903261  0.10686988127910718  0.11766895900323232
  0.12827843003108505  0.13867002037841830  0.14860692004340206  0.15834645017916124
  0.16809029227214534  0.17807869037167409  0.18836738807541076  0.19869880537605028
  0.20906000969512917  0.21959495018816519  0.23053490092791576  0.24171723433133455
  0.25285382078655599  0.26378750073298307  0.27474360207235432  0.28580954038253564
  0.29690673368455905  0.30816420590594462  0.31992463713606395  0.33214748930426341
  0.34379679676640834  0.35512931440092899  0.36644078802747160  0.37772845564470475
  0.38826709596162923  0.39869441100522257  0.40895517559056299  0.41885022210407097
  0.42841860208556798  0.43799402763460388  0.44751078711208903  0.45718599675670901
  0.46724831009167639  0.47795345943473522  0.48919454299312193  0.50048931441771882
  0.51138720798690507  0.52232092936780083  0.53366855751986464  0.54506053407227761
  0.55629819823555338  0.56728099925421105  0.57802665750264726  0.58833892128859744
  0.59821704126990127  0.60793031421825616  0.61743729922601731  0.62708939461187541
  0.63704251978378557  0.64733676204533996  0.65807546536403361  0.66883562878880698
  0.68005416525518581  0.69126175701749382  0.70225854592720649  0.71311649705738245
  0.72402428807292774  0.73460562165194887  0.74448396375070036  0.75414110723959693
  0.76387091797941042  0.77366677023982866  0.78341231865824157  0.79341110285297800
  0.80345668785834734  0.81320823769676254  0.82260368231000569  0.83208721678018105
  0.84231934763942795  0.85311817258720646  0.86425222044675509  0.87532685577322411
  0.88545118562051428  0.89542768494955460  0.90485560722438740  0.91443712068278749
  0.92445630748374585  0.93500780201365785  0.94557715895359284  0.95641823924072089
  0.96729710266959623  0.97856459467344004  0.98925285071199509  1.00000000000000000
 -0.00225796590462496  0.01048789020816191  0.02099853324998550  0.03171646043259624
  0.04271609345855401  0.05388349900849968  0.06522878766887497  0.07635494265912834
  0.08781082407879585  0.09893142966312171  0.10943543580017442  0.11969528638643742
  0.13017766201672182  0.14085027585817861  0.15130180790580572  0.16168669899475990
  0.17237186469080737  0.18325626597370051  0.19422562573460311  0.20497615305321282
  0.21537089061374107  0.22534412887933969  0.23510947856242670  0.24502826208824649
  0.25542505245909375  0.26632143022282112  0.27690636285232806  0.28698531252906406
  0.29699368186465747  0.30645954604354680  0.31570854332997722  0.32479448444688835
  0.33447712870867308  0.34583794654197025  0.35707198775983928  0.36784465689496798
  0.37817714239875616  0.38867479724693033  0.39918013683828385  0.40986080465657798
  0.42078168280428219  0.43147663568771949  0.44178167616603414  0.45076621646356435
  0.45990208089599421  0.46940554412537949  0.47932289523541066  0.48957883659704854
  0.49970257209256835  0.51008518347177811  0.51986557733785610  0.52905198984134383
  0.53811142986996230  0.54772243238912732  0.55780010981424000  0.56799552020731492
  0.57851467302140502  0.58915578650254041  0.59966698783574945  0.61021047892055102
  0.62087817092144104  0.63199000379595349  0.64324186021384211  0.65437462530322388
  0.66534053131614967  0.67659386379700448  0.68806442806140189  0.69946615012676194
  0.71090639011428858  0.72314867610633871  0.73519948976277505  0.74664567820802563
  0.75735451927734954  0.76825784013678855  0.77933169885180342  0.79046859440503336
  0.80119423481805241  0.81155042732768601  0.82141595664671885  0.83108289515592837
  0.84148426538497934  0.85193004934472327  0.86336211152821518  0.87406831976110178
  0.88551255422750441  0.89675698924642222  0.90823360483091542  0.92021470730656729
  0.93178565227757704  0.94219179922997731  0.95193426926486646  0.96114029973867221
  0.97046574232680394  0.98005847423084047  0.99001398114119077  1.00000000000000000
 -0.00225559627350181  0.00880658249077030  0.01811501974250465  0.02799880511074805
  0.03821561851704783  0.04918948529303507  0.06029029416512129  0.07088996445822734
  0.08121125983433336  0.09186749311502232  0.10223059612402094  0.11217510524255346
  0.12191932408964015  0.13157955666179177  0.14083362630706528  0.14999826514702297
  0.15954779540937852  0.16923953557293733  0.17882620092989898  0.18852419570366782
  0.19863202972426455  0.20882387458807766  0.21890744866611597  0.22912845990883429
  0.23965875911066964  0.25019306719106632  0.26040328276054381  0.27067930232508158
  0.28129526451483777  0.29215438038382052  0.30321381042783213  0.31460328256677572
  0.32622266462328381  0.33751368887409888  0.34793376730494274  0.35826220751957899
  0.36844525370517389  0.37881134765647245  0.38959093273551881  0.40062883928385340
  0.41209887237230014  0.42319618199267189  0.43433059965208576  0.44531862122881688
  0.45652820040283526  0.46740296156463990  0.47858732188119241  0.48963920520745025
  0.50055166146115526  0.51152134078617006  0.52255251062532149  0.53428140798230217
  0.54565654032828059  0.55653583935953543  0.56717857944982997  0.57801616153675217
  0.58891672115931948  0.59978499765310245  0.61051400436597647  0.62096702256605429
  0.63092178816863886  0.64043227411945436  0.64997955129679919  0.65900687446133654
  0.66815356012272398  0.67815503375469210  0.68852829655072945  0.69897486749586801
  0.70946990987649150  0.72016311177695058  0.73112590620024365  0.74186023708712945
  0.75291725271076260  0.76391958469322208  0.77444092470307202  0.78448970846450850
  0.79509366243557245  0.80593728982023416  0.81645960047572430  0.82679289183553950
  0.83755442839233440  0.84899853150278737  0.86040017906959099  0.87164210344449211
  0.88271367982956572  0.89328752993862937  0.90395493001696958  0.91471963684277235
  0.92535503653056261  0.93592079181814336  0.94670467434074768  0.95768479358521863
  0.96859960617090612  0.97879694811055973  0.98961730877618903  1.00000000000000000
 -0.00049804799009260  0.11346762372440451  0.17066604161894064  0.21140043945270029
  0.24419169997448123  0.27190273990583191  0.29572809682562234  0.31814672867301896
  0.33872833041919631  0.35770220859293822  0.37587751288024107  0.39335025614916191
  0.40974621447825238  0.42508248197068343  0.43875206898798430  0.45183035769147978
  0.46436663240343040  0.47666547826233668  0.48847619340853504  0.50018322314176000
  0.51155927456579298  0.52288819642055440  0.53394361371659982  0.54493022944236924
  0.55564561362719433  0.56608918523924279  0.57623065928169903  0.58620188778835070
  0.59632301233981777  0.60665645322902884  0.61715349789410467  0.62764846612312852
  0.63740032733814023  0.64655507989077166  0.65484515379748609  0.66278403858547041
  0.67048721121876098  0.67812678327511122  0.68545893558774817  0.69257678071071360
  0.69942842833846430  0.70653395154780141  0.71330339109158014  0.71980178039501563
  0.72630627612337417  0.73273735146305674  0.73924776933160985  0.74563442036157734
  0.75205205738786340  0.75860100344067571  0.76512561684228542  0.77144581448942717
  0.77755295017690018  0.78365882721860070  0.78992444940289563  0.79619581940777395
  0.80228363388331336  0.80805311639804200  0.81357227335544513  0.81903766393334554
  0.82450579512738809  0.82993001663177579  0.83535780591044606  0.84092396155005178
  0.84641359848627096  0.85182943461308225  0.85712341611866016  0.86237067084358754
  0.86769237152522216  0.87303204042493732  0.87851546001452274  0.88388818918231449
  0.88922428442032320  0.89449388955215015  0.89950352423864233  0.90426055786570492
  0.90907009815264750  0.91405083638994877  0.91869180077311685  0.92333179440084456
  0.92770321655285504  0.93200442398165284  0.93619620671177484  0.94027640592234107
  0.94434751601585043  0.94842523543668666  0.95256458293666690  0.95684712121744164
  0.96130675333444804  0.96577137245944344  0.97000948589446423  0.97412763730831742
  0.97826617670109661  0.98233175278278917  0.98559550487675762  1.00000000000000000
 -0.00272362193614367  0.01070544778277183  0.02157448932415429  0.03278573171124529
  0.04394207415623724  0.05546388503591542  0.06653598203933342  0.07733560963386801
  0.08847869016216849  0.09941953125162425  0.10989644666825518  0.12010147361883534
  0.13076247276235875  0.14162452322554062  0.15212545971795938  0.16246301423470277
  0.17285385402352660  0.18349955773077048  0.19427149333258636  0.20501326585532276
  0.21569559397402560  0.22654144412523583  0.23751595402280412  0.24868957145993148
  0.26014421239263036  0.27151970842793144  0.28265812804895479  0.29365941038715021
  0.30458155611604470  0.31551438094860296  0.32643816628490041  0.33695609893309181
  0.34697465375501041  0.35685259100530808  0.36662597682256404  0.37630978517024621
  0.38601793262197420  0.39582866185950760  0.40585377300137915  0.41589889380383321
  0.42578926847000237  0.43599799563287300  0.44622589713571664  0.45610315373943539
  0.46580123128794437  0.47566070722666032  0.48611314092594088  0.49669078431009261
  0.50696962323942918  0.51728773912158688  0.52796301936034218  0.53885921239879730
  0.54940041614966151  0.55965687111026152  0.56980046019696506  0.58000251166874084
  0.59027612001762142  0.60033044722845197  0.61034869165908445  0.62030849054204396
  0.63096779998854657  0.64198438822663406  0.65280020333848721  0.66324553102143768
  0.67370742017418184  0.68418673940033825  0.69452641201118892  0.70457425046807876
  0.71439986311169590  0.72441446956127309  0.73461945444147825  0.74507752032813945
  0.75561958633150828  0.76583974698852386  0.77595693335483396  0.78566087896890879
  0.79562244600949772  0.80554721894655046  0.81584532008009336  0.82604178445654108
  0.83659447084170513  0.84712575581456995  0.85777468405974100  0.86814918456211332
  0.87877319888449090  0.88935794236141963  0.90019105721773052  0.91114143511993329
  0.92235340783174669  0.93336824271145713  0.94396455729375983  0.95498033132827398
  0.96615438412802734  0.97790489709485062  0.98892006792035980  1.00000000000000000
  0.02435620862459586  0.03141156318791140  0.04067246920418665  0.05063518850343893
  0.06062743650702802  0.07049484977721318  0.08077941166453419  0.09157030082794444
  0.10291627626703356  0.11374368264060811  0.12420797384791758  0.13440255533027626
  0.14478030008565956  0.15555515763357694  0.16623513875353549  0.17621089349780189
  0.18587797001693029  0.19552360371429145  0.20524382211013781  0.21459694370486115
  0.22365802075919047  0.23276692110455499  0.24196478593115239  0.25117061270035690
  0.26026224518048546  0.26978020278718490  0.28054525670431107  0.29192557075364201
  0.30323097614936850  0.31437292693228391  0.32541383819120856  0.33611362342995932
  0.34639745181098908  0.35653831813850123  0.36651381590342685  0.37629512548362309
  0.38608370748733756  0.39609795471965720  0.40662487771304590  0.41744730828629173
  0.42822970415900441  0.43865781698203865  0.44868064532690499  0.45870663016407759
  0.46917810306330671  0.47967231216058404  0.48990600919822203  0.49989071220325748
  0.50982429668946039  0.52011889807379885  0.53101489169273619  0.54204765815064160
  0.55292996108844084  0.56362326675015362  0.57508574811698754  0.58631330548612304
  0.59686727060344602  0.60703396128948484  0.61622658381561068  0.62520680253514449
  0.63418894875426723  0.64348819634783561  0.65376299940923299  0.66449073647521373
  0.67607976190273567  0.68739528692956964  0.69762315183106283  0.70734123515059588
  0.71662344394513811  0.72614004293676460  0.73538905657765818  0.74453117165033855
  0.75358875458291297  0.76297698384196233  0.77244998273686472  0.78187469260173426
  0.79142856482397028  0.80138518810596759  0.81151205851133545  0.82150735238141404
  0.83154197588723766  0.84175646112987268  0.85203538183123317  0.86228058230979021
  0.87258307084008002  0.88264201497934780  0.89271336724271266  0.90312642701630530
  0.91371757839521628  0.92434497116640635  0.93485770469465168  0.94547296201462161
  0.95597949132298699  0.96508353190996832  0.97098292675999998  1.00000000000000000
  0.08710333625852976  0.20570974889797333  0.24652389279652581  0.27150420854779833
  0.29192544604514470  0.30871983205857273  0.32396123314319653  0.33857540567624345
  0.35254475026380011  0.36561514089491398  0.37830132235070968  0.39117188993119206
  0.40385401610126492  0.41583455496466415  0.42717030888109353  0.43817814670532362
  0.44887656913351265  0.45921511120777053  0.46936365494088461  0.47930726156173709
  0.48912046069082871  0.49897148633936717  0.50905110275963250  0.51904089896663808
  0.52852283017368240  0.53756370634459161  0.54663682993130736  0.55603327267522884
  0.56545207899252725  0.57479247177822934  0.58377755496993933  0.59258207792863682
  0.60133299059892353  0.60981348317024919  0.61808874755330145  0.62580806504759667
  0.63295527191779544  0.63987749403329397  0.64684214761718617  0.65393158511314808
  0.66112858682883846  0.66809177144849063  0.67454413069442443  0.68072912609884351
  0.68681718930899671  0.69281365452261345  0.69865629401230966  0.70426722241606521
  0.70958442890200291  0.71463233595749598  0.71982381916439031  0.72503613469522787
  0.73003865328503936  0.73495261924024147  0.73989447777152917  0.74499961913850155
  0.75005115213461782  0.75471196594586498  0.75919764537075496  0.76362820589274105
  0.76803269961390763  0.77249049201673869  0.77699457706837227  0.78143641249022433
  0.78602952816340510  0.79024985757435096  0.79465116980377315  0.79899629656196458
  0.80335806149559152  0.80749754022960307  0.81160963588669344  0.81525654495319722
  0.81896659328535515  0.82278919236141035  0.82662488169430781  0.83043993760948598
  0.83423092117813524  0.83797419606885470  0.84167737139249876  0.84538255793790051
  0.84910438124249754  0.85291324765598886  0.85685260931386709  0.86103205187456910
  0.86521737512085550  0.86935728486642028  0.87334551110587144  0.87800997643006118
  0.88372023655207510  0.88993577268052304  0.89702562788707407  0.90579454756702316
  0.91509811466962276  0.92165848788330840  0.92639295093975360  1.00000000000000000
   2.2815557653235065E-027  -1.0000000000000000     
 F F F F F F F F F F F F F F F F T F T F F F T F F F F F F F F F T F T F T F T F F F F F F F F F T F T F T F T F T F T F T F T F F F F F F F F F F F F F F F F F T F T F F F T F F F F F F F F F T F T F T F T F F F F F F F F F T F T F T F T F T F T F T F T F
  <DiscreteSampler_grid>
  grouped_processes
  1 # 1 for a reference and 2 for a running grid.
  10 # Attribute 'min_bin_probing_points' of the grid.
  1 # Attribute 'grid_mode' of the grid. 1=='default',2=='initialization'
  0.0000000000000000 # Attribute 'small_contrib_threshold' of the grid.
  0.5000000000000000 # Attribute 'damping_power' of the grid.
 # binID   n_entries weight   weight_sqr   abs_weight
    13   10   3.976918260685733E-018   1.170375214344752E-034   3.976918260685733E-018
    14   10   3.976918260685628E-018   1.170375214344754E-034   3.976918260685628E-018
    25   10   3.051090395932069E-018   3.482849945114151E-035   3.051090395932069E-018
    26   10   3.051090395932070E-018   3.482849945114169E-035   3.051090395932070E-018
  </DiscreteSampler_grid>
