  0.00000000024716399  0.00000000034225194  0.00000000042295845  0.00000000050120909
  0.00000000057713961  0.00000000065792580  0.00000000074169064  0.00000000083299892
  0.00000000091990425  0.00000000100979562  0.00000000110129595  0.00000000119161806
  0.00000000128400438  0.00000000138270673  0.00000000148028016  0.00000000157773380
  0.00000000168219318  0.00000000179360419  0.00000000190645067  0.00000000201797920
  0.00000000213204676  0.00000000224546669  0.00000000235885433  0.00000000247476200
  0.00000000259272061  0.00000000271823950  0.00000000284541026  0.00000000297261459
  0.00000000309885468  0.00000000322421074  0.00000000334474987  0.00000000347361517
  0.00000000361398015  0.00000000375918007  0.00000000390577976  0.00000000405293361
  0.00000000420052291  0.00000000434186822  0.00000000448894641  0.00000000464090571
  0.00000000479561604  0.00000000495250540  0.00000000510881482  0.00000000526477939
  0.00000000542083593  0.00000000557544058  0.00000000573468130  0.00000000590956943
  0.00000000608643033  0.00000000626629714  0.00000000644578845  0.00000000662927363
  0.00000000681274995  0.00000000699956160  0.00000000718599636  0.00000000737565327
  0.00000000757399170  0.00000000777406551  0.00000000797748336  0.00000000817451443
  0.00000000837253435  0.00000000857221325  0.00000000877096115  0.00000000897447643
  0.00000000918484935  0.00000000939918474  0.00000000962244670  0.00000000986264138
  0.00000001010752148  0.00000001035840895  0.00000001061664228  0.00000001087484011
  0.00000001113251961  0.00000001138904620  0.00000001164645418  0.00000001190824159
  0.00000001216692053  0.00000001246015765  0.00000001277929979  0.00000001311070639
  0.00000001344780427  0.00000001379173217  0.00000001414896949  0.00000001452249506
  0.00000001490482019  0.00000001531511756  0.00000001573681064  0.00000001626528309
  0.00000001689809315  0.00000001756384163  0.00000001828798022  0.00000001911532928
  0.00000002014478080  0.00000002213355395  0.00000002375461707  1.00000000000000000
  0.00919632567466359  0.01757376908034954  0.02744140001440155  0.03773573633400053
  0.04814258733229646  0.05830141744793135  0.06883783195953733  0.07932655052635124
  0.09055792541996054  0.10189885313522029  0.11284393482355179  0.12313046197853027
  0.13306123492862665  0.14280702407377890  0.15294778234348966  0.16302183835187664
  0.17367551457152466  0.18428852170733967  0.19586902269854425  0.20718165656714596
  0.21786755467275332  0.22842984366744634  0.23802138511675025  0.24781316687906108
  0.25685110039160930  0.26590480823351387  0.27549076643818909  0.28518794299435657
  0.29508232328366574  0.30494723455022665  0.31514913794750127  0.32669900497917420
  0.33830664176955333  0.35016632648553103  0.36121045464467350  0.37185065326013095
  0.38221911492937305  0.39238635380693221  0.40245458589960870  0.41239909425318388
  0.42276281954678252  0.43308508755412828  0.44370303272234746  0.45438256743144506
  0.46566114110852524  0.47704060923863117  0.48831935326214082  0.49915353187561584
  0.50947155077084705  0.51962863814425808  0.52982097399408157  0.54014413859161381
  0.55064580554230413  0.56084297477963696  0.57093176167856596  0.58105312807253784
  0.59107340929964913  0.60104854520898066  0.61133101406513446  0.62174324810925019
  0.63218903055406550  0.64252952126706075  0.65283529426772435  0.66334476264828823
  0.67366042645650903  0.68426264621459509  0.69505919481926359  0.70587786825386689
  0.71690155609527006  0.72789155944087669  0.73914063224306870  0.75024032605546753
  0.76082136027574720  0.77099969677904612  0.78099028106956625  0.79081888235170716
  0.80070861527593751  0.81090198680389936  0.82125241441302155  0.83170030411351836
  0.84225994093502943  0.85273081679984886  0.86264873772087125  0.87211066279278726
  0.88175078476101321  0.89178702177908320  0.90190415700173743  0.91216851433407198
  0.92251346866038220  0.93271584949310249  0.94289324868011892  0.95363166683688128
  0.96436915411611668  0.97494500366362180  0.98661331141287212  1.00000000000000000
 -0.00203545809903055  0.00953261514223572  0.01965560824411981  0.02969753793190215
  0.03995450972355798  0.05041205096653156  0.06124258338349266  0.07235312308396592
  0.08378112394771114  0.09548122396278530  0.10724054358947460  0.11880724132746241
  0.12986534056636451  0.14052233163480579  0.15133015171891639  0.16248856443359952
  0.17349969127577408  0.18428786102207145  0.19509206501252410  0.20622965060284743
  0.21755836846846791  0.22849058186668483  0.23849487572647762  0.24831689274794858
  0.25866725653291545  0.26951918848165124  0.28031251790429268  0.29130422316425653
  0.30273960867612459  0.31393373590305079  0.32462976410693539  0.33553088740752185
  0.34690519517213914  0.35830474892611869  0.36940633979417892  0.38018425517741095
  0.39079585986023996  0.40138053038399291  0.41198380569611365  0.42195522585534950
  0.43168409598829943  0.44144868018543548  0.45127623662647287  0.46098136392694378
  0.47070642243073285  0.48100875113376856  0.49199949915225366  0.50275032525242458
  0.51298962206139920  0.52317818914536263  0.53299991454530571  0.54271660603120830
  0.55267878806637938  0.56296724023068045  0.57320068346173247  0.58323295990275825
  0.59359737285261882  0.60379389199495492  0.61337642639485190  0.62308834432904447
  0.63299783586844938  0.64287726054739602  0.65310321369665447  0.66342529665342653
  0.67385432136039536  0.68430028660467868  0.69537905362181807  0.70736885570627062
  0.71825564730849434  0.73004335492538996  0.74055562315397372  0.75141469091099555
  0.76075077147794001  0.77011158294848081  0.77966391471059893  0.78953324429179839
  0.79949392562063781  0.80907890409676742  0.81848766660409278  0.82840467900109527
  0.83827552723956711  0.84863505562248376  0.85967301549832353  0.87159348504005496
  0.88333319544250899  0.89460497111895954  0.90521479349402278  0.91578156888317896
  0.92593964692194675  0.93608711087325702  0.94631973991544693  0.95656862984942315
  0.96690517816420141  0.97752347044590959  0.98869068370305746  1.00000000000000000
 -0.00252133902200138  0.01030807390489143  0.02099818801966951  0.03205742321299294
  0.04261693190372994  0.05326345672186311  0.06384173237839305  0.07439205098068992
  0.08486348640800109  0.09564909891479464  0.10646422883738478  0.11713758142993917
  0.12754072792893936  0.13797658103196436  0.14836337531737048  0.15849140044040508
  0.16857675984222717  0.17859440317942565  0.18841568215235119  0.19801433373432925
  0.20771573987786188  0.21807165745826049  0.22819673332992427  0.23856465750833405
  0.24909627485384211  0.26107553229252750  0.27290462436262292  0.28409126478872671
  0.29455954348091551  0.30504736553929684  0.31532635955848060  0.32607576582457148
  0.33679021501646522  0.34726668312593129  0.35713808585702644  0.36670021276029030
  0.37621737177620662  0.38575364097162068  0.39531426722043250  0.40503965560027505
  0.41487064363700610  0.42534625947033627  0.43640238752326865  0.44807961762749721
  0.45998273253837990  0.47240180304126000  0.48381310250442883  0.49484425159373863
  0.50573107273463180  0.51683751870227457  0.52755346050658281  0.53771869037964748
  0.54861875860723996  0.55971051899167068  0.57049984447279378  0.58121040158269233
  0.59150942362807435  0.60211239381972026  0.61228800353173696  0.62217387307002192
  0.63170749778213942  0.64136168984159425  0.65162628160826574  0.66196033967229395
  0.67211168785143549  0.68217208523836914  0.69216578102285109  0.70222453804418050
  0.71209196580925260  0.72196404010188475  0.73175590027542781  0.74159693358765144
  0.75133638882631282  0.76116810279338032  0.77126627203985632  0.78192600458222883
  0.79270575086306916  0.80346827616316152  0.81400824504647518  0.82388259034252709
  0.83395420778530915  0.84425496311526993  0.85436304532040941  0.86435199864140877
  0.87476128129899944  0.88651105668274399  0.89871155230498678  0.91013206708725714
  0.92153057915058845  0.93316063090633172  0.94516151253711256  0.95709157941467460
  0.96810452313525952  0.97895916666295346  0.98953157935350422  1.00000000000000000
 -0.00283939017797213  0.01028174469782950  0.02155041483345106  0.03281773692641317
  0.04348146262339845  0.05338151612802964  0.06290953108437858  0.07261844707169084
  0.08262942834801804  0.09315408890219402  0.10407617817174650  0.11617025617932271
  0.12810101394311726  0.13981990411994524  0.15143902114130045  0.16308066223809056
  0.17382697301246247  0.18415609056749724  0.19398729773256124  0.20389136871906274
  0.21387037477510604  0.22407994888164101  0.23418772872442509  0.24422018863403946
  0.25485541012526802  0.26548082018448227  0.27597735495482845  0.28646851665768541
  0.29722656757975541  0.30797442943937109  0.31841716620077731  0.32858089348544339
  0.33850948022679783  0.34830337262984457  0.35832334560656665  0.36993734721098548
  0.38130543028627156  0.39260897135818174  0.40289585232604280  0.41319452083955605
  0.42344739657478786  0.43398030800907628  0.44432664748207479  0.45452790023434192
  0.46502712368179300  0.47565516292888960  0.48613402322893229  0.49651630718239070
  0.50719499778580823  0.51812451938365367  0.52876532568040324  0.53921954447973552
  0.54991134692526922  0.56095978650130940  0.57185139374069083  0.58275685387542775
  0.59318490639862287  0.60338402579463701  0.61372685668844640  0.62413559618038295
  0.63458624857961354  0.64481653353201984  0.65541510662878699  0.66616528267387010
  0.67682844008572607  0.68756126004692042  0.69788531795937869  0.70808372422541876
  0.71807543721691769  0.72815410409044601  0.73830942365851016  0.74817804039398783
  0.75818899034584841  0.76835563281796260  0.77812755101849651  0.78821347631586447
  0.79794949527615466  0.80775639602154869  0.81819970717456325  0.82908713097810305
  0.84029138354908783  0.85147232584899935  0.86210498762791721  0.87201442134318718
  0.88186928422334909  0.89212078536235373  0.90300398590005448  0.91365566572734724
  0.92393821588448211  0.93415324649123632  0.94442557706124231  0.95472144918574464
  0.96600882229450935  0.97705916391531877  0.98871670536322787  1.00000000000000000
 -0.00247040041795735  0.01015310155167155  0.02111411233427394  0.03238694778264695
  0.04384242434067841  0.05514501188531436  0.06668855072092163  0.07783929554851340
  0.08824896913777555  0.09806535543025080  0.10815139484971605  0.11857972287154653
  0.12858680695978320  0.13816251830109019  0.14808412856267905  0.15851756837509706
  0.16906396385451469  0.17939564285104695  0.18994672267928217  0.20119044815527551
  0.21196591439640206  0.22260464243234640  0.23290045296320899  0.24306320199811651
  0.25316247409178272  0.26317519524115129  0.27349523661240455  0.28424991824543483
  0.29545252715256737  0.30712601362476261  0.31905389234743226  0.33066874938481144
  0.34151007011569445  0.35183015706748183  0.36203478823151042  0.37184170298617364
  0.38144766782150041  0.39087224088112971  0.40103686385212950  0.41167801360058964
  0.42217043122158954  0.43256486489355456  0.44271460704803467  0.45261188510410261
  0.46266266165314945  0.47331455931829686  0.48442643640850358  0.49562746409055419
  0.50710681732235696  0.51867121818269080  0.52940470992868471  0.53960731551967855
  0.54956953525482188  0.55985685012620123  0.57049862506901783  0.58122570937712825
  0.59189501807500966  0.60243818523249548  0.61298707602755487  0.62338188157689989
  0.63368778130382242  0.64403182141594628  0.65454645129488276  0.66541641647321070
  0.67648765957833312  0.68758851183937097  0.69842689228524246  0.70902110433776855
  0.71924407742943286  0.72965585975730030  0.74012056832459172  0.75057639420719113
  0.76118725627349071  0.77219633981306757  0.78382109949849488  0.79501549866031762
  0.80523595524720448  0.81508459034729153  0.82505065361627561  0.83526985901372619
  0.84547870706005235  0.85555145184393677  0.86535837982168951  0.87493411467763171
  0.88440932581418974  0.89416677184244286  0.90459968629478416  0.91502067486085592
  0.92533900284139248  0.93538374671458868  0.94596554057244742  0.95644495338887336
  0.96693896370989751  0.97741292266221669  0.98862224971590096  1.00000000000000000
  0.00388710405604237  0.11970759108458580  0.17906616978162351  0.22104229373344098
  0.25356592593764576  0.28048371608151096  0.30367830527381701  0.32529746997266745
  0.34606845336863479  0.36563982421377461  0.38419187868444854  0.40131921857140995
  0.41812403549434896  0.43475502895628593  0.45050923925183539  0.46477254356170250
  0.47811550185263496  0.49124150883594964  0.50436260243508113  0.51696747551473876
  0.52864078777870582  0.53962495852589643  0.55035722761302719  0.56078795284976757
  0.57107373228691749  0.58092959030785374  0.59070152935864007  0.60053681650676627
  0.60980802235204390  0.61897030424048716  0.62751161847693959  0.63547393668660923
  0.64328352958845836  0.65099209356440735  0.65871992636546550  0.66632536662884956
  0.67384120899048527  0.68148887105053235  0.68925064298137084  0.69683586183055124
  0.70424327726985902  0.71133788023336242  0.71848263177824678  0.72583189677593962
  0.73303825615369056  0.73989035865850883  0.74650180444422787  0.75301400998242529
  0.75962547970615846  0.76627419346324244  0.77268188555875728  0.77863316129533899
  0.78431665805263240  0.79017534907111275  0.79620062547623571  0.80238896929033166
  0.80853796948112733  0.81454131992602752  0.82049087270866516  0.82642227060688656
  0.83221607112961427  0.83779998294178692  0.84316600774246064  0.84864115192317069
  0.85419321119254621  0.85965627717082116  0.86503190340818492  0.87028408279281633
  0.87538107343210692  0.88038422829779017  0.88539270684058424  0.89029088089645925
  0.89507575182903243  0.89978305264496883  0.90458831060993639  0.90948622111707356
  0.91439841323757487  0.91923181624166861  0.92394199526324805  0.92864569587911405
  0.93329294257276252  0.93770629927702576  0.94186823043917944  0.94598859545984793
  0.95023532795294696  0.95448370030427743  0.95866801146036629  0.96265500124323644
  0.96655936284241095  0.97054520321985116  0.97446282018769759  0.97837529648306987
  0.98233201155224670  0.98589542979982348  0.98674738803968753  1.00000000000000000
 -0.00232343507914006  0.01039553629618450  0.02091232962393828  0.03150798953870214
  0.04192013849707416  0.05244544077806215  0.06323115009904214  0.07386107311416225
  0.08413487078772929  0.09435085707566480  0.10466721196303561  0.11498772591257141
  0.12522197187219045  0.13520407056450762  0.14522239778035190  0.15532924059438075
  0.16519286863395372  0.17670324850534216  0.18777042599661986  0.19849379800736927
  0.20916786558192663  0.22015927663973617  0.23154142552375653  0.24280579190637261
  0.25361514376088629  0.26401694852538954  0.27439955563170021  0.28454145052527313
  0.29482020771243539  0.30482309704715249  0.31484333058209663  0.32494461277345082
  0.33506912712255454  0.34494783849990113  0.35464234821538609  0.36411413445729851
  0.37329120163536528  0.38301992556867220  0.39276368845355614  0.40301056659294365
  0.41309151207256606  0.42289228475204282  0.43267214345895327  0.44239652259705059
  0.45229374259647664  0.46187849603075037  0.47151430363325858  0.48154829282397482
  0.49229375222123917  0.50341106657411461  0.51458780018363770  0.52560057897070434
  0.53611546751994033  0.54694962210378717  0.55737779525531528  0.56776976163409432
  0.57840388809674914  0.58890181089952631  0.59982832073776438  0.61017460889091024
  0.62091060224215744  0.63171650773123500  0.64267802506559102  0.65383207381803832
  0.66466355917271869  0.67566133893842550  0.68647312908526537  0.69711980944783747
  0.70750225759165986  0.71797918865741994  0.72818044867413145  0.73877851510432102
  0.74905885298392705  0.76027542810282256  0.77092833152156603  0.78179322379386318
  0.79277619767478114  0.80411927334399658  0.81509440908949693  0.82623570804128177
  0.83692602152496620  0.84753737996676370  0.85804149081231995  0.86860764626059217
  0.87906191995789462  0.88929846782337341  0.89985283218070933  0.91048876921882194
  0.92143891727614347  0.93244133618304115  0.94369939907156364  0.95515327446471576
  0.96666731697111641  0.97837514220765542  0.98948935376876201  1.00000000000000000
  0.02413355252371701  0.03236857084383475  0.04236118132523413  0.05245257137422252
  0.06220537423049798  0.07205939801970440  0.08207611226382217  0.09245299190241675
  0.10221972730075347  0.11199623972415065  0.12142252368851873  0.13128072156633933
  0.14088077486109643  0.15093525118414078  0.16207218332326637  0.17297418667741901
  0.18372944477413169  0.19367069372170706  0.20303247883137429  0.21228304584675264
  0.22110522651992748  0.23001232861029872  0.23962509248035804  0.24942052666375894
  0.25932209449611776  0.26893942601955506  0.27880937723554661  0.28914496980898091
  0.29994083398818006  0.31036070121389814  0.32012557770731725  0.32924777809987782
  0.33822816783707543  0.34744587296972612  0.35695773508351603  0.36635028632745825
  0.37540610229739235  0.38473578456300495  0.39469252682742373  0.40530821881817369
  0.41597016593589070  0.42636617919878006  0.43687669821472047  0.44777128774551528
  0.45914243713471120  0.47027250125543674  0.48163259499484584  0.49297920300201908
  0.50414570018817806  0.51495851416466143  0.52536533928197549  0.53548077734870381
  0.54554732182791965  0.55559144324743537  0.56565279837971283  0.57573450365201517
  0.58608674929722160  0.59691487116457076  0.60812835348291161  0.61982949298648882
  0.63105670356008503  0.64170853217138957  0.65219171132082798  0.66286227342958126
  0.67338117725030588  0.68365104115591957  0.69338778672688506  0.70309903914703620
  0.71254677284291024  0.72220693008791714  0.73180189123415285  0.74170359612681402
  0.75178757418127495  0.76195894168957756  0.77226863031061244  0.78264324340875346
  0.79284927381840620  0.80302131113833264  0.81347165688050393  0.82455554009924092
  0.83576377848428585  0.84669160967236057  0.85731654146343939  0.86788559085080963
  0.87813799099706735  0.88822588769742516  0.89815361178845576  0.90791201483742201
  0.91773896562987389  0.92742789799806236  0.93711648013300264  0.94685888713127608
  0.95681702685614023  0.96592802014339996  0.97077478400186046  1.00000000000000000
  0.10461929490200692  0.23294156475221467  0.27272609058999953  0.29898012145677033
  0.32073169963807030  0.33992158621244145  0.35754794863417538  0.37367810286458647
  0.38898251602380030  0.40317351304869020  0.41683768668551147  0.43010752102287075
  0.44309761154920108  0.45562947967963863  0.46772864573304246  0.47953688828359298
  0.49114904862566017  0.50258382632975385  0.51385928265666903  0.52497106144989203
  0.53565207050862751  0.54593573973710086  0.55618478194490295  0.56651554041411978
  0.57670180359700196  0.58665117856044002  0.59625202164565172  0.60531509440403874
  0.61387654010129078  0.62205856650072178  0.63007961133867030  0.63815145206545676
  0.64614914227965747  0.65375762040771090  0.66128534326825295  0.66860441433743456
  0.67575561222853453  0.68261488633415324  0.68921724732020628  0.69551454818023917
  0.70156222480770147  0.70720220857344251  0.71257160856936974  0.71785574772476901
  0.72322581182999657  0.72857408488189124  0.73377472221676576  0.73885002500321406
  0.74383597360192089  0.74878857812404953  0.75355481350520559  0.75819060681667882
  0.76276608259822476  0.76722908580881710  0.77155531981864278  0.77583923730436011
  0.78011631168791262  0.78442588116062428  0.78884817523027562  0.79325215497465351
  0.79720507468137070  0.80128419815482144  0.80516593981772744  0.80891332491847101
  0.81254715352505891  0.81600111803629316  0.81947828103302855  0.82302920598264961
  0.82664013661450664  0.83020326001594191  0.83363974225603721  0.83701657195609447
  0.84051082148336020  0.84410784035295461  0.84764061411357472  0.85114182305053088
  0.85462489444150713  0.85820865146273861  0.86176209800590498  0.86522304653903781
  0.86865993187013191  0.87210970145024114  0.87597975366770575  0.88017522965096129
  0.88414692186453026  0.88796692243794406  0.89189833324911727  0.89631592030606644
  0.90200836432385401  0.90774777539195139  0.91322079404031609  0.91929926906328285
  0.92674637164075591  0.93379172662737964  0.93936000729587266  1.00000000000000000
   1.8762938044557903E-018  -1.0000000000000000     
 F F F F F F F F F F F F F F F F T F T F T F T F F F F F F F F F T F T F T F T F F F F F F F F F T F T F T F T F T F T F T F T F F F F F F F F F F F F F F F F F T F T F T F T F F F F F F F F F T F T F T F T F F F F F F F F F T F T F T F T F T F T F T F T F
  <DiscreteSampler_grid>
  grouped_processes
  1 # 1 for a reference and 2 for a running grid.
  10 # Attribute 'min_bin_probing_points' of the grid.
  1 # Attribute 'grid_mode' of the grid. 1=='default',2=='initialization'
  0.0000000000000000 # Attribute 'small_contrib_threshold' of the grid.
  0.5000000000000000 # Attribute 'damping_power' of the grid.
 # binID   n_entries weight   weight_sqr   abs_weight
    13   10   2.852524710305780E-009   1.647582757583260E-017   2.852524710305780E-009
    14   10   2.852524710305854E-009   1.647582757583330E-017   2.852524710305854E-009
    16   10   5.068992002846990E-009   8.746781751499955E-017   5.068992002846990E-009
    17   10   5.068992002846943E-009   8.746781751499724E-017   5.068992002846943E-009
  </DiscreteSampler_grid>
