  0.00000000022512536  0.00000000061011960  0.00000000087087192  0.00000000112790565
  0.00000000134428442  0.00000000149936839  0.00000000164392446  0.00000000180140484
  0.00000000200685369  0.00000000221569102  0.00000000239000269  0.00000000258325734
  0.00000000278744033  0.00000000308395396  0.00000000333807744  0.00000000357928997
  0.00000000378998605  0.00000000398773204  0.00000000416598212  0.00000000432309250
  0.00000000448599673  0.00000000465532123  0.00000000488222793  0.00000000514519666
  0.00000000545046775  0.00000000575728617  0.00000000592214117  0.00000000600606292
  0.00000000607955189  0.00000000615832706  0.00000000623759310  0.00000000631996259
  0.00000000641135863  0.00000000654257281  0.00000000669884977  0.00000000686012982
  0.00000000703340311  0.00000000719455288  0.00000000736963630  0.00000000755793266
  0.00000000776166351  0.00000000795145475  0.00000000809991443  0.00000000822297072
  0.00000000834609151  0.00000000846808171  0.00000000859263784  0.00000000876132522
  0.00000000893518538  0.00000000909750152  0.00000000925512467  0.00000000940528026
  0.00000000956604182  0.00000000974524989  0.00000000993751641  0.00000001012450637
  0.00000001031507102  0.00000001044225175  0.00000001057484070  0.00000001071158568
  0.00000001085072773  0.00000001102007570  0.00000001120414062  0.00000001138983816
  0.00000001157308804  0.00000001174485384  0.00000001190736973  0.00000001207392601
  0.00000001223832211  0.00000001242396980  0.00000001266936991  0.00000001289560206
  0.00000001310612336  0.00000001330781448  0.00000001351108375  0.00000001370158264
  0.00000001388765718  0.00000001408969948  0.00000001432160024  0.00000001457047899
  0.00000001479719266  0.00000001500756476  0.00000001528883218  0.00000001560533796
  0.00000001596300913  0.00000001636837307  0.00000001685492445  0.00000001737298825
  0.00000001798364023  0.00000001864907892  0.00000001930476808  0.00000001994271848
  0.00000002087016672  0.00000002286075156  0.00000002369811807  1.00000000000000000
  0.00976649728948386  0.01663930801344713  0.02603406172250321  0.03594933541009673
  0.04863789848286455  0.05799750323309177  0.06872900622411687  0.08193266035850001
  0.09804436749383547  0.11253133384457631  0.12278682633442400  0.13177689555123787
  0.14057434470353669  0.15027071828782634  0.15983741989559080  0.16976430100683210
  0.18056431543824339  0.19105167110178353  0.20043354074311101  0.20904751603773700
  0.21720182393445936  0.22545260228999986  0.23592516936036012  0.24979193375573691
  0.26503034285304961  0.28014740323488058  0.29521354830815388  0.30872941020029809
  0.31829447399672189  0.32648056644301027  0.33487687730023391  0.34278903657221976
  0.35029171107119500  0.36159267118789573  0.37358327015884119  0.38133488575391761
  0.38694248436486178  0.39339410574007577  0.39942066776994528  0.40511902540420147
  0.41245229427970032  0.42063829045879908  0.42815105298405065  0.43348677562571691
  0.43835222814582936  0.44645514739529113  0.45403757122051652  0.46298206466841313
  0.47302261972451032  0.48410277561638154  0.49794798814429359  0.50893456401409065
  0.51744003453590659  0.52589453733744640  0.53558188541608176  0.54818351956871658
  0.56668420225849503  0.58526065299217467  0.60213444832629437  0.61698453938044107
  0.63050172665347193  0.64225983341500203  0.65304926240291428  0.66431599702598843
  0.67575585920057102  0.69069509260524209  0.70801698449506334  0.71610325387174334
  0.72407969375079062  0.73136407430208550  0.73832167949275995  0.74507721229606227
  0.75442502580490656  0.76587623449766817  0.77692918755814622  0.78706248914603127
  0.79617257317816192  0.80306831953677449  0.80818778313840689  0.81355866991781645
  0.81912821963851246  0.82777781827631369  0.83903010732890304  0.84820913283797650
  0.85578612022081813  0.86511758632955360  0.87762782799777117  0.89475523776553700
  0.91391520955839689  0.93206006801920793  0.94798172808152192  0.95991684850898829
  0.97126615078767498  0.98212569063547361  0.99115777880321354  1.00000000000000000
 -0.00000012866219598  0.00006763284799064  0.00051163206713178  0.00170961318802111
  0.00386962123948365  0.00640885191897619  0.00970203811448011  0.01380086790143208
  0.01796403922254807  0.02171798820772403  0.02557384619620672  0.03077626815997977
  0.03653877026246013  0.04252148470156449  0.04903215221843459  0.05547690659784962
  0.06161015233783757  0.06866545117978881  0.07714459890905281  0.08641912263249513
  0.09666870799207394  0.10820347951389289  0.11743900251586488  0.12557344647994523
  0.13320972552491420  0.14102158166631037  0.14962909135741115  0.16011510112331842
  0.17114569499825941  0.18141610751814188  0.19165289451301529  0.20365920074471000
  0.21623709407417016  0.22893043268635516  0.24197937668374359  0.25529000796417006
  0.26716987320301938  0.27935126836858820  0.29183742307444205  0.30394155217249591
  0.31770553329597828  0.33356204370536258  0.34879425407682163  0.36269088021488832
  0.37603492901931507  0.39172095882178415  0.40961087445790084  0.42652125502212468
  0.44082722933612495  0.45322204844243497  0.46451785839353765  0.47732665011184322
  0.48901285058439820  0.49730329955131997  0.50534493287167681  0.51280994752419740
  0.51963163714911520  0.52642506701099845  0.53346148271895999  0.54123287383625762
  0.54913106628995456  0.55712930887410828  0.56548656177905410  0.57403605806621716
  0.58214858245040790  0.59083262042181872  0.59997124115913858  0.60934052560714569
  0.62050433225074930  0.63181843270341842  0.64338855124480099  0.65477671230573575
  0.66624237002021380  0.67953549063177887  0.69312930805568640  0.70462521533525257
  0.71688813570039489  0.72936356055400042  0.74203840605597626  0.75521763393621721
  0.76989061066358022  0.78170702094559275  0.79338030734818088  0.80501238449402757
  0.81786304993456138  0.83142692192100431  0.84502397360248771  0.85864992159706721
  0.87125901140143547  0.88908087867865826  0.90717044720409168  0.92485029336694691
  0.94411172588758996  0.96269449442708466  0.98114365544005167  1.00000000000000000
 -0.00279650336522580  0.01495552639404213  0.02718374598282534  0.03816592114755839
  0.04671811537665508  0.05562225331625478  0.06559521132182949  0.07553228382962118
  0.08348601809893272  0.09160834113321231  0.09822336891699404  0.10339656249073730
  0.11361940553952991  0.12455502455609585  0.13960492586701470  0.16015763855715395
  0.17438057156525985  0.18407557938847574  0.19377695391272340  0.20285532865032263
  0.21209573531989795  0.22175290955768914  0.23166178299048290  0.24134337322165639
  0.25122646420676797  0.26076492784999505  0.26937036481432763  0.27858046959188482
  0.28915841488207744  0.29899121212854257  0.31022293356977854  0.32276842269799583
  0.33807877488892063  0.35437642716603401  0.36926233497359651  0.38276049533323941
  0.39543962543992189  0.40596348923322956  0.41335039628974002  0.42039048314257144
  0.42870414350589914  0.43634740856988197  0.44484449112581492  0.45471517066713235
  0.46466282954633048  0.47494612153664884  0.48551431441425735  0.49695395364988343
  0.51140312870977822  0.52560184205998228  0.53588285978495742  0.54492252104315841
  0.55295456794169540  0.56066611487654472  0.56854637874774938  0.58143782587569037
  0.59685053697466006  0.61134762968287160  0.62578974894229245  0.64186707063351411
  0.65672469052680282  0.66850329610673076  0.67937777933114363  0.69048740668906816
  0.70079941647796595  0.71064449414577546  0.72102488339951443  0.73079151190596081
  0.73768806873706294  0.74500470726414247  0.75243762123600477  0.76064439562437469
  0.76920315054223398  0.77641273630034968  0.78262507207454102  0.78931584179205438
  0.80027468937605528  0.81241762618474134  0.82265111020800330  0.83250228475900778
  0.84309838504007584  0.85498667256325211  0.86930664612704145  0.88092700804641522
  0.89220855772659691  0.90307004355502063  0.91352284669896133  0.92325483356138627
  0.93246201143243712  0.94319118630845589  0.95293847802062193  0.96225078540707243
  0.97125162881114402  0.98018225370173095  0.98981686513928480  1.00000000000000000
 -0.00252373221337878  0.00966003748691725  0.01929317053409676  0.02826340210923859
  0.03839179206325823  0.05097738485491442  0.06482721557039657  0.07681234286527472
  0.08878134174679392  0.10167629845327276  0.11551412149827038  0.13122177042296354
  0.14757837019359288  0.16320480040519988  0.17474325342671723  0.18692636359336903
  0.20120927475428696  0.21426279728739445  0.22430067948588037  0.23237047187303425
  0.24024246367606336  0.24841893396691031  0.25906657445026376  0.27204374903684342
  0.28401452251068759  0.29383225435228183  0.30070998960844803  0.30775275600373575
  0.31482062737133065  0.32310448845107759  0.33244595388705500  0.34108973626755462
  0.34935048625112092  0.35947091164501771  0.37044476023920864  0.38031393494972038
  0.39067203918651705  0.40072561736982493  0.41030959484017809  0.42116100039550253
  0.43169811302506078  0.44019538068765562  0.44816439124664503  0.45651686740934982
  0.46518136147009953  0.47437790057219198  0.48516635272986763  0.50129624043376697
  0.51887936212658681  0.53350852131503879  0.54553496323603379  0.55492055385836880
  0.56353583883034031  0.57267629233155970  0.58313758555610185  0.59494100821705975
  0.60749800365867945  0.62118250750784265  0.63337413686900923  0.64468985205278095
  0.65770641260292217  0.67247541472890193  0.68440014323365683  0.69297856196950514
  0.70086729339270470  0.70838892686618993  0.71637094770638032  0.73250735464921402
  0.74800668081721378  0.75961914126260710  0.77036219911459947  0.77844714252882752
  0.78617259360967928  0.79411052502849366  0.80260019701020469  0.81155366955958252
  0.81984954332840954  0.82786666963092082  0.83470429545890690  0.83838017844310164
  0.84345727544240856  0.84947688672575239  0.85789846789136703  0.86621489819373876
  0.87315581628351491  0.87938193610417148  0.88512222155364806  0.89100073069763319
  0.90042474685191598  0.91570285588369116  0.93070133072497452  0.94344803379649267
  0.95592701130439750  0.96946308579516771  0.98427759751396571  1.00000000000000000
 -0.00165259193085475  0.00692561049432524  0.01724782143777760  0.02808645613823444
  0.03769038531973652  0.04560481149628143  0.05282205531379774  0.05947640908102793
  0.06633678716923168  0.07416823652112832  0.08340049891498505  0.09123011974844578
  0.09868415684231212  0.10651165806086642  0.11479259993135299  0.12666130538983503
  0.13680823851806970  0.14770281768027713  0.15924775182287559  0.17152945859314322
  0.18880866685753464  0.20667482540527110  0.21544321106723827  0.22263484658035099
  0.22976288478722312  0.23693458092885358  0.24352190824260930  0.24978848737187451
  0.25663475215561116  0.26339755014611849  0.26833199927591916  0.27466264247562416
  0.28541217942683239  0.29628255170975898  0.30597462324406688  0.31620364686206009
  0.32700342613818345  0.33786218681149560  0.34823380984442187  0.36098176689680395
  0.37561806195627578  0.39163599349315931  0.40852361609210769  0.42140301378463940
  0.43106654718721299  0.43951553844728292  0.44833689842883978  0.46149063049698857
  0.47700610626871243  0.48818512749348858  0.49653220072267862  0.50513172825397012
  0.51419566189377042  0.52722844626957144  0.53769776261882885  0.54811747564331548
  0.55978892059834306  0.57132930368489587  0.58183613518420674  0.59104748537521357
  0.60035695175345971  0.60992154015549382  0.62007552105765040  0.62979206529838094
  0.63734263623044696  0.64541651860685834  0.66043929554833258  0.67730821113168926
  0.69111857811389732  0.70375749297565438  0.71579568036109442  0.72757584989652591
  0.73734784788663743  0.74872388171112680  0.75682626972174516  0.76418373361714853
  0.77204109402186860  0.78141885851651272  0.79137212136949886  0.80256968024286079
  0.81486611232737205  0.82656678302908737  0.83806594218791342  0.84706093570274765
  0.85372408490204743  0.86048522044078046  0.86768654143110291  0.87471211027643914
  0.88468961291645287  0.89865520503957352  0.91227105933088037  0.92668236009498528
  0.94256164669594511  0.96060226926191838  0.97990203420498312  1.00000000000000000
 -0.00490296534764140  0.01008325243457332  0.02380982119417339  0.03483559710904701
  0.03657696629982450  0.03831833549060198  0.04183647259991261  0.04551098390973980
  0.04959500977143795  0.05365839668574893  0.05746329529199253  0.06165171495052077
  0.06711672600841215  0.07390734154347575  0.08010863278433525  0.08563311545325493
  0.09058430692871673  0.09526189969479971  0.09966367595990565  0.10394932787563738
  0.10882169440544093  0.11456946417135991  0.12060923798180972  0.12653228354224258
  0.13237109428994709  0.13828566945598944  0.14328144130932291  0.14843282761330567
  0.15427696258231885  0.16030487809448796  0.16619928345287227  0.17085502309687517
  0.17483486811284443  0.17896313755572021  0.18318996835780274  0.18779147404778831
  0.19116924468931787  0.19520229003140246  0.19940047701920302  0.20393582413999636
  0.20906600714669621  0.21400714867229914  0.21593019592526994  0.21815073895081993
  0.22028912919916302  0.22262545016401886  0.22763248297633021  0.23263682664525062
  0.23796487379851319  0.24334047734570591  0.24818097232947173  0.25415998946999085
  0.26195931238380044  0.27094476904450382  0.28028674744130405  0.28822225726162148
  0.29544213853437146  0.30320498096549242  0.31153162754798663  0.31954386760684750
  0.32762360555402120  0.33580327215347316  0.34436785359750516  0.35388487802666357
  0.36355106178602320  0.37357815019969681  0.38305058695591121  0.39556987622011458
  0.40808228840809985  0.42065753608387568  0.43346015022996204  0.44534530852859666
  0.45436905191579685  0.46348050888136533  0.47290269445285593  0.48133758854009062
  0.49198811953798949  0.50781608113071164  0.52534320221662800  0.54215679552070439
  0.55811284910726688  0.57462481893191397  0.59036156404219120  0.60675767569420946
  0.62498871664474331  0.64841646760188754  0.66468929233681373  0.68204547580642216
  0.70192540113961122  0.72477021095022853  0.74832568264669552  0.77984919984984158
  0.82127957367502147  0.84968591670821947  0.89470336898443747  1.00000000000000000
 -0.00265521539954518  0.01332102006505721  0.02621580135132565  0.03583621549525414
  0.04396512736984402  0.05207712598551055  0.05968885357340746  0.06779506845435626
  0.07672084568978846  0.08833310845792791  0.09938217404234943  0.10887301407655718
  0.11743792126652131  0.12657113935990677  0.13647962913624137  0.14668008770028534
  0.15757054301413984  0.16891496898206354  0.17895248822542228  0.18837387581689169
  0.19606103997664748  0.20336918844598587  0.21031164750219519  0.21787674758997286
  0.22581193933238375  0.23518716873713352  0.24525178978270562  0.25497791842929662
  0.27018949545513127  0.28343907550027048  0.29650101081584890  0.30812981686329943
  0.31905142766591255  0.33084171637830684  0.34506630388855047  0.36395496174427394
  0.38078360392172866  0.39590096977714118  0.40802554922876871  0.41879287023985834
  0.42999208688766938  0.43980251099632189  0.44636314053663778  0.45520935174671379
  0.46409337767030479  0.47174056748844118  0.47864023185846483  0.48381124945879478
  0.48882249166513791  0.49430615354194912  0.50199107162459577  0.51361718295125669
  0.52796275100554546  0.54115780231878763  0.55625591606388647  0.57090944883414818
  0.58451140256582057  0.59563992087648954  0.60490951982547314  0.61196587587608442
  0.61928601101463510  0.62619874941586917  0.63161412021286689  0.64095747501852995
  0.65123114354745726  0.66393907610298530  0.67826505054133079  0.69373185589177555
  0.70758508903518968  0.71919773854329194  0.73010533087522778  0.74090458718407337
  0.75335056233325504  0.76807983334172902  0.78362661569894987  0.79702910141731675
  0.80831687550723408  0.81792669266947082  0.82695715732601360  0.83579122941008366
  0.84438341459369093  0.85333043872652581  0.86440423715603887  0.87708264231203847
  0.88883715418607134  0.89946870313241223  0.91026286938015200  0.92167313252408534
  0.93565104451001124  0.94654802156563367  0.95560075367143649  0.96317078129763700
  0.97063949823381146  0.98008813744909862  0.99013980259509216  1.00000000000000000
  0.64449181792545984  0.67665765505850095  0.70106024900941077  0.72404888809007084
  0.74343474901910744  0.76115805240425738  0.77564320328779957  0.78952840885282827
  0.80151034998016879  0.81243880436661275  0.82270766576155430  0.83383874801569191
  0.84454026233435053  0.85299117644525058  0.86111744460219042  0.86954614472611180
  0.87755693332711382  0.88297426181047445  0.88824496855973212  0.89294529971118464
  0.89698888193625581  0.90058022765843559  0.90467175590314641  0.90841792884134065
  0.91213115167752212  0.91581711965290735  0.91839920943483966  0.92053212950796937
  0.92274491681227233  0.92516292433514391  0.92754428011589074  0.92947038312655295
  0.93132606266932372  0.93332138993840630  0.93544881853868356  0.93726547634275248
  0.93903800279949734  0.94090213149767288  0.94271878742995907  0.94424361981529858
  0.94562175242357938  0.94703490052514416  0.94852954148035173  0.94988216485292010
  0.95107524491966755  0.95223598919414787  0.95328207697635103  0.95428371524681166
  0.95524191609216602  0.95611812795162299  0.95699239913727141  0.95788172799319182
  0.95876468519747304  0.95964023962206479  0.96043786508103235  0.96119132809397212
  0.96192232003748024  0.96264555864807566  0.96326815581035208  0.96387464594315453
  0.96445959536880654  0.96499808485570737  0.96552208864385869  0.96606832984745805
  0.96660429993630803  0.96713296752063826  0.96765821014034825  0.96814384577882329
  0.96855250011772676  0.96890732071662833  0.96925073107701343  0.96959145445103556
  0.96992978013136666  0.97036739004097317  0.97087274808079471  0.97979064634035595
  0.98058957009080938  0.98133187481259532  0.98191679759365602  0.98250172037471661
  0.98305212684081233  0.98358976184447577  0.98412739684813932  0.98468120203767573
  0.98523546736654033  0.98590861995734924  0.98663459534028930  0.98748282347807259
  0.98835828705770967  0.98929079317585067  0.99029908645025944  0.99136794173995468
  0.99278296179535630  0.99445203159411910  0.99622167837824616  1.00000000000000000
  0.01802821689090695  0.12076220312662583  0.17470138960366574  0.19162863124820786
  0.20206463666613975  0.21241943273720199  0.22155659345746978  0.22791991290327343
  0.23272356247641021  0.23732153174521536  0.24308290085998968  0.25259173202933605
  0.26301275390871093  0.27013907084162542  0.27614141225232880  0.28143091924373698
  0.28607165831064379  0.29061137443654078  0.29661142154000725  0.30276908075531583
  0.30790009403187341  0.31488659088497206  0.32054936367138992  0.32607883898417456
  0.33320398490953851  0.34023775025348357  0.34547882976019068  0.35179744304987881
  0.36030967027855465  0.36808054612137553  0.37466330969836725  0.38011256467579213
  0.38553729889507493  0.39209092420742114  0.39902705967139107  0.40646403884140136
  0.41328646375036743  0.41936579247785399  0.42600678808280279  0.43290873949544767
  0.43910284849679942  0.44535825462389744  0.45195771406028734  0.45760620795296958
  0.46326023867660998  0.46894955114232717  0.47436774138273879  0.47983337344908300
  0.48584319631167933  0.49267448223873483  0.49955369823422180  0.50646329117371625
  0.51300398067489916  0.51955690816378275  0.52622239721073627  0.53274338216318073
  0.53993817732322291  0.54557638435856282  0.55063664011228675  0.55538150857912316
  0.55992650860002313  0.56504150085676397  0.57196311280936030  0.57994107982064091
  0.58781462725389522  0.59391576106823318  0.59801607341577301  0.60217873463932858
  0.60661169260673908  0.61144245685716325  0.61685396283195182  0.62303177250753661
  0.62708673405395765  0.63072600874835849  0.63473638217495409  0.63844485668183004
  0.64232486748345252  0.64679787062600225  0.65205325158643623  0.65687665783942628
  0.66095066861909335  0.66487327739144675  0.66891513602204700  0.67365880868487582
  0.67883707193480147  0.68480901652286497  0.69283358328889266  0.70301121117863774
  0.71430119597814401  0.72710489352142549  0.74008942507976738  0.75387916191464455
  0.76690671407890021  0.78368303948439488  0.95288620086842724  1.00000000000000000
   8.6745523591105472E-029  -1.0000000000000000     
 T F T F T F T F F F F F F F F F T F T F T F T F T F F F T F T F T F T F T F T F T F T F T F T F T F T F T F T F T F T F T F T F T F T F T F T F F F F F F F F F T F T F T F T F T F F F T F T F T F T F T F T F T F T F T F T F T F T F T F T F T F T F T F T F
  <DiscreteSampler_grid>
  grouped_processes
  1 # 1 for a reference and 2 for a running grid.
  10 # Attribute 'min_bin_probing_points' of the grid.
  1 # Attribute 'grid_mode' of the grid. 1=='default',2=='initialization'
  0.0000000000000000 # Attribute 'small_contrib_threshold' of the grid.
  0.5000000000000000 # Attribute 'damping_power' of the grid.
 # binID   n_entries weight   weight_sqr   abs_weight
    13   10   6.714219067692913E-021   3.107850573392379E-040   6.714219067692913E-021
    14   10   6.714219067692380E-021   3.107850573391797E-040   6.714219067692380E-021
    16   10   2.531483603468979E-021   1.946217038173676E-041   2.531483603468979E-021
    17   10   2.531483603469938E-021   1.946217038175641E-041   2.531483603469938E-021
  </DiscreteSampler_grid>
