  0.00000000021944290  0.00000000063640945  0.00000000091243554  0.00000000115368797
  0.00000000138982985  0.00000000163903023  0.00000000188091066  0.00000000210169938
  0.00000000229969514  0.00000000248560233  0.00000000267380271  0.00000000287615635
  0.00000000307213791  0.00000000325492161  0.00000000342607704  0.00000000359223852
  0.00000000375978824  0.00000000392943064  0.00000000409625771  0.00000000425812921
  0.00000000442058985  0.00000000458479966  0.00000000475317283  0.00000000492545316
  0.00000000509372173  0.00000000524699489  0.00000000538963453  0.00000000553241921
  0.00000000568057858  0.00000000583466234  0.00000000598789280  0.00000000613491180
  0.00000000627746406  0.00000000642305875  0.00000000657585335  0.00000000673519672
  0.00000000691272442  0.00000000708936267  0.00000000726106661  0.00000000742597230
  0.00000000758785035  0.00000000774503499  0.00000000789683707  0.00000000806060166
  0.00000000823071999  0.00000000839656333  0.00000000855757969  0.00000000871992881
  0.00000000888755603  0.00000000906135582  0.00000000922351547  0.00000000938599090
  0.00000000955298734  0.00000000973121191  0.00000000992285754  0.00000001010738158
  0.00000001028055867  0.00000001045850630  0.00000001063921979  0.00000001082172375
  0.00000001100641977  0.00000001119038215  0.00000001137144862  0.00000001155897908
  0.00000001175524649  0.00000001195345718  0.00000001214762614  0.00000001234748857
  0.00000001256429026  0.00000001278240784  0.00000001298752028  0.00000001320772506
  0.00000001343483955  0.00000001367088772  0.00000001391908671  0.00000001415296433
  0.00000001436982380  0.00000001458570904  0.00000001480762479  0.00000001504326583
  0.00000001530544625  0.00000001558724850  0.00000001586807005  0.00000001620339481
  0.00000001657813966  0.00000001696538447  0.00000001737173138  0.00000001783971865
  0.00000001835986878  0.00000001891655799  0.00000001951666904  0.00000002015580381
  0.00000002103870211  0.00000002256569040  0.00000002366041728  1.00000000000000000
  0.00990336043674224  0.01558787457612148  0.02408715279225915  0.03348409221564023
  0.04356620307307170  0.05549056832910837  0.06745562943350335  0.07866693937852744
  0.08966662161474044  0.10052585690523351  0.11099739179609339  0.12112402748329268
  0.13097804755289472  0.14038153908663226  0.14956377263084827  0.15868571927985153
  0.16795490523996351  0.17740536238220111  0.18782048879217167  0.19804564866167121
  0.20828695739891948  0.21780699242258772  0.22795078515555106  0.23895288917375745
  0.25032305472735916  0.26060571662151089  0.27097899975504802  0.28011726105204354
  0.28930063659116378  0.29859589443492812  0.30871556095581121  0.31900878759742168
  0.32904357290882558  0.33896949251825365  0.34935299352598298  0.35983123351169932
  0.37019596864983401  0.38039411166931986  0.39054610804574358  0.40094830047091490
  0.41154214438266623  0.42099242561540778  0.42977865603914028  0.43916075735794247
  0.44953799645729614  0.46008124734971290  0.47033462716531688  0.47911415405519869
  0.48963074522862732  0.49983501390369700  0.50992922869049107  0.51965728657960808
  0.52935781626640088  0.53944605395335954  0.54908849272398286  0.55835707724900097
  0.56817013138153327  0.57806956050107039  0.58854769889202796  0.59769728245671394
  0.60702959510111509  0.61727857303120504  0.62695796482992017  0.63695878871567313
  0.64719177016070317  0.65878693004926614  0.67062806178961742  0.68229286634540631
  0.69436399393053561  0.70706736121209601  0.71952744403860935  0.73180890176982338
  0.74356904742752572  0.75454408915245308  0.76495602189411549  0.77509375115386270
  0.78533737804080150  0.79539365774909676  0.80590447231010798  0.81656907051009309
  0.82749398224771820  0.83813902564718890  0.84876076480353457  0.85920184046984149
  0.86996597879144355  0.88122897855583449  0.89278618506394736  0.90504189943824653
  0.91746275183340431  0.92941470212835853  0.94083206069716918  0.95200624663930888
  0.96327977566529066  0.97459806797464010  0.98656598283749219  1.00000000000000000
 -0.00248846559172755  0.00909787322619419  0.01846476603778637  0.02905757979420891
  0.03952339518351801  0.05032805604810777  0.06111186252486350  0.07237400197031446
  0.08359688381493814  0.09364691946904909  0.10287576566182893  0.11235613738774561
  0.12207016565057753  0.13186518700282471  0.14113258604892176  0.15072250592253086
  0.16083703953511558  0.17114017111632773  0.18169317027351162  0.19360395572689723
  0.20597548884180691  0.21664091543552436  0.22611549877112655  0.23517067606558040
  0.24418870796976808  0.25317647212916194  0.26212411235745492  0.27152207124092220
  0.28152322341851294  0.29185028100341298  0.30197434377954285  0.31239424482232386
  0.32272015122504477  0.33272171428669900  0.34210025361665453  0.35129922353792015
  0.36104062810774112  0.37125264441639227  0.38236922771487325  0.39412099879933171
  0.40659001712648785  0.41825163703758628  0.42942621988128371  0.44088445546776733
  0.45222906418300884  0.46234538327639230  0.47198865614879648  0.48236442169877730
  0.49384384011071075  0.50426186271350981  0.51461044145467971  0.52496604217587406
  0.53581467319696097  0.54638774230482401  0.55688588014202600  0.56770726052854237
  0.57852623425371075  0.58902042621010164  0.59943789294417671  0.60994951315932366
  0.62190896491750969  0.63400962420550522  0.64623660617786705  0.65533753493334190
  0.66533329661810847  0.67567047200896879  0.68643832446619690  0.69614008067734123
  0.70603176073871721  0.71640343737192758  0.72715710026977720  0.73841027342476107
  0.74988633322051912  0.76039732539286886  0.77065423225579144  0.78147624110745417
  0.79233548413686428  0.80285758922069317  0.81347891719799736  0.82401130924677468
  0.83491884272720363  0.84576587138802284  0.85654778108341134  0.86679636661965487
  0.87740151634608010  0.88835396267390943  0.90034776535846262  0.91273519994994834
  0.92539508420780803  0.93807376572264700  0.94935654881746601  0.96038514341213432
  0.97034315008287253  0.98042344950235683  0.98990432491712765  1.00000000000000000
 -0.00294533602706789  0.01003302965136978  0.02015646039826134  0.02945142381379438
  0.03876990092537101  0.04842407443738584  0.05861839443951901  0.06880438563030529
  0.07954619792583509  0.09105070367613705  0.10309246710847079  0.11409231311792691
  0.12428966141687611  0.13459312383315378  0.14491138856706390  0.15575689511023910
  0.16637236288613522  0.17650870496616086  0.18688267174343876  0.19832467131983744
  0.21057411840724116  0.22240046879579264  0.23392806649450107  0.24575723493694221
  0.25726738094856288  0.26837186519123968  0.27879309347448950  0.28929231114295828
  0.30029021439056092  0.31228241161355857  0.32442902576902122  0.33646463731715565
  0.34912970953536532  0.36253672365904860  0.37525185556682877  0.38590101764910917
  0.39571319696965274  0.40572630398930115  0.41601805297461009  0.42636453032342353
  0.43677802978973318  0.44746974972985493  0.45738643763524794  0.46665106837896525
  0.47560225477360757  0.48495565107596184  0.49468099321590864  0.50463524890230171
  0.51429362506289245  0.52379075233191319  0.53276438189060094  0.54285208745286617
  0.55297124341027670  0.56274511160224838  0.57183660354113697  0.58136036712387973
  0.59236535745376406  0.60441529361888691  0.61534360601907900  0.62580347557867455
  0.63636918068059112  0.64663043886266780  0.65654127176033272  0.66680462254877271
  0.67787343598288408  0.68847969747814552  0.69871839632615074  0.70927659076924698
  0.72008802263052873  0.73069048940677772  0.74091834422605041  0.75152306539235503
  0.76252277204222918  0.77344086914305921  0.78396350177855623  0.79407777174221161
  0.80426630645514097  0.81497520364013210  0.82589011110338628  0.83736517706822122
  0.84965599001957626  0.86168530553812372  0.87366669012090448  0.88486578748151623
  0.89528127846514760  0.90408531851757834  0.91296916846210918  0.92183567971855118
  0.93149562114820850  0.94093077266557623  0.95024643773303530  0.95967908207546082
  0.96961176724453613  0.97933960098796857  0.98971708633916922  1.00000000000000000
 -0.00242346589231159  0.00911024044790070  0.01962575690727270  0.02999029447000018
  0.04102352113850203  0.05159584025052938  0.06182710062010201  0.07190191189071438
  0.08229267061794664  0.09250147662024638  0.10224815100527322  0.11198497265201561
  0.12215506224124510  0.13253274263621800  0.14276725258616743  0.15322229767763743
  0.16431147165701224  0.17611119778155412  0.18775720412502769  0.19833420249417219
  0.20826237702876385  0.21828855541879971  0.22921588384672070  0.24118375652535795
  0.25342957823840334  0.26572078737550087  0.27756273532323361  0.28883636496630533
  0.30026022865950358  0.31154591722916009  0.32239059262492986  0.33252019350573553
  0.34278926344508054  0.35329273564383001  0.36391618496349959  0.37441705233031614
  0.38445119608637834  0.39433263106124739  0.40312187295665625  0.41180241064610806
  0.42092188940161041  0.43081886324783070  0.44109959588936237  0.45147263506670748
  0.46164520538910891  0.47226577971950678  0.48321269559244207  0.49426751604287494
  0.50515263791842835  0.51609925199527473  0.52729915985054332  0.53855796520747756
  0.54891418098969669  0.55847540337337731  0.56836503590406506  0.57814144922423882
  0.58848360979430936  0.59911172877769869  0.60959925653462765  0.62002706354527781
  0.63043616820122461  0.64109842579780252  0.65191060964503023  0.66242324637295158
  0.67250126334743376  0.68258465878504415  0.69342611282412714  0.70440530452788852
  0.71519787856225292  0.72549432963731786  0.73686216518951586  0.74853806392673505
  0.76011807578185153  0.77093150229202634  0.78181636057061987  0.79301066707747558
  0.80440948168996829  0.81541077926965377  0.82543759019083451  0.83626841881312808
  0.84766431095332884  0.85911450528940470  0.87011303062505774  0.88133118294742219
  0.89266522921819902  0.90399304410838865  0.91501584664348279  0.92511549404930848
  0.93428743934969116  0.94289123340672010  0.95124872034517793  0.95995615414495972
  0.96926236819330158  0.97837176976662188  0.98953494530496022  1.00000000000000000
 -0.00223521981166912  0.00789099943024288  0.01736618451317742  0.02711791510914075
  0.03742268615704981  0.04809773729207244  0.05892179386288287  0.06998653902276225
  0.08116745176703098  0.09292869463051701  0.10442944563985208  0.11527533473742824
  0.12539335199456528  0.13522129665949770  0.14512260138737895  0.15508104203327247
  0.16513858268260917  0.17505665269852169  0.18510146545174966  0.19603024841189207
  0.20805881351791156  0.21980841479577215  0.23110638680755763  0.24148615777995308
  0.25212989610664166  0.26241910183677830  0.27309086472207461  0.28389859551786117
  0.29539461712365828  0.30785258716772057  0.31974513101819513  0.33023715824718725
  0.33986072834030878  0.34942516260066492  0.35926311783986675  0.36897914933294063
  0.37855214060445302  0.38840061934586706  0.39875539905399393  0.40973397513207260
  0.41969469493355177  0.42921108215850723  0.43836701563980823  0.44770929028348661
  0.45638441828850362  0.46503100722323343  0.47406292944430045  0.48387901944119671
  0.49350867104865465  0.50331588662141857  0.51361607963437172  0.52416492280134663
  0.53462739027419137  0.54482274571831146  0.55515442271551485  0.56609609104463188
  0.57783767898528116  0.59001717988457358  0.60171229271509630  0.61310698325442414
  0.62355158239569708  0.63363414814284047  0.64326514602350615  0.65343352991239789
  0.66423236339314573  0.67588066096310384  0.68721270747884688  0.69822724691702431
  0.70920593321524783  0.71959784895092815  0.73049043670917657  0.74243377372285047
  0.75444856665199655  0.76586520193536645  0.77676618532200314  0.78771456944531903
  0.79788899385322987  0.80770227271957629  0.81786703683793649  0.82802334867665106
  0.83778148118641482  0.84741945305982858  0.85835961454586396  0.87075366086461714
  0.88204872401363199  0.89305022467506989  0.90354773543149836  0.91453653631270471
  0.92510408002292865  0.93577132912822580  0.94673041308115913  0.95701479708735193
  0.96740188744958244  0.97761323226592833  0.98865572891684317  1.00000000000000000
  0.01401415664831259  0.01580934648882199  0.01924373566449065  0.02379772864968609
  0.02909794397277546  0.03452368801308098  0.04034872217627743  0.04596976721173313
  0.05167110688103373  0.05734829227027912  0.06296085115577821  0.06870106863511183
  0.07467545857079982  0.08019668276222237  0.08567388401200159  0.09132363789533925
  0.09733665967679198  0.10378601790747204  0.11034082579905274  0.11642265528631482
  0.12259913042430620  0.12849609485886529  0.13467468358814719  0.14040007219173484
  0.14619726131449398  0.15204274559415851  0.15789817014168589  0.16368286519099026
  0.16935340713050834  0.17507502135734782  0.18094902173628891  0.18696100645962235
  0.19310876712654448  0.19923749126133641  0.20543472868602589  0.21179507116882476
  0.21844761554308353  0.22527785212942922  0.23173402958197656  0.23801675238788952
  0.24439677160408088  0.25089374398561154  0.25753823459013941  0.26412318399648665
  0.27038542943724192  0.27640607211431317  0.28239860938799205  0.28875717931908718
  0.29612779651638299  0.30425156233767436  0.31183208141919799  0.31894928030696917
  0.32555950767769259  0.33256922869065092  0.33927959805706559  0.34603894451148826
  0.35289109754803211  0.35970238446786224  0.36702953663535531  0.37426675943091087
  0.38202018046058916  0.38914409677784478  0.39616972221656471  0.40496783928735280
  0.41439807662775618  0.42453251860095959  0.43482472223320567  0.44431829298225017
  0.45351839054695897  0.46213330195680230  0.47067554294815894  0.47989438791266698
  0.48965890108107929  0.49963210715231476  0.50947706140176163  0.51991160427767003
  0.53181987901547567  0.54426810449528740  0.55624268796690290  0.56901488260659228
  0.58258694314294535  0.59684959958121564  0.61180121103108132  0.62805272411981294
  0.64349022984129567  0.65917605969336790  0.67595241042124754  0.69486709456366980
  0.71502236149617682  0.73725890438647157  0.76139838448616304  0.78612381966542189
  0.81561519413290540  0.85524486294876712  0.90868826418807624  1.00000000000000000
 -0.00197036498859126  0.00935282018312211  0.01881970352606235  0.02944372826460363
  0.04045726887173271  0.05096017330388347  0.06113196825392914  0.07199638768237263
  0.08401247628335722  0.09533984539125245  0.10582893446648575  0.11535215154107767
  0.12495909799419068  0.13496835447912189  0.14517308419694311  0.15531923108530218
  0.16564595078411465  0.17633299772175814  0.18713571308431290  0.19787859007115055
  0.20859707990106394  0.21906106913202433  0.22970629063842427  0.24063604896969920
  0.25312076499771230  0.26643538618050511  0.27817056963091769  0.28867582668564512
  0.29900545617346280  0.30968992798355793  0.31992854860783543  0.32965610681628310
  0.34008382658918063  0.35127588192561365  0.36224930006745437  0.37294173743559506
  0.38320992896001260  0.39344681725646014  0.40347535740433293  0.41259407224870231
  0.42255469399456208  0.43299819454689470  0.44371641073396700  0.45452305337441412
  0.46470807767961231  0.47409527069082502  0.48325129352244328  0.49264773341332779
  0.50261445982184094  0.51259841524786975  0.52293583890309503  0.53383171380268701
  0.54492548559435661  0.55535815257179622  0.56585499497723935  0.57603622657708919
  0.58702280995039102  0.59824133147797720  0.60981872753989719  0.62094042974521524
  0.63215175184076289  0.64247683962738567  0.65301913279362123  0.66364355326010083
  0.67473843018600788  0.68582375912274651  0.69662321473626276  0.70720494182794003
  0.71776626293480383  0.72868080261321599  0.73916880664426532  0.74865215863328116
  0.75816613605570360  0.76821899614220712  0.77857905031529551  0.78887267948883921
  0.79938843953467609  0.80997637154923696  0.81994804616631978  0.83061142019795831
  0.84214259861773688  0.85391154680874670  0.86544076866762987  0.87664076433299509
  0.88762499183299726  0.89801196542161721  0.90748956402539294  0.91683949903772421
  0.92724238324510289  0.93828003672842597  0.94860280870968861  0.95894063042519939
  0.96931983429941893  0.97999310247921945  0.98995215784350454  1.00000000000000000
  0.02443305195233434  0.03264890276314936  0.04159553938110427  0.05106944469632693
  0.06087269342222544  0.07138542167118793  0.08197469699796060  0.09257178549487308
  0.10244935514636062  0.11194690992383552  0.12132633901520087  0.13061053825230418
  0.14017954160193222  0.14998337588586519  0.15997030735070758  0.16989048055881720
  0.17875117520986222  0.18759880526114306  0.19667450404047912  0.20618207279207601
  0.21586400896078983  0.22520351201353137  0.23467564696502999  0.24420338404311989
  0.25420187607022215  0.26450636828201352  0.27504612171213838  0.28546496001410926
  0.29553812049285477  0.30608987909487778  0.31697267994110445  0.32770766855516154
  0.33840862179623565  0.34838260555143408  0.35831163208600975  0.36822743987734491
  0.37849126500996749  0.38903619462110417  0.39902789627985163  0.40845107700120847
  0.41757051496601866  0.42683323990864042  0.43677320078773424  0.44667231511514471
  0.45605184029022455  0.46519894554144781  0.47469207889995368  0.48424345789109385
  0.49348932780382476  0.50251856865646927  0.51208313116089565  0.52311549620670472
  0.53517492746207873  0.54702851777388561  0.55861092803043322  0.56938802525319343
  0.58006329209554386  0.59082355656966545  0.60096275621858342  0.61075192467680872
  0.62016806309699946  0.63012863705625555  0.64073665789775447  0.65115311763077588
  0.66188654726472140  0.67213458069350951  0.68197538624302700  0.69182667630630368
  0.70234299958393198  0.71321889954457107  0.72338253536311481  0.73312438863144958
  0.74308471292188083  0.75325176731023447  0.76314838991350786  0.77338842549425046
  0.78393549071767410  0.79392626559923929  0.80372800266924915  0.81370495385024511
  0.82392872456336186  0.83406721165947817  0.84423895616469957  0.85428114085111773
  0.86472461025933045  0.87558057801892475  0.88653264817676836  0.89755231150103687
  0.90897897541253270  0.92068668034418155  0.93217806391769720  0.94346895583626278
  0.95486759128535570  0.96533594797910205  0.97082275138391283  1.00000000000000000
  0.11339080955085591  0.13191031238465201  0.15094267407004544  0.16675006323735855
  0.17969146638802638  0.19253642979840013  0.20424533928582803  0.21553269063711425
  0.22704799357432598  0.23780745020721322  0.24768554189196351  0.25673847762768537
  0.26574620705589652  0.27458530042284079  0.28270918591490501  0.29044303668797250
  0.29849429117904902  0.30658551467065642  0.31406704368869176  0.32088859051027802
  0.32787845973289309  0.33538724073177023  0.34294287590399525  0.35034368365237412
  0.35728962961817629  0.36418979365761811  0.37067006228459393  0.37716690014736426
  0.38396084581430145  0.39102619116370452  0.39811843620657283  0.40498717482981572
  0.41155526416778793  0.41825078123975773  0.42511924706183368  0.43209148057951330
  0.43823294436302312  0.44416551407202920  0.44995856085547603  0.45615662763852571
  0.46237796163387629  0.46855913672655314  0.47469458428805500  0.48041747348854374
  0.48653524536395421  0.49265246824634867  0.49885135185221380  0.50465375153082248
  0.51000338505397103  0.51532789758291064  0.52106839522865134  0.52733614780465055
  0.53372012230745269  0.53973140020515353  0.54553540362046704  0.55153585218278167
  0.55786437643956654  0.56442906282568905  0.57071373403995018  0.57689849363492063
  0.58301849157357022  0.58913758552493545  0.59553890238295326  0.60205464722056534
  0.60857866104406755  0.61507051975081262  0.62110229752629298  0.62707167566008892
  0.63305314355611320  0.63908209280868877  0.64496347780648100  0.65051964006898744
  0.65582072232587652  0.66114392616019202  0.66672863716943742  0.67248844834475063
  0.67824083884417563  0.68356639747971659  0.68928431203126417  0.69527063145501722
  0.70113076590523837  0.70687181728351012  0.71289371649478050  0.71961533541036293
  0.72726835503225229  0.73486629620220967  0.74224783108651671  0.74906528112934145
  0.75633852009882674  0.76401384293853136  0.77472621625773763  0.78868100361459226
  0.80743988961665270  0.83313743397378059  0.92524562641464447  1.00000000000000000
   7.9351189734933243E-038  -1.0000000000000000     
 F F F F F F F F F F F F F F F F T F T F T F T F F F F F F F F F T F T F T F T F F F F F F F F F T F T F T F T F T F T F T F T F F F F F F F F F F F F F F F F F T F T F T F T F F F F F F F F F T F T F T F T F F F F F F F F F T F T F T F T F T F T F T F T F
  <DiscreteSampler_grid>
  grouped_processes
  1 # 1 for a reference and 2 for a running grid.
  10 # Attribute 'min_bin_probing_points' of the grid.
  1 # Attribute 'grid_mode' of the grid. 1=='default',2=='initialization'
  0.0000000000000000 # Attribute 'small_contrib_threshold' of the grid.
  0.5000000000000000 # Attribute 'damping_power' of the grid.
 # binID   n_entries weight   weight_sqr   abs_weight
    13   10   3.056857103953234E-029   3.155779140711169E-057   3.056857103953234E-029
    14   10   3.056857103953223E-029   3.155779140711138E-057   3.056857103953223E-029
    16   10   1.517919659034494E-028   1.683905617863422E-055   1.517919659034494E-028
    17   10   1.517919659034496E-028   1.683905617863456E-055   1.517919659034496E-028
  </DiscreteSampler_grid>
