  0.00000000022004162  0.00000000063725393  0.00000000091875517  0.00000000112916300
  0.00000000131898141  0.00000000146818118  0.00000000161381206  0.00000000178634830
  0.00000000196452873  0.00000000214240610  0.00000000234537800  0.00000000255598499
  0.00000000279214558  0.00000000300291879  0.00000000318664730  0.00000000335116113
  0.00000000350755219  0.00000000367033863  0.00000000382337105  0.00000000398237621
  0.00000000414648534  0.00000000429770244  0.00000000446325457  0.00000000462531802
  0.00000000477427839  0.00000000493290529  0.00000000509823059  0.00000000526082490
  0.00000000541818442  0.00000000556893088  0.00000000571075321  0.00000000584269172
  0.00000000597991000  0.00000000612117964  0.00000000625757340  0.00000000639274603
  0.00000000654048863  0.00000000670691759  0.00000000689386512  0.00000000708426748
  0.00000000726918388  0.00000000744613672  0.00000000763671946  0.00000000782812976
  0.00000000802421759  0.00000000821168211  0.00000000838677589  0.00000000854769020
  0.00000000869407252  0.00000000882134603  0.00000000895664996  0.00000000909734683
  0.00000000923609144  0.00000000937659529  0.00000000952132712  0.00000000967020623
  0.00000000982890773  0.00000001000897986  0.00000001019680292  0.00000001035234891
  0.00000001049650790  0.00000001064108295  0.00000001078549104  0.00000001092195030
  0.00000001105029448  0.00000001119786136  0.00000001136533344  0.00000001154445050
  0.00000001171641873  0.00000001186766923  0.00000001202474409  0.00000001218913624
  0.00000001236532943  0.00000001256296959  0.00000001280787693  0.00000001310568489
  0.00000001341211295  0.00000001371132857  0.00000001398476191  0.00000001425266104
  0.00000001451510575  0.00000001478993805  0.00000001513128194  0.00000001546950069
  0.00000001574673797  0.00000001611823488  0.00000001654246917  0.00000001699736676
  0.00000001749849088  0.00000001810281747  0.00000001884924087  0.00000001963506231
  0.00000002076383397  0.00000002269872962  0.00000002365220126  1.00000000000000000
  0.00916496866787886  0.01785317951721314  0.03171060942369328  0.04632687041537809
  0.05962079895317038  0.07101083611094863  0.08257066516877994  0.09331573442205104
  0.10617338877545208  0.12111130442418211  0.13579847340441240  0.14738734587197241
  0.15785922730369698  0.16681195193947576  0.17380943061789611  0.17997399751273058
  0.18658745641427316  0.19456717788106020  0.20387181381718783  0.21237300125156253
  0.22016831284621277  0.22804950076687983  0.23940827932240957  0.25171062017391932
  0.26299439453719342  0.27282681876870096  0.28211092928747639  0.29181326412409347
  0.30226694438637880  0.31353170820350601  0.32560041262504968  0.33861354460064352
  0.35126120117082110  0.36327330736381974  0.37479615252739190  0.38518244064994889
  0.39415529275793243  0.40436764619329180  0.41541299027900580  0.42632892722834914
  0.43752497084335773  0.44977991162619713  0.46146457932430490  0.47141671205072871
  0.48168025548741727  0.49289843989071402  0.50489069395503960  0.51730081237569170
  0.52890480857775646  0.53790331947861270  0.54486620900828764  0.55143398467718197
  0.55797982634588150  0.56542247278447244  0.57514168662548448  0.58812203058252188
  0.60512250658146793  0.62067618081499065  0.63507576416113998  0.64766235291523711
  0.65846159909370217  0.66924208774085314  0.67941556001569947  0.68735520128554517
  0.69377482025027026  0.70046332324279370  0.70826019958676001  0.71692711413769672
  0.72873761676775040  0.74309872161998280  0.75599329391235481  0.76566975837795048
  0.77353405423778576  0.77949829100984414  0.78641356568659349  0.79343151366970643
  0.79982852914152092  0.80613489629280266  0.81237248024919695  0.81932455422271178
  0.82720370941850752  0.83525017200060259  0.84331722222278382  0.85065398062583875
  0.85970364161736434  0.87018634083460666  0.88366206308298401  0.89790869234654702
  0.90835297356494571  0.91802503617279996  0.92769523271337684  0.93765573085813447
  0.94826758753849705  0.96264355956707515  0.98019693927244089  1.00000000000000000
 -0.00000018915830808  0.00007182534534512  0.00051952681017657  0.00154110492636606
  0.00322240396296156  0.00507393670297824  0.00677089895232535  0.00883825456492923
  0.01180256910846177  0.01487456530064576  0.01816302519106058  0.02143799609036188
  0.02471577315246952  0.02857835669888730  0.03198910367260296  0.03562831888850384
  0.03982606314908551  0.04552924259235265  0.05237181551582071  0.05967935711335700
  0.06790851532290183  0.07755894110346312  0.08780675649152449  0.09855946984408719
  0.10861670963006138  0.11831177020425666  0.12823312259730918  0.13667931344733414
  0.14510346406677233  0.15339449344225600  0.16233768919273198  0.17242058966093438
  0.18240611832454451  0.19201270308099486  0.20118258444093723  0.21067660074188391
  0.22003785695358696  0.22885334330428736  0.23816925299621888  0.24913434482776126
  0.26206541356326019  0.27435613522112756  0.28646862929986633  0.29838581379469503
  0.30991194166231784  0.32006523230407363  0.33075049148074254  0.34203700455753494
  0.35401477939307369  0.36658643876794583  0.37947697963979982  0.39248736412995622
  0.40632313118637603  0.41942063437602511  0.43285788058404034  0.44625860907629772
  0.45749579710978944  0.46960686051639916  0.48056230561998364  0.49077242489236766
  0.50133554330005570  0.51221792786614184  0.52425492432773046  0.53884644729954845
  0.55373385741196912  0.56764996447965421  0.58148714110670174  0.59511236553858504
  0.60751920183116315  0.62081974969895948  0.63418640880619270  0.64657755845117493
  0.65768951691833555  0.66784256781875684  0.67946023657558352  0.69194598622815406
  0.70438752273178351  0.71589321534056360  0.72748283546489367  0.73896573635344875
  0.75043502964877007  0.76197256306759742  0.77363170531672709  0.78537464758752451
  0.79738350396105517  0.81109190997404423  0.82325168961384454  0.83964335681460811
  0.86001468692679672  0.88235032282004255  0.90614602292874191  0.92851940080595874
  0.94853484862510706  0.96618950543960769  0.98328377924329402  1.00000000000000000
 -0.00160304968170345  0.00838281428928523  0.01582088259300461  0.02362498391287640
  0.03099773961977233  0.03831125282020523  0.04503314821154963  0.05127853249345048
  0.05762702285131417  0.06568041413419792  0.07573543081739914  0.08870687642871622
  0.10200197884359904  0.11755048513913931  0.13522427131882603  0.15083100597032281
  0.16203003396504395  0.17195716051714155  0.18223389492520389  0.19332974816916901
  0.20379438980067760  0.21239794374541784  0.21948270163157818  0.22652010376196305
  0.23434736626216934  0.24253827737883718  0.25048485193648734  0.25766035819646799
  0.26444377845865608  0.27049434627504237  0.27955418250361558  0.29197470669194658
  0.30557345778890205  0.32156877956694080  0.33633466391481870  0.34976917622840525
  0.36249820375205566  0.37537635535751790  0.38564459452029681  0.39622140092465485
  0.40600087186376271  0.41318613243797564  0.42035949147588320  0.42667435902183998
  0.43376530394446361  0.44222735661483437  0.45152405260895806  0.46128232486791487
  0.47091058524110979  0.48146858399204595  0.49401692884677600  0.50549274572794889
  0.51492873412849882  0.52408494037587106  0.53280899115834168  0.54274339949261841
  0.55466011992917996  0.56799646671123227  0.58222099974596730  0.59659836234952990
  0.60883046243937688  0.61977830323150229  0.63030726489382438  0.64317960158689058
  0.65657439895783953  0.66889757902795499  0.68330736811281512  0.69699377055962841
  0.71101868650865319  0.72568363503224176  0.73954934887832147  0.75189758925891126
  0.76352388094792090  0.77206892171089470  0.78035651573960274  0.78811515827920675
  0.79546038584290157  0.80355309041103407  0.81403076614220982  0.82361610090092230
  0.83265528307623171  0.84312308809421055  0.85542567364536493  0.86975226652584892
  0.88406030681682968  0.89573084403991365  0.90521442611432490  0.91361054925540919
  0.92227810185209447  0.93108900846854137  0.93963098879715101  0.94827450240218769
  0.95813081960088708  0.97142518069436212  0.98635827788500485  1.00000000000000000
 -0.00083876089590776  0.00463694959501149  0.01034134502329611  0.01790084854682632
  0.02756265656823867  0.03689967263835191  0.04439095749353118  0.06049097447365572
  0.07446135179817720  0.08831399291856018  0.10351084163961057  0.11763354786249203
  0.13088360240896610  0.14307129406135957  0.15534884466938215  0.16834492842315502
  0.18096920918309409  0.19280671074357716  0.20397351667031063  0.21496250125401989
  0.22633632380974869  0.23860678125040388  0.25046086284272817  0.26044705978765964
  0.26975283279608869  0.27949979901799965  0.29063115388694083  0.30365316983981128
  0.31765412054333730  0.33147398488290108  0.34683613958049497  0.35987014146714225
  0.37240694459615298  0.38365055144644067  0.39288945006833353  0.39999034803400346
  0.40532576856379327  0.41253491448053575  0.42107502557560705  0.42995825063324855
  0.43811347739720774  0.44771674253599797  0.45684960925472606  0.47267592551318044
  0.48526937553106025  0.49534007366838934  0.50281303803286748  0.51002201711080875
  0.51744565353007332  0.52754209783211714  0.53779285426832391  0.54617649629829490
  0.55489599677178170  0.56445912981130930  0.57576743450116041  0.58759005045149248
  0.59871783551932700  0.61120440234326756  0.62549366074710822  0.64039182264864369
  0.65416725733893410  0.66632624716543798  0.67770483607118437  0.68851356967628485
  0.69693840606015744  0.70415420684661878  0.71116671277967691  0.71932305922243056
  0.72807238439123445  0.73665566420860351  0.74433202788599373  0.75225531802196499
  0.76112811172974837  0.77148500883382043  0.78112440028498786  0.78978409369794866
  0.79778080866651291  0.80520210937143744  0.81298633882134619  0.82312050454122887
  0.83457805109650207  0.84701233504851725  0.86190418726012408  0.87758381728197976
  0.89148539455213649  0.90286343177165040  0.91022096674306185  0.91822666589130686
  0.92569226981815800  0.93358325948496412  0.94632930433103613  0.95836702570238308
  0.96717447139903712  0.97691685683574980  0.98865820206337673  1.00000000000000000
 -0.00537182878864453  0.02080760431046481  0.03754664422081777  0.05052996087863175
  0.06226443059857608  0.07290442450027491  0.08370372436888456  0.09635512033028908
  0.10865461276851292  0.11998540031147086  0.12702266455958916  0.13475804203872516
  0.14370868951003732  0.15064476747783040  0.15616271804990461  0.16214049053722648
  0.17032528855836487  0.17812012028256730  0.18666020798169022  0.19441549166428942
  0.20128458537624033  0.20758729561299155  0.21372628154720572  0.22001587579873674
  0.22682937421366281  0.23380677695190460  0.24202216773123858  0.25263266035331133
  0.26644782915691856  0.27977827108520764  0.29200855156545924  0.30423974533212633
  0.31264854304522610  0.31987112592935246  0.32628794081352591  0.33324527196760767
  0.34341183898106381  0.35681264033341148  0.37002000798805107  0.38068773712516646
  0.39049287983332442  0.40030472780618909  0.40871480403654259  0.41799076034480120
  0.42755430917788195  0.43763543646782149  0.44681193611099745  0.45610647052172559
  0.46619240966565195  0.47586459331587411  0.48399742448089178  0.49206814432885443
  0.49904311325553002  0.51220270020668912  0.52624724633956310  0.53982300588081256
  0.55266215225655002  0.56503982240576722  0.57910990595991552  0.59529100752826580
  0.61115727829286826  0.62683002631221407  0.63967453439025013  0.65053194998800845
  0.66026700200237376  0.66817079330907714  0.67688949559368272  0.68600641332794787
  0.69726816049477380  0.70812392774721722  0.72122264320803831  0.73840780932773975
  0.75737394341825715  0.77200051554114857  0.78210581597015438  0.79104834437318594
  0.79906521619255988  0.80687997253193910  0.81565758284265200  0.82512933577840175
  0.83548263935203237  0.84604579430616245  0.85460582273758601  0.86160808728553429
  0.86836570207728903  0.87625749887045412  0.88445016536593113  0.89672115414260656
  0.91276263579115646  0.92850893355121222  0.94249113390578498  0.95447217742244261
  0.96560925849156121  0.97697845634845781  0.98817959074789985  1.00000000000000000
  0.00804392116021858  0.01644346631293962  0.02250859758065977  0.02885626264889313
  0.03470984765926929  0.04011112332089390  0.04520741922801026  0.05045132124785433
  0.05562766504961020  0.06043399354557519  0.06588151801168668  0.07161396882480717
  0.07716406669533021  0.08181391308447869  0.08585876220604000  0.08982462226498855
  0.09371010743933672  0.09770600077403922  0.10194828439942258  0.10617673656179741
  0.11025152599436902  0.11441019589417825  0.11857822283322801  0.12237441111166035
  0.12603226365108919  0.12948474063063425  0.13305900233290563  0.13634752212700602
  0.14014154124476244  0.14432560348882512  0.14808440720732990  0.15187092030220078
  0.15607854444755898  0.16024753440733436  0.16414992315047794  0.16822175098811135
  0.17211766147565682  0.17601703766881827  0.17989822764971614  0.18353096741474312
  0.18754727685638745  0.19215166080097257  0.19716780209836443  0.20206507128069023
  0.20723732773622244  0.21356944919134943  0.21962436095523732  0.22616643008184742
  0.23381563171481196  0.24294836704692582  0.25337206959938297  0.26311835575377085
  0.27176983929135567  0.27943920778825243  0.28742895860471174  0.29624415073786020
  0.30560658518255346  0.31436909994959117  0.32262475909527505  0.33117659363041119
  0.34064234509743530  0.35006486626608385  0.35908829894171213  0.36828298274032789
  0.37793702052522804  0.38843838944417386  0.39929147166176260  0.40970766098913380
  0.41964098681851836  0.42886367329011527  0.43869006997931431  0.44890867152640740
  0.45959452947772778  0.47092889169896196  0.48172929950382803  0.49263591628098335
  0.50582938961417079  0.52129065054873225  0.53829755448749084  0.55977969766334024
  0.58627349594434164  0.60826734409829530  0.63077209113882216  0.65551017191181349
  0.67280893846363909  0.68476345207240552  0.69589516296047738  0.70877077161447744
  0.72129605667764873  0.73582206142747808  0.76576269412714904  0.80396122456852115
  0.83553960138672001  0.86634915259188805  0.91464387608311470  1.00000000000000000
 -0.00199366592967711  0.00851441061005447  0.01756172573204638  0.02719656946726819
  0.03662575146901415  0.04578932743606368  0.05455432782607629  0.06313528429969900
  0.07192871637287603  0.08132819153317029  0.09320722124533598  0.10639484389053604
  0.12218429123233335  0.13387222680503244  0.14502446892608933  0.15530240693511208
  0.16517034851239734  0.17439607602998303  0.18410073836337745  0.19610653468157369
  0.20847272231780511  0.21685766973694529  0.22476187478104026  0.23203770020710845
  0.23886774596969995  0.24592604073944221  0.25384875657490596  0.26158250282617407
  0.27010933100825946  0.28209677505789010  0.29393357857791108  0.30524096652276805
  0.31784527150919900  0.33212737593821257  0.34613765691971787  0.35819986631084938
  0.37033333276840336  0.38225366950204182  0.39307473004763060  0.40152774710237077
  0.40756751393943325  0.41546489904998973  0.42355582777926076  0.43188452879725697
  0.44090098206790418  0.44946361428004611  0.45805449720733110  0.46985235609030207
  0.48525403854263821  0.50344015226643568  0.52144825697650643  0.53500104525830183
  0.54581830649395524  0.55632611966410361  0.56741235345903773  0.57995702053989329
  0.59377610918166890  0.60794016053566624  0.62226797897977870  0.63622562271357908
  0.65104584005631849  0.66479155851373095  0.67710662887199524  0.68878008572853078
  0.70042077159968497  0.71325765162810717  0.72719513226762644  0.73656208840258175
  0.74404893382647042  0.75177160116149144  0.76056115987939810  0.76897643250643455
  0.77749129127007643  0.78510445355980807  0.79052114794571882  0.79712612243254044
  0.80496748036482857  0.81459227436469395  0.82571483105074972  0.83730716229403934
  0.84823477721240215  0.85780249342417336  0.86692764253799104  0.87608352691037950
  0.88568142107760928  0.89671284822706898  0.91295500305656274  0.92396251376054650
  0.93597505863584129  0.94632765120216977  0.95570996514541162  0.96380747277634216
  0.97234155572920500  0.98048373375178743  0.99043971154361432  1.00000000000000000
  0.64652229855921961  0.67374494546159391  0.69479099056408677  0.70930565248337896
  0.72953819749963555  0.74899425188108670  0.76533933926227204  0.78185505321992010
  0.79628843852904929  0.80697861396909643  0.81745176110466800  0.82952029059421206
  0.84006141751029384  0.84958172129917009  0.85899530633755061  0.86746008941572550
  0.87518234683477558  0.88153457002513236  0.88819139824868820  0.89506432578880879
  0.90084618812364348  0.90569900993985508  0.91011822506023388  0.91447348804232409
  0.91847467283799533  0.92209794048295846  0.92580809352416749  0.92922618544201563
  0.93258841175092844  0.93591882896040313  0.93904466924740437  0.94170662336650668
  0.94405160884987438  0.94613864633269751  0.94797206539899925  0.94965486786460174
  0.95123255001858087  0.95275234502665929  0.95429320418239105  0.95572925023985700
  0.95687265134035715  0.95782979976280036  0.95865743421649685  0.95935012416868592
  0.96000060510517393  0.96061290416615464  0.96117896984377327  0.96179824739088726
  0.96247630323997269  0.96315953895447592  0.96382876702728448  0.96447275195192872
  0.96507851687673585  0.96564758559646158  0.96617275145461734  0.96667955507705872
  0.96716735843793411  0.96761522192765670  0.96806602125022767  0.96851708176020612
  0.96891050965965986  0.96925963323420816  0.96957530869159358  0.96982714916095059
  0.97008433445034969  0.97036752196823761  0.97065888117637433  0.97098260061537423
  0.98137843409989955  0.98194339447297529  0.98234376362365650  0.98270849497790558
  0.98301540006098198  0.98333599131611049  0.98366764857342670  0.98397278078316075
  0.98428375368603949  0.98461222788348657  0.98497462265238200  0.98536509007689510
  0.98577819821167922  0.98617791449834913  0.98661218986158961  0.98708185806615190
  0.98761123500906955  0.98827850904677050  0.98896317250321775  0.98968904889615561
  0.99052628470598125  0.99147660275819383  0.99246625051834070  0.99348462571612439
  0.99468787917935086  0.99621773667100411  0.99806889034710766  1.00000000000000000
  0.03306729967815809  0.11737051117412603  0.17654043898451488  0.18459613773628114
  0.19553231414320985  0.20639705486335824  0.22150957137457339  0.23546795185303135
  0.24561959628502891  0.25320593387690282  0.26085030085265809  0.26962046735996592
  0.27863313040870430  0.28711362100879395  0.29478929754146516  0.30130939172222559
  0.30738685506948704  0.31412983063536853  0.32262230894878757  0.33015175427846111
  0.33632574076458061  0.34249444722995004  0.35069317888206364  0.35749465817900583
  0.36380053787939542  0.37039252469141615  0.37710460981179655  0.38340245849926552
  0.38953194448287609  0.39507025728683098  0.40138081199114822  0.40905847548933316
  0.41674704045522543  0.42530541974684383  0.43353622941514475  0.44161067977112811
  0.44799666901044755  0.45386248178614502  0.46017540904205101  0.46667289513822352
  0.47324831797117273  0.48055844817724036  0.48825815868073402  0.49601264355123698
  0.50317125708943866  0.50949047176381168  0.51552870833118969  0.52177794548726886
  0.52826323597141411  0.53475150737817245  0.54080609148683956  0.54562697476242306
  0.54996388184623091  0.55387300872671619  0.55793709598483643  0.56240927569677324
  0.56657962976103504  0.57045485853060340  0.57487373169700118  0.58027840174411904
  0.58535892503517606  0.58979742929203405  0.59407041459240006  0.59872639788692661
  0.60195098200401809  0.60546960587066045  0.60931348351770698  0.61347405162985758
  0.61835317189635330  0.62394449749579173  0.63037682569086906  0.63675507263881248
  0.64283810037632083  0.64872728371741661  0.65486483556886488  0.66096050459893796
  0.66696504077324437  0.67288544174881615  0.67909455940374286  0.68506980055502698
  0.69173979442164479  0.69828964444810671  0.70452084448874719  0.71089803743820623
  0.71755684236119732  0.72492176149722221  0.73313204465790227  0.74434644442876696
  0.75464683682300415  0.76371981090181495  0.77344330152350571  0.78413357894990732
  0.79717413655738545  0.81845391319037619  0.94247280332118044  1.00000000000000000
   1.3832164442964507E-032  -1.0000000000000000     
 T F F F T F T F F F F F F F F F T F T F T F T F F F F F F F F F T F T F T F T F T F T F T F T F T F T F T F T F T F T F T F T F T F F F T F T F F F F F F F F F T F T F T F T F F F F F F F F F T F T F T F T F T F T F T F T F T F T F T F T F T F T F T F T F
  <DiscreteSampler_grid>
  grouped_processes
  1 # 1 for a reference and 2 for a running grid.
  10 # Attribute 'min_bin_probing_points' of the grid.
  1 # Attribute 'grid_mode' of the grid. 1=='default',2=='initialization'
  0.0000000000000000 # Attribute 'small_contrib_threshold' of the grid.
  0.5000000000000000 # Attribute 'damping_power' of the grid.
 # binID   n_entries weight   weight_sqr   abs_weight
    13   10   5.986149872718042E-026   1.577170949898703E-050   5.986149872718042E-026
    14   10   5.986149872717992E-026   1.577170949898674E-050   5.986149872717992E-026
    16   10   8.460206168889846E-026   2.334039770998967E-050   8.460206168889846E-026
    17   10   8.460206168889760E-026   2.334039770998918E-050   8.460206168889760E-026
  </DiscreteSampler_grid>
