  0.00000000025059976  0.00000000032593303  0.00000000040839951  0.00000000048978554
  0.00000000055111917  0.00000000061571794  0.00000000067593412  0.00000000073867120
  0.00000000083208069  0.00000000091590230  0.00000000101873244  0.00000000112724409
  0.00000000121342944  0.00000000128972227  0.00000000137556366  0.00000000146630687
  0.00000000156281676  0.00000000166053728  0.00000000178400286  0.00000000193656044
  0.00000000209448181  0.00000000227560311  0.00000000246852214  0.00000000264463351
  0.00000000280205215  0.00000000294630659  0.00000000310133617  0.00000000328680254
  0.00000000346353473  0.00000000358673595  0.00000000369987188  0.00000000380990442
  0.00000000390749337  0.00000000399790249  0.00000000408514839  0.00000000418405135
  0.00000000429631851  0.00000000441091918  0.00000000453723078  0.00000000468739146
  0.00000000483823863  0.00000000497613122  0.00000000510758708  0.00000000523709971
  0.00000000536947883  0.00000000549688163  0.00000000561762388  0.00000000574246813
  0.00000000588596001  0.00000000604136890  0.00000000620045436  0.00000000635175717
  0.00000000649388604  0.00000000663314542  0.00000000677117231  0.00000000692216337
  0.00000000708711619  0.00000000724658016  0.00000000739855878  0.00000000758496136
  0.00000000780065830  0.00000000801659999  0.00000000823879329  0.00000000846371997
  0.00000000868657398  0.00000000891605314  0.00000000915493594  0.00000000938716532
  0.00000000958134827  0.00000000975458403  0.00000000993889614  0.00000001013494808
  0.00000001033663090  0.00000001053430479  0.00000001077361225  0.00000001104905771
  0.00000001132975524  0.00000001161151936  0.00000001191279390  0.00000001220050045
  0.00000001257847234  0.00000001303121243  0.00000001351799437  0.00000001397151945
  0.00000001434611272  0.00000001470844644  0.00000001509926390  0.00000001552020736
  0.00000001600917032  0.00000001661284713  0.00000001745909960  0.00000001857421462
  0.00000001999367777  0.00000002228865346  0.00000002361129729  1.00000000000000000
  0.00880580726235631  0.01708195850896472  0.02775709924191382  0.03969564930419917
  0.05049786745605733  0.06052602799270929  0.07045084425022671  0.08047929020289805
  0.09040040106527233  0.10066781430204372  0.11374514091922923  0.12788775654576554
  0.14030174181044194  0.15316366529993961  0.16597130843591651  0.17808664505302332
  0.19115557847893433  0.20536043155855158  0.21901984822300971  0.23209345841173701
  0.24275588020162386  0.25422853816312907  0.26504556325433903  0.27692115606386558
  0.28988624072375113  0.30229738144877288  0.31370895139739086  0.32551285828901422
  0.33617291222778745  0.34676383275390615  0.35776802538820213  0.36813230989352019
  0.37777541319155838  0.38620532480954489  0.39398721375617496  0.40237643554398478
  0.41186096698796354  0.41923442014183465  0.42613933547424204  0.43321933673293261
  0.44056598630272126  0.44859498371910339  0.45786639993768979  0.46500093548208771
  0.47136930953955791  0.47759844820427128  0.48414286077244661  0.49035578183609102
  0.49707453341877245  0.50289054118491916  0.50817568541999081  0.51443222575009140
  0.52122370788622852  0.52833614641654580  0.53516871013359535  0.54081327073097918
  0.54657394969256690  0.55262331226895445  0.55859985910757126  0.56480920440770443
  0.57479529655358974  0.58599403193593247  0.59706083219272710  0.60958376871486220
  0.62363261162394312  0.63701731777743231  0.64989857410134033  0.66232834454164713
  0.67311275045695351  0.68110083420582768  0.68943346146659912  0.69781933920571881
  0.70798100233802741  0.71900275388329915  0.72983187032863117  0.74353293672520793
  0.75814898737255398  0.77308151924100288  0.78689833845947843  0.80031764892886470
  0.81235533595804876  0.82173420604344605  0.83020428994056583  0.83894402351319464
  0.84780329341637084  0.85636741124592231  0.86493314838812152  0.87377171875458659
  0.88554728053216136  0.89958663928648663  0.91451272425833563  0.92751237908875350
  0.94161079120487423  0.95688511001961440  0.97438597119809911  1.00000000000000000
 -0.00000013807124061  0.00007181404750200  0.00053074137745069  0.00164166882112573
  0.00353047722139489  0.00614919223207658  0.00961586747498995  0.01398472087507746
  0.01800644845693966  0.02218293984785317  0.02765290884442598  0.03403402801266123
  0.04070678111451273  0.04715039840706927  0.05375297223470814  0.06085899390980410
  0.06859479476157108  0.07754409672409614  0.08676123184750333  0.09393123443179842
  0.10094082111535452  0.10872770269598411  0.11719908408877280  0.12571242480693967
  0.13422428950681373  0.14323067871524209  0.15248802584447049  0.16258781025557925
  0.17604830289577697  0.18871897974986893  0.20100164295402143  0.21301594213384245
  0.22382200152781503  0.23263081595455704  0.24203530075232010  0.25540627766803714
  0.27020259450462136  0.28409659683218680  0.29508694715056283  0.30450736438927006
  0.31182541409900350  0.31916696889727547  0.32631711416579534  0.33369034430945066
  0.34212390040968499  0.35087636550474410  0.35929042527916744  0.36720260006749766
  0.37510772963051037  0.38303573201463953  0.39110458456055902  0.40002167394433763
  0.40899725115540225  0.41798207370092993  0.42636516524438195  0.43458279976238423
  0.44282427809632247  0.45153045079762782  0.46025879814712439  0.46890318517927032
  0.47823155805470718  0.48834093392649580  0.49864379102943324  0.50872178947209379
  0.51863058109583060  0.52832377178566914  0.53806702505465731  0.55228958843564291
  0.57491576653376864  0.59702496348746326  0.61852823883675967  0.63930306763520883
  0.65729849325931533  0.67495870263394298  0.69188188142278184  0.70531643259552446
  0.71918681612864022  0.73314386829637612  0.74729525168563415  0.76220155743086215
  0.77791820409762069  0.79205746670482047  0.80564445019943509  0.81880249441637876
  0.83392569312118103  0.85023314822586848  0.86658095717489803  0.88267557417101938
  0.89702983972324402  0.91125813436433445  0.92511663638285602  0.93875771193611290
  0.95380500753583308  0.96900030893351041  0.98438024704722560  1.00000000000000000
 -0.00156117232913537  0.00739111608722149  0.01574652459605745  0.02205426564891537
  0.02739433761676487  0.03253766476022816  0.03762970516503417  0.04340244596812690
  0.04914249951786262  0.05431971380590472  0.05886516498300503  0.06450756865121242
  0.07213586045325811  0.07926952324836831  0.08943252325311415  0.10161124263466442
  0.11320692283444425  0.12438341715470831  0.13785046935339881  0.15198830315142076
  0.16401925260685718  0.17456219747752980  0.18501494047029943  0.19703836364101829
  0.20840952723254424  0.21863990039138737  0.22845841670373593  0.24154632472035145
  0.25243727958755929  0.26221674776116199  0.27138056071174388  0.28046470927228401
  0.29021328909478222  0.30106843423421042  0.31570978464613142  0.33380525365504149
  0.35226629988598912  0.37007735338581221  0.38758610900399820  0.40491969477889073
  0.42033666031681965  0.43627412831748819  0.44905038902115063  0.46084908177665201
  0.47233148687931703  0.48358380191834077  0.49681289331221556  0.51148267025341998
  0.52344785264577254  0.53443207289691430  0.54467009429353286  0.55426936062637377
  0.56268674830918708  0.57146253101100764  0.58136232737629179  0.59638519957377290
  0.61058034791530957  0.62137118308820272  0.63050304418122072  0.63881720516968843
  0.64655725860457436  0.65558272325705280  0.66471666839637900  0.67462752337651410
  0.68633930368826135  0.69866418619639348  0.71036077497271077  0.72073172317117418
  0.73031262818758846  0.74058919486451213  0.75055146927310745  0.76223493537961751
  0.77510148368312715  0.78901495337334493  0.80391619033447503  0.81912959226823145
  0.83274812483641614  0.84379788016569268  0.85319745471936215  0.86142050803259385
  0.87034884035321181  0.88055958504656540  0.89035978327797183  0.89859793285777201
  0.90747647161770573  0.91749888848620287  0.92778458391208740  0.93706232312678595
  0.94531915813821099  0.95317271470230991  0.96066374270840704  0.96791372399261233
  0.97496105404991262  0.98196190452452670  0.98872512199893825  1.00000000000000000
 -0.00472369596484458  0.01756115309976931  0.03563859217099147  0.05138311183953156
  0.06569996246942091  0.07947967230071290  0.09307933905089925  0.10674320897784315
  0.11783625564884857  0.12926335709403014  0.13821125697466116  0.14722817349496534
  0.15600922481275661  0.16574741359036105  0.18055147866352847  0.19444033665141813
  0.20673207576322655  0.21789955265895022  0.22888864362085287  0.23807256324060125
  0.24877522459558649  0.25860224685357236  0.26753206348632569  0.27594206304253027
  0.28483181878846736  0.29455838376076571  0.30477469428329451  0.31517182876267402
  0.32643214081139793  0.33439823221240816  0.34004884506574840  0.34788784765066955
  0.35622820817858997  0.36397418321820413  0.37084415295622380  0.37721969326369464
  0.38379946222864575  0.39198090672434005  0.40215179244360255  0.41251197864122269
  0.42294207157153169  0.43328861778208289  0.44316618765414317  0.45160384769264744
  0.45983815506899595  0.46755446411705281  0.47506862451427923  0.48371205523385791
  0.49555157141356265  0.50716164153441667  0.51803459228209148  0.52912265678932835
  0.54241889982828251  0.55516971977921881  0.56934086090854807  0.58800791772684979
  0.60190452454199483  0.60875166998958807  0.61385468577015356  0.62014149407135311
  0.62584590522867256  0.63220846857974045  0.63904822319621013  0.64515834925120952
  0.65073422862005093  0.65576702053877323  0.66143398257110730  0.66843318874592172
  0.67704590293989497  0.68577923304472710  0.69127110358567967  0.69699080750951925
  0.70269868074113273  0.70829953333464957  0.71518708077966486  0.72556267842924893
  0.73830137685982211  0.74979945700113282  0.76020049610959683  0.76844488260973931
  0.77659707023652702  0.78535083197832833  0.79634679673326103  0.81087546358612561
  0.82693840157236365  0.84361491228622376  0.86051275300522490  0.87709233808942288
  0.89260908547095552  0.90754862362859223  0.92175669246636760  0.93449046976254657
  0.94876132165080618  0.96375042380655984  0.97952348751414087  1.00000000000000000
 -0.00392980559565012  0.01404560640857948  0.03274697459758964  0.04331319087750957
  0.05302701972768014  0.06184757776505156  0.07035911459312241  0.08007286105005659
  0.08742100497353088  0.09237404227581990  0.09738950749930629  0.10193540933517212
  0.10662651778523177  0.11269275381773455  0.11886776255756874  0.12533799892984729
  0.13090186935135287  0.13580153752768856  0.14130673326323767  0.14806573042125409
  0.15717946954050094  0.16568545480597227  0.17789352787937038  0.19089473954944500
  0.20404485394755034  0.21719969396975231  0.22944477302324251  0.24058926247414261
  0.25202302799225457  0.26377230925862721  0.27734299980535682  0.29350279936560636
  0.31097673070817111  0.32621045516102581  0.33819568982860015  0.34906031900417445
  0.35949608258416971  0.36934096804004996  0.37901915784339474  0.38949381473383410
  0.40340095324974823  0.41850992111610813  0.43147892628510781  0.44324871208269917
  0.45580598693230689  0.46772685700602229  0.48298982574233712  0.49884803899685765
  0.51272548609144619  0.52554432408023344  0.53806264215589783  0.54949854261978548
  0.56040168789118483  0.57063508664044305  0.58057819145387368  0.59048692444290984
  0.59995391980665691  0.61055468944172331  0.62272179962125729  0.63525822479053906
  0.64906151490918895  0.66336247767129286  0.67706498957375805  0.69024044440558396
  0.70301284548944065  0.71472803740143420  0.72835328007510369  0.74116262068922134
  0.75751854168102584  0.77059541723475999  0.77790404152879744  0.78479566849784599
  0.79170369172313537  0.79862447042858553  0.80645075778579145  0.81503440646267633
  0.82099713167618327  0.82465767605752993  0.82831323589942840  0.83156007648425290
  0.84023264014354615  0.85577801617951976  0.86934613051205056  0.88163476123889162
  0.89446822150950622  0.90687096789059474  0.91861338891374544  0.92969468366289987
  0.93947594958110892  0.94843493880335261  0.95785325613009453  0.96705962831786652
  0.97588999452522418  0.98352700179852992  0.99162504836023180  1.00000000000000000
  0.00415772094755458  0.11914008668497232  0.18203520897633774  0.22952163688768648
  0.26717327346651920  0.29857191583986442  0.32210290549959120  0.34007385440763771
  0.35773255075835730  0.37402308840621629  0.39266070277626253  0.41316360129246643
  0.43299706394060000  0.44912592084448222  0.46221744849878987  0.47551728680676236
  0.48846743368566165  0.50304244828204858  0.51837369555659329  0.53278217181659049
  0.54793931974787713  0.56120500264826212  0.57007317840635452  0.57724256808478547
  0.58346705277312494  0.58970572104778951  0.59678898137330505  0.60364349437014975
  0.61012875493698349  0.61747605439432995  0.62488052550866102  0.63479595884826467
  0.64761747383106161  0.65834661570443775  0.66771325072006293  0.67584881672351904
  0.68366719350785199  0.69222564363475214  0.70039782755331437  0.70715008570715088
  0.71303169860721660  0.71907034659422853  0.72560613171725152  0.73363024483167638
  0.74240518955524104  0.75033692033710764  0.75803979780061825  0.76563114144411515
  0.77331535706681065  0.78142669433740874  0.78968645754629341  0.79812985299295525
  0.80680045660483146  0.81472064466722671  0.82265947790666505  0.82990530308321442
  0.83576903491950449  0.84051212054846880  0.84489120720603172  0.84908096280208367
  0.85365446425528169  0.85821696254721713  0.86234274159790503  0.86614563307411230
  0.86999246735786229  0.87444828956755161  0.87976322701878107  0.88472769729011602
  0.88882602387472853  0.89253369244713932  0.89609664994543370  0.90027583971046232
  0.90482306913403743  0.90912018227893854  0.91405593538037622  0.91856053214228484
  0.92239132874009500  0.92589355300026344  0.92935685623247843  0.93289224288560035
  0.93760766480704938  0.94179577414001470  0.94511038538786341  0.94831679017130166
  0.95145034073791190  0.95397183286813625  0.95637336670049078  0.95909192287566836
  0.96184344809867672  0.96492288895431733  0.96835750946926491  0.97239723004427236
  0.97675062047019168  0.98626234027622850  0.99441430668809361  1.00000000000000000
 -0.00387299158422231  0.01478448147497715  0.03182141955417007  0.04820504642253481
  0.06260858961425922  0.07438420859321095  0.08439703378719401  0.09327790703806915
  0.10262558939343208  0.11280113482251812  0.12258004470929487  0.13158647224804088
  0.14053223368257164  0.15027179864806137  0.16095757569499294  0.17359156082596922
  0.18674552112783990  0.19597670923278990  0.20464551401911629  0.21284870694113975
  0.22101303434656705  0.22915219516994223  0.23694923335413495  0.24504932418448297
  0.25751380430354393  0.27163202618647592  0.28406348317087610  0.29436553744367489
  0.30288965114695343  0.31268439870602810  0.32192201119898312  0.32940473409500909
  0.33646688957103033  0.34404362291054275  0.35253012705961001  0.36342010035442601
  0.37427346396942551  0.38391110140958323  0.39367802057887369  0.40518993309749424
  0.41823524010889790  0.43053935025655149  0.44446674771582895  0.45861997417222328
  0.46910763233467906  0.47807342793175817  0.48751691687881576  0.49831715128256526
  0.51065923169633809  0.52371852771557637  0.53708860904456368  0.55174305455977224
  0.56636796542487677  0.57645693855185254  0.58492786975773270  0.59111912766304175
  0.59774667515023439  0.60450957888809576  0.61076761685151260  0.61758804309503956
  0.62568778934628144  0.63373625976530890  0.64268515637675461  0.65682086542565010
  0.67477894443179354  0.69168822362243609  0.70651732334286355  0.71840021530231502
  0.72867327821207428  0.74047619137209830  0.75287251739883942  0.76551879344813556
  0.77927684015301113  0.79231467169695280  0.80475566952047017  0.81359220759965611
  0.82010727193029964  0.82619090096637404  0.83164283462220046  0.83770112468868563
  0.84413954021363713  0.85031662114119488  0.85645622480153294  0.86323791255615678
  0.86970833923593416  0.87726637732038426  0.88846575800671324  0.90268171524204011
  0.91430151740576926  0.92513229775542460  0.93555688188497921  0.94665663085829987
  0.95849615740449401  0.96959561603938504  0.98230345924758167  1.00000000000000000
  0.64414254531936854  0.67924049957935784  0.70646289749850211  0.73317161512723728
  0.75615155145487389  0.77608472935822403  0.79500080784150229  0.81365868396746865
  0.82776863272132906  0.83829786843648102  0.84853340739351590  0.85975959490334763
  0.86962859599312137  0.87877327771656577  0.88777687787537474  0.89688691917001828
  0.90443539664752193  0.91134330417750609  0.91680780787982830  0.92051880362592287
  0.92385512981564777  0.92795440585035660  0.93193391273641768  0.93483333265391344
  0.93701877658456290  0.93907260005663551  0.94098915355312862  0.94324513055827686
  0.94559264613904015  0.94770511159928150  0.94969065177526357  0.95163569398006320
  0.95344089725629444  0.95514041284854856  0.95687717810870687  0.95829336078558480
  0.95922792564039405  0.96002784069573766  0.96081203409012983  0.96152646319457535
  0.96223072414592425  0.96291374491539927  0.96357477912123901  0.96417595158490288
  0.96469070413854363  0.96511096750153313  0.96557091487860036  0.96604645925485644
  0.96646902030191839  0.96681066790364290  0.96713954593670826  0.96747875792622462
  0.96782586443555618  0.96817099421134378  0.96849846343446555  0.96879747786490122
  0.96909346033291510  0.96938738327863527  0.96967711562169934  0.96999021491246862
  0.97033566354136924  0.97083513560268453  0.98131703574359685  0.98196133070574654
  0.98240873968539633  0.98278024617324022  0.98305435614623160  0.98334315585068943
  0.98365492515089636  0.98397192147853785  0.98429013745949567  0.98460829868454314
  0.98492030115758977  0.98524550881233763  0.98558715061482471  0.98594951484511451
  0.98633180407714083  0.98674414681746669  0.98723428704520988  0.98773318339367999
  0.98822056902880129  0.98872521675039982  0.98927901326733048  0.98986170901276183
  0.99049146205884664  0.99112748978536180  0.99182627582119465  0.99258526308977857
  0.99310118876897846  0.99365349469149511  0.99421409435365515  0.99478778506031940
  0.99561687481334571  0.99673370133604544  0.99808662162747919  1.00000000000000000
  0.01053569668208989  0.23483709336651887  0.26267678349734402  0.28481678560911206
  0.30403282924656672  0.32307358279205811  0.33951116985545526  0.35204477075147766
  0.36425702394594894  0.37569077091247371  0.38677611595017769  0.39774428294634079
  0.41140931112874918  0.42697183401692879  0.44356768058733237  0.45803469178958706
  0.46932808354497174  0.47948421690956050  0.48872970485751005  0.49737821412221050
  0.50654268959810589  0.51678152439715208  0.52735234216007842  0.53769034706600405
  0.54837126871924546  0.55965032986431373  0.57002063718128526  0.57925990106652459
  0.58783595885770612  0.59633717056387370  0.60553960179612565  0.61612811905240128
  0.62662611193998519  0.63777122512780882  0.64717601533812030  0.65455025897255237
  0.66089830986850617  0.66674756584454076  0.67232401127524422  0.67736591683823155
  0.68229204860077686  0.68691950547192193  0.69216175605899388  0.69778864895412596
  0.70352223847455619  0.70928203868681572  0.71521392525581851  0.72168463039116237
  0.72778933973432036  0.73048574166183389  0.73341942911061608  0.73634438746354813
  0.73932353671749018  0.74241731084443174  0.74566949756036105  0.74848788134070554
  0.75121811045750875  0.75403929608894515  0.75685589071314396  0.75933603351445156
  0.76172919586799837  0.76412726122409658  0.76679342507270554  0.76961706582922929
  0.77225236334924163  0.77506943767841163  0.77799801881205599  0.78073087068982316
  0.78343480394251597  0.78620167726156587  0.78893780974289385  0.79157055054252345
  0.79508643258072276  0.79894660478858837  0.80262720458615888  0.80580877179465227
  0.80821462740677930  0.81392338512780549  0.82164815338739705  0.82932254768948566
  0.83738605428910984  0.84568503994072286  0.85409235713876841  0.85794043020012112
  0.85819820685123505  0.85849712057976069  0.86132838584060400  0.86604076861413526
  0.86979431620554171  0.87295586901212330  0.87604602222769856  0.87901710574523062
  0.88176984854195750  0.88908419305342412  0.89963804888117782  1.00000000000000000
   1.5159322481084996E-030  -1.0000000000000000     
 F F F F F F F F F F F F F F F F T F T F T F T F F F F F F F F F T F T F T F T F T F T F T F T F T F T F T F T F T F T F T F T F F F F F F F F F F F F F F F F F T F T F T F T F F F F F F F F F T F T F T F T F T F T F T F T F T F T F T F T F T F T F T F T F
  <DiscreteSampler_grid>
  grouped_processes
  1 # 1 for a reference and 2 for a running grid.
  10 # Attribute 'min_bin_probing_points' of the grid.
  1 # Attribute 'grid_mode' of the grid. 1=='default',2=='initialization'
  0.0000000000000000 # Attribute 'small_contrib_threshold' of the grid.
  0.5000000000000000 # Attribute 'damping_power' of the grid.
 # binID   n_entries weight   weight_sqr   abs_weight
    13   10   1.695314633805447E-023   2.185304067750249E-045   1.695314633805447E-023
    14   10   1.695314633805409E-023   2.185304067750185E-045   1.695314633805409E-023
    16   10   1.333320400942846E-023   1.087807336438646E-045   1.333320400942846E-023
    17   10   1.333320400942833E-023   1.087807336438645E-045   1.333320400942833E-023
  </DiscreteSampler_grid>
