  0.00000000005659039  0.00000000012119982  0.00000000016086433  0.00000000020179573
  0.00000000026052827  0.00000000033326540  0.00000000040552589  0.00000000047928781
  0.00000000056480782  0.00000000066451494  0.00000000076619080  0.00000000087447141
  0.00000000099383780  0.00000000111786498  0.00000000123927396  0.00000000137500379
  0.00000000151699578  0.00000000165450461  0.00000000181764688  0.00000000196497461
  0.00000000210285723  0.00000000224403191  0.00000000238495477  0.00000000252722667
  0.00000000267814758  0.00000000283737240  0.00000000299291247  0.00000000315212498
  0.00000000332955859  0.00000000349730773  0.00000000365455202  0.00000000381174639
  0.00000000395462143  0.00000000407480421  0.00000000419092777  0.00000000430384042
  0.00000000441922034  0.00000000453400960  0.00000000464717993  0.00000000476605336
  0.00000000488716241  0.00000000501160464  0.00000000515589470  0.00000000531691601
  0.00000000548863673  0.00000000565776746  0.00000000582454664  0.00000000597619262
  0.00000000613101877  0.00000000628468258  0.00000000641514317  0.00000000655345088
  0.00000000668586571  0.00000000682385133  0.00000000699730818  0.00000000720864244
  0.00000000744648593  0.00000000767586692  0.00000000785612876  0.00000000802432477
  0.00000000820118437  0.00000000837749052  0.00000000855154812  0.00000000873874153
  0.00000000894111810  0.00000000915999099  0.00000000940291912  0.00000000966030180
  0.00000000987965319  0.00000001008724805  0.00000001031486129  0.00000001055017338
  0.00000001079095330  0.00000001110917587  0.00000001141186297  0.00000001161566477
  0.00000001180034887  0.00000001200281128  0.00000001221526644  0.00000001242006908
  0.00000001262041615  0.00000001281671188  0.00000001306310988  0.00000001344963364
  0.00000001389573383  0.00000001435506010  0.00000001481425381  0.00000001526116778
  0.00000001588230788  0.00000001658324718  0.00000001733765442  0.00000001816035288
  0.00000001912205831  0.00000002052163144  0.00000002121499504  1.00000000000000000
  0.00889082186752136  0.01866316905320791  0.02832798261826181  0.03843751340615720
  0.04912290387629067  0.05982924396418669  0.07147060346387733  0.08081872920216800
  0.08882693543700937  0.09660278400415043  0.10297556117068479  0.11053205649571043
  0.12117718960686780  0.13346897126383481  0.14654318878707676  0.16159116500664802
  0.17832205191890987  0.19542405998366924  0.21122554962115875  0.22181300225911002
  0.23457037245964207  0.24596121854169137  0.25592284218478256  0.26517288654957166
  0.27677286124276018  0.28977905591512088  0.30244380234924395  0.31522655493282925
  0.32867797865123510  0.34228403160791315  0.35447475206922135  0.36236934071154581
  0.36943947506368102  0.37713460463004067  0.38273583938859579  0.38879987422700923
  0.39453956629748776  0.39995735720863707  0.40581854882618063  0.41242951779640308
  0.42070402564907633  0.42908446402571448  0.43565197531604649  0.44317174973049012
  0.45580286377649271  0.46749177098636141  0.47721641579590257  0.48947762599603889
  0.50094997620603032  0.51253385196289214  0.52377322542952853  0.53367762461570167
  0.54215677610496793  0.55022709000029135  0.55898226116184813  0.56820591470215143
  0.57721709224516915  0.58681601425826480  0.59706057477926167  0.60693245149947439
  0.61690840689955684  0.62672585366005251  0.63586214215376302  0.64406239843429081
  0.65173391970313999  0.65748780826830133  0.66264207766333760  0.66840727530319777
  0.67435472454855094  0.68121957652555498  0.68858219045203417  0.69800298381059511
  0.70796824119819102  0.71794064056400730  0.72774411440854936  0.73661574748928482
  0.74625884377502083  0.75534016755911715  0.76464969922431703  0.77515560015181273
  0.78700486541201797  0.79895343171438471  0.80991380672276536  0.82071982934012655
  0.83123683059428899  0.84343786093121587  0.85800712680967528  0.87464349994535429
  0.89363983718931295  0.91024304754244456  0.92299766284200002  0.93533495695736757
  0.94875508531132868  0.96356025286092783  0.97969586833893529  1.00000000000000000
 -0.00000020120078013  0.00009168419345526  0.00067988616360068  0.00222276764147055
  0.00393823492876724  0.00660586863444630  0.00948415206292525  0.01243056884147348
  0.01598426339466896  0.02105587671831926  0.02616406508095999  0.03158149526847214
  0.03779579175419374  0.04525771286779685  0.05321962439168385  0.05934925845654510
  0.06365671034929465  0.06730232520608491  0.07052887436261135  0.07564686430805938
  0.08043933608820791  0.08507144465357101  0.08985087020720828  0.09508219671789071
  0.10005837237630903  0.10436875612819883  0.11081816896415200  0.12045288085759982
  0.13142814402219988  0.14329101788320284  0.15537892919271046  0.16739329283492990
  0.17949690765053455  0.19011187025739903  0.20122478299894409  0.21348155257127516
  0.22522222053196891  0.23719376927872546  0.24978668116309241  0.26172750612846357
  0.27179353067937784  0.28205684997230124  0.29229391593203458  0.30213838704940854
  0.31134845582980736  0.32132965294491750  0.33212627280720514  0.34325922859321034
  0.35509704358090138  0.36877623875022436  0.38612078425761376  0.40115332888377481
  0.41473143289551129  0.42752396757431810  0.44083444347463108  0.45635685227303219
  0.47136765983170748  0.48714012876971541  0.50156099359186834  0.51401322512978076
  0.52515560275850215  0.53610941223385111  0.54709616683546225  0.55846358590241862
  0.57021787333842966  0.58110936734771179  0.59149566861833969  0.60128371128455793
  0.61418568235501714  0.62895850932237929  0.64518912876037449  0.66262442211801176
  0.68006642520520866  0.69682817822294818  0.71301616155004699  0.72891807805010667
  0.74431266482873359  0.75849770440229014  0.77245729682732722  0.78720673976391764
  0.80531110490746294  0.82295488145454054  0.84068445293124139  0.85799673523531728
  0.87402776478894328  0.88900871060513664  0.90117649707275294  0.91287108250391058
  0.92458818050028513  0.93641364425634022  0.94795544771929752  0.95887633963553098
  0.96952324673692125  0.97976678737587708  0.98984290756646187  1.00000000000000000
 -0.00378340778432028  0.01232663297946178  0.02691208154398277  0.04135880539611766
  0.05602807374534783  0.07129864607640364  0.08933624348244851  0.10471369690949205
  0.11613447462621304  0.12684178203765764  0.13778603002284676  0.14845630138652233
  0.15886901881768653  0.16927069592447483  0.18020901089655356  0.18964784476838595
  0.19903926954576018  0.20869168922710243  0.21902106895644144  0.22826218885662716
  0.23711537870038948  0.24655228936747839  0.26000061935255908  0.27245456854969535
  0.28417093584093928  0.29496691915149931  0.30449735203722472  0.31537708272061166
  0.32533712492067712  0.33645736694521039  0.34734612043121532  0.35947361315643139
  0.37185533367709278  0.38364610511046743  0.39458401319468295  0.40564312563217869
  0.41286412625431168  0.41990697706106650  0.42700356062742334  0.43413963614158357
  0.44418479932574739  0.45554144135401520  0.46610141662506827  0.47725814696915203
  0.48884840552387854  0.50078343392230773  0.51327776498651723  0.52539022811687985
  0.53513230960311320  0.54613327252819044  0.55774952463225136  0.57058307495301708
  0.58628189405114639  0.60093830037353857  0.60981100561851376  0.61607339966501262
  0.62334617373651291  0.63388740807080224  0.64475797589771344  0.65361737088439187
  0.66246409842910092  0.67487851974932167  0.69304880399014623  0.70975261109977905
  0.72563574101447270  0.73629288015563421  0.74477417116123112  0.75160743295795773
  0.75785317440374467  0.76342752467195674  0.76953519511910362  0.77569239338673757
  0.78207867673693077  0.78971300583446447  0.80073866165650265  0.81300455856951348
  0.82269327199399900  0.83114545453667443  0.83989556031169543  0.84875046487131678
  0.85795716213990247  0.86488451703515057  0.86860794143352948  0.87226341829047105
  0.87674497654749950  0.88144576830250032  0.88695547118009888  0.89225686722284847
  0.89964145358653658  0.91139939324113772  0.92274939433109215  0.93451424425623986
  0.94653524000253064  0.96149049930511443  0.97930598524848067  1.00000000000000000
 -0.00286907456821569  0.01375310788645296  0.02696926292448459  0.03963850576661579
  0.05261570469642096  0.06659200787139648  0.07915009492121902  0.09203421135149292
  0.10387969843497012  0.11578974461731345  0.12917200368854839  0.14265576904629981
  0.15252319984017867  0.15892484664829024  0.16534285291632864  0.17195203848343182
  0.17947477452317570  0.18853065885995751  0.19829317992508261  0.20470420990959673
  0.21249569457741013  0.22157685298384397  0.22981275253675396  0.23934290834048166
  0.24929465176129453  0.26056135664723734  0.27221032582281168  0.28396154983109601
  0.29727751372363087  0.31175612513239448  0.32563132631639219  0.33785353972568366
  0.34841071212695901  0.35961117096141015  0.37254770292166689  0.38476571492887673
  0.39586458970239691  0.40320757875848573  0.41085403571047319  0.41826897293562271
  0.42616487783482515  0.43473015866451087  0.44286671476161271  0.45001144005671118
  0.45853681100013899  0.47152218632896437  0.48623723670343122  0.49894484112103094
  0.50739864016217351  0.51276622419996198  0.51840971405541658  0.52379571985030060
  0.52884108699171561  0.53413079421563536  0.54075067638374852  0.54773395487163323
  0.55503827360468949  0.56395213730864135  0.57609785843027916  0.59231526272459667
  0.60871585434710451  0.62305861446303623  0.63630510967549969  0.64865567913746169
  0.65901299310857164  0.66864067543254124  0.67766558426015311  0.68710221883136913
  0.69428316851355909  0.70075886011405097  0.70717570482076231  0.71432829659901476
  0.72304291979280266  0.73410286861108809  0.74704021069283943  0.76185217795139570
  0.77650559568500088  0.79221434017134751  0.80907086976907672  0.82244057745493926
  0.83015631991537675  0.83657353571559567  0.84360421869649183  0.85281504976768185
  0.86167274549511985  0.87026161016777859  0.87958680000576861  0.89002976605421313
  0.90176655857119370  0.91461398494736856  0.92546423088287788  0.93759360121148605
  0.95173708563256554  0.96774236483261578  0.98469466777346093  1.00000000000000000
 -0.00278502379879975  0.01163381391232265  0.02397134044749581  0.03554720549396623
  0.04610010562741405  0.05555510268298274  0.06570181790957040  0.07746536122106613
  0.08981733186970640  0.10158149134130169  0.11398368496641798  0.12675193710937163
  0.14247781139189131  0.15876721233248436  0.17477011963901606  0.18803795365502540
  0.19881303074637566  0.20864338170728314  0.21814257798613321  0.22958363577972707
  0.24262532943146017  0.25376940969130418  0.26359571142812166  0.27233489354447687
  0.28156128041640077  0.29068280972830929  0.30140971829519608  0.31213413948983015
  0.32098615768803856  0.32881615340447928  0.33727026496357854  0.34674085624516254
  0.35620699268730593  0.36418375264296021  0.36999620931312377  0.37619276970735943
  0.38345098418022688  0.39146338105580242  0.40055350609702156  0.41257542883864751
  0.42459300088885216  0.43340141840515872  0.44179592066352580  0.44919393329318158
  0.45649673223901877  0.46396943272136626  0.47333654430736066  0.48587334697435786
  0.50079648040669966  0.51710344146595089  0.53197725635092064  0.54648062482665449
  0.55961338463754406  0.57279460578889740  0.58791041445010950  0.60379472245262322
  0.61521360448910267  0.62610131680681880  0.63651751745834984  0.64633244276954072
  0.65798096115817062  0.67006824944785404  0.68234401314426218  0.69522171126620158
  0.70830236276129932  0.71980975720765239  0.72868682988724531  0.73616702854523008
  0.74401884137552166  0.75143641996212995  0.75916091031366839  0.76740323700258484
  0.77527764752723549  0.78251094902835394  0.78922694068175980  0.79619111000935139
  0.80353672025327827  0.80956501835338690  0.81623529069322054  0.82352111240283010
  0.83033103444903378  0.83920911750918870  0.84880528876780303  0.85731390533571672
  0.86718088026252860  0.88096927500571620  0.89308373773867322  0.90528233644722578
  0.91735811742360585  0.92933496204350641  0.94223412195625411  0.95674589543429844
  0.96802568290605728  0.97890555406741797  0.98939330769924083  1.00000000000000000
 -0.00804926724614027  0.12359572471477159  0.19385610953704907  0.23822329470785569
  0.27458959975895086  0.30709610604768889  0.33850077780188170  0.36268272142716729
  0.38113969177686141  0.39379127924217577  0.40277537621759396  0.41502295962992036
  0.43512909176248421  0.45431523483522235  0.47183979027961165  0.48821584376047039
  0.50333741839017454  0.51799547351478037  0.53570246910665442  0.55552903138500709
  0.57321796247978318  0.58544670110129915  0.59518599674546724  0.60473272945988799
  0.61425027710750424  0.62472786465975239  0.63619529877324721  0.64817690917993254
  0.65979398945062551  0.66859491961982709  0.67700732105875094  0.68515530498315635
  0.69424872160623463  0.70351644538036662  0.71005744186328212  0.71514664298177599
  0.71990824431838496  0.72559064470920343  0.73213103931622325  0.73936801073048175
  0.74618975645780161  0.75203053501954298  0.75725417281589524  0.76265259663503027
  0.76722880568281460  0.77272564619672990  0.77877893519741137  0.78473827718395928
  0.79166161569050619  0.79852315600167534  0.80464216638069652  0.81016782320720127
  0.81601528723397387  0.82185847910092391  0.82789884238336653  0.83401964028412190
  0.84100921322691491  0.84866003034017146  0.85675119877271666  0.86227482337631289
  0.86776337702440420  0.87393659336899410  0.87960459950309977  0.88466785680310234
  0.88935460088241136  0.89380210915002778  0.89803790419572993  0.90160878519874066
  0.90503226145540816  0.90844823643808914  0.91128277945169311  0.91404951075375906
  0.91690419731416750  0.92042399841299827  0.92427357659883302  0.92889530216531013
  0.93388970112622316  0.93873695342370822  0.94261801367297260  0.94532981864797105
  0.94762399596791347  0.94993593350451999  0.95228314343815224  0.95477150877582928
  0.95724022407670106  0.95991218627081842  0.96437991738398965  0.96875304209061641
  0.97269554633344280  0.97634921355946691  0.98002990310317484  0.98372842577947472
  0.98733036543887609  0.99133316708173269  0.99561813591338810  1.00000000000000000
 -0.00239089101031342  0.00796170667053461  0.01823815783105379  0.02551009519696355
  0.03439043801374170  0.04337538982013445  0.05213158971624240  0.05977069742543509
  0.06669254165554923  0.07373428157768920  0.08169961992726849  0.09410713184088769
  0.11024682320949633  0.12708912155704877  0.14207829033309394  0.15297264072182684
  0.16343844013436362  0.17353500438365860  0.18367031871047762  0.19459845243909163
  0.20713353514422803  0.21876362619729425  0.23144838750451058  0.24571055078568113
  0.25863909164624577  0.27147940739107795  0.28374084694657004  0.29490828807992092
  0.30503015795371263  0.31645766858939611  0.33037506220347762  0.34646122631391268
  0.35356431804964727  0.36001644899364854  0.36599456681435394  0.37169548829538951
  0.37734101548579962  0.38296331359926084  0.38963838755848135  0.39993144101975631
  0.40960533201269722  0.41876456307750276  0.42915573137319113  0.44068042420660641
  0.45418525067692184  0.46773980143227772  0.48049319955058212  0.49368458704563589
  0.50772555714142087  0.52106252178399670  0.53294016169282954  0.54490329545598304
  0.55724154183699048  0.56743155122957478  0.57612507545094249  0.58429075849233780
  0.59241612502793872  0.60207588178915017  0.61188315578145136  0.62037209645425828
  0.63036164120231386  0.64521038513619200  0.65959267231265217  0.66988551445412980
  0.67731956866275533  0.68489151774442480  0.69198854038660262  0.69722823284995716
  0.70317166515259799  0.71033442280341585  0.71770350399170191  0.72430142777154549
  0.73464886398461804  0.74888420415534385  0.76199635010720013  0.77387555070229253
  0.78655985469310163  0.79837136137621234  0.81104916607789668  0.82314429853842297
  0.83481078606536430  0.84526081467836034  0.85514365947676874  0.86534729274455302
  0.87510123410779250  0.88476666914678215  0.89457392950361259  0.90652314982412063
  0.91911810601658783  0.93093052927552289  0.94226055509778883  0.95450190152952819
  0.96623076178116318  0.97788600400690640  0.98893919070915903  1.00000000000000000
  0.64270808555377823  0.68906774368927204  0.71739410703808004  0.74180539832389758
  0.76320789720955096  0.78220616026707324  0.79905072710151348  0.81285046915608261
  0.82564370052784875  0.83643108033342684  0.84679565523969014  0.85635731611471955
  0.86531713203306238  0.87418697353120689  0.88305969618286251  0.89155514968025507
  0.90004320367066903  0.90753923967331684  0.91426957819550481  0.91891634923274301
  0.92249119979918170  0.92615978441783686  0.92975329750112234  0.93335079124044207
  0.93721512574676313  0.93939384436781004  0.94122347062925105  0.94288450562749948
  0.94458542979656246  0.94639744301148321  0.94812180438675420  0.94963321520784472
  0.95094378692938186  0.95219790063486476  0.95340820334788412  0.95462234158520454
  0.95579039554269996  0.95697426519734785  0.95816629635798245  0.95930400647764102
  0.96032999637003813  0.96124015248062944  0.96206412661671192  0.96279202668296038
  0.96347251318856286  0.96413551928904717  0.96476105118456712  0.96534685161971556
  0.96592822999084216  0.96651391664203945  0.96706554124885713  0.96761160056362283
  0.96808472147262026  0.96855225879751494  0.96902827894553967  0.96947219932552986
  0.96990725900000085  0.97044929483732023  0.97118233451439151  0.98156619685056801
  0.98187122418532324  0.98213138370761977  0.98236387237059497  0.98255862342164457
  0.98276534197562215  0.98299114748414362  0.98321682857898551  0.98344154384796578
  0.98366472228416213  0.98388643054847069  0.98411235017132270  0.98434461182377930
  0.98460719085249560  0.98486791790266748  0.98513151427131684  0.98540206962451371
  0.98568109050982955  0.98598044911941174  0.98628164452226386  0.98658695054719425
  0.98690395806038067  0.98723585333425967  0.98758638390511333  0.98800144073047302
  0.98848403072526947  0.98904474223781969  0.98967091539382046  0.99035228876110259
  0.99107909969589925  0.99185397210408555  0.99270466383890776  0.99372057101157096
  0.99500397158559084  0.99637735811212302  0.99804164011845398  1.00000000000000000
  0.04793872101019966  0.22324557442975873  0.26685712353568436  0.29496393946527094
  0.31865179689887851  0.33812337015387212  0.35482260778174773  0.37221866999170350
  0.38621891182319679  0.40214836952947858  0.41736616601257076  0.42999659746983920
  0.44078277209298322  0.45195768972592809  0.46358884451620713  0.47487364092195372
  0.48569935756364313  0.49722125198591421  0.50791787490598428  0.51930310492500076
  0.53005345669068027  0.54196507617981149  0.55364875370160394  0.56425892799488797
  0.57403074445702662  0.58289265418818359  0.58931059462246216  0.59557427253438677
  0.60234690800551149  0.60836628318340880  0.61419638387487019  0.61976221969953393
  0.62600655211182943  0.63653422239951840  0.64678014949669982  0.65533713001595195
  0.66427786152519042  0.67252047786091529  0.68009561304818733  0.68739965936834679
  0.69485318336581059  0.70279914477691197  0.71041332786065703  0.71781445674107003
  0.72426357259928831  0.72935566352771175  0.73233214231712229  0.73583240538172467
  0.73967310330824176  0.74332105445290986  0.74543969912492269  0.74753310918067850
  0.74941152774596964  0.75171546491127106  0.75419951532133533  0.75658151599871526
  0.75892492019875135  0.76127890098114215  0.76377973156573198  0.76676870311007217
  0.76993846331171212  0.77230438341890706  0.77458339913387020  0.77689870129025829
  0.77999253674037106  0.78343825749412344  0.78696864890017693  0.78936158578106175
  0.79331048777776370  0.79862999774079091  0.80574374481883471  0.81112913367835371
  0.81589129769824575  0.82005907162432290  0.82367609875630066  0.82699283848349014
  0.83087239912186739  0.83540615755242831  0.84037492380188228  0.84530314783039351
  0.84914047901542766  0.85298628060935555  0.85735902502786510  0.86425375076835276
  0.86693231509535507  0.86927854587530362  0.87153002539080293  0.87564797381201276
  0.87961014068786658  0.88348976682290681  0.88765332490896964  0.89479113705278801
  0.90480082149461993  0.91634470543859836  0.93533445887998923  1.00000000000000000
   1.2070076531580827E-025  -1.0000000000000000     
 F F F F F F F F F F F F F F F F T F T F T F T F F F F F F F F F T F T F T F T F T F T F T F T F T F T F T F T F T F T F T F T F F F F F F F F F F F F F F F F F T F T F T F T F F F F F F F F F T F T F T F T F T F T F T F T F T F T F T F T F T F T F T F T F
  <DiscreteSampler_grid>
  grouped_processes
  1 # 1 for a reference and 2 for a running grid.
  10 # Attribute 'min_bin_probing_points' of the grid.
  1 # Attribute 'grid_mode' of the grid. 1=='default',2=='initialization'
  0.0000000000000000 # Attribute 'small_contrib_threshold' of the grid.
  0.5000000000000000 # Attribute 'damping_power' of the grid.
 # binID   n_entries weight   weight_sqr   abs_weight
    13   10   1.749713159908216E-018   2.803387063613550E-035   1.749713159908216E-018
    14   10   1.749713159908197E-018   2.803387063613485E-035   1.749713159908197E-018
    25   10   8.160284902420514E-019   5.048786238826757E-036   8.160284902420514E-019
    26   10   8.160284902420567E-019   5.048786238826835E-036   8.160284902420567E-019
  </DiscreteSampler_grid>
