  0.00000000021781920  0.00000000063274535  0.00000000091522113  0.00000000116275657
  0.00000000139808776  0.00000000162021923  0.00000000183252823  0.00000000203501413
  0.00000000222747592  0.00000000241440768  0.00000000259782758  0.00000000277718633
  0.00000000294959409  0.00000000311988136  0.00000000328994370  0.00000000346131185
  0.00000000362770295  0.00000000378889334  0.00000000394730698  0.00000000410556532
  0.00000000426042699  0.00000000441366587  0.00000000456935625  0.00000000472822426
  0.00000000488425055  0.00000000503681308  0.00000000519024684  0.00000000534629206
  0.00000000550056806  0.00000000564970305  0.00000000580387316  0.00000000596112632
  0.00000000612585138  0.00000000629184121  0.00000000645905419  0.00000000662171093
  0.00000000678564507  0.00000000696035711  0.00000000713233417  0.00000000729858683
  0.00000000745889290  0.00000000761582390  0.00000000777093322  0.00000000792549123
  0.00000000808625807  0.00000000824871112  0.00000000841462171  0.00000000858310582
  0.00000000875981347  0.00000000893061151  0.00000000909618539  0.00000000925683458
  0.00000000941406998  0.00000000957675162  0.00000000976126054  0.00000000995991845
  0.00000001015879624  0.00000001036072795  0.00000001055674022  0.00000001074791999
  0.00000001093376341  0.00000001111475897  0.00000001129407105  0.00000001147277676
  0.00000001165396639  0.00000001184138725  0.00000001203448987  0.00000001223032791
  0.00000001243876829  0.00000001266137893  0.00000001288842736  0.00000001311609987
  0.00000001334734428  0.00000001357651616  0.00000001380972249  0.00000001404435447
  0.00000001428174215  0.00000001452713555  0.00000001478198588  0.00000001504353132
  0.00000001531456517  0.00000001559031367  0.00000001585631297  0.00000001620687697
  0.00000001658760725  0.00000001699133252  0.00000001740888635  0.00000001785242032
  0.00000001833802817  0.00000001886812960  0.00000001945395301  0.00000002011613439
  0.00000002104435186  0.00000002258491808  0.00000002366078984  1.00000000000000000
  0.00933886108339277  0.01704543535722913  0.02621970890027224  0.03656377475607295
  0.04639938378427257  0.05618767870258485  0.06589775128169348  0.07571313951578670
  0.08566443906872673  0.09573071661412316  0.10596858381966520  0.11637644690677963
  0.12671211208910529  0.13657110841371772  0.14704883267928767  0.15774500417102191
  0.16862933120703016  0.17966832776631039  0.19094959678795220  0.20205796645856036
  0.21270069051768525  0.22304077241363296  0.23361537028604570  0.24451103162325952
  0.25578021118564020  0.26705759617683850  0.27806076253507817  0.28862564606720392
  0.29892678482714025  0.30893807762297509  0.31873455463054234  0.32873666585032518
  0.33926402272123513  0.35008311437367140  0.36086682154105609  0.37156996261741820
  0.38162841184725921  0.39112841025391981  0.40053524566666870  0.41018413707453638
  0.42050028801164785  0.43083186872168189  0.44117538752404883  0.45223297517424382
  0.46350564046357545  0.47499388227427902  0.48554926375586266  0.49597106586011547
  0.50631786177005911  0.51697055718018725  0.52744230978862694  0.53751882642686621
  0.54744035636823940  0.55737505943046395  0.56733079162573197  0.57704746506187399
  0.58741145575935794  0.59855996687856095  0.60961170898776607  0.62018843934876167
  0.63082522977030053  0.64126994219363664  0.65087858260804066  0.65974472594918587
  0.66861423973513578  0.67785456235583108  0.68730551608967716  0.69709212288370548
  0.70715352601349257  0.71717837952481511  0.72695621380512354  0.73697356093096678
  0.74746738924854195  0.75807651267444010  0.76872850829293882  0.77912757065701854
  0.79025999381775502  0.80137556482413475  0.81251280251603408  0.82325595744636604
  0.83388927202818730  0.84504198572737743  0.85606623486767042  0.86692334587987374
  0.87740691142601634  0.88779557580927249  0.89853070624793452  0.90959812519364835
  0.92053827064403315  0.93096433305390758  0.94127555376372840  0.95247219767155544
  0.96348609606535818  0.97580886545156909  0.98762604692111788  1.00000000000000000
 -0.00249638186370040  0.01052286516230584  0.02103247417149625  0.03191961020148049
  0.04265785155530019  0.05383431611603519  0.06565209612999030  0.07760581725427051
  0.08878213365669252  0.09946567663314505  0.11003928727530377  0.12056831788421440
  0.13036479335152451  0.13986936925436752  0.14972589590494029  0.16020887590669258
  0.17105246251472742  0.18203617641793157  0.19359805652664722  0.20471674799631609
  0.21510116684623717  0.22528525917820902  0.23647964890451742  0.24754354650327642
  0.25866853851983296  0.26993918759169089  0.28129250426176705  0.29253330816963730
  0.30343671697275798  0.31398710277185549  0.32422948227008813  0.33437712515297618
  0.34450741298528886  0.35475368336897889  0.36511423488061034  0.37533525726256711
  0.38535043876874442  0.39564417150387976  0.40663130904787537  0.41868660394683460
  0.43136011972527066  0.44346155696685829  0.45505901613230249  0.46637192007920009
  0.47754729387550110  0.48833610177274739  0.49892706602744569  0.50954148453085268
  0.52034737934718223  0.53112336973165053  0.54201581710561786  0.55299186681112467
  0.56328411418063262  0.57297032124656022  0.58247561138629755  0.59255563708346515
  0.60273656297740452  0.61271479416487007  0.62291496164966276  0.63360948974499753
  0.64360181466507826  0.65304334277016718  0.66220809579782047  0.67148239981983382
  0.68087187068766319  0.69049432013836143  0.70003024199514419  0.70956625282025809
  0.71873016989742367  0.72826993575645771  0.73827877913127316  0.74878367019569370
  0.75912024459567373  0.76938178326251572  0.78024472647524923  0.79151658410477865
  0.80282768760575485  0.81386253694480415  0.82473026510672487  0.83494523622261940
  0.84490046336323332  0.85467687467349229  0.86451622928674121  0.87422532044782408
  0.88399362661047520  0.89402404053786200  0.90388752834519215  0.91350353744636270
  0.92303564966404672  0.93259285708110773  0.94284103811792996  0.95321262485945979
  0.96390950721871815  0.97517940969021599  0.98716789760272095  1.00000000000000000
 -0.00194406465940219  0.00799539786806020  0.01730138306531849  0.02754198788737483
  0.03834177932326783  0.04947408488848268  0.06059805779333371  0.07193140744335143
  0.08345351885874698  0.09519540490050932  0.10657175318082976  0.11760815617825822
  0.12832578595256819  0.13843730084980152  0.14817963690578179  0.15710858697174407
  0.16614188822684664  0.17584309302046822  0.18621105451249048  0.19686354250966312
  0.20749618129408404  0.21822249130265256  0.22875765659189595  0.23912336133902121
  0.25000359996405158  0.26147254588479352  0.27345132485816565  0.28587786766044299
  0.29750896531663679  0.30811955994675544  0.31808867851295930  0.32785166724177722
  0.33733917553914305  0.34699164405684491  0.35675943748956973  0.36658706109051375
  0.37650827058237057  0.38621396568147737  0.39594441875266534  0.40555271889676686
  0.41530069004500442  0.42578754968498683  0.43610769634839097  0.44673906867756574
  0.45763860523350375  0.46869497159615914  0.47872677430207483  0.48739386001414770
  0.49624576361699563  0.50565622037515023  0.51468008816182442  0.52328753649066484
  0.53189524693455814  0.54100410697905477  0.55185240311086026  0.56297001468560526
  0.57349751420789474  0.58407723793489952  0.59487890361017171  0.60551903778721261
  0.61589466577526597  0.62647250687575917  0.63784423121474609  0.64931921240742252
  0.66091519259841802  0.67199727309526036  0.68214387051669556  0.69187454219648570
  0.70168266077950148  0.71187436710117413  0.72268148736396043  0.73397125154094511
  0.74547251801526282  0.75688319213719080  0.76825027716369809  0.77968725412415718
  0.79123196731314049  0.80294074077628308  0.81450526579526938  0.82564529939546316
  0.83664114884674345  0.84826192171744275  0.85971019790951964  0.87140262769946464
  0.88224797978278180  0.89257190541374176  0.90287751819947271  0.91313439950060726
  0.92383771200963671  0.93413585813004918  0.94467780478227870  0.95521711633714890
  0.96575199612862017  0.97678742061271362  0.98824040024863291  1.00000000000000000
 -0.00290010320266918  0.01118249527908789  0.02205025926298513  0.03230365922894014
  0.04253819478575287  0.05334485769076921  0.06390022410283445  0.07473281172399321
  0.08560697454545631  0.09708788398708146  0.10783065269280084  0.11754644064248258
  0.12724438033361621  0.13684149157364786  0.14664968465145081  0.15618639382545055
  0.16588301579864079  0.17642685991532148  0.18725282693466308  0.19773842502962888
  0.20773929044278128  0.21788303681459467  0.22814451060092242  0.23864323858181183
  0.24917617631011230  0.25906686201732881  0.26898329795109699  0.27874578401292277
  0.28874396206656783  0.29923159085287582  0.30962184830577555  0.32007884725860380
  0.33089753587444820  0.34193291452415742  0.35246449988059514  0.36277946434131009
  0.37322941762050038  0.38438107718042125  0.39564926181508259  0.40662578202954230
  0.41733138737704362  0.42813694433578758  0.43919117419133780  0.45088408217270182
  0.46257069965858200  0.47398875227906323  0.48470111223025808  0.49553208888799266
  0.50655221732017119  0.51793818749496456  0.52933647337620815  0.54071493412349092
  0.55177333952958540  0.56273637459284565  0.57348742706441747  0.58419330840665284
  0.59469002083603784  0.60467559011762340  0.61409580014066412  0.62365954448800653
  0.63371014917969837  0.64445185896445389  0.65517358678679016  0.66592071477473103
  0.67645948859295602  0.68665992912049678  0.69713882094036528  0.70801382703994420
  0.71899918502055660  0.72911112800036715  0.73944187834072472  0.74959083940716409
  0.76073103847292456  0.77159916193979572  0.78272363085198771  0.79374597949867454
  0.80409183780267679  0.81438256077695204  0.82461013476260303  0.83553772419255401
  0.84667120241666238  0.85646047799182012  0.86576214563902731  0.87487984700731025
  0.88444273178542931  0.89385093825665463  0.90350513337973537  0.91303663056063522
  0.92357360475533434  0.93422597807731045  0.94550071806374303  0.95785734786013399
  0.96934639552891466  0.98023850855329853  0.99018533853450019  1.00000000000000000
 -0.00236400125939750  0.00924817230099311  0.01972084950949936  0.03071400034373240
  0.04214840730618126  0.05209756759955905  0.06203632981968808  0.07160296373782915
  0.08153421974694318  0.09133346301954795  0.10128991688774144  0.11163800911066349
  0.12266418777645800  0.13337642099769109  0.14451736734892692  0.15661833189206148
  0.16925241218796752  0.17965083943264812  0.19007827763905230  0.20051964340786221
  0.21095706604796646  0.22122326525843952  0.23146198775281326  0.24159421445932092
  0.25130523823059592  0.26089731459629556  0.27039300674725841  0.28044178013763549
  0.29047661765307137  0.30128816576821371  0.31212220658070644  0.32270378114719483
  0.33347974897946264  0.34393598894599003  0.35403688591798643  0.36432661606560196
  0.37481253665053044  0.38602947495381340  0.39760336741704905  0.40902638080254816
  0.41960655426819932  0.42976515122997022  0.43995839031875000  0.45063384301875670
  0.46072155536786813  0.47031071280377751  0.48028988910424908  0.49088952400593977
  0.50140866131563122  0.51132406045863754  0.52172257388594945  0.53283982730653567
  0.54372462673929645  0.55433735761638181  0.56489731439337665  0.57516210610052487
  0.58505938069526331  0.59477706124448693  0.60465800378347045  0.61507089032524165
  0.62585299425297658  0.63649705338684193  0.64715362877969440  0.65740251919051063
  0.66767989454443133  0.67751149109995001  0.68807493426439348  0.69972865725140321
  0.71101988324271725  0.72084816394051721  0.73074523035814776  0.74116644445680280
  0.75191996742952283  0.76229487989017464  0.77249990437887062  0.78286029620034570
  0.79334696986902409  0.80433681766261977  0.81512687478729118  0.82591651832765467
  0.83662748706866608  0.84786225883253141  0.85917066400917685  0.86996735167397954
  0.88070924838520503  0.89151259510481218  0.90266806437871705  0.91448288194366667
  0.92600253110095909  0.93808095421060100  0.95046378801700537  0.96149320827702589
  0.97124080803784452  0.98076313103653046  0.99020696477531756  1.00000000000000000
  0.01379100190025984  0.01904848601625081  0.02448064888451017  0.03056355175538310
  0.03672381954328324  0.04260264985704485  0.04808632493141891  0.05331256026012948
  0.05848456647477822  0.06342258013574743  0.06825754617123189  0.07313271576596157
  0.07795408305664170  0.08266584320904473  0.08733994209716359  0.09205885364921562
  0.09683123481839200  0.10173154173065278  0.10689735478545659  0.11234462108066447
  0.11797939615285091  0.12346434210988294  0.12874478292922845  0.13369186900980773
  0.13884620986377216  0.14402202020900282  0.14931047771534378  0.15472120133231235
  0.16024082223397065  0.16600485379567612  0.17207712889340671  0.17821694085545711
  0.18422941379104757  0.19035539929045495  0.19665049060586975  0.20279003424629768
  0.20873465652823189  0.21462535431509172  0.22058635015516642  0.22675269193219952
  0.23315679473944764  0.23953762615674598  0.24574813701686693  0.25212117263023592
  0.25868038315157788  0.26540282661469689  0.27213667276148124  0.27862025329120732
  0.28506541011038039  0.29158642757357645  0.29831928431286836  0.30516104324899890
  0.31222708916185526  0.31963029791953412  0.32725566391805927  0.33506986400434352
  0.34327762484503471  0.35164796736632931  0.35996673558694064  0.36831118716895384
  0.37680088650766425  0.38543669021965038  0.39405615716403625  0.40227110829671425
  0.41021154394580644  0.41818094862533223  0.42618706965143954  0.43422739340603822
  0.44238636769858297  0.45074274078134979  0.45990017858430104  0.46948100827438627
  0.48000707139427889  0.49148218182105907  0.50297900593419631  0.51398376890664499
  0.52467320382103699  0.53546893931732165  0.54667290725527096  0.55813441117329443
  0.57046997393821475  0.58392961745332905  0.59861918113852042  0.61398032079202813
  0.63033467227510909  0.64800534922064801  0.66638855029028332  0.68574819202942505
  0.70559674808033057  0.72708487622338436  0.75039259244643775  0.77539386243510888
  0.80508821684595389  0.84382281014431149  0.89476506955533019  1.00000000000000000
 -0.00281236751695960  0.01027207298201046  0.02114057590901186  0.03079488964270597
  0.03979054631061905  0.04890295531806309  0.05865572362622486  0.06843240206632106
  0.07784128989468690  0.08717284540567032  0.09721427043522732  0.10726462962977187
  0.11732826510328209  0.12737437495178447  0.13815235267395679  0.14872199988358795
  0.15938581780780184  0.16959912250523873  0.17957907695235159  0.18957365173075516
  0.19965747216016025  0.20964480177816319  0.21959394414053593  0.23027667943193503
  0.24170006996062213  0.25229111928043119  0.26221511364249256  0.27242963379185325
  0.28368363177747435  0.29549102385004644  0.30719539261449813  0.31858933749359858
  0.32998626777886186  0.34140508058546515  0.35300215579153482  0.36473219484849839
  0.37612369485969854  0.38713905539365268  0.39794258674921029  0.40873027721449762
  0.41931293557680316  0.42980593863972882  0.44053521141214880  0.45141579122938597
  0.46237982124613181  0.47301135838287545  0.48354362441323034  0.49418957906506172
  0.50516700392010361  0.51653117005190252  0.52795546708834196  0.53897652894201176
  0.54919779762975318  0.55902721183433135  0.56873327091981085  0.57818888271804147
  0.58771061770074617  0.59774922391811425  0.60806614966673334  0.61861054953708194
  0.62883229846255340  0.63889151510479181  0.64862538003535730  0.65794260320649289
  0.66728106748670257  0.67668460125871410  0.68698170906366540  0.69838572769874341
  0.71039890646626880  0.72186131003118481  0.73325338775221638  0.74512114870311108
  0.75652554653763171  0.76752893125811505  0.77807468691571824  0.78811854563742434
  0.79822269366245380  0.80841345874028825  0.81879356038172724  0.82899707929970257
  0.83935097493392785  0.85013704556464609  0.86054217273872158  0.87133714995303735
  0.88173450222434002  0.89304444622682111  0.90353858214267901  0.91433515657162490
  0.92446478017186762  0.93489285674888267  0.94512194892366930  0.95625346857634730
  0.96754377809719561  0.97879616666949831  0.98943117042481521  1.00000000000000000
  0.02457986456070362  0.03072676128209507  0.03967932278722468  0.04947858506901680
  0.05943100418255524  0.06927852687350308  0.07907814427744150  0.08945327897758838
  0.09969849599933905  0.10947800189314172  0.11953960583169108  0.13004247123283175
  0.14135447229026443  0.15189924479965858  0.16207932987074233  0.17249971860538690
  0.18312679329658182  0.19349331224212354  0.20357769956639257  0.21371692634760103
  0.22409988406997525  0.23425648397683987  0.24512539039691600  0.25619768318683911
  0.26814244157951916  0.27892707415766288  0.28911640352671236  0.29936733064237858
  0.30955682164669374  0.31970944022313247  0.32962587024977258  0.33987287448528641
  0.34978202554210197  0.35962219474409823  0.36883596996772056  0.37889152246129609
  0.38937426800272151  0.40009967617459358  0.41011926470010701  0.41986075968238357
  0.42976824497252614  0.43966186429289367  0.44971291079483694  0.45951579967564854
  0.46898767615107295  0.47835768382943611  0.48727288156000476  0.49659809164895546
  0.50631171150811694  0.51635231085177957  0.52638807217058536  0.53628005979197424
  0.54618837214740079  0.55630652588549445  0.56656307398283035  0.57697094773863622
  0.58775963742830140  0.59846567911967263  0.60910169555963478  0.61947813477255120
  0.62948791353853606  0.63975128170490592  0.65064750441523589  0.66163044255267589
  0.67168838839164258  0.68123846422012724  0.69048900421618664  0.69997461622130530
  0.70967033509854072  0.71942294558841691  0.72909890444838410  0.73911102537278439
  0.74947625741435453  0.76055623024145491  0.77119047797550933  0.78218293722063459
  0.79286633655127980  0.80303397190839765  0.81295607464272912  0.82251282425865768
  0.83217895571627998  0.84159950860767496  0.85066320031974108  0.86079578898924547
  0.87088627492499238  0.88092541936425073  0.89105053115235611  0.90140153222406483
  0.91227257929588956  0.92236246770486074  0.93174936787657936  0.94167709935317512
  0.95265461553856101  0.96416335928538321  0.97127580826055615  1.00000000000000000
  0.08411220970550964  0.10239872074579556  0.12029954008363999  0.13703676767716433
  0.15146035615247541  0.16348829500616358  0.17429455470587649  0.18444825105559046
  0.19411251885550221  0.20321790980862417  0.21224902477322410  0.22097810695001610
  0.22921237229104285  0.23676538803795399  0.24438733887581901  0.25218193135670103
  0.26027215533126635  0.26789350599701067  0.27526340074290434  0.28237440600500163
  0.28943614055136763  0.29671703529695753  0.30412286056446880  0.31168713136689474
  0.31884413068929196  0.32583159000155171  0.33264451790290411  0.33908233357677453
  0.34564629703684446  0.35209169440198201  0.35849367995611797  0.36476703613446654
  0.37092989155058348  0.37691426842691839  0.38285082440942508  0.38882796876228853
  0.39493948246399962  0.40117826127337269  0.40738493355707056  0.41353697716449822
  0.41948785051727722  0.42531968213701055  0.43085159685352642  0.43629222934262446
  0.44150297801318217  0.44670770975631618  0.45209853712381592  0.45762478383079058
  0.46296574333157425  0.46821899404037942  0.47335946283978014  0.47847393888939266
  0.48361855689163225  0.48875153132842625  0.49396488390115872  0.49939092295001453
  0.50490809672049142  0.51035823649750456  0.51555575612040117  0.52054606867729381
  0.52572532539925754  0.53106247649154992  0.53643553859972470  0.54183082609895827
  0.54737949384632956  0.55274908129331624  0.55787389130887166  0.56300372489291961
  0.56831700987259470  0.57386444582431551  0.57970942663340352  0.58565406014670940
  0.59137245295021101  0.59724791899700902  0.60333181017733928  0.61007005731455022
  0.61681028920032221  0.62352968308363743  0.63027358074816675  0.63730201767391204
  0.64461946698528561  0.65230477202774562  0.65998287594947525  0.66792624254023103
  0.67638305608914462  0.68528981964852909  0.69446512659472281  0.70360888777359665
  0.71317455609090019  0.72377851425768158  0.73539643042953051  0.74938793559661954
  0.76714601435853014  0.79248927011336268  0.91264116953488372  1.00000000000000000
   2.4310848086675908E-034  -1.0000000000000000     
 T F T F T F T F F F F F F F F F T F T F T F T F F F F F F F F F T F T F T F T F T F F F T F F F T F T F T F T F T F T F T F T F T F T F T F T F F F F F F F F F T F T F T F T F F F F F F F F F T F T F T F T F T F F F T F F F T F T F T F T F T F T F T F T F
  <DiscreteSampler_grid>
  grouped_processes
  1 # 1 for a reference and 2 for a running grid.
  10 # Attribute 'min_bin_probing_points' of the grid.
  1 # Attribute 'grid_mode' of the grid. 1=='default',2=='initialization'
  0.0000000000000000 # Attribute 'small_contrib_threshold' of the grid.
  0.5000000000000000 # Attribute 'damping_power' of the grid.
 # binID   n_entries weight   weight_sqr   abs_weight
    13   10   1.288190860294832E-024   3.514450607192164E-048   1.288190860294832E-024
    14   10   1.288190860294827E-024   3.514450607192158E-048   1.288190860294827E-024
    16   10   1.646116648837564E-024   7.674362570873909E-048   1.646116648837564E-024
    17   10   1.646116648837792E-024   7.674362570877549E-048   1.646116648837792E-024
  </DiscreteSampler_grid>
