  0.00000000005559751  0.00000000013688184  0.00000000020036638  0.00000000026061190
  0.00000000032434446  0.00000000039185591  0.00000000046188848  0.00000000053415473
  0.00000000060701479  0.00000000068541769  0.00000000076420632  0.00000000084901230
  0.00000000093654040  0.00000000102331844  0.00000000111721720  0.00000000121398447
  0.00000000131224080  0.00000000141740083  0.00000000152005021  0.00000000162465863
  0.00000000172827798  0.00000000184542540  0.00000000196203589  0.00000000207977902
  0.00000000219807095  0.00000000231713276  0.00000000244222420  0.00000000256813189
  0.00000000269637476  0.00000000282295335  0.00000000295099026  0.00000000308983356
  0.00000000323111288  0.00000000337501425  0.00000000351753630  0.00000000365995240
  0.00000000379487531  0.00000000393274864  0.00000000407602073  0.00000000422453500
  0.00000000437201741  0.00000000451946219  0.00000000466746718  0.00000000481522470
  0.00000000496738471  0.00000000512928697  0.00000000530012138  0.00000000547395558
  0.00000000564533249  0.00000000581483768  0.00000000598444280  0.00000000615284418
  0.00000000632354905  0.00000000649003846  0.00000000666004079  0.00000000683521452
  0.00000000701990409  0.00000000720797923  0.00000000739561712  0.00000000758478391
  0.00000000777568922  0.00000000796806358  0.00000000816358700  0.00000000835903287
  0.00000000855467694  0.00000000875081921  0.00000000896423378  0.00000000919191669
  0.00000000942353848  0.00000000965773719  0.00000000988449399  0.00000001011111905
  0.00000001033861248  0.00000001057619540  0.00000001082012081  0.00000001106989986
  0.00000001132950392  0.00000001161438464  0.00000001193276426  0.00000001227482952
  0.00000001263466739  0.00000001299923458  0.00000001336829446  0.00000001375666897
  0.00000001416008148  0.00000001458410850  0.00000001500182442  0.00000001549164134
  0.00000001608806850  0.00000001674471515  0.00000001744388072  0.00000001823079753
  0.00000001914133036  0.00000002041015304  0.00000002121246318  1.00000000000000000
  0.00963049851941058  0.01570730580114988  0.02383933559338408  0.03321155189262169
  0.04255578464241044  0.05204520583312872  0.06193030699614496  0.07213104686018512
  0.08253210576316068  0.09314531110944245  0.10374412891850443  0.11425886026705007
  0.12458294608050689  0.13469938669433940  0.14501029306865185  0.15553817203600634
  0.16611586004489748  0.17646067645955688  0.18680486051252310  0.19773256273272027
  0.20911662260007663  0.22054389940799515  0.23164053513875474  0.24242454860611817
  0.25291337104049688  0.26336574583629041  0.27405981815577274  0.28460351563041031
  0.29473531059974312  0.30457440017676568  0.31445852371668742  0.32479345755481637
  0.33529503034911456  0.34569283888515479  0.35604260550713263  0.36628573536136549
  0.37663095769213517  0.38666807509766998  0.39645320563024805  0.40595527834220219
  0.41531091078785132  0.42436691459076442  0.43327995388970486  0.44223110338145355
  0.45176523529060297  0.46214675530434962  0.47270077694237983  0.48270586471146987
  0.49264651999915687  0.50298420308152769  0.51412393861194428  0.52512936752350103
  0.53607922540189179  0.54677619939131528  0.55732277005139075  0.56786593175660682
  0.57856066297873732  0.58910978674370229  0.59945358730472631  0.60940711202486109
  0.61967735090937182  0.63051718960179282  0.64193044959189416  0.65297224963925726
  0.66355995717756433  0.67422754740303981  0.68518738133947210  0.69646561067117652
  0.70778452065049413  0.71890268881811059  0.72974402395012017  0.74026434315860090
  0.75057847353848395  0.76099345561174636  0.77152687730500602  0.78200590211918219
  0.79271095131856284  0.80354310172277421  0.81421460522623645  0.82438906135617285
  0.83435499648640221  0.84419369254461174  0.85448581356744768  0.86499021400790643
  0.87551405245733727  0.88577764661959424  0.89588091532645464  0.90634092413978140
  0.91720554797284370  0.92798156956582634  0.93886020315315588  0.94920655058010972
  0.96023832677986332  0.97094755695265922  0.98128229121208266  1.00000000000000000
 -0.00231203487334344  0.01081321933406592  0.02188352494497784  0.03287166248426758
  0.04322427910683108  0.05324796230012778  0.06384888158641784  0.07539605454679513
  0.08659624199940921  0.09765093040729447  0.10860707893692118  0.11989873548321599
  0.13090901204654132  0.14175130053880419  0.15239712629029689  0.16291989955177677
  0.17380234060067520  0.18514751332979831  0.19658291087063681  0.20810641560672244
  0.22021456405277801  0.23186611184036229  0.24291700892888554  0.25414816665158013
  0.26610419058364132  0.27783876323830498  0.28910065928853768  0.30018436226009826
  0.31104041764878854  0.32165453647643932  0.33181039617324737  0.34163178124034305
  0.35141311581363099  0.36194813193855069  0.37288147975043678  0.38374635010158220
  0.39473328144438541  0.40616540724881556  0.41738950311320944  0.42787187980008479
  0.43807239108359408  0.44825444687444688  0.45840162182787980  0.46878021406870607
  0.47937490440753378  0.48993257275577734  0.50016867432152701  0.51029167022916966
  0.52052085497864198  0.53094398612147142  0.54140876097264723  0.55142091539515548
  0.56125537846487961  0.57122014210519001  0.58153625009937215  0.59161477975803101
  0.60132072384653801  0.61105269260981121  0.62112333328439562  0.63136302774484199
  0.64163615748970160  0.65177953597573868  0.66206196709604603  0.67191849416687854
  0.68177083623191592  0.69171125337784012  0.70190946520516950  0.71193383210482586
  0.72149921764644975  0.73104147973669809  0.74124253283926922  0.75162546445741885
  0.76247679046845984  0.77302686577572455  0.78325206962236482  0.79286869137769722
  0.80253855477633940  0.81245561321784820  0.82275014263647694  0.83341014015618919
  0.84416787298235840  0.85486485693435188  0.86573871301113536  0.87653649652773835
  0.88662701643888553  0.89673087268413154  0.90647923545363207  0.91651357138157319
  0.92621527214072774  0.93605361279678567  0.94592498500817590  0.95612354057882087
  0.96692080174835005  0.97799490924189880  0.98901690380433549  1.00000000000000000
 -0.00242022627703722  0.00837362252544358  0.01796215249525739  0.02826264439198490
  0.03935386699722918  0.05049239314946167  0.06179102774510636  0.07256345193643009
  0.08308783176637922  0.09358324240824005  0.10425232675654861  0.11464016722332861
  0.12465829942091647  0.13559187856182398  0.14673522466025390  0.15793094450528275
  0.16932162489829569  0.18107282315021178  0.19245071433869057  0.20302967411368839
  0.21343726922650877  0.22359629917359372  0.23365023764458903  0.24314465783489245
  0.25284503383368412  0.26290142242860670  0.27330367871090983  0.28396907594315213
  0.29488782897833110  0.30605322408145402  0.31696712566166219  0.32769337815105504
  0.33858601184664971  0.34972631349089023  0.36052335299564642  0.37107233795342232
  0.38153159151699950  0.39207205070002282  0.40269510769120864  0.41339418189934019
  0.42345655031757667  0.43282967231852054  0.44206774403630084  0.45167659885451383
  0.46130634933482134  0.47092756062667007  0.48073123575056909  0.49117924873383750
  0.50143374881948910  0.51172502190332292  0.52182134609736164  0.53186191045897901
  0.54193411425721194  0.55207900049310454  0.56210641118607563  0.57222988202742098
  0.58241582676121062  0.59319072041640730  0.60419989643811811  0.61536718462752171
  0.62614171894921844  0.63739890425253209  0.64838823456906658  0.65985876127555343
  0.67076833514401180  0.68175440717713243  0.69271529904768459  0.70437839937561764
  0.71535215638897642  0.72674518624608087  0.73795604028301920  0.74907661218906996
  0.75963828058192084  0.76982944203448400  0.78061705726137820  0.79148631987164242
  0.80171898418301091  0.81164811979123375  0.82130238136495015  0.83146417365885117
  0.84237051995034895  0.85333215274642160  0.86363639769546807  0.87391020755451609
  0.88443703684544328  0.89515753829410083  0.90540127328672926  0.91555875616720683
  0.92702177974536615  0.93833987833387422  0.94990907048741269  0.96072661233936618
  0.97070181512633680  0.98056622116394643  0.99028126758831891  1.00000000000000000
 -0.00274894218512604  0.01039095389873860  0.02142818656645608  0.03171494166353866
  0.04260708042637387  0.05224783369936051  0.06214531017389088  0.07184826804342370
  0.08154998979770811  0.09085886506642894  0.10036849238937157  0.11030742479449505
  0.12090518411840981  0.13154860053553019  0.14225009403731173  0.15293130209557887
  0.16338195719364088  0.17365235790938122  0.18393464359960210  0.19447375880794207
  0.20490066495773360  0.21499829322856337  0.22497072217346156  0.23502591610369977
  0.24523037374999901  0.25557760338113139  0.26633156654201906  0.27733946197245934
  0.28823462824323104  0.29901978524713768  0.30966035448564522  0.32013425458304545
  0.33029156038813329  0.34042965453784169  0.35065283711109668  0.36076274925855506
  0.37101161202400518  0.38118704967342287  0.39116188772990967  0.40092169711064252
  0.41068929356677891  0.42063127632770192  0.43117011288961549  0.44241520641735044
  0.45414923097874116  0.46553091068196506  0.47677401476423475  0.48752650800160624
  0.49812577597874885  0.50810542821550286  0.51782327313353094  0.52720921504570673
  0.53654525153976962  0.54634415268980541  0.55622397052556005  0.56645787119782609
  0.57697853849905389  0.58872282396097941  0.60097737571513510  0.61285417439800172
  0.62429275457866029  0.63588699366378776  0.64778675590450863  0.66043678408522233
  0.67308311803810417  0.68551543549606586  0.69778609179671647  0.70937745432147725
  0.71943233819745456  0.72896858753324811  0.73860012521444940  0.74823932052969422
  0.75769257395631306  0.76696856652332968  0.77692432644744824  0.78749131742847955
  0.79832202223230253  0.80928582088146561  0.82037465531430609  0.83129806292059238
  0.84215052973542259  0.85307585851741030  0.86416355223188779  0.87530685497453820
  0.88640886489005921  0.89752538046097663  0.90842055598325611  0.91902103806027413
  0.92951369441575149  0.93974389678280690  0.94986752483122650  0.96031718825488888
  0.97051783975601114  0.98059425016952040  0.99014075526951650  1.00000000000000000
 -0.00213988124574986  0.00865356863986752  0.01797709364994849  0.02769412722049747
  0.03760869127386553  0.04741925310929344  0.05714970044752128  0.06685070690844180
  0.07684064753537370  0.08720854660348967  0.09769425474759072  0.10828950146712585
  0.11927884128232931  0.13046835672967833  0.14158601093850812  0.15226928762295441
  0.16306267899872792  0.17350235573049297  0.18392803684427422  0.19397091773527109
  0.20356826651642931  0.21326982978936479  0.22292371311578241  0.23261058870510995
  0.24206127049726822  0.25183814522303921  0.26270986198487806  0.27419109306519102
  0.28505521429330494  0.29561176127706595  0.30615057320026945  0.31652502210580796
  0.32701916516297963  0.33825778864863620  0.35005513639497682  0.36158752195616412
  0.37288898337547621  0.38402042389327956  0.39484483360200079  0.40500600563877442
  0.41456853990157400  0.42390099881161736  0.43332165692852703  0.44330848435490844
  0.45364016716195221  0.46454287002961892  0.47589319366188615  0.48700045125344171
  0.49795318684036211  0.50876675611794830  0.51976846118487363  0.53037502976084383
  0.54075107586820503  0.55130864338201069  0.56182854948257099  0.57241139488005610
  0.58291268752368963  0.59352908996128950  0.60417459806904417  0.61437400948417487
  0.62462453680953522  0.63544751465399252  0.64649743208641475  0.65757097114568253
  0.66866703288151141  0.67985376154795618  0.69080881959899265  0.70111316923067468
  0.71132691520895963  0.72166027311139613  0.73237610021318522  0.74378340504395146
  0.75586041170416896  0.76842912107337669  0.77975839217686249  0.79068042782006787
  0.80142175761111845  0.81189642174158949  0.82226351905412254  0.83259258009648252
  0.84382534242165685  0.85466467286274550  0.86541381503213277  0.87591539381501660
  0.88620537365567043  0.89662621380699470  0.90686820755133479  0.91698621506509970
  0.92733842623135565  0.93748299824992176  0.94866666026509994  0.95944112162640238
  0.96990763411962577  0.98025936745755826  0.99026930737545071  1.00000000000000000
  0.00277615024804545  0.11435700660937059  0.17133847835659244  0.21012120940590323
  0.24166525572109246  0.26764744545428126  0.29047147973620241  0.31291839005867655
  0.33517272363491191  0.35512866472504551  0.37342849005038303  0.38991469177376298
  0.40561561242275346  0.42037703860991665  0.43481379148529542  0.44917059464391468
  0.46359327775026643  0.47725725843830002  0.48998228848193626  0.50242415611332314
  0.51507675716613710  0.52740120006997948  0.53921933054371263  0.55043534037977604
  0.56117310452192481  0.57141922397373546  0.58110157430619969  0.59063619175102222
  0.60018983400376513  0.60980226744427668  0.61936120877455947  0.62828635357126961
  0.63674904908374075  0.64496713089329039  0.65320343221675592  0.66118647419243570
  0.66870350035383441  0.67548683798961395  0.68232591338781601  0.68926086942086173
  0.69642701264054108  0.70354835080077138  0.71067438669135008  0.71753035320818481
  0.72430395463655739  0.73081233705940318  0.73712816546439208  0.74329612625012642
  0.74944938803953187  0.75573090772352958  0.76212784949923051  0.76831507469632132
  0.77408231357913715  0.77957479127133988  0.78515816790607373  0.79100200902839823
  0.79694391836338030  0.80290618010076154  0.80855333780080896  0.81409561549423182
  0.81966166243517635  0.82525683502902214  0.83086412208311344  0.83655931062555433
  0.84209203064905269  0.84770667851381132  0.85322860027543579  0.85858277289123375
  0.86383688342186682  0.86906875397602756  0.87443220900332264  0.87937594342807335
  0.88421312974447597  0.88880179718008689  0.89317908546794211  0.89746278377652788
  0.90168742284072201  0.90614729300939600  0.91059735827031008  0.91506178562141760
  0.91956860134695184  0.92407743824327926  0.92858803817624225  0.93312740073107081
  0.93768965751102706  0.94239320745664068  0.94733265697710112  0.95221260297904908
  0.95703826182569085  0.96213794490398741  0.96708926429286957  0.97194347040530626
  0.97674861438957328  0.98123144895993286  0.98565583703968340  1.00000000000000000
 -0.00211158922697381  0.00918780857372545  0.01914955400979294  0.02958799571306558
  0.03967131627343889  0.05004784468889982  0.06085814101372138  0.07242668697729547
  0.08363615097729761  0.09426552961886508  0.10457074364315215  0.11528320065141326
  0.12590007248976173  0.13747915346454129  0.14823374214382035  0.15909576586615404
  0.16910811832226050  0.17898199589648150  0.18932882931275999  0.19975311915984467
  0.20985532918886235  0.21982690018734083  0.22986680374059548  0.24071868652588330
  0.25128783160433638  0.26156387561630007  0.27199763109908454  0.28287300135255505
  0.29385995515815239  0.30492267236193071  0.31506547681559194  0.32473127161562682
  0.33437349189708032  0.34427783202974921  0.35441992677484202  0.36454890089129877
  0.37457880727978876  0.38507387344757144  0.39542400956478901  0.40514578902032305
  0.41478793063143571  0.42500353321693624  0.43571021201515692  0.44583605341008903
  0.45585168031355244  0.46624277803893666  0.47692202136534478  0.48712611516930049
  0.49720710097664372  0.50779356667364695  0.51871833979340987  0.52935175811631796
  0.53976902563073825  0.54974500469927245  0.55972422324203519  0.56939768590923190
  0.57904182785491842  0.58876658036943563  0.59877942630249703  0.60895415271479680
  0.61923795397723114  0.62972208832571130  0.64046379270873044  0.65147912911155814
  0.66233325320016423  0.67327940267678787  0.68431112902222813  0.69543461985918487
  0.70616354182068231  0.71668753101749849  0.72765677015398922  0.73854663456476022
  0.74962559255738781  0.76059249432599918  0.77164304046679533  0.78229136618099848
  0.79294925613290479  0.80403287492426168  0.81541718903701077  0.82650674849408423
  0.83734321428391045  0.84856434159655625  0.86006151580481061  0.87196133399068554
  0.88283681437786077  0.89381333081522774  0.90413775417541997  0.91518742351184923
  0.92532492634497288  0.93545648756771849  0.94584592838839543  0.95632050045208616
  0.96693405531659060  0.97748470933198239  0.98868238033714606  1.00000000000000000
  0.02477899586210280  0.03111844758754339  0.03991344253593526  0.04897678065087942
  0.05844641443448163  0.06841153935750298  0.07927498751236012  0.09051573298523888
  0.10140418084543183  0.11165620399719724  0.12133045173730887  0.13092680818371497
  0.14093514180107530  0.15102031872151719  0.16131274769619339  0.17147149383977570
  0.18159596265676589  0.19169858365017653  0.20181683322526420  0.21195389257476294
  0.22186921931022588  0.23149928550215665  0.24083022460099551  0.25014724086197732
  0.25949002823316053  0.26906941945585561  0.27917590085753363  0.28957543153940252
  0.30046015935890680  0.31165713729481065  0.32278053806168799  0.33363833190579839
  0.34400088035692183  0.35425778367206845  0.36448348470223446  0.37493142538838131
  0.38579505294724636  0.39662489848561777  0.40718023901737721  0.41784439525210881
  0.42904196405814637  0.44035262655866003  0.45113090868664496  0.46185136697714751
  0.47225619991465018  0.48233959946468113  0.49206384724435243  0.50147579164052669
  0.51114523410356139  0.52140824427062726  0.53220137013799129  0.54281097813454182
  0.55299982359570854  0.56319493379172103  0.57367746815215592  0.58423358378647816
  0.59476543964665163  0.60524539313193859  0.61575189189581003  0.62653609102141949
  0.63749446131193332  0.64853680126288715  0.65874897255826415  0.66867108149591070
  0.67858071698208833  0.68888786012358416  0.69920170325108966  0.70940083553745059
  0.72014160244487313  0.73088924387939358  0.74139538596953114  0.75180465410234965
  0.76216276281675732  0.77225226891738163  0.78175663360747993  0.79157619229302167
  0.80139464270182559  0.81077262011411133  0.81962038538349580  0.82854053762544699
  0.83829713365705205  0.84830152739869991  0.85794738096320000  0.86706501371467093
  0.87629388276240217  0.88583987905398132  0.89530719928530456  0.90456894659186593
  0.91411238271588968  0.92442938212862824  0.93512783926494758  0.94571005140300157
  0.95612703326383186  0.96556770948039172  0.97087425561754914  1.00000000000000000
  0.06986324148752390  0.23323295036248246  0.26439365016261607  0.28711632876155846
  0.30608486551693148  0.32284513001733972  0.33824542302942384  0.35269433505186509
  0.36677500525084361  0.38037650981974391  0.39355436329960514  0.40618517107256047
  0.41831507416281871  0.43011895207841577  0.44162418063868392  0.45297420155302009
  0.46443981924238986  0.47582624469285556  0.48714611588646800  0.49805751344245491
  0.50863493384407465  0.51885008746296357  0.52867120762297748  0.53814739415152657
  0.54767321500936939  0.55744757947444468  0.56722643595309574  0.57655373218752370
  0.58549432882629371  0.59448357622481685  0.60350990068131960  0.61210463673709670
  0.62055251394763788  0.62834450319135671  0.63575815149643278  0.64297775347400832
  0.64983584902898317  0.65655656640723181  0.66344195292998831  0.67008024711501257
  0.67660597654553978  0.68295695671211831  0.68915012947403742  0.69514084996651471
  0.70102618459976151  0.70695935343354510  0.71255895986256157  0.71784062340505106
  0.72317225158914245  0.72839526823631340  0.73370103641591922  0.73909869706131681
  0.74457827515226016  0.75009608185262089  0.75537738264516574  0.76039248626628186
  0.76521958265023560  0.76980432506175234  0.77419526411763928  0.77845089920198862
  0.78288465901261306  0.78728972553960075  0.79155165986899112  0.79590642790074539
  0.79996465637986980  0.80387046267368134  0.80786962256444217  0.81209196935111339
  0.81653064606582104  0.82107850902122170  0.82550423823775598  0.82959278409893589
  0.83344934109036306  0.83728902627163049  0.84117071818190037  0.84515786679492588
  0.84921702726742643  0.85314171040953468  0.85703870868524057  0.86098179380615647
  0.86493993491278676  0.86887569056340719  0.87260228622997160  0.87700809554182491
  0.88218376552897493  0.88762682729788511  0.89248776086342851  0.89757439076997414
  0.90229181261518099  0.90686829600666152  0.91165243296537490  0.91839628281677832
  0.92553046544901418  0.93127938859865544  0.93368209492560783  1.00000000000000000
   2.2889129319013078E-019  -1.0000000000000000     
 F F F F F F F F F F F F F F F F T F T F T F T F F F F F F F F F T F T F T F T F F F F F F F F F T F T F T F T F T F T F T F T F F F F F F F F F F F F F F F F F T F T F T F T F F F F F F F F F T F T F T F T F F F F F F F F F T F T F T F T F T F T F T F T F
  <DiscreteSampler_grid>
  grouped_processes
  1 # 1 for a reference and 2 for a running grid.
  10 # Attribute 'min_bin_probing_points' of the grid.
  1 # Attribute 'grid_mode' of the grid. 1=='default',2=='initialization'
  0.0000000000000000 # Attribute 'small_contrib_threshold' of the grid.
  0.5000000000000000 # Attribute 'damping_power' of the grid.
 # binID   n_entries weight   weight_sqr   abs_weight
    13   10   1.212125911046127E-009   4.062670163259539E-018   1.212125911046127E-009
    14   10   1.212125911046231E-009   4.062670163260148E-018   1.212125911046231E-009
    25   10   8.133766931894909E-010   1.117317448051853E-018   8.133766931894909E-010
    26   10   8.133766931894895E-010   1.117317448051863E-018   8.133766931894895E-010
  </DiscreteSampler_grid>
