  0.00000000022004900  0.00000000061645006  0.00000000090069836  0.00000000116342879
  0.00000000140435083  0.00000000163361854  0.00000000185756399  0.00000000205637781
  0.00000000225125693  0.00000000243721212  0.00000000261848067  0.00000000280968786
  0.00000000300837650  0.00000000320466836  0.00000000339152946  0.00000000356605334
  0.00000000372912370  0.00000000388836920  0.00000000405706504  0.00000000422879332
  0.00000000440317579  0.00000000457619173  0.00000000473839737  0.00000000490204074
  0.00000000505375272  0.00000000520701818  0.00000000535847061  0.00000000550321474
  0.00000000565180458  0.00000000580611058  0.00000000596816185  0.00000000613345341
  0.00000000629682778  0.00000000645928585  0.00000000662220370  0.00000000677884920
  0.00000000692911309  0.00000000707704220  0.00000000721724559  0.00000000736638688
  0.00000000752599415  0.00000000770127398  0.00000000788019858  0.00000000805699391
  0.00000000822491379  0.00000000838891338  0.00000000855341894  0.00000000871732631
  0.00000000888236356  0.00000000904590757  0.00000000920900602  0.00000000937455680
  0.00000000953771886  0.00000000970459240  0.00000000987415556  0.00000001004158435
  0.00000001021184955  0.00000001039172748  0.00000001057785934  0.00000001076432668
  0.00000001094166990  0.00000001111681956  0.00000001128939543  0.00000001146519509
  0.00000001164501857  0.00000001182634469  0.00000001201542832  0.00000001221517121
  0.00000001243990430  0.00000001267953108  0.00000001291037353  0.00000001313734615
  0.00000001336691296  0.00000001360524146  0.00000001385428812  0.00000001410264413
  0.00000001434061660  0.00000001458434585  0.00000001485071828  0.00000001512600980
  0.00000001541195626  0.00000001571522501  0.00000001606768121  0.00000001643019025
  0.00000001679470204  0.00000001716125580  0.00000001752654067  0.00000001788414835
  0.00000001829746027  0.00000001880177275  0.00000001939534739  0.00000002006723326
  0.00000002096657920  0.00000002259933752  0.00000002366379047  1.00000000000000000
  0.00947945277414644  0.01664319245755685  0.02653743210252171  0.03781953645164567
  0.04857787348265576  0.05911641407387856  0.06885596737867657  0.07758723012556483
  0.08662132726492920  0.09592465334360620  0.10544035245246396  0.11519133885390208
  0.12532977726423677  0.13595502352739378  0.14690926414679584  0.15775877533030019
  0.16819677863844323  0.17782720826465975  0.18759418919320867  0.19765573341733045
  0.20749293163639784  0.21665055594243640  0.22571193119602115  0.23528045133893200
  0.24473196194193808  0.25431388873515814  0.26329821372170253  0.27262418221721618
  0.28251798623314756  0.29333141062921420  0.30464483171280710  0.31557431479296527
  0.32588979270575652  0.33628607333433203  0.34761051531132137  0.35975460583199770
  0.37222313416902264  0.38433231226490472  0.39565731996306081  0.40732319836253367
  0.41966408449089693  0.43181207692513762  0.44350657002650784  0.45394922441344798
  0.46406288886852270  0.47406499516527678  0.48506181248194902  0.49603117587198908
  0.50588921567387946  0.51541350353276083  0.52573082590764864  0.53701782571437295
  0.54824463929561218  0.55886104405166626  0.56888295268239397  0.57873588276005816
  0.58857917754240641  0.59826459852172220  0.60826858487972379  0.61841860977473107
  0.62866833115048282  0.63888669562107769  0.64947515439159687  0.66072979243595986
  0.67227767788247639  0.68346496137214663  0.69403280604396689  0.70458690955654935
  0.71431010944298556  0.72374427068639569  0.73340879434347894  0.74287926731367770
  0.75318417206514188  0.76395516651522588  0.77526039716557293  0.78731131545989108
  0.79879218865577306  0.81023687867694205  0.82146229481677646  0.83326111702424155
  0.84503144875405356  0.85748579419303539  0.86954344650990478  0.88087851444875298
  0.89175676990268626  0.90268474297376500  0.91343680360290569  0.92398263774327649
  0.93375452205706533  0.94283340019675255  0.95137558035023695  0.96073901233299497
  0.97125914753005083  0.98195172579166323  0.99092965702791824  1.00000000000000000
 -0.00188906926296192  0.00858388667233943  0.01794139693842438  0.02859941628722027
  0.03949670525799552  0.05124922346184525  0.06316206396931316  0.07492943158606317
  0.08695271815799718  0.09900895263704759  0.11021765992962021  0.12036799465352926
  0.13088340724896844  0.14141391131243763  0.15352777002435494  0.16372868383608574
  0.17413760027197925  0.18471311576671401  0.19600119081379261  0.20776645794074838
  0.21942646595860715  0.23075278228119692  0.24202551205467362  0.25249829884554637
  0.26251506898862509  0.27223025197714829  0.28249405039885522  0.29285161124726145
  0.30241843046198325  0.31191894054919184  0.32168316792684609  0.33169088096755933
  0.34166999388910113  0.35161803197594865  0.36173351856921804  0.37187103188850046
  0.38162872758046862  0.39107740917216149  0.40083047491300666  0.41101377278788631
  0.42105282844808123  0.43012417796716323  0.43878082056923429  0.44764028610624540
  0.45671196716858165  0.46644430319668773  0.47646789005854695  0.48752918972526771
  0.49894343975470751  0.51034410959551113  0.52135877463422053  0.53224263086659618
  0.54248758960496002  0.55227048897966358  0.56184202916258053  0.57146241676082787
  0.58133937527718071  0.59148102796046531  0.60162118589639058  0.61239521241253492
  0.62365888795294810  0.63448165529752498  0.64534869360656255  0.65601689610908920
  0.66666291280388446  0.67728622111331815  0.68784838115924152  0.69829296872159818
  0.70874402536516545  0.71946847983621620  0.73101683457969380  0.74292512734528127
  0.75470832456909243  0.76527313738192215  0.77569932930341168  0.78592866437987019
  0.79648455549499009  0.80691372835827391  0.81740741916812776  0.82732984297219747
  0.83698010685536672  0.84635892877953622  0.85625311538076765  0.86813432841485338
  0.87983777043430444  0.89136265686219340  0.90316621828505816  0.91411233066221531
  0.92428094461794952  0.93421072300514407  0.94463889859823802  0.95610677699174629
  0.96702436404609038  0.97800946919967380  0.98878869560541349  1.00000000000000000
 -0.00253685705933520  0.00820951225160407  0.01715877697454776  0.02641396632140829
  0.03605132091134081  0.04613912663557183  0.05716275491558388  0.06888827594254357
  0.08027571184975639  0.09127242563751728  0.10204192034029251  0.11368724531038205
  0.12536224023955828  0.13703556656446159  0.14754908870899916  0.15855756066687920
  0.16820734282078628  0.17648417379246206  0.18564982716802589  0.19411950104565179
  0.20355156066440938  0.21195411507432349  0.21958322614721254  0.22817630269456413
  0.23874696159889791  0.24964931260790571  0.26045337091840470  0.27099337862239065
  0.28088045339466677  0.29048104707927919  0.29997674061685203  0.30937944175512583
  0.31893532143056585  0.32879010705860018  0.33880557865259925  0.34833423322222495
  0.35753705527933033  0.36701832866573919  0.37689458090590988  0.38678035917018699
  0.39666931629265667  0.40665742912593494  0.41685402078023870  0.42691062273942054
  0.43700607318135243  0.44705689830336376  0.45717927883810161  0.46759447990734243
  0.47786176501397903  0.48810082580658748  0.49859925322171539  0.51009483833916502
  0.52177802418673214  0.53306161819975351  0.54401527134538030  0.55457104511494448
  0.56483273314613780  0.57510675806613665  0.58534867114117972  0.59529931572693795
  0.60541556918258099  0.61659507411874903  0.62900235508850622  0.64195717784269279
  0.65432142322064479  0.66644884862737652  0.67757623915251264  0.68802548397735874
  0.69844349539225381  0.70920278152286120  0.72044243174667588  0.73142055319953447
  0.74242834596969931  0.75353575821157426  0.76454020406327194  0.77617307196218122
  0.78844743783848059  0.80037924108085001  0.81173077114276626  0.82251317940314006
  0.83408339453159530  0.84623807804194107  0.85826179296657878  0.86938665349141520
  0.88028736884581882  0.89197165979158566  0.90278167372211715  0.91332970102209510
  0.92404059359746060  0.93485431670486541  0.94572039087752224  0.95546630060416182
  0.96606848472835527  0.97685420696535008  0.98832929532176017  1.00000000000000000
 -0.00273388803200945  0.00995690453468910  0.02113044119505376  0.03204460752963208
  0.04310986979815867  0.05391091135435881  0.06463498672744927  0.07515254644829300
  0.08550891042424388  0.09601855159410518  0.10677631913022330  0.11801501543258944
  0.12899289944677872  0.13916306266792328  0.14887910844723964  0.15849574060782889
  0.16861899542252459  0.17893884358591330  0.18950008741743404  0.20030748205555313
  0.21099145159281762  0.22124137627562693  0.23147840152386220  0.24193997428491490
  0.25230183709929943  0.26275678582679890  0.27372870189050802  0.28513809103894405
  0.29610796428142067  0.30679327628604514  0.31708605805944784  0.32709638551419157
  0.33718601128703701  0.34745773304545957  0.35791094621781394  0.36779109176233460
  0.37678414150239492  0.38627136399841255  0.39566914060047442  0.40620787443862538
  0.41684241115673232  0.42820237417058776  0.43992706105817803  0.45220899295763206
  0.46381721287969158  0.47430108226490975  0.48407947524884148  0.49370027607119421
  0.50319928729942054  0.51287262830756963  0.52284072537853787  0.53367979018623279
  0.54423254538076182  0.55510321314465771  0.56613268341776302  0.57634201664528573
  0.58661466411756447  0.59725682705684691  0.60825164059650849  0.61934613143633088
  0.63097566943674732  0.64270473488635349  0.65407325280373285  0.66535876291375307
  0.67649409980254227  0.68768785509463048  0.69931274810982069  0.71096730105711947
  0.72313836652463059  0.73450613440457402  0.74499474541592237  0.75562099644951086
  0.76588034289402607  0.77567453156935862  0.78515084640883026  0.79518575906984956
  0.80569919966589465  0.81657286224351389  0.82804190344839701  0.84051865262953662
  0.85353731715646808  0.86505475858299608  0.87487067327347645  0.88335919480528491
  0.89153260178347871  0.89976077203622917  0.90830135219448893  0.91718328729183740
  0.92668557898507575  0.93634040172015320  0.94783271427210170  0.95872972295644765
  0.96941352320209151  0.97964447342868866  0.99011553581111511  1.00000000000000000
 -0.00283326208291131  0.01114745101666563  0.02250237031339657  0.03315074422589628
  0.04275859806001179  0.05264587996404976  0.06256207156094704  0.07315406287841497
  0.08394060732030641  0.09406273671189075  0.10377915756977169  0.11358861599123640
  0.12400631666983580  0.13468785908705333  0.14537531740651888  0.15571787006509186
  0.16601855342921937  0.17618075246372153  0.18593636678037143  0.19521690911614767
  0.20455009189121781  0.21471700843942487  0.22546279024239399  0.23620550878409310
  0.24673508472023839  0.25705412383992787  0.26768203345373176  0.27918679007312802
  0.29158746795005636  0.30358312947981508  0.31439374525956970  0.32436647826491349
  0.33478875741700498  0.34556998655871074  0.35632888249692779  0.36662925227597121
  0.37701359533382683  0.38700053049320410  0.39705943562712515  0.40739575112258869
  0.41856948233039620  0.43014264664515373  0.44176701959430908  0.45343703451189138
  0.46507545554261742  0.47716811826930222  0.48954774230666648  0.50191848760916102
  0.51340324960789330  0.52394206479095784  0.53397841563477033  0.54435567677931018
  0.55451427589263047  0.56413966610551636  0.57385306147364534  0.58431939506321284
  0.59520633518380595  0.60605623029672306  0.61711580397204913  0.62840636635110914
  0.63945515670224418  0.64988944676217542  0.65999738523701923  0.67031638108204772
  0.68087456338818353  0.69153819787564130  0.70243034480260647  0.71218312922327665
  0.72133480180641374  0.73042855067183221  0.74022946180364535  0.75057245523160754
  0.76153734634535619  0.77262804063473423  0.78391135911351939  0.79549264029988642
  0.80693665614479471  0.81927285281463447  0.83200217584176894  0.84397585350845139
  0.85457174470711539  0.86418660271544279  0.87303564567636571  0.88242799706575314
  0.89176911935999503  0.90142529106286273  0.91102296063868837  0.92097245303330477
  0.93152042355279296  0.94240750164842013  0.95307409975003721  0.96364452402464351
  0.97271680756495560  0.98180216983192292  0.99103004892924995  1.00000000000000000
  0.00201996365982770  0.11947070927448791  0.18022039364313056  0.22120504970261259
  0.25510421902539093  0.28174688125958608  0.30641018779038171  0.32739890151365170
  0.34749765872092225  0.36814457349399121  0.38663367150765016  0.40449265396402972
  0.42177010041236079  0.43772152653686569  0.45299597529469604  0.46708817582302598
  0.47957038486769471  0.49170970070768316  0.50354540678336168  0.51513615220129050
  0.52652078028794991  0.53793095933272517  0.54916595103999621  0.56070210558089206
  0.57167508109158516  0.58081316316566078  0.58910501197050935  0.59692179116734423
  0.60470547080467429  0.61316302542199297  0.62137857287058840  0.62974007628676887
  0.63826091723823775  0.64690000571094231  0.65557463763644630  0.66434199289563445
  0.67267303081090080  0.68077963839418643  0.68897792418976445  0.69671912807263725
  0.70414715313159559  0.71143357069834268  0.71823228725388577  0.72484320391223489
  0.73108062302596988  0.73779526289962682  0.74457737431733018  0.75138659409638153
  0.75790202954999653  0.76417297790574912  0.77047944232258425  0.77689677107258892
  0.78338134216903543  0.78954313321395142  0.79562155116736410  0.80150747618513529
  0.80743268162009596  0.81322480212668602  0.81909761185340668  0.82517903183479990
  0.83148167764630265  0.83763685268533783  0.84339137646995210  0.84898787441650014
  0.85451968008262669  0.85999960634613859  0.86562788150952963  0.87117423094368807
  0.87656979087305875  0.88178047498898016  0.88702614131128388  0.89220371551803901
  0.89698493232331056  0.90150324169999085  0.90608733841217381  0.91086497280095990
  0.91562233763397260  0.92004815846827492  0.92421008198893628  0.92813743020655259
  0.93243719936378566  0.93685707018825393  0.94125686485723969  0.94566081801700264
  0.94986262969323398  0.95391777350340368  0.95795722067346478  0.96220460595728785
  0.96652120411584130  0.97045332303429832  0.97454336549220766  0.97867809836262543
  0.98272155982785725  0.98505906209366978  0.98569193550200296  1.00000000000000000
 -0.00164531087612119  0.00689278456183033  0.01448554326894071  0.02254670603583193
  0.03194140541900439  0.04110819195187455  0.05247325890735888  0.06325379374614100
  0.07244004147364395  0.08133763590832871  0.09017235546724495  0.09945197222657763
  0.10731818717053732  0.11524127195805817  0.12325271498964094  0.13348140732864763
  0.14418484368687415  0.15584397849210024  0.16800632350706893  0.18053563473522638
  0.19269334660562182  0.20456105279910225  0.21608026363036870  0.22754806678049694
  0.23889794844491244  0.24970146467687246  0.26012193446314630  0.27077192831874936
  0.28178204777918098  0.29372781523968228  0.30602860775802432  0.31739372147447076
  0.32795549292151011  0.33793123561324107  0.34777837978982168  0.35798900334571221
  0.36882503246368908  0.38023929715782168  0.39192396305653743  0.40346526751877243
  0.41511055919556422  0.42683128179839724  0.43848079588705269  0.45020766967347808
  0.46132199587967282  0.47102527285922186  0.47984675103526697  0.48834667547459509
  0.49661492609690283  0.50482153200089397  0.51334713893681128  0.52310817442133739
  0.53718997685314973  0.54879808237489358  0.55927325755414770  0.56900270251706331
  0.57838223070149408  0.58722160818616387  0.59627767183840585  0.60638986380181148
  0.61792887599186674  0.63007828158913204  0.64170403173429003  0.65353172199706622
  0.66489882850417881  0.67769980884808878  0.69011288636117041  0.70161340966759866
  0.71295793319630774  0.72440648923150541  0.73610917489722838  0.74769698708516652
  0.75992483790072252  0.77185466849503837  0.78299916549846382  0.79323371621278549
  0.80358019119421531  0.81433830006722252  0.82485775937820782  0.83532493287791720
  0.84520047963312339  0.85556112514670757  0.86634459087267757  0.87783209845206267
  0.88909941083513144  0.89995453558695315  0.91017647791893963  0.92050390465444920
  0.93117636219701672  0.94149794031514877  0.95109956124468642  0.96110747048556577
  0.97120317163688286  0.98086755556693184  0.99022804783409502  1.00000000000000000
  0.02569437567472252  0.02640264396709519  0.02789629377891022  0.03129601601502067
  0.03538067053401070  0.04265769278320013  0.05380606636196447  0.06472986178429159
  0.07493281886277764  0.08496999010810097  0.09501889978890789  0.10503428100855486
  0.11457494803243193  0.12515351774336658  0.13630624003256644  0.14742023992780617
  0.15801432311017957  0.16797067206172903  0.17777192130982175  0.18818163377298322
  0.19963672572339464  0.21157255007914275  0.22272474932062594  0.23333941196521138
  0.24397689955226373  0.25362579926674633  0.26296159241482514  0.27264921320855712
  0.28218313589616112  0.29161280992035732  0.30055561839116096  0.30978809592154877
  0.31987506931950749  0.33045557056791935  0.34078024982517763  0.35103738475691004
  0.36164598238319046  0.37252603127313577  0.38336341133247315  0.39417489508096826
  0.40473689747264213  0.41439984584763734  0.42382544912005032  0.43356646225311241
  0.44356707300628595  0.45389856839156650  0.46423213497173127  0.47485034529035830
  0.48547657382587311  0.49555709184278035  0.50640002141754226  0.51630719043505358
  0.52768625806010716  0.53979660795568429  0.55352198439002376  0.56707855481519875
  0.57983753971245311  0.59006786127780675  0.60041183829945943  0.60950758550322848
  0.61819775868886007  0.62676893187114524  0.63526825703585876  0.64450319033968773
  0.65421150916305826  0.66306089088759734  0.67142376908695123  0.67992165851449238
  0.68838660851477074  0.69664021706314161  0.70518356345432731  0.71434327806006392
  0.72387440355857657  0.73354222835657013  0.74441899148578394  0.75553575991111055
  0.76654606557989713  0.77825830009738106  0.79058120285490463  0.80320344320810866
  0.81553791896616279  0.82783234801710481  0.83987767649359890  0.85187362558242896
  0.86428499350549470  0.87722569357618740  0.88798112222957137  0.89871104419247538
  0.90958506011037565  0.92079726252225425  0.93147656649724675  0.94247843579241664
  0.95469425665322527  0.96516260771520834  0.97104571267748963  1.00000000000000000
  0.05179842538253771  0.23174418221365076  0.26105963711209512  0.28265925439579209
  0.30096954105668156  0.31831975074921298  0.33455081614206267  0.34836439000441383
  0.36122026076151531  0.37311411050090548  0.38405250087277459  0.39440912072855733
  0.40449019469123115  0.41439183662725049  0.42407279214896865  0.43375304249369429
  0.44358317980502510  0.45369290755635949  0.46368066318810131  0.47345386782595883
  0.48309757539961545  0.49242350230215126  0.50148625534320235  0.51020049092975017
  0.51910725155788540  0.52713917999608639  0.53479540584296303  0.54237025050953092
  0.54981545511739438  0.55706919325378490  0.56445075576024051  0.57184238911083130
  0.57909887887722711  0.58658555258932332  0.59434620343539357  0.60170635012596996
  0.60864747887548798  0.61522755106985105  0.62157506238601457  0.62800562988544151
  0.63488395671793807  0.64290316021133942  0.65053626042997559  0.65745785601336360
  0.66410319255063732  0.67099662765685730  0.67808745134824377  0.68525529802805607
  0.69239586035432987  0.69941871125121569  0.70579881546288792  0.71144578311818818
  0.71689209905769646  0.72251572186466884  0.72821783165850917  0.73367366558599412
  0.73870886222685972  0.74330952967372010  0.74756237966968042  0.75144801404378470
  0.75526111064022472  0.75879202127713852  0.76270247982556438  0.76683371982520954
  0.77077732648534425  0.77461141500572894  0.77831148312756449  0.78203825410727490
  0.78565288959028712  0.78922353343487128  0.79289576772355341  0.79652533189908414
  0.80012455455875675  0.80373159402049665  0.80744443332650218  0.81119505014544346
  0.81459008939508570  0.81780598833291140  0.82097517617829197  0.82435015087117480
  0.82816776203218512  0.83200528688776998  0.83561245241688753  0.83935446782204359
  0.84301883327364591  0.84685953642470901  0.85136207584305201  0.85610961243241301
  0.86039070299128784  0.86457451307470146  0.86906750506891717  0.87312067513836455
  0.87544300011575382  0.87730051678418997  0.87900059717237189  1.00000000000000000
   1.3576492009336233E-037  -1.0000000000000000     
 F F F F F F F F F F F F F F F F T F T F F F T F F F F F F F F F T F T F T F T F F F F F F F F F T F T F T F T F T F T F T F T F F F F F F F F F F F F F F F F F T F T F F F T F F F F F F F F F T F T F T F T F F F F F F F F F T F T F T F T F T F T F T F T F
  <DiscreteSampler_grid>
  grouped_processes
  1 # 1 for a reference and 2 for a running grid.
  10 # Attribute 'min_bin_probing_points' of the grid.
  1 # Attribute 'grid_mode' of the grid. 1=='default',2=='initialization'
  0.0000000000000000 # Attribute 'small_contrib_threshold' of the grid.
  0.5000000000000000 # Attribute 'damping_power' of the grid.
 # binID   n_entries weight   weight_sqr   abs_weight
    13   10   8.929447740075138E-029   1.911194454977745E-056   8.929447740075138E-029
    14   10   8.929447740074622E-029   1.911194454977392E-056   8.929447740074622E-029
    16   10   3.559940177430393E-028   5.018752783328643E-055   3.559940177430393E-028
    17   10   3.559940176574669E-028   5.018752779903701E-055   3.559940176574669E-028
  </DiscreteSampler_grid>
