  0.00000000025086961  0.00000000033566831  0.00000000041055301  0.00000000048980384
  0.00000000056891491  0.00000000065156633  0.00000000073619072  0.00000000082515182
  0.00000000091501130  0.00000000100781213  0.00000000110275574  0.00000000119833742
  0.00000000130163166  0.00000000140558554  0.00000000150387709  0.00000000159849015
  0.00000000170356319  0.00000000180967703  0.00000000191942136  0.00000000203150447
  0.00000000214991341  0.00000000227258203  0.00000000239443912  0.00000000251584922
  0.00000000263450406  0.00000000276131817  0.00000000289068488  0.00000000301610256
  0.00000000313761418  0.00000000325689412  0.00000000337448836  0.00000000350435285
  0.00000000364249318  0.00000000378228142  0.00000000392217643  0.00000000406174785
  0.00000000419985009  0.00000000433579576  0.00000000447266212  0.00000000461729845
  0.00000000477024727  0.00000000492479854  0.00000000507753346  0.00000000522740545
  0.00000000537433808  0.00000000551738335  0.00000000565912217  0.00000000581730972
  0.00000000598240750  0.00000000614568104  0.00000000630885697  0.00000000647266668
  0.00000000663892230  0.00000000680971850  0.00000000698358814  0.00000000715754603
  0.00000000733081004  0.00000000752352187  0.00000000772558279  0.00000000793104946
  0.00000000812991461  0.00000000833015071  0.00000000853546715  0.00000000874098539
  0.00000000894471489  0.00000000914958214  0.00000000935244006  0.00000000955749263
  0.00000000979841805  0.00000001004250752  0.00000001028706422  0.00000001053401440
  0.00000001078538278  0.00000001104243666  0.00000001130606300  0.00000001157027952
  0.00000001185051906  0.00000001212775876  0.00000001243952337  0.00000001277878835
  0.00000001312375531  0.00000001347970159  0.00000001385960726  0.00000001426489849
  0.00000001469234825  0.00000001513244968  0.00000001555390117  0.00000001604016842
  0.00000001662887399  0.00000001729835800  0.00000001807636153  0.00000001898888611
  0.00000002009262696  0.00000002212972791  0.00000002368858731  1.00000000000000000
  0.00937194826140464  0.01648157787967863  0.02623536423689806  0.03646963394625009
  0.04662014872165154  0.05682039661906511  0.06706986694683666  0.07696438774684738
  0.08708877222122803  0.09746662639125631  0.10793391911877201  0.11856620586333928
  0.12915272899546273  0.13962184304760841  0.15005675288784232  0.16029002198171033
  0.17080307202086425  0.18086672404908857  0.19065924410773200  0.19993163969776578
  0.20950482971872936  0.21981001367278039  0.23103612950411354  0.24244375965649273
  0.25401601181456018  0.26515987135465846  0.27665131208598304  0.28823895981706082
  0.29884973497182227  0.30952199865196500  0.32010919019113476  0.33092184566525717
  0.34124077844201395  0.35185809655081096  0.36266209756060197  0.37320679286314556
  0.38337361318764035  0.39352964027570764  0.40383440635594176  0.41460936275368637
  0.42569773306226405  0.43688482355396957  0.44788330601631554  0.45850477316703309
  0.46876023236701098  0.47891474759440306  0.48953354941820920  0.50039912543993181
  0.51109379532941468  0.52154491608852827  0.53195891308088539  0.54230862195909701
  0.55261446244185253  0.56295684652763822  0.57325450158811531  0.58370397160210319
  0.59402002349775129  0.60424216962369826  0.61438990989426134  0.62465345600253919
  0.63454417310624034  0.64408123540014595  0.65336378757252311  0.66270202210782081
  0.67198988311085484  0.68108894768742412  0.69049213484300143  0.70053533021330749
  0.71070020721051452  0.72087379930858764  0.73112843833963215  0.74171712081613717
  0.75257072957325510  0.76322354244762092  0.77379830608613154  0.78446648990590029
  0.79501362195724090  0.80506921012655419  0.81475376816465139  0.82434791409349029
  0.83407083425710515  0.84408676498451329  0.85444775976671550  0.86484941515428093
  0.87493247286136500  0.88500712403906701  0.89485161408379699  0.90493345062192510
  0.91515824927522316  0.92600466098694612  0.93739799947811064  0.94879932070325224
  0.95998976897959420  0.97023010307994784  0.98077014215958025  1.00000000000000000
 -0.00245335698436208  0.00929787221528080  0.01928615371622782  0.03078612230747192
  0.04192648711764787  0.05268897021477559  0.06336592024111916  0.07440165070640453
  0.08513744948867502  0.09567081242667692  0.10611497131428414  0.11740945615512396
  0.12859357482979897  0.13998461218914957  0.15108345859424113  0.16188534517907094
  0.17215339604372540  0.18229778800432211  0.19249763518803509  0.20269871762704389
  0.21301907087115679  0.22349346812959159  0.23429317417150261  0.24488865576638116
  0.25519551373530336  0.26545965574805958  0.27574306079143501  0.28652873775144855
  0.29729177011073710  0.30779965760220429  0.31809812744385030  0.32840423381533179
  0.33843166988657586  0.34800434909995404  0.35753779975896499  0.36718490137900073
  0.37700438448796336  0.38684429327551184  0.39668388907743968  0.40674670856334488
  0.41703776544856147  0.42739118924602731  0.43779321149878575  0.44842416303880606
  0.45931825047877506  0.47006091748602008  0.48061868902610988  0.49124789515902378
  0.50193487205703446  0.51271796363659583  0.52323007705246416  0.53384940923001512
  0.54446901429338235  0.55551160034694991  0.56668459208361310  0.57737314086002356
  0.58782577794489321  0.59812008858754095  0.60833978454003867  0.61840201635784497
  0.62877941409630900  0.63949876422327023  0.65031149583523740  0.66126979586842083
  0.67211693059904332  0.68267801916195114  0.69298930356847799  0.70331294811184275
  0.71418614556953353  0.72544460263328048  0.73685980398496120  0.74828535524247997
  0.75961161991363046  0.77043786596119168  0.78038696353945358  0.79045492074711754
  0.80080623748515356  0.81139387428806065  0.82152834509136996  0.83163741980445371
  0.84193930525997918  0.85267138185489888  0.86362027003666941  0.87491906727808844
  0.88627821714131749  0.89732752829021700  0.90800316700559691  0.91881107136489326
  0.92933675103722302  0.93969235214190339  0.94947443631958939  0.95960848593635117
  0.96975119085811790  0.98005536362167678  0.99006516341268547  1.00000000000000000
 -0.00249810982500880  0.01197890024228968  0.02351201561508627  0.03457260123863298
  0.04531711448218628  0.05629739701522272  0.06712884255185132  0.07785049301113589
  0.08841904833368554  0.09870744653705812  0.10866323655946317  0.11867059054414714
  0.12893550607567988  0.14009812674187572  0.15111275110498304  0.16221879881207901
  0.17324688723826770  0.18414482647652319  0.19427750361481025  0.20413176433292793
  0.21447382940070839  0.22539599002885519  0.23660039636377331  0.24785772140489251
  0.25943849284949294  0.27097484742554651  0.28165604843759251  0.29191946561885435
  0.30234390886115253  0.31288532030084337  0.32332681242951750  0.33376317113118947
  0.34453474836945930  0.35544971174266965  0.36637262758080935  0.37730439624166795
  0.38819960217665689  0.39897096043551117  0.40947986168707001  0.41970532144027872
  0.42984672949374725  0.44008794473524920  0.45036167872326616  0.46072128589678585
  0.47139099015154523  0.48201660173920335  0.49210471090297780  0.50188394534603298
  0.51179056726481309  0.52147997889957898  0.53115024079564344  0.54095632133672078
  0.55124041094765763  0.56173304164317495  0.57219391833448363  0.58273033832070142
  0.59332388205891307  0.60397905029267351  0.61468564686446492  0.62500954372238027
  0.63499014680771293  0.64500085828493159  0.65520937987177352  0.66548905244343171
  0.67603942771688563  0.68721835246736873  0.69877296535287492  0.70982891782763369
  0.72012650268365797  0.73011294036958552  0.73999373096376475  0.75020525133431692
  0.76034687312699800  0.77047856542033455  0.78061624499834192  0.79081753769520946
  0.80137286568183763  0.81272190949917666  0.82412225181123666  0.83478231468454034
  0.84456340767221227  0.85382609158661404  0.86350064286425476  0.87354185944693719
  0.88437255821594574  0.89540194647633631  0.90582187950939819  0.91600632337283661
  0.92615639721572030  0.93624000578074762  0.94608794712975186  0.95616331918551156
  0.96699935374194357  0.97820723031923984  0.98902819452682122  1.00000000000000000
 -0.00220562342398801  0.00946017103170202  0.01903890952998830  0.02899733849169459
  0.03887673719469861  0.04924191952695343  0.05968599912995502  0.07037209591888163
  0.08128818966563257  0.09159906693781802  0.10171635038499621  0.11226777137001695
  0.12346908989018036  0.13450011317243954  0.14532574983889476  0.15597427910281059
  0.16619261507327981  0.17621174705819451  0.18633705884018409  0.19636464752268701
  0.20613542881384406  0.21627289485655657  0.22685036987337576  0.23722943038876979
  0.24702369150211029  0.25693019445781723  0.26742505102292824  0.27833076224349029
  0.28909516403695878  0.29960274780618912  0.30994965271811104  0.32037854017761425
  0.33122797391502523  0.34233345551484312  0.35308599150897768  0.36344219589376808
  0.37359352152564751  0.38398540057743574  0.39462426472844675  0.40542992902653946
  0.41643156952168442  0.42734068282201826  0.43807544090861883  0.44877807670626668
  0.45957622538856940  0.47019181775561175  0.48077266897329030  0.49127875697714524
  0.50199806651725143  0.51309008267454514  0.52420367010696822  0.53518552653156426
  0.54605240151727108  0.55668889883164485  0.56735657950061869  0.57801155325759079
  0.58885756982279325  0.59979877265210790  0.61043571247087991  0.62114398111951052
  0.63156236417298584  0.64183648634415702  0.65205738973186156  0.66232047706206931
  0.67261915797005201  0.68319644352344011  0.69365357486658341  0.70433354621903255
  0.71453211296861618  0.72452873726523748  0.73436840760965705  0.74441492219195327
  0.75448974589096574  0.76495539570222670  0.77589111848712167  0.78741337993553540
  0.79845189299640551  0.80866604089268657  0.81845414643249170  0.82818628485244616
  0.83831181581452929  0.84913524295795206  0.86023636451647301  0.87129599443263750
  0.88170994253053969  0.89147975633403309  0.90121333193786646  0.91098969829167920
  0.92118926740715890  0.93156753187157049  0.94194506266514633  0.95301894505118667
  0.96421669121829068  0.97568018284749369  0.98772722743889818  1.00000000000000000
 -0.00215956504552832  0.00988131562167964  0.02032459198974667  0.03112482034077241
  0.04201120008288688  0.05273352580408770  0.06325463006396177  0.07489229121474360
  0.08581311285781247  0.09651794325467503  0.10753361536005601  0.11889399263682607
  0.13024309344681476  0.14089746479419857  0.15168900801242241  0.16227973378808619
  0.17246702349469914  0.18288978723616436  0.19307438023112167  0.20347998844533868
  0.21405460677103499  0.22459890332564456  0.23475492307750112  0.24477068122067508
  0.25488511464414904  0.26501474736175101  0.27503129509257773  0.28523263829995943
  0.29520057198811545  0.30503217783139885  0.31473200549480945  0.32485718462342800
  0.33452844935110093  0.34406085655966512  0.35356811705835517  0.36359728550001369
  0.37341766923327374  0.38314968968872609  0.39293888928373899  0.40310642034869915
  0.41339259489864894  0.42386863291390398  0.43454959428568729  0.44514880201783008
  0.45542543694180149  0.46562627817608493  0.47568984521034252  0.48576266192976753
  0.49567609424001002  0.50580919735772578  0.51610066938342369  0.52614439877861874
  0.53595938131345766  0.54568312979526123  0.55563001247794930  0.56571976244246513
  0.57608776882938340  0.58658551492920130  0.59749201441571120  0.60879361625682582
  0.62031956618163275  0.63167406743865484  0.64260558998302408  0.65318284756226663
  0.66405257948926344  0.67546524917451278  0.68684981480646956  0.69776227955048153
  0.70892582746863675  0.72062541036386718  0.73220420031869138  0.74330218333181419
  0.75412698437384607  0.76486752547360293  0.77532688596974486  0.78568160745530768
  0.79601676407656363  0.80648005766086805  0.81696935701656381  0.82761606453311265
  0.83846586538146362  0.84925010221974662  0.85993876230077615  0.87047896125573787
  0.88105431249126920  0.89200378405022707  0.90337365229914612  0.91489332537110024
  0.92627653788343267  0.93722728980175440  0.94801221540212344  0.95865676364478336
  0.96908354749920567  0.97956127996493236  0.98972718779508451  1.00000000000000000
  0.01417065546396517  0.01632772175221869  0.02121800756718460  0.02697123756844224
  0.03284609056858941  0.03862907073386487  0.04419910452218107  0.04965786134554298
  0.05514845576932077  0.06062810411969934  0.06597866918851901  0.07125497660257224
  0.07658012213742482  0.08198436152604924  0.08747948846120022  0.09310855293918090
  0.09871332829757817  0.10436597961420045  0.11002393398458392  0.11566941539777378
  0.12134246851601044  0.12695139838825320  0.13247092232738022  0.13790881472684655
  0.14346827272020563  0.14911768812506956  0.15488426009034939  0.16054319537661829
  0.16605183796548728  0.17147503687280441  0.17686628404385193  0.18226049056176863
  0.18775333618844295  0.19359311095887993  0.19985782314201922  0.20615959684897273
  0.21263241000256963  0.21922397705321242  0.22596234904442891  0.23277748182581046
  0.23969783810948678  0.24659599056552031  0.25339940643343156  0.26016099752919974
  0.26706016528206616  0.27412474441472318  0.28135469690534520  0.28866149106662536
  0.29583971122545921  0.30290896958272373  0.30992823431549504  0.31704916876089012
  0.32422813137302114  0.33167705091060545  0.33926000394685685  0.34728970316717311
  0.35513452232051268  0.36290894904018622  0.37049198544754797  0.37812613708628706
  0.38591133989726395  0.39394698860821598  0.40216911801560223  0.41061221511792617
  0.41914639935018994  0.42803081121208808  0.43727318473051080  0.44690833524836282
  0.45660203275482114  0.46641793880359245  0.47644319737728047  0.48690208642754723
  0.49748159901084826  0.50809553525826479  0.51909288445808788  0.53018240817265205
  0.54155512485605217  0.55337001950386688  0.56547621748575339  0.57773769555684040
  0.59041368452452803  0.60400980473267951  0.61777950434262185  0.63194601651673787
  0.64663447405044860  0.66231911009516653  0.67868484533806861  0.69555351529179299
  0.71360443916591687  0.73423119781099078  0.75809548420192607  0.78543312050253111
  0.81700058146427790  0.85250120306348787  0.90040431836643731  1.00000000000000000
 -0.00263882173880062  0.01034586904034811  0.02130153074935960  0.03115932148553721
  0.04085905573443607  0.05062170452723007  0.06074143623798269  0.07128676973238783
  0.08143933187380703  0.09224877829192521  0.10296546934244617  0.11360614594121708
  0.12409463390389779  0.13505069927935465  0.14631208979709787  0.15716603792278103
  0.16753686045079130  0.17771220739966087  0.18827999665513423  0.19935774136895454
  0.21080395281802713  0.22221068849944936  0.23312384984098244  0.24379441315316461
  0.25441387671576493  0.26500940648667293  0.27567622608390818  0.28649144496289208
  0.29715967466957999  0.30736208089099071  0.31737811863634335  0.32735886244288476
  0.33716506853791861  0.34686440295152149  0.35688749025802036  0.36712286993522958
  0.37794088492462591  0.38896628808818329  0.39964515339857026  0.40976049608829734
  0.42007307199059263  0.43107286696069819  0.44183535242091426  0.45181093031142572
  0.46165629793345137  0.47181746904255312  0.48241739662987670  0.49305221640258429
  0.50397515564480155  0.51518453203678438  0.52635989014545748  0.53701016750847785
  0.54766579138317184  0.55787651478569289  0.56837016877352609  0.57894605243905195
  0.58935937035157515  0.59952447594763114  0.61010268712051496  0.62099492818208091
  0.63228802341377577  0.64326881543889047  0.65437125489094983  0.66473049831837372
  0.67519791499381221  0.68583756856723366  0.69683015291211214  0.70740964028792830
  0.71779317630164741  0.72838022391346169  0.73879980601914630  0.74920495063886750
  0.75964965332166168  0.77033425253163412  0.78128278532019046  0.79180209322826833
  0.80227646254879414  0.81266159636758861  0.82376656919218583  0.83482364923133179
  0.84561253419671900  0.85623381456451597  0.86697960207527291  0.87777178636599063
  0.88847462721182369  0.89917762486567054  0.90989365715204396  0.92027543241657161
  0.93042643084158183  0.94035652000446923  0.95045006862743420  0.96044895072971093
  0.97068499841628131  0.98046467486750344  0.99044870623672387  1.00000000000000000
  0.02449864419482372  0.03124020104822849  0.04040509176580830  0.05003230121946232
  0.05982511022601641  0.07004350903102419  0.08093897965553357  0.09187788713192399
  0.10238917562554013  0.11215134710130711  0.12116466025180281  0.13000454721107327
  0.13886546742337960  0.14797843151387211  0.15792195270049164  0.16814172643014261
  0.17880811849797187  0.18933200160731861  0.19975198867505567  0.21027321105376437
  0.22064258910398965  0.23078273803769356  0.24061818321017409  0.25073805467643062
  0.26134495816737358  0.27228760644087940  0.28294801303255324  0.29306904679026724
  0.30293873713550096  0.31268079710654900  0.32211010376947924  0.33145983513707661
  0.34129844981903823  0.35221920081764924  0.36353280255305154  0.37458559176302897
  0.38538688505889201  0.39633186983810753  0.40704521539606364  0.41758481220410132
  0.42747003338176076  0.43719907256632429  0.44655326853227423  0.45642618778696792
  0.46666460290522116  0.47658158451341848  0.48654923510770942  0.49657885939654350
  0.50668308639314841  0.51655403245513354  0.52637991846310006  0.53629350712913826
  0.54605150525276214  0.55538051554278478  0.56483397495897814  0.57473390851557227
  0.58509591703608321  0.59505749363218274  0.60517038883643592  0.61558940816434338
  0.62622583326668879  0.63656472152039290  0.64665356434129184  0.65664397009546416
  0.66647579693102788  0.67617745127503970  0.68579973180051645  0.69614392099605082
  0.70644854442684479  0.71698619234074978  0.72744347007904686  0.73796195143791221
  0.74854772756896926  0.75917090118655151  0.77014780719430387  0.78221151183881810
  0.79438227013383000  0.80607296626916003  0.81700483261810042  0.82741259821919089
  0.83750065673012086  0.84729479723128842  0.85696492230872823  0.86644997175403449
  0.87592529588188928  0.88540026170979602  0.89499066463757415  0.90466063107757122
  0.91459935504755074  0.92488447532832230  0.93525843559664701  0.94546492205539845
  0.95575476318448482  0.96511535276999005  0.97089636191878392  1.00000000000000000
  0.07190476526840102  0.13540467600562178  0.15584187008524833  0.17294681379865079
  0.18855056192820854  0.20124887599029206  0.21299949942579405  0.22394126756403207
  0.23478343367948953  0.24505590472324748  0.25485530916410365  0.26450563763446766
  0.27423588421562772  0.28383605312550608  0.29331665610849467  0.30290057751597027
  0.31239534335138336  0.32149579324851485  0.33047165000170031  0.33928918323720847
  0.34789567862008752  0.35615061509265067  0.36422187829283065  0.37214990645999574
  0.37987530697772603  0.38760957341168961  0.39541446260098634  0.40314111373770339
  0.41070666241301623  0.41804234471775248  0.42515151752407998  0.43195861918689271
  0.43853269833903014  0.44488374396670960  0.45124299639909321  0.45763069748467822
  0.46412855264608144  0.47069068800862096  0.47725069353980087  0.48380972393897170
  0.49022338886540728  0.49656881493600169  0.50280655398286567  0.50883048209719572
  0.51473680341005479  0.52045555866691984  0.52602701966980792  0.53176107690269414
  0.53750177150000322  0.54315078481575152  0.54869955446109553  0.55421129072148190
  0.55972539820167133  0.56510535402571560  0.57028022265849976  0.57540780360983645
  0.58049819035496908  0.58554824029282293  0.59050010387219509  0.59564263564952602
  0.60077611073393566  0.60576344243012115  0.61069894982254047  0.61548085232210381
  0.62029915939681657  0.62527224743053411  0.63038637200017267  0.63555776189159285
  0.64069889932241852  0.64596928916893637  0.65121166191427049  0.65648907165437143
  0.66173800971525687  0.66682003226098541  0.67185022568732622  0.67684409607572316
  0.68182463332689625  0.68695668140522981  0.69223511301974205  0.69769042377778745
  0.70316996075590554  0.70883178706954930  0.71475357208662349  0.72076893917840368
  0.72695936538415751  0.73355598623744267  0.74048400833344796  0.74777403653213415
  0.75563130744583173  0.76396857968234555  0.77310125289584963  0.78395534999646532
  0.79863381555007129  0.81617960473949080  0.90058204997474800  1.00000000000000000
   8.6533531159893695E-019  -1.0000000000000000     
 F F F F F F F F F F F F F F F F T F T F T F T F F F F F F F F F T F T F T F T F T F F F F F F F T F T F T F T F T F T F T F T F F F F F F F F F F F F F F F F F T F T F T F T F F F F F F F F F T F T F T F T F T F F F T F T F T F T F T F T F T F T F T F T F
  <DiscreteSampler_grid>
  grouped_processes
  1 # 1 for a reference and 2 for a running grid.
  10 # Attribute 'min_bin_probing_points' of the grid.
  1 # Attribute 'grid_mode' of the grid. 1=='default',2=='initialization'
  0.0000000000000000 # Attribute 'small_contrib_threshold' of the grid.
  0.5000000000000000 # Attribute 'damping_power' of the grid.
 # binID   n_entries weight   weight_sqr   abs_weight
    13   10   7.885067064803047E-009   2.098714936267368E-016   7.885067064803047E-009
    14   10   7.885067065008355E-009   2.098714936277481E-016   7.885067065008355E-009
    16   10   6.556362057816282E-009   1.394900838655967E-016   6.556362057816282E-009
    17   10   6.556362057916887E-009   1.394900838658182E-016   6.556362057916887E-009
  </DiscreteSampler_grid>
