  0.00000000025283925  0.00000000032209410  0.00000000039562813  0.00000000046915320
  0.00000000053962951  0.00000000061032624  0.00000000067995212  0.00000000074777778
  0.00000000081354633  0.00000000088698775  0.00000000097598781  0.00000000105790085
  0.00000000113426825  0.00000000120575637  0.00000000128715409  0.00000000137432987
  0.00000000147307425  0.00000000157119354  0.00000000166367005  0.00000000175183718
  0.00000000183753893  0.00000000193430751  0.00000000203802791  0.00000000217504975
  0.00000000229970700  0.00000000241834730  0.00000000253916219  0.00000000264981885
  0.00000000280370770  0.00000000295753575  0.00000000311168438  0.00000000324929057
  0.00000000335649808  0.00000000345256450  0.00000000356050027  0.00000000368284504
  0.00000000380704248  0.00000000393492305  0.00000000407097017  0.00000000423182986
  0.00000000439776153  0.00000000457402150  0.00000000475772756  0.00000000495024729
  0.00000000515808415  0.00000000536928506  0.00000000557474863  0.00000000578641577
  0.00000000600176800  0.00000000619145831  0.00000000639177372  0.00000000659075599
  0.00000000678318251  0.00000000697196250  0.00000000717729175  0.00000000738948183
  0.00000000760001368  0.00000000783708255  0.00000000809646627  0.00000000833460887
  0.00000000858752634  0.00000000882434683  0.00000000904742800  0.00000000925967925
  0.00000000945033421  0.00000000962646564  0.00000000980077515  0.00000000999079420
  0.00000001019377652  0.00000001044927344  0.00000001071079221  0.00000001097361159
  0.00000001121287702  0.00000001144523628  0.00000001169991066  0.00000001194157823
  0.00000001218032413  0.00000001245453547  0.00000001276643758  0.00000001311325774
  0.00000001346717991  0.00000001383450517  0.00000001420022334  0.00000001457380843
  0.00000001496841949  0.00000001535146406  0.00000001576880800  0.00000001625320168
  0.00000001690319346  0.00000001754300686  0.00000001820719731  0.00000001897504621
  0.00000001996095132  0.00000002201094540  0.00000002366548832  1.00000000000000000
  0.00879243413679760  0.01989073421240186  0.03286954013083648  0.04555225190117130
  0.05830116732329712  0.07049175222775464  0.08248487584027039  0.09742884488747849
  0.11306482653766092  0.12734009352547732  0.14036202013679849  0.15277201004191795
  0.16410595221479485  0.17382479589514901  0.18258984643679968  0.19139265917928622
  0.19944993490592203  0.20721340976752597  0.21505753356419130  0.22282718516966671
  0.23026216880529232  0.23955268496628701  0.24820419322115908  0.25970401399720799
  0.27124391705106676  0.28171506656440243  0.29295601960112538  0.30502517975088550
  0.31810732969734412  0.32993277276666422  0.34121236064139543  0.35220382406705658
  0.36281210084868054  0.37335837065362815  0.38398095916805708  0.39603227131448515
  0.40515495565024368  0.41338085768619948  0.42130212081203205  0.43039536679061807
  0.44073721316350983  0.45079626677417367  0.46078410349987614  0.47079438873146784
  0.48060961748174519  0.48953138810119751  0.49818200771947074  0.50658423926565310
  0.51585601172843709  0.52639511947230899  0.53591823763348401  0.54584159266896237
  0.55740068767528106  0.56913451590971165  0.58102321502279797  0.59379552436198646
  0.60639985463587653  0.61749709876413517  0.62697380848178619  0.63545380480851754
  0.64408019577576681  0.65346706461299886  0.66353463939128521  0.67410437984790228
  0.68532035670168001  0.69771060677003716  0.71084892327922911  0.72367070524723165
  0.73509495675066705  0.74586005756882967  0.75865735453932970  0.77028214286376806
  0.78137089187278974  0.79147452526390594  0.79906721975102080  0.80607749195000244
  0.81364292174829900  0.82098248428858633  0.82747796838591559  0.83398222744784278
  0.84125657423994993  0.84916913927543203  0.85686275049438332  0.86601719193499338
  0.87463547128338204  0.88406634825062747  0.89446839157578717  0.90542774751081201
  0.91758007994554724  0.93170778739381599  0.94864296741926590  0.96320606884889726
  0.97462793842367956  0.98474238463001784  0.99061777278992846  1.00000000000000000
 -0.00000018041736639  0.00008052967211575  0.00063759254890586  0.00170646976837638
  0.00325368368290132  0.00593283978553561  0.00907835976063063  0.01305516077856219
  0.01701597880474574  0.02152633751056326  0.02643306389236870  0.03140892835544821
  0.03656930672593914  0.04259034462714004  0.04999060376476000  0.05708711538490045
  0.06474601660324929  0.07244937594295715  0.07828737689538379  0.08519271683676799
  0.09248505556657415  0.10002972286244165  0.10759192451765884  0.11567337780076904
  0.12394283884946222  0.13198879342314920  0.14099003437326676  0.14975053316105957
  0.15810714901388634  0.16619657410891439  0.17398920884269875  0.18191289106752456
  0.19050724496813701  0.20019296708242182  0.21038702808835341  0.21974990039076586
  0.22926923117266695  0.23889301445142871  0.24921350950083890  0.26073993284910679
  0.27180772383262747  0.28363087870375775  0.29618181818872491  0.31112744912928936
  0.32814356205498740  0.34068551182235929  0.35166765803371791  0.36221790969389589
  0.37214913812629352  0.38166013293607193  0.39151760863493351  0.40148983512432995
  0.41161734357245339  0.42294371403980374  0.43575025895663211  0.44841616073786617
  0.46136154187685968  0.47327141015237906  0.48453021341082547  0.49581055653522726
  0.50750543935045944  0.51970264070241490  0.53190892308642124  0.54423378462652661
  0.55624199572060751  0.56826900799006186  0.57989945358161177  0.59056755672510519
  0.60143955403107174  0.61273665996525906  0.62515846342641845  0.63857605652717053
  0.65278664732463509  0.66765377521274294  0.68245111534448089  0.69812787491679085
  0.71336339111457769  0.72855154232594121  0.74420364909456349  0.75937019994112664
  0.77418393972481836  0.78819743349554516  0.80178320135665260  0.81541654543310305
  0.82953168854808279  0.84597613595212817  0.86286602581448402  0.87934413942181100
  0.89538716937964957  0.91076601645800204  0.92610547194989290  0.94114882472679318
  0.95577215866377674  0.96982973091618485  0.98459455942461227  1.00000000000000000
 -0.00265486441693429  0.01039491038846016  0.01978329451270783  0.02928678959610528
  0.03878201831941348  0.04913248058474524  0.06078247497881738  0.07327735498495447
  0.08544773865384928  0.09641420407861014  0.10699705369353184  0.11811736900377204
  0.12943556314895058  0.14087061647191326  0.15360997231130710  0.16749468569501633
  0.18078416878640990  0.19358288811813326  0.20261788095221950  0.21213470837884357
  0.22126830752675519  0.23054400593905330  0.24206610933749562  0.25658862864932053
  0.27121892926070934  0.28487348073675867  0.29831656280774194  0.31067293664024909
  0.32285780301737693  0.33513842359153989  0.34748819555487964  0.36047540586631976
  0.37350623394695215  0.38721726482550700  0.39822868551549578  0.40613529967908207
  0.41460426856076371  0.42229587553026432  0.42964038860242920  0.43688826715133394
  0.44469642281619864  0.45172809557933225  0.45930531336711133  0.46981498396961724
  0.48105031291384115  0.48827382480358050  0.49449981871091025  0.50050636147242222
  0.50677049283461373  0.51454444662437215  0.52333942713273562  0.53089233937917180
  0.53748797379473900  0.54595246040487422  0.55639225812114323  0.56680152550114149
  0.57594711593544301  0.58458891035135385  0.59397362269151988  0.60424145441250110
  0.61492314419594429  0.62409498054948309  0.63334542034899055  0.64350625141320095
  0.65161382306715177  0.66086478752063804  0.67221233216983356  0.68385807821376787
  0.69370811316228009  0.70266957817178777  0.71227159191098177  0.72464250393910401
  0.73697170047139071  0.74782861833775605  0.76119932891940301  0.77356961945070313
  0.78347270927636470  0.79525155780711676  0.80790934659414071  0.82096050747494775
  0.83221666175925679  0.84408205728024144  0.85736253142232266  0.86989411645528780
  0.88208935383440712  0.89450434782318400  0.90773075639139422  0.92146632165341580
  0.93525505349921900  0.94905897495312663  0.96105095767933435  0.96952544257623707
  0.97814824203235951  0.98496970685114882  0.99269334623822481  1.00000000000000000
 -0.00250855618001527  0.00988624837041688  0.02010156995186032  0.03134175357494599
  0.04250897142523878  0.05321056578260257  0.06363153305870276  0.07452672888221239
  0.08564236170143449  0.09630378347105914  0.10642468800469913  0.11640178843660358
  0.12642648150710417  0.13770395279396427  0.14865448980440574  0.15950687558120066
  0.17169241219485168  0.18371976946873697  0.19627715848677091  0.20742075495716869
  0.21614099648126403  0.22383238183722384  0.23148754226000856  0.23983504211875542
  0.24886067066190529  0.25837562646136419  0.26622642788048506  0.27316336846408618
  0.28298430732673308  0.29259572418732732  0.30403810395502973  0.31374548175652206
  0.32386163040611049  0.33327303871603853  0.34704384064330090  0.36067657855421237
  0.37414198586776504  0.38854122360759719  0.40227089535700056  0.41456341495982174
  0.42968297898705832  0.44502853757627936  0.45999722176503566  0.47500213485214854
  0.48878827962341082  0.50283796274276893  0.51670519713465013  0.52825999414720648
  0.53961477791602708  0.54972743203863617  0.56042452652689845  0.57191044889153697
  0.58400580124363732  0.59569232142532080  0.60500256101347283  0.61606899901940537
  0.62738085117369147  0.63620736579391246  0.64600869837125985  0.65493888719362447
  0.66345485358391343  0.67178119861666674  0.68030077105142239  0.69037112439805548
  0.70357249202493510  0.71612163834482057  0.72784306683778555  0.73813957504874861
  0.74847463674069792  0.75935030306640250  0.77043980645674959  0.78081932590842051
  0.79005041020811217  0.79917495264735827  0.80879633543279272  0.81896113308180707
  0.83038969424731757  0.84012772783847822  0.84945936730630356  0.85737828831341190
  0.86360980364309969  0.87033378377300508  0.87654441374889625  0.88337219288235536
  0.89056059706257373  0.89818588272303712  0.90629271817447332  0.91507848020993210
  0.92542254144553515  0.93418005067616838  0.94256967727814733  0.95080780127149023
  0.95925808993407058  0.97055787829615947  0.98468068027948907  1.00000000000000000
 -0.00286784755971053  0.01346924516844118  0.02454640813472671  0.03569480654316106
  0.04804992245834780  0.06084929737360847  0.07380468865147138  0.08661283712030825
  0.09924857410132341  0.11570585636908720  0.12676596357358647  0.13700620972155136
  0.14751750689164489  0.15659386766402589  0.16503007445194706  0.17440207974963565
  0.18473215193721143  0.19543904338202553  0.20571327134538830  0.21455825683444468
  0.22299350735072324  0.23044716862532116  0.23662897841653474  0.24252355533944539
  0.24761100658008511  0.25298894379095016  0.25983188008936714  0.26767275712725080
  0.27560782516204335  0.28153938154636543  0.28669257640190238  0.29291387093893201
  0.30105749643097490  0.31256451060915158  0.32702576176159665  0.33923487697363719
  0.35075366689574106  0.36308846448270726  0.37467033761602642  0.38362888033786841
  0.39150820754915544  0.39962562609298885  0.40831972192909960  0.41727299287832886
  0.42518009862839851  0.43317292757220804  0.44274231570930750  0.45406651090149103
  0.46513214128796987  0.47659535329035269  0.48505152647099425  0.49362422238413350
  0.50277167015344726  0.51228443041398364  0.52086363231550403  0.52855043241521127
  0.53620152943603183  0.54455133663977096  0.55455528523040054  0.56344397101378918
  0.57241637185055494  0.58168494431476059  0.59155306867880286  0.60209449130621195
  0.61249531574769678  0.62239342462835734  0.63207692186185582  0.64213238156903985
  0.65288505104956274  0.66348544163729151  0.67345849455238938  0.68338862850427817
  0.69313518253146911  0.70240781977512978  0.71146191438979312  0.72110623724398781
  0.73122368193148235  0.74247298561857089  0.75393921142945441  0.76726384448982521
  0.78383985835629333  0.80229005162390010  0.82015061675729994  0.83545747683339489
  0.84899770627337701  0.86171492175277542  0.87389071769598470  0.88585639811429362
  0.89970337286528923  0.91469692041874717  0.93067441854415300  0.94863390228552380
  0.96374727937506688  0.97580650685074533  0.98829362940602516  1.00000000000000000
  0.02803088791924012  0.03191099179311666  0.03491254294933684  0.03778144773894113
  0.04151263622729411  0.04563117307948373  0.04982073015468652  0.05392290777665400
  0.05800546861339117  0.06252075183462161  0.06678533234624337  0.07139808382421309
  0.07720791006791235  0.08285072358474281  0.08776555467736463  0.09247944832716666
  0.09729642736480351  0.10164798318947074  0.10620955353356075  0.11093906259242395
  0.11571673897206772  0.12054251608816699  0.12572498613000291  0.13092319432867738
  0.13596759966684024  0.14121088284587927  0.14648157937847198  0.15159626058968867
  0.15711110984232962  0.16218479057275748  0.16705872307461922  0.17145449405590873
  0.17612160611490563  0.18104278034344992  0.18561657153288794  0.19046989888975521
  0.19530431787861596  0.19997419315449597  0.20452447778416732  0.20944825205440853
  0.21415452503491800  0.21833756402717339  0.22247016891893406  0.22732044240399402
  0.23371440810538680  0.24048508689472181  0.24690722146883770  0.25328418730166580
  0.25936335729353605  0.26552729872722025  0.27196055206967473  0.27997061551395552
  0.28822285606688491  0.29644236092882770  0.30500609983073229  0.31293838000244106
  0.31999348478681000  0.32724307329230740  0.33455241100168426  0.34205877204771706
  0.35016316233897060  0.35868576992780637  0.36808695327863833  0.38039447924530312
  0.39236618931775175  0.40360598904799438  0.41477035919777072  0.42730920868817707
  0.44089943088982531  0.45263125424617079  0.46205606172388203  0.47074693911127463
  0.47948805996091481  0.48727847297104210  0.49756984807787497  0.50856918966573128
  0.51925275596784282  0.53186272729174611  0.54452603209827255  0.55996812225751369
  0.57446361659513911  0.58820799273032454  0.60471595723439941  0.62704657215750803
  0.64899033564035857  0.66496364326964863  0.67929817941977966  0.69448072717611109
  0.71199529698992381  0.73391341907757501  0.75810777098998516  0.78612993035666368
  0.82129740522272143  0.86371838845733817  0.90588229008835819  1.00000000000000000
 -0.00290929381588895  0.01074556094769006  0.02245498943812645  0.03461407011781740
  0.04767105271961988  0.06113996106431368  0.07457845284724209  0.08721852342632289
  0.09919714583042362  0.11070285359646737  0.12158957695348901  0.13183666641145086
  0.14085362842766053  0.14845118323473430  0.15734711300053517  0.16666702173353654
  0.17020542929058818  0.17577213824612326  0.18271340214632048  0.19024398587141569
  0.19871929369541319  0.20696820741538272  0.21467656510544381  0.22142504055754611
  0.22810147746767243  0.23578542038184083  0.24327890091960808  0.25021296099971774
  0.25824889689771624  0.26797639761034037  0.27941673584741256  0.29146671380781514
  0.30389867538449733  0.31591465206410430  0.32692771378615404  0.33809119654510283
  0.34879508943511373  0.36132782636953448  0.37429914084783827  0.38673387416451338
  0.39918141661035794  0.41167292332497252  0.42671981390021574  0.44098352116958656
  0.45178945600537002  0.46251446714692090  0.47368558208969175  0.48350732713652855
  0.49425468287025703  0.50687102403198792  0.52062716632597983  0.53078371726816753
  0.54047416414522675  0.55153384881200074  0.56239421928300148  0.57092026366406334
  0.58017804790994310  0.58910991324330753  0.59872984774057358  0.60830481273962045
  0.61658453302944316  0.62414362311336735  0.63210672321942807  0.64142617194518448
  0.65293037852966185  0.66390121576920402  0.67317551221904171  0.68126535015888345
  0.69034998928636837  0.70358924342950491  0.71703458819969568  0.73094667037645833
  0.74488808165890352  0.75842484354904272  0.77158660980608440  0.78077359165061033
  0.78935766002936447  0.79847330451364740  0.80832180206424609  0.81809701867565987
  0.82714041940100336  0.83661027777192953  0.84654378858826029  0.85662923961107684
  0.86609561440192384  0.87598650635219055  0.88743453768776215  0.89922968139747350
  0.91039602801221620  0.92151640853595307  0.93247490473207373  0.94267173780325597
  0.95414147324320331  0.96768428299532261  0.98377208680957662  1.00000000000000000
  0.64768298441113648  0.68359376250293968  0.70641023459145613  0.72541284144611973
  0.74632533939153256  0.76586629437563025  0.78314751791611414  0.79814957136759501
  0.81195767558611942  0.82467247769031127  0.83644154791199865  0.84636328242652648
  0.85556725841265591  0.86523673871632678  0.87427026218789716  0.88212033300707493
  0.88947407565184533  0.89626621872146495  0.90217209589691927  0.90750944961494417
  0.91261174527224542  0.91695815157412242  0.92081980618844983  0.92454024055434425
  0.92802656522094840  0.93124698477064005  0.93421722837506227  0.93681496949704357
  0.93886493620766276  0.94064541832464454  0.94245667425069801  0.94444388572367710
  0.94617516318986694  0.94763463189395480  0.94890632608363734  0.95019113897965568
  0.95156034460813077  0.95303651304895665  0.95454228807807073  0.95593117869072064
  0.95716340276417433  0.95829821188796394  0.95933139674551249  0.96020440063543178
  0.96100685056623636  0.96168892124702732  0.96231752661595260  0.96294636977626435
  0.96360418439348894  0.96425744951340520  0.96486367956735619  0.96541075225031958
  0.96592079420955157  0.96639442582745139  0.96683501023743956  0.96727696888386105
  0.96769029782813887  0.96807354645698007  0.96840962659315089  0.96873932977627442
  0.96906135501660473  0.96937368045944461  0.96966867047544902  0.96998117515388604
  0.97032056023877467  0.97083892217805889  0.98184307954759698  0.98220905927497715
  0.98250827950116060  0.98276975402944700  0.98301339109131425  0.98325773716795406
  0.98350235791751017  0.98379087786205854  0.98409243997196749  0.98440796423252930
  0.98475757718959944  0.98513377640822486  0.98553359003117391  0.98598156442929852
  0.98646006833190680  0.98697655844715881  0.98755502611838208  0.98818363035025281
  0.98884049118559991  0.98948881139602607  0.99012777233940397  0.99080168343146380
  0.99153330506050896  0.99230423284334424  0.99325313568695406  0.99433073997415633
  0.99548643573864593  0.99669729919476979  0.99811350984432978  1.00000000000000000
  0.05118151378528566  0.12620294836079643  0.14498243580604869  0.16415053914225855
  0.18330026917353751  0.20391663699185983  0.21710949665392981  0.23031570481948566
  0.24046766791555066  0.25005480604517422  0.25760119003986987  0.26453329253775421
  0.27130129704662076  0.27803968323513034  0.28494246843446808  0.29209596568235602
  0.30053011666568763  0.30800559004686406  0.31528438249464014  0.32231419162918507
  0.32920923788792456  0.33624162123960749  0.34316687426274711  0.35062763427509575
  0.35841237237069795  0.36482630335150734  0.37128909706698143  0.37826102502062142
  0.38543001255850035  0.39189900592058663  0.39900878002725548  0.40690743905957283
  0.41468478989870039  0.42202915110029926  0.42931993575784683  0.43713296223366593
  0.44498350665190090  0.45223681172244323  0.45886861192378381  0.46520354734795172
  0.47057391116779029  0.47593688569505399  0.48119325371868421  0.48719499634193031
  0.49361343427043430  0.50051312076624976  0.50807451464617026  0.51582514715687244
  0.52315563312625879  0.52955902495948148  0.53589652580836322  0.54202790928043110
  0.54819905550561787  0.55418779801784124  0.56011368216261959  0.56574219262632064
  0.57146798683723254  0.57768413887997261  0.58407300476949797  0.59068801906248614
  0.59682680168674895  0.60181066394034222  0.60543679004574491  0.60880615226057211
  0.61180695590499168  0.61529659516870860  0.61970532581152571  0.62485489690673734
  0.62955580776386377  0.63456097554528546  0.63953921553471882  0.64469424745351056
  0.64990045748362613  0.65504450236122747  0.66007704429609126  0.66535433721225845
  0.67189113658191302  0.67975939082122550  0.68804527714837693  0.69533607786830487
  0.70254049902707416  0.71040404705224969  0.71889982597984337  0.72639051127155108
  0.73389402240119916  0.74154859044625199  0.74952595241655251  0.75886573855050654
  0.76762441414286975  0.77619794103442974  0.78488504654060742  0.79294125234714341
  0.80077760258633179  0.81547999189476739  0.92813202228518521  1.00000000000000000
   2.4010826112185500E-029  -1.0000000000000000     
 F F F F F F F F F F F F F F F F T F T F T F T F F F F F F F F F T F T F T F T F F F F F F F F F T F T F T F T F T F T F T F T F F F F F F F F F F F F F F F F F T F T F T F T F F F F F F F F F T F T F T F T F F F F F F F F F T F T F T F T F T F T F T F T F
  <DiscreteSampler_grid>
  grouped_processes
  1 # 1 for a reference and 2 for a running grid.
  10 # Attribute 'min_bin_probing_points' of the grid.
  1 # Attribute 'grid_mode' of the grid. 1=='default',2=='initialization'
  0.0000000000000000 # Attribute 'small_contrib_threshold' of the grid.
  0.5000000000000000 # Attribute 'damping_power' of the grid.
 # binID   n_entries weight   weight_sqr   abs_weight
    13   10   7.704263510679086E-023   2.397258905623874E-044   7.704263510679086E-023
    14   10   7.704263510679090E-023   2.397258905623874E-044   7.704263510679090E-023
    16   10   1.338163929830770E-022   8.402343440581661E-044   1.338163929830770E-022
    17   10   1.338163929830740E-022   8.402343440580744E-044   1.338163929830740E-022
  </DiscreteSampler_grid>
