  0.00000000005683285  0.00000000013334755  0.00000000019616578  0.00000000025801521
  0.00000000032453875  0.00000000039571780  0.00000000046923984  0.00000000054649556
  0.00000000062757276  0.00000000071429509  0.00000000080215956  0.00000000089403482
  0.00000000098889903  0.00000000108990752  0.00000000119243500  0.00000000128833453
  0.00000000139383398  0.00000000150281690  0.00000000161102432  0.00000000171964446
  0.00000000183458812  0.00000000195709268  0.00000000207969607  0.00000000220070237
  0.00000000232577316  0.00000000245352454  0.00000000258261995  0.00000000271046119
  0.00000000284317498  0.00000000297760135  0.00000000312058520  0.00000000326220987
  0.00000000340021289  0.00000000353940419  0.00000000368290929  0.00000000382004530
  0.00000000396072432  0.00000000410583322  0.00000000425578379  0.00000000440804268
  0.00000000455842915  0.00000000470626440  0.00000000485336965  0.00000000500095119
  0.00000000515328560  0.00000000532333469  0.00000000549306673  0.00000000566495292
  0.00000000583271654  0.00000000600397256  0.00000000617285345  0.00000000634301395
  0.00000000651546493  0.00000000669040410  0.00000000686845803  0.00000000704546090
  0.00000000722308081  0.00000000740123494  0.00000000758502146  0.00000000777409190
  0.00000000796662920  0.00000000816620629  0.00000000837369809  0.00000000858286067
  0.00000000878570591  0.00000000898238082  0.00000000919812443  0.00000000941519390
  0.00000000963968507  0.00000000987396941  0.00000001011628431  0.00000001036440042
  0.00000001061870235  0.00000001087985263  0.00000001113589728  0.00000001138537360
  0.00000001163426948  0.00000001193133721  0.00000001224717117  0.00000001257168906
  0.00000001290524749  0.00000001323811605  0.00000001357352988  0.00000001391536244
  0.00000001427170043  0.00000001464558104  0.00000001504351673  0.00000001550928541
  0.00000001608792193  0.00000001676660146  0.00000001748456754  0.00000001828579577
  0.00000001924318364  0.00000002052279985  0.00000002125187811  1.00000000000000000
  0.00975423371688103  0.01569754546899335  0.02498616974517917  0.03506959986936831
  0.04529758073897909  0.05615360432244555  0.06741728219757963  0.07862882275419211
  0.08946918592250035  0.09989753078632145  0.11018947567681214  0.12026445651958664
  0.13034524979364889  0.14027768481248867  0.15071331279498154  0.16111668694025985
  0.17166642081224603  0.18198070132406940  0.19224697916618216  0.20245314355128308
  0.21299924228719377  0.22364693566687682  0.23429355839840138  0.24473089652631710
  0.25494965441472833  0.26493062689553848  0.27492051375432042  0.28495236646054550
  0.29503848339864869  0.30522027489035564  0.31566672576299254  0.32628515649338724
  0.33687825078757899  0.34762066874854125  0.35823953840850520  0.36885209989204504
  0.37953715318787640  0.39017882718426705  0.40044479513502340  0.41065077279389151
  0.42142852528505637  0.43259902257467675  0.44345510987321257  0.45401881685043238
  0.46441477046317736  0.47495909014347620  0.48583470283664126  0.49695236553253802
  0.50782385702182919  0.51885000709921425  0.53059397802937125  0.54262084469809180
  0.55416767293540126  0.56524176871245913  0.57652557066504895  0.58768351039222966
  0.59893375188341724  0.60987264832179156  0.62085700207638028  0.63193642255546223
  0.64336570703586171  0.65509034771973740  0.66648275204156349  0.67734468412807980
  0.68791741081865654  0.69864410678328814  0.70947665050997122  0.72041356891611052
  0.73105846418818021  0.74128643520547044  0.75134291300546885  0.76145914663892045
  0.77189533998415860  0.78219473886274826  0.79243462223106553  0.80277634181618718
  0.81313247668898403  0.82362262472685455  0.83440778840280738  0.84494132488700990
  0.85516395434155701  0.86499529046961587  0.87507002988217797  0.88557248166637170
  0.89546939199614983  0.90540347084608319  0.91526917990891443  0.92562065217935297
  0.93541142352376150  0.94530226620529334  0.95501792801314722  0.96451890974623511
  0.97350946455379495  0.98278654191080794  0.99090647261512954  1.00000000000000000
 -0.00228030336917899  0.00935004770803591  0.01918414581906751  0.03038223934381624
  0.04197427871059672  0.05399855599186930  0.06627686188549944  0.07900524787158308
  0.09126267067236238  0.10290473641659018  0.11433936142663076  0.12550062809649376
  0.13677419912813182  0.14804268882331845  0.15934026914590457  0.17082942242816554
  0.18263751812318646  0.19419165391640894  0.20514086451202065  0.21612484861916950
  0.22660983483811520  0.23696973013110587  0.24721984750437892  0.25807393439353948
  0.26956858969361625  0.27966900511533038  0.28951299152250182  0.29921935158026969
  0.30920305588294522  0.31886334389466420  0.32841078523445510  0.33836026218350257
  0.34890596226174048  0.35916457071731744  0.36943095265801812  0.37994938835871189
  0.39035811177445717  0.40074520123139640  0.41141980979305942  0.42244739258450820
  0.43404539812050619  0.44619240161790402  0.45844306850531102  0.46950520877048912
  0.48013147279799501  0.49017981091876850  0.50009799694178814  0.51047865758268363
  0.52120856874449462  0.53238572720759780  0.54321813452134415  0.55448671522545090
  0.56574795700795844  0.57712684668236203  0.58861151774739839  0.59991318465599697
  0.61060779415195943  0.62081882675638234  0.63046313348938821  0.63946630309259522
  0.64842913659985846  0.65777302496772583  0.66747310766925205  0.67748630396849618
  0.68738581883535410  0.69722257334874393  0.70717510560139074  0.71719561187304337
  0.72769889238331986  0.73750393644961265  0.74702751504781073  0.75658588556744599
  0.76629639687362494  0.77613913547393221  0.78567001674632342  0.79525778124830782
  0.80472204104006428  0.81417919903053182  0.82399971602130118  0.83423238986895343
  0.84483230103432783  0.85539013720871182  0.86566239095944097  0.87551884407985492
  0.88519085097476324  0.89504296074332323  0.90543264483524266  0.91609517887342795
  0.92681234077640529  0.93750663995416983  0.94801861513812780  0.95856288771613618
  0.96840352586807432  0.97863276633843033  0.98923556439599458  1.00000000000000000
 -0.00231395095031916  0.01003084404096756  0.02006691561772181  0.03005249082749563
  0.04005654968601050  0.04993465501032264  0.05998439771292115  0.07051755944042012
  0.08187000428640448  0.09292790165989026  0.10397392177957163  0.11467731901228063
  0.12566844141375494  0.13601309327458366  0.14645625209063895  0.15726440550366191
  0.16845300936663277  0.18033096226208900  0.19135139032207624  0.20202535112828182
  0.21243248899770001  0.22263820089589983  0.23275633755652012  0.24254528882282361
  0.25233040738813473  0.26236103523639215  0.27232411843247761  0.28260602035083071
  0.29278355821975083  0.30302088814574446  0.31333039432751691  0.32384947615958354
  0.33454828928396868  0.34490939034839413  0.35519738920092875  0.36543655347737791
  0.37607299303069203  0.38670013373251394  0.39750345725772074  0.40840175768215059
  0.41911549029585748  0.42966901518808903  0.43988189366851949  0.45002448795472827
  0.45970618880460162  0.46957508315711116  0.48005177611030569  0.49108756111123009
  0.50151074122547867  0.51103021735852439  0.52058506604984855  0.53055246353970997
  0.54149472522264586  0.55200832210805684  0.56259166322988374  0.57339167374298616
  0.58445166869565979  0.59508024077852806  0.60582599116486713  0.61693907284988481
  0.62784904605670633  0.63822231878450497  0.64866041184651868  0.65975143180182860
  0.67154473298306350  0.68331133941739230  0.69470059790733385  0.70565377473719015
  0.71655008068219517  0.72774465316230452  0.73935553954195510  0.75064331553878927
  0.76137827195395325  0.77196800402833532  0.78274459950527819  0.79319228848410850
  0.80286135814489390  0.81229036176839409  0.82198444158651174  0.83237697689216850
  0.84246233390439207  0.85290158746810307  0.86352928025577325  0.87418131379843667
  0.88422026463956871  0.89407441997751014  0.90440587885346291  0.91474155972827420
  0.92468046034711660  0.93497731071351353  0.94549067889058525  0.95659527755481355
  0.96726896951220465  0.97796790451196847  0.98918428524791080  1.00000000000000000
 -0.00253104253269387  0.00935543722513012  0.02023506818859243  0.03181026618242833
  0.04384074278111022  0.05604807652429106  0.06826338153493745  0.07987251224801731
  0.09056189371796915  0.10055987595157073  0.11061634373865450  0.12093572733531398
  0.13155323874178168  0.14248897657926099  0.15345728404562148  0.16383985185039604
  0.17410117307066761  0.18449477061549152  0.19535690441780104  0.20605820811120237
  0.21668738914666180  0.22746560870548918  0.23833487084949501  0.24930813000508614
  0.26036134842520831  0.27129439233127556  0.28191013373011664  0.29224591876523237
  0.30191663025058779  0.31115840028419367  0.32051309814933299  0.32996997878471040
  0.34011746788203551  0.35034194229807208  0.36060978417124750  0.37100079391114055
  0.38155831286158370  0.39263369595993347  0.40364937863298744  0.41463334240508765
  0.42532777828428980  0.43603218495078755  0.44577502551128667  0.45533937917557321
  0.46479074466512327  0.47429757496348729  0.48404093252614483  0.49438261622032809
  0.50508864986310920  0.51629226755284174  0.52715591457190714  0.53806136534438687
  0.54837554628803442  0.55781719771840677  0.56705681501869254  0.57635733173927828
  0.58574388417777545  0.59555713120477982  0.60569756898530580  0.61671542083768227
  0.62794776220725956  0.63879759077676712  0.64954469956741701  0.66039863156186474
  0.67148721482551188  0.68284887668670469  0.69420173067964619  0.70535924734842337
  0.71684765980847664  0.72841018535518642  0.73924982824308860  0.74969436805766709
  0.76012615052684851  0.77061719261942863  0.78083677761099890  0.79103970398476964
  0.80125733651871944  0.81172238599904201  0.82160483808776041  0.83191333591245153
  0.84226121752967953  0.85266062572081880  0.86343653375271723  0.87438947660654720
  0.88586458222256437  0.89727401445038157  0.90818691559793341  0.91933145577441688
  0.92940331804801568  0.93930523926257969  0.94937834147079503  0.95968641665512111
  0.96972668548611751  0.98008606624756600  0.99006366630331077  1.00000000000000000
 -0.00242450666559497  0.01030378628006295  0.02119647227562065  0.03193593434223175
  0.04260963245375250  0.05326782868909111  0.06390552183236844  0.07464836766769056
  0.08587839378607083  0.09728795901510451  0.10843721192921633  0.11918478488698436
  0.12921598061109407  0.13879121188178281  0.14837459651901302  0.15839682855149825
  0.16879302754438028  0.17928963523082816  0.18982142782181455  0.20061883515450918
  0.21142899914318888  0.22250460552179677  0.23316346777484800  0.24359248346788970
  0.25411569524186295  0.26472623804744322  0.27521302977895673  0.28575640757063264
  0.29638551843257194  0.30694582103619200  0.31695025275986055  0.32726944477966174
  0.33731648179429047  0.34768428157385339  0.35774823962325220  0.36840218352512055
  0.37931776486899177  0.39028691055858727  0.40120761967631768  0.41209143709662188
  0.42290631604154016  0.43365445167460331  0.44384813336884660  0.45362349316664352
  0.46330130203917608  0.47322289055352379  0.48356237392865514  0.49375352630645764
  0.50387824468624198  0.51412046578358106  0.52448528268546180  0.53496396378579791
  0.54561769264186388  0.55612935084959747  0.56648642990053777  0.57701629782755481
  0.58796725550742657  0.59907590792573118  0.60961120031349036  0.61984595594895009
  0.63059676337374404  0.64132050828945997  0.65140955187269123  0.66098686922420335
  0.67143644079037434  0.68216939948126720  0.69273040816559595  0.70299949572188791
  0.71365621708450788  0.72527429784805164  0.73563311322194591  0.74579121616103861
  0.75635224421502045  0.76734685016388082  0.77807607969877923  0.78845844948254751
  0.79886313388500585  0.80982540536359637  0.82078797827096250  0.83149885228430231
  0.84260349911692534  0.85365224125463324  0.86470252260996006  0.87568065398130257
  0.88612157222947951  0.89680413677712900  0.90730820496049058  0.91827956186065285
  0.92945783360609868  0.94027984318080815  0.95025760080126043  0.96032487989816695
  0.97029928059084991  0.98013759350066265  0.98998943406879536  1.00000000000000000
  0.00008835857839656  0.11129968022298345  0.16909959089349283  0.21141961889287950
  0.24640579020712569  0.27599762741089517  0.30038412479428023  0.32309603792359970
  0.34490943030679166  0.36557183924772318  0.38515036462318791  0.40303874338208429
  0.41931647326022486  0.43496654352372283  0.44937738395660487  0.46327372844151432
  0.47655924346470274  0.48936184911366354  0.50175970985163854  0.51363820938356330
  0.52541130258084290  0.53705416417374441  0.54814276149082197  0.55844630598107092
  0.56850695603413970  0.57866188588716938  0.58871370237123000  0.59827168085888238
  0.60737845263650558  0.61634934774012962  0.62534579686454750  0.63424231863185976
  0.64271489053883923  0.65087019412823255  0.65881648014991578  0.66686156570754429
  0.67491322088189443  0.68295010762348918  0.69077065162368700  0.69830293214854577
  0.70538516290418884  0.71201635289428322  0.71830151425400546  0.72454747318849921
  0.73104894597182224  0.73755787660470451  0.74419763842646458  0.75057491093647666
  0.75649569005434392  0.76222532117068631  0.76806172414134766  0.77404178126021439
  0.78018111968161130  0.78627489897684499  0.79232494427626954  0.79823103116228789
  0.80388326926840348  0.80935464778091737  0.81479597294759154  0.82031572931010255
  0.82586213263343511  0.83132143952364523  0.83664310132086805  0.84189330108105287
  0.84717710977991278  0.85236957761195753  0.85743514793984099  0.86230365417478438
  0.86713441010782999  0.87198670757926711  0.87695874423093989  0.88178355651339058
  0.88666866852010540  0.89138613817767987  0.89618575975555470  0.90112204890871805
  0.90608930322065173  0.91119220352281804  0.91636675796945666  0.92130794067082011
  0.92619519275667661  0.93093544302979714  0.93560594561884247  0.94000008195921136
  0.94437817956257974  0.94876275485213624  0.95319251087593393  0.95765265016614687
  0.96212159871704939  0.96655230085382338  0.97090255292582650  0.97522445696089921
  0.97951797191336099  0.98356643382228537  0.98681101507877655  1.00000000000000000
 -0.00185903410945240  0.00867191325203025  0.01835646390320113  0.02881971816822833
  0.03943443940086275  0.05084328156471598  0.06247836534255301  0.07357003493879449
  0.08444498907647437  0.09495373148587224  0.10562625934100717  0.11573270957476472
  0.12637132703260609  0.13720019780609974  0.14792944195338939  0.15846902625215459
  0.16864964860460457  0.17943768848648334  0.19028483661775808  0.20128616560991169
  0.21228834758935647  0.22289472765761947  0.23293932370990042  0.24275810996487965
  0.25285668877852285  0.26352238284758328  0.27415525704482557  0.28462859971873233
  0.29490327410223788  0.30514304498775335  0.31488378037762471  0.32396368483634591
  0.33349205911875246  0.34321332354314726  0.35278759421220329  0.36192547436875244
  0.37100247146717702  0.38086824594156665  0.39160774718577090  0.40212389437154056
  0.41265661906110357  0.42324688936293348  0.43395135025932119  0.44476530101326700
  0.45537260195167822  0.46586675081789680  0.47635146753971269  0.48694492788376537
  0.49768229389558005  0.50837428777077232  0.51927931810879369  0.53008018706109483
  0.54090395086674381  0.55140415412167842  0.56170635524668500  0.57162323986199604
  0.58130333503715559  0.59102131012693360  0.60105860027640845  0.61123795080442922
  0.62139648577154460  0.63187488368038192  0.64221454897509467  0.65267994700751297
  0.66308030892853864  0.67370448357523682  0.68422139970993745  0.69446154540024718
  0.70475508388861419  0.71501594391148615  0.72526581244997612  0.73538698823792348
  0.74552018176084434  0.75588859387571750  0.76660450377560918  0.77781941053432246
  0.78943438603574556  0.80113336966815085  0.81242631719968361  0.82309935549383706
  0.83359956258391144  0.84424302846136656  0.85501827428839294  0.86602161018128920
  0.87747566547070233  0.88950721773623509  0.90136298531676362  0.91322878934711216
  0.92528324212578306  0.93762619816645376  0.94930904474832167  0.96005714289247746
  0.96989963615461405  0.97991041876752216  0.98993274057360225  1.00000000000000000
  0.02438509294576881  0.03180022295703402  0.04150287221102076  0.05203807795137053
  0.06226383898423195  0.07219774805509675  0.08180802073011559  0.09179212932264162
  0.10154171745288119  0.11148055769341106  0.12113547914720663  0.13157915976130358
  0.14253443920974587  0.15314190367595945  0.16343101550870409  0.17349246150409581
  0.18326750060137875  0.19279719094933756  0.20225695087406267  0.21230372627298644
  0.22283693140115504  0.23312471906249843  0.24321489811225772  0.25307755800674014
  0.26311784276707167  0.27321555017910826  0.28352141938796110  0.29392617099207857
  0.30434323270107932  0.31486731140256219  0.32533778206739250  0.33577345401950226
  0.34641265259773474  0.35720888997881789  0.36783615447162438  0.37793917319719011
  0.38745261237752543  0.39705324869998548  0.40694900293642317  0.41665845369394228
  0.42578938281445744  0.43491410616512249  0.44468565036453572  0.45475128426730932
  0.46474063063603155  0.47481210868995677  0.48547564484788036  0.49655017708690891
  0.50735385143548761  0.51780768589945603  0.52792461586961137  0.53776126763701260
  0.54781414961252572  0.55789883078104219  0.56816239905668986  0.57857394547136420
  0.58922676996015766  0.60006450584111437  0.61097340302248282  0.62192734512741377
  0.63284155390238761  0.64366758898447962  0.65432979715815132  0.66479169244559055
  0.67476637680720786  0.68452672438970374  0.69458710264041124  0.70503915664359940
  0.71564187071645280  0.72603063132333756  0.73619116941147056  0.74611323842343924
  0.75570313889479024  0.76503784304082068  0.77454984224619794  0.78373952817859005
  0.79285613921919174  0.80215573472858359  0.81180550129342544  0.82143201474931249
  0.83134477010142771  0.84220124217986125  0.85336232761205977  0.86358730394177685
  0.87343695010188371  0.88378291337244330  0.89463794232131899  0.90544967169219759
  0.91582069238871799  0.92573428130642899  0.93570095918786977  0.94601873955682847
  0.95608833341326505  0.96504940236553094  0.97082703866793896  1.00000000000000000
  0.03678396294455620  0.21149911477839661  0.24668421157248260  0.27249549126509487
  0.29278206013445285  0.30968461609237891  0.32502984564463394  0.33919384885624221
  0.35229831790835880  0.36490221660922539  0.37743837121847423  0.38978780786337963
  0.40239159315716250  0.41480147394874245  0.42652467267599903  0.43772350097954604
  0.44883932338184335  0.45956262197596448  0.47002735997035705  0.48034670464434331
  0.49077860566088588  0.50130931989801508  0.51176559043112346  0.52193129586406140
  0.53150040837210977  0.54053704298216687  0.54953659742297223  0.55881452024049683
  0.56831485409968630  0.57771706091173658  0.58652538362553663  0.59489645716887884
  0.60312719424946848  0.61116255889036575  0.61909000289617311  0.62675986369778203
  0.63409888718880492  0.64145904079153337  0.64876273890104263  0.65608385082766030
  0.66315669432080238  0.66987325742011616  0.67644232685103323  0.68309802652815055
  0.68976772273171183  0.69641063915519064  0.70276136029628533  0.70889421619047410
  0.71457478722717116  0.71999429653962888  0.72538842325827757  0.73069066935473792
  0.73591429215062720  0.74102046754486173  0.74606558131958167  0.75105357215476320
  0.75549658519638041  0.75997681096328340  0.76435640502941993  0.76857408885608203
  0.77267726226358047  0.77672986180471437  0.78077745508915186  0.78499323971362700
  0.78920253283953701  0.79349236369634946  0.79773865409863776  0.80188066066801589
  0.80616155807101375  0.81019847405538525  0.81442332991134059  0.81883245252715131
  0.82311705400012602  0.82742706451310999  0.83172910529835842  0.83589570769497334
  0.83992294639209675  0.84397771371023289  0.84819543057566205  0.85240465852557845
  0.85685162810422233  0.86114697552329322  0.86566380300432244  0.87029430688938991
  0.87472650226751347  0.87889303779544814  0.88286890408780738  0.88660098657676678
  0.89053940823315036  0.89524206288087482  0.90056304701191148  0.90584074641071066
  0.91143234151305386  0.91969540348671652  0.94863446294417764  1.00000000000000000
   2.3368503395460355E-023  -1.0000000000000000     
 F F F F F F F F F F F F F F F F T F T F T F T F F F F F F F F F T F T F T F T F F F F F F F F F T F T F T F T F T F T F T F T F F F F F F F F F F F F F F F F F T F T F T F T F F F F F F F F F T F T F T F T F F F F F F F F F T F T F T F T F T F T F T F T F
  <DiscreteSampler_grid>
  grouped_processes
  1 # 1 for a reference and 2 for a running grid.
  10 # Attribute 'min_bin_probing_points' of the grid.
  1 # Attribute 'grid_mode' of the grid. 1=='default',2=='initialization'
  0.0000000000000000 # Attribute 'small_contrib_threshold' of the grid.
  0.5000000000000000 # Attribute 'damping_power' of the grid.
 # binID   n_entries weight   weight_sqr   abs_weight
    13   10   2.229775192388783E-013   1.245694422284216E-025   2.229775192388783E-013
    14   10   2.229775192388794E-013   1.245694422284239E-025   2.229775192388794E-013
    25   10   2.942587714736965E-013   4.389434883146321E-025   2.942587714736965E-013
    26   10   2.942587714736967E-013   4.389434883146322E-025   2.942587714736967E-013
  </DiscreteSampler_grid>
