  0.00000000020635018  0.00000000071238150  0.00000000110260414  0.00000000140652120
  0.00000000167797115  0.00000000192618632  0.00000000215057689  0.00000000233912217
  0.00000000251264075  0.00000000268810812  0.00000000286248854  0.00000000303412841
  0.00000000321561177  0.00000000338393163  0.00000000356664555  0.00000000376067205
  0.00000000395777360  0.00000000416363723  0.00000000436341309  0.00000000456345973
  0.00000000476019411  0.00000000493056877  0.00000000509102371  0.00000000524269207
  0.00000000538870443  0.00000000555716925  0.00000000571095382  0.00000000584115643
  0.00000000596047464  0.00000000608347096  0.00000000622971747  0.00000000636771046
  0.00000000651630740  0.00000000666041620  0.00000000681908645  0.00000000696032655
  0.00000000709216198  0.00000000721284078  0.00000000733802039  0.00000000748098861
  0.00000000763539949  0.00000000779113315  0.00000000794731343  0.00000000809533265
  0.00000000824258868  0.00000000838924455  0.00000000851105629  0.00000000864109625
  0.00000000877089782  0.00000000890961770  0.00000000907432659  0.00000000925889248
  0.00000000944754665  0.00000000963387119  0.00000000979349569  0.00000000990217137
  0.00000001000590989  0.00000001010978910  0.00000001022014576  0.00000001034674352
  0.00000001048223701  0.00000001064788478  0.00000001081557642  0.00000001098693057
  0.00000001116563593  0.00000001136569726  0.00000001156116744  0.00000001175417023
  0.00000001193325153  0.00000001210262118  0.00000001226493777  0.00000001242971726
  0.00000001266541315  0.00000001295468453  0.00000001320982008  0.00000001342765529
  0.00000001364607371  0.00000001388165557  0.00000001412684350  0.00000001437258362
  0.00000001461910579  0.00000001488304680  0.00000001529256975  0.00000001574965827
  0.00000001622128841  0.00000001671378599  0.00000001718571676  0.00000001765079289
  0.00000001812154918  0.00000001869045546  0.00000001936449540  0.00000002009896372
  0.00000002108608998  0.00000002258518557  0.00000002360896695  1.00000000000000000
  0.00778948790784906  0.02212933618987912  0.03808771993428238  0.05228315445167547
  0.06522138570915968  0.07860323700970631  0.09257544116769725  0.10580618981451065
  0.11726584278969072  0.12882966287683517  0.14077269597823711  0.15367148453508886
  0.16729081547011790  0.18050947912903109  0.19088946055393202  0.19745674968298882
  0.20434107751771580  0.21114775664431534  0.21858228294724302  0.22704596223898033
  0.23470435743640977  0.24253489097645936  0.25237036103627042  0.26487746575086091
  0.27535387638404768  0.28430678529526854  0.29196821940827011  0.29957798060400859
  0.30859125684784527  0.31762311280531114  0.32586391514015617  0.33372349831138226
  0.34137027911147616  0.34913921401997067  0.35670814092687453  0.36459066040123067
  0.37227262566138319  0.38085913644588437  0.39011876127845307  0.39929627580725130
  0.41041101352616588  0.42163193180766489  0.43122287152138467  0.44104120068776265
  0.45124177876075672  0.46398801247503763  0.47643234058243311  0.48691436551925205
  0.49675746565867207  0.50544899334464310  0.51355624438809777  0.52165466351314693
  0.52987955840437517  0.53918559953253065  0.55155514991670318  0.56556857381130776
  0.57851443152371151  0.59010907625734588  0.60150970300147011  0.61278119353177274
  0.62303410643143953  0.63338420173635601  0.64511975260726995  0.66195467405614639
  0.67922194237449907  0.69372289214541127  0.70672679176286279  0.71980694429575154
  0.73415184892943208  0.74685224611648893  0.75485345652222402  0.76342801629284962
  0.77219962608957993  0.77966470545401612  0.78809774258963683  0.80054159846036022
  0.81539838062038239  0.82579261172430507  0.83197066191747027  0.83906196665986887
  0.84610145865249664  0.85391039253113654  0.86162872738086527  0.87248940165079814
  0.88149687658864107  0.88981740371357076  0.89863940112209340  0.90750716945811849
  0.91498056027884989  0.92176414486134761  0.92889291582495259  0.93813900510012715
  0.95155416787546565  0.96630350621624428  0.98176569643595613  1.00000000000000000
 -0.00000015387814316  0.00008189162015082  0.00073664759322515  0.00194480403116381
  0.00340573570134828  0.00529585124459308  0.00827684270615117  0.01224356234079869
  0.01711032486518506  0.02242792046920543  0.02805646453699996  0.03510413473289194
  0.04173341988976773  0.04768876261794835  0.05409194139905750  0.06097805479412788
  0.06814231714729636  0.07587327355896119  0.08425914898137427  0.09162872662810866
  0.09960324572195442  0.10749043504775632  0.11722664470322282  0.12840500633649410
  0.13937823197017604  0.15016844085388578  0.16009418192663019  0.16927453251836680
  0.17793524643812975  0.18633830744568472  0.19512965983155392  0.20148096551654901
  0.20720687284767636  0.21404560082065593  0.22094819527408724  0.22915148453094433
  0.23680242704633420  0.24469987861917633  0.25271883291401731  0.26065205523467777
  0.26845891411456585  0.27714129881149935  0.28686065841989850  0.29661706205676319
  0.30704020254169256  0.31724260800039117  0.32686726000620009  0.33646548101415058
  0.34634670713538163  0.35678908087296435  0.36825461732172587  0.38115282368573422
  0.39149486182131238  0.40134464945997717  0.41089370864005015  0.42083527700239787
  0.43206521712324630  0.44466804489651263  0.45782491656104163  0.47064803382409143
  0.48242275604506496  0.49280776766073897  0.50328043767515318  0.51281624931189984
  0.52321849227883077  0.53502256442704998  0.54926097860309919  0.56315249457852368
  0.57666936064958618  0.58963869006717751  0.60167547494495444  0.61246438665724467
  0.62409053034900364  0.63714746895700081  0.65134334734986776  0.66595443323877768
  0.68000137300380314  0.70017167257357604  0.72099693873579451  0.74109923297958247
  0.76155457557012995  0.77584008121085468  0.78779329600033221  0.79979735975127420
  0.81252117908066490  0.83065496650248138  0.84968590623355378  0.86901977016411391
  0.88804292583063382  0.90611620061325682  0.92202512342535281  0.93742296868236519
  0.95290822027278133  0.96807890837442345  0.98366411968307987  1.00000000000000000
 -0.00484223862459469  0.01203860528486263  0.02551625495134530  0.03662836173844691
  0.04891133229697078  0.06170442381632511  0.07444830445703793  0.08791194732108908
  0.10314682209168539  0.12030158764107300  0.13285714844359700  0.14215079938000719
  0.15088089249636460  0.15841359140082314  0.16987481574211569  0.18323959463465744
  0.19690531500759073  0.21086958890679341  0.22398163019680098  0.23266090385142785
  0.23940732897206426  0.24632413874888645  0.25367803514766935  0.26263984680109392
  0.27170285876438338  0.28009734525841173  0.28888101517645559  0.29666831252510356
  0.30479055418659723  0.31300986943849607  0.31841413121785128  0.32468512340981770
  0.33111349566694215  0.33790000639452211  0.34455527898448718  0.35101428774189142
  0.35845771686258188  0.36694154982356203  0.37471746181750976  0.38493352711757084
  0.39893757454837042  0.41329155174112248  0.43062561827396334  0.44662925139810777
  0.45832053049078775  0.46819723610833919  0.47842608112655671  0.48844909450531959
  0.49650927279337931  0.50389024826795792  0.51142037287745157  0.52000613177575472
  0.52999649566078966  0.54188633690552779  0.55558647432870967  0.56982581484071670
  0.58313843659750064  0.59401192415461312  0.60385631734872669  0.61287221985477769
  0.62189634511944247  0.63121398562957076  0.64037447537527381  0.64991629212799340
  0.65882750183488581  0.66930497240730535  0.68277385308713590  0.69593962469379955
  0.70809015452359358  0.71949666925094435  0.73209315683588438  0.74811228838643384
  0.76130997698259606  0.77221463213772379  0.78240012731220943  0.79127522432047437
  0.80064325053889041  0.81223655906005454  0.82559400547290285  0.83931599445244409
  0.85069036297597367  0.86105493185403770  0.87183796841934758  0.88371032479038758
  0.89462708465119289  0.90213064684265021  0.90917107428941313  0.91569610359794174
  0.92295754136783603  0.93160899129691044  0.94056153472988935  0.94860078817085058
  0.95706759035187117  0.96889140453549882  0.98432501739831446  1.00000000000000000
 -0.00256937471500994  0.00996795741562363  0.02254814106558155  0.03680312785022051
  0.05078477643122645  0.06295680084081419  0.07760450669261039  0.09161597940489459
  0.10688474856570346  0.12400518088409271  0.14044388934361793  0.15392870417700671
  0.16533995036035723  0.17555998548179302  0.18481613231522021  0.19215619471541953
  0.20028766881943710  0.20839275917287037  0.21537300745824359  0.22218651438711015
  0.23028383218756507  0.23942347125469002  0.24913980703494426  0.26179835069933893
  0.27459204493779477  0.28630830143090208  0.29790200486542279  0.31122533272137770
  0.32732058862963265  0.34386484761260833  0.35728246556762722  0.36745456759727052
  0.37814766235471114  0.38815075299363144  0.39770423157279522  0.40730648451011559
  0.41793550711405547  0.43418849344211236  0.44118799178987911  0.44904717771488389
  0.45652703887377039  0.46324889347753767  0.47109185592449265  0.48038008560721013
  0.48982174584469185  0.49825599728416464  0.50923271148380700  0.52149494950078901
  0.53301554780946614  0.54396298192040282  0.55515614683446590  0.56720396585896204
  0.58064546784245297  0.59770928290637282  0.61039134800105244  0.62109701487693669
  0.63157405131855360  0.64321908449970100  0.65533509873755269  0.66694561730629376
  0.67836415238024095  0.69020867764111482  0.70296701325124655  0.71329733504414061
  0.72267271469705241  0.73105222454757846  0.73740582278862787  0.74433739869467730
  0.75181916350809319  0.76036019241331176  0.76869189933525184  0.77725737014933938
  0.78584653807678606  0.79559495993454543  0.81125580385332241  0.82697382132305119
  0.83453910581365742  0.83968413939617270  0.84399255704844589  0.85039281935015587
  0.85731401120023232  0.86492345311020069  0.87254628780141608  0.88052517154715648
  0.88778156741111036  0.89534855429408933  0.90906327658707997  0.92110990677785554
  0.92898220628652250  0.93690197100604011  0.94479785153243290  0.95214489527009560
  0.96147458991883950  0.97399328627301618  0.98663763255923398  1.00000000000000000
 -0.00210185087839630  0.00662462021907589  0.01587662017634594  0.02511989758228856
  0.03507901073898040  0.04578871348985313  0.05579080752774053  0.06451995798255292
  0.07315242249805720  0.08184828917270653  0.09176782336949454  0.10127416826090511
  0.11131345851790693  0.12195073792400830  0.13279470468837878  0.14652996430469029
  0.15738785281804163  0.16453543342000176  0.17202369243499369  0.18113386265399933
  0.18918152871782007  0.19666037939851233  0.20415865685105700  0.21615826163668114
  0.23148995784235929  0.24648033462581412  0.25937253331735183  0.27080396569733411
  0.28212631908339297  0.29351943853638246  0.30653816038081766  0.32359689026822963
  0.34162386745436757  0.35380539005406825  0.36527335232212982  0.37512726859587542
  0.38341210279558674  0.39026979669311773  0.39652611231562862  0.40291919702449819
  0.40947927715779103  0.41648902381337638  0.42452033778184395  0.43947784120806305
  0.45584478711122756  0.47184300785081618  0.48766569662945602  0.50388355805963658
  0.52056863884462390  0.53207349501003698  0.54349173823364128  0.55041280284466332
  0.55928178936991024  0.56709207711457843  0.57444081997940877  0.58069544874321444
  0.58639163354708490  0.59283978014318894  0.60047115916061311  0.61200497415645017
  0.62708957853175118  0.64205169550347341  0.65622227820449208  0.66948774791962573
  0.68172790517665327  0.69223019879195624  0.70371902868024483  0.71601705962288265
  0.73035089485246507  0.74483401153473217  0.75863723552921736  0.77281082798818446
  0.79003296447742466  0.80717224850719849  0.82534345579697788  0.84200576682546036
  0.85399327103087053  0.86667321655549578  0.87911621071006563  0.89282957856690881
  0.90329955500503312  0.91162890535432528  0.91986220650674422  0.92817393275248417
  0.93525296921786627  0.94165292803596667  0.94945516776816163  0.95358975268782142
  0.95628880381158343  0.95916551309857534  0.96235084510963631  0.96646779726906440
  0.97383049584126635  0.98210754834296643  0.99012484655509791  1.00000000000000000
 -0.00724706660604776  0.10007059400898370  0.15941899696133838  0.20402520565620014
  0.23215038348615236  0.25842192203491382  0.28737698223603003  0.31435457115675058
  0.34011740088186376  0.36347298903431918  0.38534308520232585  0.40156352185803307
  0.41543806253341081  0.42971004380188571  0.44509682128471745  0.45988507249703714
  0.47270827614686128  0.48635333344337317  0.50073355848145829  0.51531980650567377
  0.52688478330015209  0.53633913731065475  0.54646207565962857  0.55738890574403122
  0.56460603331735415  0.57164475490454170  0.57915600088713670  0.59176556365756905
  0.60564956981641249  0.61844920266668146  0.62980779236969553  0.63885651265720922
  0.64943135775439675  0.65929531152606213  0.66879919577374114  0.67916787400537793
  0.68907565824090700  0.69865479507158101  0.70725340546930437  0.71572856635166593
  0.72466548677330089  0.73361859191040790  0.74204106923606050  0.75044462339150964
  0.75906771944908469  0.76777910409610217  0.77672808804889415  0.78537229270139108
  0.79258545958355997  0.79794008762793001  0.80321406034915521  0.80850781182399056
  0.81385648861438686  0.81952533132442296  0.82440486946322222  0.82903856393201059
  0.83473866825604448  0.84224298000046594  0.84936326562956077  0.85650194231060628
  0.86353391999250584  0.87131954216214080  0.87697251526693876  0.88104002178651275
  0.88514315694228707  0.88824949447838053  0.89130080006789159  0.89422191282657426
  0.89708907895398338  0.90030716369182562  0.90377373781986414  0.90757343137841062
  0.91141748988211513  0.91503609039937928  0.91920317549315655  0.92387746254708014
  0.92824838118804842  0.93197166807386389  0.93470777789864745  0.93738152875671410
  0.94024362150868945  0.94359262773651897  0.94858064080435689  0.95393724214813702
  0.95910716386293959  0.96286343814240583  0.96617154647805747  0.96934210801900977
  0.97253680255995945  0.97582485171588429  0.97892607936088738  0.98163798982221473
  0.98428816500854266  0.98790224437360274  0.99421720252716339  1.00000000000000000
 -0.00357237864797774  0.01306026414401672  0.02697937567069286  0.04302023608009679
  0.05685431208199864  0.07025168085523614  0.08257474629583396  0.09526498476958230
  0.10798650342058590  0.12220150726502317  0.13641917900327133  0.14780092682349705
  0.15750801696521879  0.16681863222570589  0.17571009394296175  0.18501652269502464
  0.19382936274001947  0.20322994280223711  0.21398369045632146  0.22260288310324433
  0.23168443389777718  0.24576134597253668  0.26106673206638131  0.27383285956527270
  0.27959225046642938  0.28738599519769542  0.29599353982011828  0.30341927684995812
  0.30946018086683708  0.31484811606124202  0.32069826430700693  0.32725861758530150
  0.33558082531420752  0.34765651809190296  0.35986816579200892  0.36963748130292684
  0.37893927234664693  0.38780713644898596  0.39538034035227332  0.40222904414319766
  0.40975219051987238  0.41691132498096817  0.42321645419152876  0.42684665069806621
  0.43059657082864816  0.43459453827908240  0.43898339012195708  0.44476727512680242
  0.45079376014049460  0.45679995793245898  0.46857005718089029  0.48052934869752867
  0.49153368587277180  0.50321450011500346  0.51759971232514579  0.53099761477296159
  0.54400818941544049  0.55710364049547989  0.57296473376214974  0.59160418018645788
  0.60967711530233526  0.61932373295404386  0.62982449446141242  0.63926186458034939
  0.64854544356194932  0.65807224271019737  0.66952930343397132  0.68423232007424351
  0.70073360567728449  0.71767562679255714  0.73488175502261965  0.75228413429943453
  0.76578602100341875  0.77636250842591314  0.78559831104540334  0.79498759950575937
  0.80495511918555407  0.81409890099663662  0.82300305088166503  0.83238090862300562
  0.84362566534984529  0.85534321327834129  0.86527341322546669  0.87519330171471665
  0.88354684792587368  0.89424445290645338  0.90810653464114810  0.92235653374850257
  0.93486106174553407  0.94456117092308922  0.95184253870261770  0.95958348817496020
  0.96847751381725211  0.97869545105933642  0.98904893441991470  1.00000000000000000
  0.64341623840817952  0.67132479325837768  0.68844849863137958  0.70697979108274689
  0.72438678377033527  0.74301712308787982  0.76196135263094622  0.77899037592381282
  0.79461646708277145  0.80867244915508940  0.82104995237661671  0.83229751890483583
  0.84223168991797337  0.85112434448794194  0.86140564812176235  0.87217813404007927
  0.88127746724344458  0.88846208711627028  0.89455160458860639  0.90033286119182676
  0.90598413322543159  0.91152333061362489  0.91655731356385584  0.92120247978555048
  0.92530017381979290  0.92905043248248487  0.93265750189428631  0.93655219856399696
  0.93917595194036207  0.94132242774809838  0.94288330923527464  0.94438414229725320
  0.94584292645616297  0.94752876254720364  0.94916156268782448  0.95055549418565732
  0.95180369547636634  0.95275089478175357  0.95354243044655296  0.95442337423638535
  0.95529195655655441  0.95613297705220590  0.95678810393329572  0.95778167651924973
  0.95864739664869225  0.95947346954818613  0.96033657183338561  0.96116896722989931
  0.96192243401511746  0.96263850922956584  0.96331539902071495  0.96388848670956917
  0.96441433726272818  0.96496625771683975  0.96554778064868696  0.96613083530927668
  0.96670841032688293  0.96712885488001132  0.96753951776352887  0.96795293734111221
  0.96837021740707785  0.96877443560821286  0.96913673411328727  0.96948407715010188
  0.96983021211460163  0.97019862576514315  0.97083066186932765  0.98157599039363641
  0.98192120566351038  0.98219975150958283  0.98245824102674773  0.98269473832173138
  0.98292344435415735  0.98318756199151447  0.98348292328603770  0.98379493788909411
  0.98411912812455660  0.98446660631641991  0.98486464831692400  0.98527024755642179
  0.98567317591652803  0.98607348427573172  0.98649518877087583  0.98697538250222983
  0.98745505528871524  0.98797094671682884  0.98856245789080566  0.98923597181492995
  0.98998751395679829  0.99086384726570909  0.99182706252082775  0.99285017341998039
  0.99405669248211115  0.99557318475091561  0.99754141015870768  1.00000000000000000
  0.07995853777021089  0.22795776863620265  0.24382514492651433  0.25762060996534275
  0.27124524665840627  0.28486765715546941  0.29761483741951417  0.30742789884834415
  0.31506268396068454  0.32231997307525373  0.32935078922181849  0.33551125576667740
  0.34239017169529112  0.34973467767636002  0.35559378423144239  0.36162753935414732
  0.36761907576169023  0.37367882473423392  0.38005152660906999  0.38715765309836575
  0.39410458291567690  0.40126111287154859  0.40952315393927363  0.41697602183557286
  0.42126123302001656  0.42591589456864026  0.43075945052699133  0.43502352129691468
  0.43755540285829780  0.44009568924633446  0.44271309401035686  0.44543555822074987
  0.44829174282047213  0.45372743585756936  0.45843713850929874  0.46329340072763686
  0.46818472521877563  0.47303296736667405  0.47767315951869782  0.48285578180116207
  0.48892865831987603  0.49513393099866015  0.49917629187763951  0.50343760365159207
  0.50718273646663681  0.51079951446692640  0.51457710508136434  0.51940038975783520
  0.52513077352757254  0.53011736062788550  0.53458040017130670  0.53855030518690428
  0.54242302618711968  0.54642634013779023  0.55102516549513880  0.55578006613355846
  0.56086588796577497  0.56629259627318607  0.57239730151708756  0.57808731843493844
  0.58359032964704660  0.59101728042209656  0.59864175254396745  0.60731050796550679
  0.61731934860211923  0.62655672739447466  0.63452139116179407  0.64164439986392441
  0.64769422775951413  0.65292107938385435  0.65823519129970620  0.66360145504842738
  0.66907831188555977  0.67478926006527418  0.68056106630888435  0.68567774662619208
  0.69064463809675691  0.69614729332596081  0.70225338854325592  0.70813415963457460
  0.71557710050438339  0.72313014634659556  0.73080911596938802  0.73693603821837805
  0.74348879621207276  0.75024899429918723  0.75871319134560611  0.76883127183787670
  0.78728548699800838  0.81068188950758857  0.83192040792081279  0.84548560002125761
  0.85693638728096555  0.87839875593429151  0.97926448798078392  1.00000000000000000
   6.7378943481147272E-030  -1.0000000000000000     
 T F T F F F T F F F F F F F F F T F T F T F T F T F T F T F T F T F T F T F T F F F F F F F F F T F T F T F T F T F T F T F T F T F T F F F T F F F F F F F F F T F T F T F T F T F T F T F T F T F T F T F T F F F F F F F F F T F T F T F T F T F T F T F T F
  <DiscreteSampler_grid>
  grouped_processes
  1 # 1 for a reference and 2 for a running grid.
  10 # Attribute 'min_bin_probing_points' of the grid.
  1 # Attribute 'grid_mode' of the grid. 1=='default',2=='initialization'
  0.0000000000000000 # Attribute 'small_contrib_threshold' of the grid.
  0.5000000000000000 # Attribute 'damping_power' of the grid.
 # binID   n_entries weight   weight_sqr   abs_weight
    13   10   4.037994130842033E-022   7.467920841165541E-043   4.037994130842033E-022
    14   10   4.037994130842037E-022   7.467920841165562E-043   4.037994130842037E-022
    16   10   2.390851336360318E-022   4.579183339987640E-043   2.390851336360318E-022
    17   10   2.390851336360331E-022   4.579183339987699E-043   2.390851336360331E-022
  </DiscreteSampler_grid>
