  0.00000000024872391  0.00000000033536883  0.00000000041325121  0.00000000049486344
  0.00000000057472090  0.00000000065441837  0.00000000073632174  0.00000000082421456
  0.00000000091205507  0.00000000100359593  0.00000000110413996  0.00000000120589873
  0.00000000130897841  0.00000000141190707  0.00000000151319321  0.00000000161409148
  0.00000000172544569  0.00000000183703966  0.00000000194817892  0.00000000205605937
  0.00000000216988610  0.00000000228870149  0.00000000240758648  0.00000000252825329
  0.00000000265349108  0.00000000278807368  0.00000000292402613  0.00000000305739529
  0.00000000318797745  0.00000000331546969  0.00000000344246723  0.00000000357570309
  0.00000000371266614  0.00000000385314155  0.00000000399681876  0.00000000413976595
  0.00000000427806421  0.00000000441696943  0.00000000456872615  0.00000000472478324
  0.00000000488245231  0.00000000503675468  0.00000000519076969  0.00000000534386795
  0.00000000549708952  0.00000000564978724  0.00000000580697433  0.00000000597031968
  0.00000000613792315  0.00000000630938513  0.00000000648485944  0.00000000666060970
  0.00000000683540378  0.00000000701352060  0.00000000718722890  0.00000000736223480
  0.00000000754342511  0.00000000773184868  0.00000000792087727  0.00000000810962119
  0.00000000829852527  0.00000000848771230  0.00000000867678736  0.00000000886554354
  0.00000000905487363  0.00000000924595833  0.00000000944166687  0.00000000966633653
  0.00000000990082995  0.00000001014690527  0.00000001039717066  0.00000001064686739
  0.00000001089608032  0.00000001114807658  0.00000001140597238  0.00000001167122237
  0.00000001194531660  0.00000001222478842  0.00000001252449739  0.00000001287122802
  0.00000001322612717  0.00000001358051249  0.00000001394350105  0.00000001431904259
  0.00000001471257940  0.00000001513089959  0.00000001556235599  0.00000001605603429
  0.00000001668011887  0.00000001742339227  0.00000001824573974  0.00000001917576944
  0.00000002029002018  0.00000002237890893  0.00000002367222198  1.00000000000000000
  0.00963763549044484  0.01623518207175565  0.02583877837164384  0.03777378369400119
  0.04897636920115803  0.05916913849769840  0.06897897346537310  0.07896251008622926
  0.08950654799082028  0.10019940034517133  0.11084609791769480  0.12145913773490853
  0.13169771733209859  0.14219938768763796  0.15230219601528616  0.16289613047441728
  0.17372999192028976  0.18494899367440024  0.19602374217445134  0.20677985456101375
  0.21750241322152300  0.22783566695336863  0.23807588746249603  0.24824650320811037
  0.25851911163324442  0.26875478862789287  0.27850970717429713  0.28846615705090622
  0.29911440630257391  0.31011203788771985  0.32052338835917688  0.33056962292233827
  0.34030665634487872  0.35004901222896945  0.35974210984350691  0.36960089885943265
  0.37950698125887666  0.38936963420982162  0.39981899214596045  0.41075077370810914
  0.42148943941953837  0.43200793877751853  0.44248533242184196  0.45321360029723579
  0.46375094517818566  0.47385022781206282  0.48409508136249579  0.49437862708819535
  0.50515582285015692  0.51615963555367317  0.52688674682883541  0.53774442033666003
  0.54845610843321702  0.55908496420711584  0.56987791955963374  0.58075419339796974
  0.59188018189473335  0.60237827707696223  0.61280565458060476  0.62325780915015716
  0.63459763397886526  0.64582870334273546  0.65675611942409184  0.66743644704301419
  0.67815207082811724  0.68814184730149164  0.69778384990922204  0.70756606082345197
  0.71795052510625623  0.72877012013313924  0.73957743699546308  0.75040234055747845
  0.76110902640756939  0.77170694008516216  0.78233345826899681  0.79272023273869208
  0.80299573247739175  0.81299057086111115  0.82312241029633593  0.83335917887050814
  0.84356435237196858  0.85381739944472157  0.86464008402439740  0.87585919271947310
  0.88748788952854751  0.89817056236070558  0.90854470553746736  0.91838627343944679
  0.92870372258963985  0.93902354955316159  0.94956755596009390  0.95997205889889470
  0.97046122676485813  0.98104631322237579  0.99145133009768405  1.00000000000000000
 -0.00233781038486120  0.01080349044092679  0.02208626798747576  0.03304940322189967
  0.04390789560505289  0.05441337285801051  0.06466084382104353  0.07451559002244362
  0.08420576184253856  0.09398639123581255  0.10379158177115824  0.11399404240039156
  0.12429868420999936  0.13461081302802377  0.14480671286229133  0.15484398100034044
  0.16473044921882501  0.17442870996755785  0.18401123883848763  0.19388311303022118
  0.20404723283529924  0.21466420252416937  0.22578248336609358  0.23700778954260857
  0.24815879714837111  0.25913550361573634  0.26995252992324126  0.28056899992980361
  0.29084648491276410  0.30114992223293269  0.31159713610140821  0.32200751605518257
  0.33245526804672570  0.34295726657992048  0.35363443348170881  0.36458890577567327
  0.37579471701638878  0.38684975979435304  0.39771131217073002  0.40869140182070945
  0.41975082484418735  0.43060703786500470  0.44166222374475783  0.45305786805055059
  0.46463096395631986  0.47626195091744533  0.48838083473861155  0.50078995954583583
  0.51227267954829014  0.52335816385906553  0.53403572064459925  0.54458500468527449
  0.55473130619742594  0.56499856568106499  0.57536382783436835  0.58555062021717585
  0.59529191216088706  0.60513796165211897  0.61563989674513597  0.62628631077077501
  0.63714578005781031  0.64810569570082355  0.65927235696815401  0.67046463657215538
  0.68139675159459767  0.69208617453022503  0.70233779710638056  0.71235773000649316
  0.72237332618775396  0.73285269284151877  0.74359394235457188  0.75449768448640830
  0.76557277092044651  0.77655447046436454  0.78758737975055892  0.79788064097234535
  0.80792595216110263  0.81799358635050046  0.82798421045490467  0.83823963814702984
  0.84846093484661467  0.85847573847166592  0.86861805823247640  0.87861141186516956
  0.88819442517914182  0.89791675887028932  0.90760690790388676  0.91750361089706012
  0.92702265726984190  0.93641773824172625  0.94624085386101597  0.95655310572999497
  0.96732663365377125  0.97819772747262490  0.98910581037250689  1.00000000000000000
 -0.00269987001050227  0.00998664106016785  0.02102153476085613  0.03199925701997933
  0.04328642705359236  0.05442780480593051  0.06523848474994906  0.07560586321257520
  0.08575777162796630  0.09573151690069553  0.10568124517697595  0.11531825787206647
  0.12507840964450115  0.13527011834388791  0.14578873745139201  0.15665491338980150
  0.16761549495599906  0.17901308950867892  0.19012748165659227  0.20092992115818803
  0.21169705349895668  0.22238442302485870  0.23313910185851866  0.24377726296991414
  0.25436848975057735  0.26494465351558860  0.27544998151203276  0.28617138157915262
  0.29688936341541250  0.30794907741133637  0.31867039420802629  0.32912445570734916
  0.33919545603329970  0.34941192274051275  0.35966568640897467  0.37024440489534444
  0.38086086019975357  0.39097419161047398  0.40103368756539803  0.41059932467707161
  0.42033490883987296  0.42999148677970184  0.43984718492985442  0.45058584550909037
  0.46107578488327955  0.47127805954076801  0.48169762769826024  0.49172667962389377
  0.50167637790609554  0.51172590740181745  0.52215689967994183  0.53317157404715398
  0.54416821534192839  0.55544941366538214  0.56680996284176155  0.57789185390373310
  0.58854786440980922  0.59916182716162292  0.60987245930389078  0.62081524800411292
  0.63199521845222673  0.64308054994948294  0.65392115001361895  0.66472238447358567
  0.67576433087714549  0.68683494871962780  0.69790711295119112  0.70907943872275248
  0.72022866060854174  0.73148714450433938  0.74211154636610766  0.75272627817519766
  0.76260198635757137  0.77305581830705150  0.78321732010325473  0.79325203449083137
  0.80298315097774997  0.81296907598892310  0.82338802478812934  0.83377988057950914
  0.84374434606524040  0.85348649066099647  0.86318089151685184  0.87352430403881798
  0.88425016775073406  0.89505166549761994  0.90563424511817092  0.91610424013164982
  0.92659692286408701  0.93695565782071355  0.94710465079349093  0.95727333141551196
  0.96753773137309240  0.97801168822548801  0.98896759575921300  1.00000000000000000
 -0.00212789512476886  0.00914032893307661  0.01902807234727419  0.02935790765434267
  0.03985500942019930  0.05023832268341415  0.06026892293886260  0.07032852506092091
  0.08067724623892140  0.09129156292958467  0.10146254099083397  0.11162128873358938
  0.12195132361937835  0.13252865984538686  0.14272554145465077  0.15260220927068252
  0.16231887961070959  0.17216970581598043  0.18214385323282531  0.19252565698688417
  0.20300365304221588  0.21370605710328278  0.22463393179782992  0.23541723546409299
  0.24617205882557711  0.25705063686452601  0.26828780691704524  0.27938773184580057
  0.29016094057200692  0.30066783415088261  0.31125218744000632  0.32159766502219528
  0.33206686628067383  0.34253194133131709  0.35334680557953679  0.36476636712853799
  0.37626504270020761  0.38789894209102793  0.39904325919958766  0.41021696136616165
  0.42108276230208663  0.43165851372581104  0.44200291295222688  0.45214096587672781
  0.46238908488440827  0.47282518903314802  0.48342326904609412  0.49381626572614867
  0.50405676136599631  0.51413577947850364  0.52397394591547219  0.53338514234495082
  0.54295768134480493  0.55316092418818585  0.56386209269066012  0.57444216092492462
  0.58492070230496374  0.59539056725606376  0.60565586509400404  0.61591628647774244
  0.62657090511985747  0.63729716917183010  0.64749085946934659  0.65754425178355091
  0.66770262729618557  0.67818307115761933  0.68871302100269316  0.69932261636481396
  0.71061039133912285  0.72246083112103876  0.73423184272853537  0.74533521064991559
  0.75612990489018994  0.76696054373938816  0.77752787983413441  0.78828875066048332
  0.79921543114521609  0.81012309880210087  0.82097174228736125  0.83161283976854194
  0.84241086667923060  0.85355638210067664  0.86481421525138702  0.87572623778148551
  0.88587345184171506  0.89578653427839561  0.90574720374371942  0.91582410408750414
  0.92629711584480257  0.93688317469272664  0.94760364756581428  0.95784633952170606
  0.96820550125989024  0.97903155168538591  0.98975704971121214  1.00000000000000000
 -0.00224801635156424  0.00938056541746666  0.01928602191971114  0.03020951082996361
  0.04115646749489225  0.05316303635309243  0.06485436600171485  0.07619797532543934
  0.08704470378881655  0.09692415120649467  0.10659691510418787  0.11652515671192444
  0.12659226315494904  0.13709202408564711  0.14757187533624758  0.15896336049492180
  0.17044831397591778  0.18124014169878755  0.19188725927479180  0.20252586796680602
  0.21280191957942177  0.22269833583154700  0.23265508803742144  0.24277100225152001
  0.25327536776612952  0.26413152932488737  0.27492180386784654  0.28599905726482477
  0.29666391718390922  0.30719206103637658  0.31749880674222164  0.32780929386662444
  0.33825148138527428  0.34880375823013748  0.35968053389675203  0.37063730755655822
  0.38125881468297229  0.39166318921767979  0.40174448660549894  0.41220798222245525
  0.42286071667004388  0.43399720588414253  0.44529078375606612  0.45668206760380181
  0.46797884692897695  0.47918766966274012  0.48994039956399321  0.50021947916741794
  0.51049988604814411  0.52098783080601108  0.53170658655730696  0.54236066012720574
  0.55319703054989944  0.56397307506703021  0.57466683831987553  0.58585963654313222
  0.59780452593674960  0.60972141666304036  0.62083209057569466  0.63121832558091795
  0.64121965349013765  0.65096827217685593  0.66075818443865342  0.67074779322701361
  0.68063835730581423  0.69061641142450070  0.70009125032203823  0.71010521535171223
  0.72017345754230944  0.73016839832096714  0.73985836009511796  0.74997217743056477
  0.76110407732520413  0.77237607758364879  0.78324565622979625  0.79362727054600990
  0.80409447906125142  0.81444948575046450  0.82459796277282238  0.83468380853860435
  0.84506136497858630  0.85549327907851158  0.86549105092091094  0.87564595112351962
  0.88616178350550356  0.89650886767184523  0.90625976395318797  0.91603449438470053
  0.92643367262672138  0.93676201612419863  0.94715376814566332  0.95777279125180081
  0.96862542385522621  0.97925232343268953  0.98954745658218390  1.00000000000000000
  0.00108992878826217  0.11260428329286198  0.16833421447297456  0.20748111179792253
  0.23893203575456975  0.26555630884896531  0.28900144162007313  0.30983276278466876
  0.32887184769411004  0.34678994161773302  0.36416139208377579  0.38042102480518636
  0.39542909873275106  0.40983394885453112  0.42402420150416148  0.43773354377033136
  0.45094301732532877  0.46368745092658120  0.47618457836314254  0.48825973209790963
  0.49961321984228729  0.51053083340919614  0.52105905558799892  0.53137916843959976
  0.54139952418789306  0.55105079617886843  0.56043414769683364  0.56952770431519240
  0.57836651620420965  0.58709708965574248  0.59554477533251793  0.60390870895394744
  0.61226203507635091  0.62063225123959531  0.62896212261454165  0.63723167575886130
  0.64525778186544358  0.65303291475917580  0.66053928818727603  0.66806225960566668
  0.67546723988805868  0.68277311912926919  0.68993105366643992  0.69699894511580562
  0.70410165356072940  0.71125322007887337  0.71846600479216938  0.72561107507861022
  0.73259423474268615  0.73966742716641520  0.74662821101727184  0.75332602317956265
  0.75976732124031354  0.76616526479258107  0.77251288200406953  0.77865010247098998
  0.78459149991264165  0.79042787662554270  0.79616842080658978  0.80191257762502510
  0.80764895722988661  0.81337523235848563  0.81885034165804182  0.82447580539378129
  0.83011597455485553  0.83581493993486322  0.84159781342123630  0.84742782624865987
  0.85315031986629730  0.85881023149881042  0.86448096579730271  0.87005509762454136
  0.87557877874266643  0.88089929197405481  0.88601007367270912  0.89096829249991905
  0.89607320862545115  0.90115405026737272  0.90633472472003251  0.91156413607133879
  0.91679761928187320  0.92205954974856463  0.92734462118598981  0.93264058546220796
  0.93785363309005476  0.94298148975267326  0.94808911958717890  0.95315016036387024
  0.95816065173758169  0.96313383299313937  0.96805919814537489  0.97294897678135439
  0.97778555195333006  0.98214828398595289  0.98479767327096512  1.00000000000000000
 -0.00243882171088067  0.00949782638625068  0.01931959263514093  0.02966244832119860
  0.04036334710992916  0.05146267504924081  0.06300782839581112  0.07342841655028352
  0.08388013573705870  0.09373513936876303  0.10366744303172755  0.11364475170395358
  0.12369931356892271  0.13371165891182102  0.14366583368805635  0.15407700913193972
  0.16451463816509529  0.17549963433870919  0.18636410442149495  0.19740954836678987
  0.20829903799487010  0.21904717252588746  0.22974184340959253  0.24064971453102935
  0.25148481424617775  0.26310938441658493  0.27370515896108982  0.28406162821446002
  0.29387105285432386  0.30389980771090291  0.31424305894665400  0.32486930794757451
  0.33581013665289150  0.34642830683192188  0.35707383168749268  0.36778492127193591
  0.37820218206276296  0.38847279632191634  0.39862723108221237  0.40873735521565385
  0.41888348304386414  0.42886113125950526  0.43916898995387965  0.44946194913605853
  0.45994297035338533  0.47047358305279818  0.48143048188459936  0.49264890659203059
  0.50370480325630818  0.51470637319168566  0.52642246949826155  0.53801097937733533
  0.54901898215700073  0.55932451859992105  0.56931811125819776  0.57910645170582364
  0.58908690712430423  0.59956629206572065  0.61058353169642365  0.62136116781184092
  0.63243800460714705  0.64347981890122985  0.65451478848133859  0.66524480361806904
  0.67597097173951270  0.68684704793103224  0.69789301183532881  0.70869754192810919
  0.71908247600474307  0.72933277089637161  0.73976378531452891  0.75025658252844518
  0.76072127835877335  0.77104017136602976  0.78137736715169082  0.79169914881056047
  0.80217502750087222  0.81282517585948855  0.82345295528571982  0.83397116067578358
  0.84472610910636470  0.85564498517741649  0.86617109055736830  0.87663851559334305
  0.88735808797963012  0.89814724070340235  0.90834964940589225  0.91812541043037088
  0.92800369740875444  0.93834516190791439  0.94905735270902647  0.95933031073178521
  0.96939085106526612  0.97925767350576187  0.98966487561109073  1.00000000000000000
  0.02473497441936866  0.03221391246891078  0.04133616699052699  0.05065912284407423
  0.06001316532277835  0.06911242327723005  0.07815602491507320  0.08721258199407915
  0.09653163301151113  0.10610048657445217  0.11569191117953341  0.12511730573172253
  0.13473005489823434  0.14453281340264124  0.15434629334628672  0.16402511052066990
  0.17333069659066699  0.18258993582180366  0.19228403440195993  0.20257402059733570
  0.21295459875695774  0.22362270535396739  0.23454238540007474  0.24541862996952921
  0.25565927498380148  0.26546536597645909  0.27521085302293780  0.28516372336648110
  0.29561424539601311  0.30644527817319267  0.31787825896948912  0.32877037470332754
  0.33927310339508615  0.34949196078851030  0.36036051862498575  0.37210601393075371
  0.38356778557435262  0.39427480485787547  0.40482074364575676  0.41532177993194264
  0.42549072618364575  0.43550163918697538  0.44583986096636125  0.45606816041741233
  0.46638408240605123  0.47623093824609231  0.48644807053106021  0.49667837736364462
  0.50740915194746050  0.51811233845309579  0.52850528183029621  0.53872413807068709
  0.54880953841248359  0.55929469184420544  0.56932973739562343  0.57924177471591221
  0.58898591820386992  0.59861484207284754  0.60855184804084395  0.61855429649490545
  0.62876852599469502  0.63909704042910542  0.64970186323001766  0.65994621187159919
  0.66991116930193506  0.67946107081766083  0.68933064743176264  0.69873398414049037
  0.70833152932466192  0.71772199770448342  0.72761881376149462  0.73747391606221613
  0.74754850721972921  0.75782680703359129  0.76807083100923956  0.77879527527561132
  0.78914915973205635  0.79894416683950586  0.80844080250387251  0.81800088735863730
  0.82806125054129265  0.83819966029934734  0.84754180525342027  0.85709537160750093
  0.86632277288858062  0.87613468033200737  0.88646816604792678  0.89706646947611968
  0.90782538406461488  0.91864906346400022  0.92981201649216239  0.94095203042245124
  0.95249433873569467  0.96308666503117457  0.97141143500131166  1.00000000000000000
  0.10558111880385881  0.19590414845199716  0.22660604113985031  0.24558855205324787
  0.25949686000911087  0.27178245733841033  0.28253319802806870  0.29269214896609780
  0.30207631836625098  0.31106613920600962  0.31938190817094697  0.32765657155039668
  0.33565528776489451  0.34316561599579060  0.35031682058562091  0.35691818941823011
  0.36323121756032606  0.36932409322054338  0.37528950650235759  0.38118493829683309
  0.38707734454814607  0.39309319995718034  0.39895194289625430  0.40455971746034985
  0.41014589948697883  0.41559392436396936  0.42096877801367977  0.42632520280803304
  0.43170743678546331  0.43719613785965933  0.44274070648583758  0.44833379918636773
  0.45391080677943663  0.45959811742713391  0.46509876764682206  0.47046854973465008
  0.47561161561254922  0.48097503752005877  0.48651479067849579  0.49206717098702391
  0.49767528561851881  0.50339042118830946  0.50916910448069297  0.51498997086634801
  0.52079512846912923  0.52654055077785900  0.53235795538950015  0.53826191320449246
  0.54383675579634339  0.54914834224887166  0.55444438758618675  0.55977897308085733
  0.56508355965446389  0.57034603912173754  0.57568410459760733  0.58109899147171162
  0.58657998574028691  0.59205702053414766  0.59749485569159799  0.60292051795268498
  0.60847307723641497  0.61418369427144048  0.62006060359129689  0.62624078062174204
  0.63277848242792223  0.63941309113070188  0.64597609676642276  0.65239998736275528
  0.65877770120781420  0.66545654260721843  0.67236689080784717  0.67945466811860034
  0.68647217223376600  0.69329723339841476  0.70008467037228272  0.70704969429981168
  0.71436155340034713  0.72189751271560287  0.72961082539036259  0.73761006012609787
  0.74574231964686999  0.75389085482645080  0.76215674614872975  0.77050448126639803
  0.77897916167617209  0.78782439177412689  0.79749666054520407  0.80771824159812100
  0.81851395831930640  0.82998307540915706  0.84169508704118168  0.85420712298448487
  0.86795255467372934  0.89124757163257384  0.92679180099232994  1.00000000000000000
   1.4218462170847971E-028  -1.0000000000000000     
 T F T F T F T F F F F F F F F F T F T F T F T F T F T F T F T F T F T F T F T F T F F F F F F F T F T F T F T F T F T F T F T F T F T F T F T F F F F F F F F F T F T F T F T F T F T F T F T F T F T F T F T F T F F F F F F F T F T F T F T F T F T F T F T F
  <DiscreteSampler_grid>
  grouped_processes
  1 # 1 for a reference and 2 for a running grid.
  10 # Attribute 'min_bin_probing_points' of the grid.
  1 # Attribute 'grid_mode' of the grid. 1=='default',2=='initialization'
  0.0000000000000000 # Attribute 'small_contrib_threshold' of the grid.
  0.5000000000000000 # Attribute 'damping_power' of the grid.
 # binID   n_entries weight   weight_sqr   abs_weight
    13   10   4.128920269836639E-019   2.872290954173768E-037   4.128920269836639E-019
    14   10   4.128920269835901E-019   2.872290954172554E-037   4.128920269835901E-019
    16   10   4.978009567147478E-019   5.220278980064487E-037   4.978009567147478E-019
    17   10   4.978009567147490E-019   5.220278980064464E-037   4.978009567147490E-019
  </DiscreteSampler_grid>
