  0.00000000022996950  0.00000000041223057  0.00000000055309429  0.00000000068507946
  0.00000000081021172  0.00000000091722988  0.00000000102742382  0.00000000114729655
  0.00000000125842736  0.00000000135053501  0.00000000144808088  0.00000000155411642
  0.00000000166590980  0.00000000177692264  0.00000000189018788  0.00000000201639635
  0.00000000213972738  0.00000000225229301  0.00000000233823576  0.00000000241041552
  0.00000000249456359  0.00000000259480304  0.00000000270550143  0.00000000282858992
  0.00000000295210419  0.00000000308460960  0.00000000321737562  0.00000000333871546
  0.00000000345224114  0.00000000357189053  0.00000000369440457  0.00000000382367726
  0.00000000395301073  0.00000000408643244  0.00000000421757049  0.00000000433508220
  0.00000000445088899  0.00000000459412525  0.00000000473861014  0.00000000489606966
  0.00000000505090113  0.00000000520338189  0.00000000536227414  0.00000000553523075
  0.00000000572075870  0.00000000590547567  0.00000000607498074  0.00000000623405933
  0.00000000639905203  0.00000000657324811  0.00000000675415899  0.00000000694482274
  0.00000000714148081  0.00000000735209343  0.00000000758348821  0.00000000780879407
  0.00000000803365467  0.00000000826194524  0.00000000848474026  0.00000000869301306
  0.00000000888206593  0.00000000906256219  0.00000000925008929  0.00000000944306023
  0.00000000964395377  0.00000000985223292  0.00000001005257474  0.00000001023515065
  0.00000001043138115  0.00000001062797871  0.00000001084317068  0.00000001106449903
  0.00000001131581698  0.00000001159507601  0.00000001186938581  0.00000001216346086
  0.00000001244701786  0.00000001269040086  0.00000001291998740  0.00000001317083606
  0.00000001342819060  0.00000001367565419  0.00000001391088229  0.00000001417261431
  0.00000001455282582  0.00000001495387348  0.00000001537168276  0.00000001582606039
  0.00000001634889064  0.00000001697290643  0.00000001771490844  0.00000001856797612
  0.00000001969280165  0.00000002161772564  0.00000002387891876  1.00000000000000000
  0.00907849581430724  0.01792289141546927  0.02788183034170024  0.03854077000198246
  0.04833216396861380  0.05875455193478809  0.06880756990259752  0.07897396370991383
  0.09167748452640191  0.10490134866262313  0.11854186530164740  0.13220843654042869
  0.14613134200986200  0.16074450314828981  0.17565975987531759  0.18857745112723895
  0.19736743260010162  0.20498081171233223  0.21340723121098662  0.22303719936612204
  0.23330731679156622  0.24264493041652527  0.25273807056099373  0.26431320480572723
  0.27646920575861850  0.28773789392385685  0.29751192728114467  0.30597897900620064
  0.31355353734012592  0.32126470965828036  0.32947521701096516  0.33804414780961650
  0.34683915594778397  0.35607653536187439  0.36817112447602812  0.38045721753967238
  0.39190212617381176  0.40313712701833976  0.41410686951540876  0.42653250559638756
  0.43912893007610160  0.45149727884483987  0.46400982028139948  0.47677294881161542
  0.48992906571879308  0.50389091237277384  0.51736736581640408  0.52794547342249587
  0.53648628236426033  0.54468980286337665  0.55366934839796533  0.56296282675579079
  0.57224472086107991  0.58163172212907210  0.59171427219731554  0.60405527604033082
  0.61524659977807650  0.62605077665380870  0.63678559621024289  0.64786326971648323
  0.65808722623368199  0.66812250260187711  0.68041197007424514  0.69408447314322252
  0.70771675254850364  0.72115761004362378  0.73320189176484363  0.74362005559360456
  0.75434070267232489  0.76356827610046718  0.77273260331255222  0.78081431849813565
  0.78924896037075343  0.80015776880609102  0.81243676939402820  0.82454735135570045
  0.83707933087455555  0.84889253087533223  0.85731981704687521  0.86374668618401407
  0.87082767242508452  0.87795155801618507  0.88510943924084118  0.89278205255501786
  0.90101203275071517  0.90841683319395938  0.91579558325985377  0.92675122922590436
  0.94055373322091895  0.95220418644158678  0.96129467284517289  0.96950770199344471
  0.97780964941467685  0.98579062242082993  0.99015486043988199  1.00000000000000000
 -0.00001588613547458  0.00081693391459392  0.00359799028032952  0.00795320017929474
  0.01395564833781063  0.02101645383635154  0.02795289160868832  0.03470935564291910
  0.04098319750325661  0.04703588139010535  0.05289526690768764  0.05952665238394540
  0.06759723093348315  0.07576311029095834  0.08375682890253938  0.09262038798298744
  0.10199638168860885  0.11162120842400602  0.12126649320573804  0.13006121062933404
  0.13917996578841341  0.14793877097375502  0.15548697654237473  0.16431008190958518
  0.17535549627344021  0.18664479166465164  0.19783523095454453  0.21067719610814364
  0.22388237238659953  0.23703292019366448  0.25029815411449957  0.26409068872703106
  0.27881630216065068  0.29303129956846935  0.30804507572572815  0.32353688929597252
  0.33979227902250358  0.35864359512903560  0.36749338147367488  0.37632693260823991
  0.38602665990477308  0.39591940575419915  0.40590548478521260  0.41654747978741014
  0.42790389590068245  0.43716845088101253  0.44486669710905946  0.45307490982921195
  0.46134515320688491  0.46930917000089672  0.47822599144611733  0.48997054909329257
  0.50113788289680572  0.51202744395139022  0.52304925108074873  0.53450404787207395
  0.54612566389282169  0.55771909895753036  0.56953570090127015  0.58012095836218291
  0.59000420873275183  0.59973788121292149  0.60874777452355866  0.61815133045947324
  0.62793172294537680  0.63827530331841986  0.64866060391621183  0.65791571688185613
  0.66809498427192682  0.68051189649044186  0.69347332090405467  0.70772402655261035
  0.72481185253174218  0.74141615543213923  0.75737768212295331  0.77294295398971835
  0.78836249314561868  0.80368657925989495  0.81808125149842259  0.83113785364404213
  0.84355907841708355  0.85574989173238114  0.86799791214174637  0.88053163843523297
  0.89312883820033395  0.90605424206044938  0.91651887470300808  0.92727561121391378
  0.93749096680494515  0.94676629415323510  0.95603070245016053  0.96536220444217791
  0.97415488735626199  0.98270841127355157  0.99076842564048928  1.00000000000000000
 -0.00300399882158833  0.00867289393117992  0.02126825865673776  0.03363302447393251
  0.04527583420626196  0.05660364805309995  0.06803167938294717  0.07911207603937520
  0.08964105323112533  0.10111544306046079  0.11358300206789870  0.12504234518950927
  0.13518737774102968  0.14479795607332191  0.15217278868457226  0.16132568211516374
  0.17002199749049879  0.17706024611007312  0.18415986839846576  0.19141986006438286
  0.19811068545171892  0.20571380231577374  0.21380207778369764  0.22114153189477029
  0.22863887872551508  0.23765554849950921  0.24675452142945381  0.25773407142867616
  0.27124557448933823  0.28470547852344380  0.29802592347008827  0.31095290878298776
  0.32389379328655860  0.33719651318124233  0.35017136474390309  0.36324792048306764
  0.37619745975585606  0.38935638072463308  0.40500299501532888  0.41971021578466688
  0.43183158829588730  0.44197523013828116  0.45157562596944351  0.46136591081033584
  0.47139842702611418  0.48078956528612671  0.48968167557743786  0.49883809974926574
  0.50722184007693971  0.51526956806809976  0.52155799322242191  0.52756534152146539
  0.53461664184493085  0.54289553527889112  0.55129884921467076  0.56052772543078910
  0.57145605272361377  0.58250016609805266  0.59203963064352250  0.60106051990377152
  0.61092590165606353  0.62067080934437990  0.63181403862277785  0.64419407660078509
  0.65581162170023921  0.66718925428358811  0.67971834574409284  0.69350569655369254
  0.70746317049484742  0.71973667392725660  0.72765967100983642  0.73658296122285427
  0.74530604781877996  0.75418423299613646  0.76312037159724477  0.77190413196881003
  0.78353552855304787  0.79476931091207914  0.80746099337192290  0.81798880836013843
  0.82653302168287524  0.83481324284412384  0.84300829895173257  0.85148705533166580
  0.86053027193596932  0.87021422359771694  0.88065302011440016  0.89280794974052413
  0.90449664632670823  0.91652031063424555  0.92861769726854704  0.94224341854068883
  0.95815452614038321  0.97309009747819375  0.98709663707290818  1.00000000000000000
 -0.00285702174258588  0.01038758627273920  0.02074714970046759  0.03016809011065234
  0.04054902482679505  0.05108109395172820  0.06173997594343150  0.07254968661771320
  0.08199587815118864  0.09027615043418921  0.09984942701416187  0.10939319540295499
  0.11947547399707253  0.13220940501801384  0.14803780255559179  0.16414608016158835
  0.17913969909750915  0.19217943403671420  0.20312814252202743  0.21330337747535508
  0.22348391615065238  0.23371946212578071  0.24419415847836398  0.25377761015222666
  0.26199030646049809  0.26975722695930021  0.27744521434590347  0.28492599514773986
  0.29254468628085917  0.30009408511191482  0.30862028746546660  0.31977480119506757
  0.33288548948795932  0.34447355393957646  0.35440600677269901  0.36372168074797678
  0.37429664185798056  0.38604084427388924  0.39566480754361660  0.40434977295525160
  0.41288766623803785  0.42090694354755548  0.42742964183180504  0.43506720833352042
  0.44400870701438216  0.45272958756408299  0.46242453098736824  0.47237630138259412
  0.48203860075033961  0.49188142062364509  0.50364922018049840  0.51767614984977461
  0.53198883841150246  0.54636790288565829  0.55990538490560571  0.57234916900931831
  0.58432167787529210  0.59614830850465461  0.60736794192344057  0.61729601213748897
  0.62712218843379564  0.63770543513032096  0.64806492288011563  0.65733842925022956
  0.66604794859835781  0.67520960695223675  0.68442632079251531  0.69436909370258226
  0.70368147856825580  0.71383337285514148  0.72547499438529606  0.73803917155556309
  0.75174365192098436  0.76556031418973847  0.77652925171707088  0.78481196073668491
  0.79332260049902903  0.80121760200169867  0.80954765384407201  0.81804941680179799
  0.82656386903141710  0.83570978477877900  0.84759000799715767  0.86050868235731426
  0.87284661131653929  0.88395910788987964  0.89410044646622733  0.90356218168337232
  0.91314959388723971  0.92416646594148388  0.93649540869943082  0.94862166737471476
  0.96135932285503956  0.97488930586579459  0.98779754522880703  1.00000000000000000
 -0.00132161102509511  0.00684515630905089  0.01469667751782880  0.02249015017332369
  0.03048692057708199  0.03870220023370050  0.04756542870788976  0.05584052204214292
  0.06374639690092841  0.07435386390742177  0.08456926780017274  0.09318634426330932
  0.10164851058269284  0.11153281662821168  0.12183559253356062  0.13142139677031051
  0.14093510318129440  0.15011400620381796  0.16110100872191746  0.17190540828251477
  0.18206771366590252  0.19168028491054281  0.20105876213933610  0.21058618518912789
  0.22048305872954457  0.23198556701201897  0.24485904168707526  0.25881782819763283
  0.27428245690824582  0.29008898193248361  0.30531074308275591  0.31997128735983488
  0.33342774129417990  0.34569864123028654  0.35760733638211445  0.36845890567200623
  0.37662837425591533  0.38287128361063572  0.39098476143551575  0.39819694440107750
  0.40433046433254827  0.41110213890152780  0.41770679966274249  0.42370093913341217
  0.43039476673371369  0.43753826680051483  0.44826483957703017  0.45962354087951562
  0.47135829419925829  0.48081473273153369  0.48937580031082833  0.49731883968536156
  0.50706351140696893  0.51991290333622375  0.53066509083360425  0.54202086459349308
  0.55396558889675607  0.56644117577808739  0.58028325276072135  0.59495849623101793
  0.60958028786631568  0.62294684159167402  0.63352698376571570  0.64249826007879962
  0.65202561011971949  0.66246762970256579  0.67380762925294435  0.68444462814156537
  0.69607982605336571  0.71010514698229965  0.72278376248554299  0.73416403255793161
  0.74470545896512719  0.75515349519924491  0.76536681744403168  0.77708364564466903
  0.78920495874683538  0.80035861748513593  0.81129322004867932  0.82258782660284269
  0.83477227386872810  0.84807148492170159  0.86201039981652683  0.87616790598708616
  0.89141227888680064  0.90105080075996002  0.91030020745510010  0.91942947493837124
  0.92670188378865348  0.93318510754834738  0.94006347189858064  0.94731265119232322
  0.95585201100501926  0.96766973787859201  0.98296546995747081  1.00000000000000000
 -0.00761000604307352  0.14178101692398737  0.19770354695602294  0.22862237840881741
  0.25368796576230068  0.28068045825135418  0.31019099711013770  0.34305964363644836
  0.37010606216812530  0.39193323771794208  0.41175383814375072  0.43012676995689331
  0.44651344942833660  0.46121395545107718  0.47459875307625060  0.48889537950320955
  0.50152697382785116  0.51359618303184373  0.52560355393714475  0.53927480553521678
  0.55521223157138944  0.57083514925483181  0.58305203541960993  0.59284067429671605
  0.60147158763002340  0.60926210246109613  0.61716261760839319  0.62557068742851651
  0.63365153741395330  0.64136325629332658  0.64914908269826521  0.65663437740592878
  0.66366157034881534  0.67036810570156113  0.67753062867739611  0.68462009919420597
  0.69177091096202603  0.69886216520555222  0.70608939241167157  0.71352015133904334
  0.72207944691449577  0.73145800201554645  0.74141467825624019  0.75172541020333949
  0.75886177758405282  0.76525534561764230  0.77218631125601334  0.77961139313855565
  0.78657622199731836  0.79256031197849475  0.79834886482047762  0.80417434843372559
  0.80997017188932363  0.81596015753437601  0.82248103345164758  0.82953274698627710
  0.83642862229675818  0.84269365947478858  0.84872959513505797  0.85404373480809403
  0.85963739870189071  0.86530038168667600  0.87091044452204613  0.87597871817334383
  0.88064455251106766  0.88498485350686196  0.89045160678884783  0.89521988402645813
  0.89818398238514707  0.90124038018481445  0.90468066727511776  0.90813288999196073
  0.91128995976133309  0.91434314673635042  0.91741374817807853  0.92083635168747624
  0.92447079387971520  0.92809073708321477  0.93146746127955637  0.93486082983583074
  0.93851604704743152  0.94190234563144304  0.94477972369583552  0.94759837692508908
  0.95041046057898704  0.95309173509168521  0.95571187135517488  0.95839928217060055
  0.96127099221142664  0.96433624120612138  0.96739857971376086  0.96995530528770724
  0.97804493994673902  0.98979604535380783  0.99521642650653919  1.00000000000000000
 -0.00183735206725600  0.00699433544163499  0.01800646677191405  0.02754545833768066
  0.04085681258293596  0.05261688561027630  0.06298017473686683  0.07343799404161325
  0.08362552702631354  0.09114691286402564  0.10049872008523689  0.11169059736091798
  0.12376054409423887  0.13538814488870238  0.14578890513588477  0.15863880856343651
  0.17166916824591780  0.18384488411768679  0.19624467191808040  0.20846702442009765
  0.22148158415910182  0.23594599033294408  0.25132439963328707  0.26697841797008975
  0.28242557351212638  0.29773033107858460  0.31287478237785488  0.32732763530015518
  0.34048698106866371  0.35321155763327272  0.36614275310736089  0.37861114799327095
  0.39070906550337953  0.40341944471063801  0.41497047393514352  0.42369662944813907
  0.43205766753649960  0.44040742453443438  0.44891746848246039  0.45751402369536420
  0.46740290295471881  0.47946098205475413  0.48999814401927849  0.49818203850393089
  0.50538214500347434  0.51283216162013301  0.52053851200090995  0.52865675014671931
  0.53653864214410463  0.54494222622273436  0.55542276235755084  0.56903468459557893
  0.58538979098065924  0.59998488376320924  0.61304583744338248  0.62582955153348929
  0.63862786608646405  0.65139618201999028  0.66441551096129625  0.67797707307027388
  0.69059697382164631  0.70046658290949015  0.71169328552546007  0.72127710699059533
  0.72979835874249011  0.73679109228623996  0.74454128072349579  0.75267165666627922
  0.76136718587509411  0.76936632423821905  0.77604075392313454  0.78256562962837595
  0.78938178452767904  0.79950031449117964  0.81152371846609184  0.82299828411723941
  0.83365581699099545  0.84462272598889843  0.85807936914866156  0.87178101545162412
  0.88099141849588425  0.88784344566702678  0.89619580901534146  0.90368737081690997
  0.91118764751021275  0.91859901044547965  0.92603291453095427  0.93229188382241301
  0.93907648110157638  0.94825490635510457  0.95873297592902207  0.96797808609937919
  0.97596185411720981  0.98333781460226888  0.99137835250157957  1.00000000000000000
  0.64266405722948194  0.69444727658158234  0.73498085134822977  0.77012697148460563
  0.79921431693183442  0.81942825657012441  0.83466752117311183  0.84876986137511135
  0.86277286626024419  0.87560656317962127  0.88620529386037250  0.89509695538949408
  0.90313604245371459  0.91090338913846214  0.91716263658849695  0.92175362536037286
  0.92607700994473940  0.93061335362571318  0.93449490150234027  0.93774794610058987
  0.94017288150405176  0.94236768191212228  0.94436130702908638  0.94613636437753945
  0.94786784487006892  0.94952924574543718  0.95109795867638913  0.95248367414013702
  0.95380761441003059  0.95502676091263050  0.95611098353706159  0.95724062633942286
  0.95826368866580958  0.95920341464471137  0.96004610265547896  0.96080246092184296
  0.96152060538790773  0.96221731779184072  0.96287237153733252  0.96346617706863358
  0.96401877302946193  0.96453890730463576  0.96503951561428669  0.96553099213815552
  0.96601555484463020  0.96646168366057350  0.96682721234604629  0.96715447582821068
  0.96747457726205288  0.96778485704712836  0.96808677250053421  0.96839706385170854
  0.96870529697308616  0.96901299551780617  0.96928631439277313  0.96958979774787268
  0.96995017067789668  0.97041858275499449  0.98195942619177978  0.98222403914856371
  0.98243298433647808  0.98258669277070887  0.98272830661961108  0.98287893535668780
  0.98303980632441124  0.98321811068449183  0.98341318509490716  0.98362785708569256
  0.98386764211011823  0.98410806948504859  0.98434369130897659  0.98459605906074832
  0.98487770127785490  0.98518885796943312  0.98551838840651218  0.98579078158986833
  0.98603102602518800  0.98627864194416537  0.98655175279320872  0.98684003900571826
  0.98713090856287622  0.98742102820794808  0.98771365437449665  0.98803900785041321
  0.98846325407376645  0.98899172826661796  0.98958169797511930  0.99021087809460939
  0.99094396316331357  0.99177450134194345  0.99265676968245953  0.99363713298478518
  0.99477272714803822  0.99610226195552798  0.99779251998713203  1.00000000000000000
  0.05276850189203360  0.22062358061437182  0.25827593858934056  0.28953440130483887
  0.31167562451154995  0.33094527946366487  0.34852596910291161  0.36559989995313491
  0.38133878048368303  0.39480343249250649  0.40669680509263151  0.41816273172608770
  0.42933326158747503  0.43884569287133129  0.44784661042559959  0.45705868699128627
  0.46643559126767892  0.47545657507946881  0.48569583223480095  0.49908662224087569
  0.50939420733096841  0.52145668867236405  0.53315227922919561  0.54384372264333058
  0.55416699748108600  0.56492295870782494  0.57632988041292788  0.58714114612691737
  0.59677507133628616  0.60452096742869543  0.61099802537373604  0.61728925227223641
  0.62393147409659810  0.62994690022341238  0.63574581915463735  0.64126989234391774
  0.64701468818602303  0.65304149656408927  0.65881512754099658  0.66401107211626520
  0.66923798486871700  0.67485617825941668  0.68037988179092701  0.68598581658540592
  0.69174670528625615  0.69733807985552687  0.70310645909342528  0.70888883457722229
  0.71476509508289365  0.72058300887061089  0.72561978014979478  0.72980922412003568
  0.73308984043795944  0.73693135760305239  0.74122577819984858  0.74531188656188296
  0.74900100263773794  0.75227192771925244  0.75535325995953129  0.75828819722530560
  0.76126794749910676  0.76446981670047376  0.76730952663594287  0.77023022343141812
  0.77343617559303746  0.77676129890122281  0.78016755809582139  0.78360602508374988
  0.78686903271582809  0.79026288420207846  0.79386438599950826  0.79774222190326083
  0.80131233548009217  0.80388299447980904  0.80668702142306159  0.80942531798373152
  0.81213901854101855  0.81503577480609035  0.81976578628406560  0.82511107107251414
  0.83055246588904830  0.83620005767052530  0.84187161954981682  0.84771918605535457
  0.85381686094794484  0.86056687915501462  0.86856520544511928  0.87596025338549965
  0.88158362382916389  0.89252944118250122  0.90593636345075435  0.92065795021920693
  0.93477053033433954  0.93893043034470003  0.94309033035506040  1.00000000000000000
   2.1182127372689468E-025  -1.0000000000000000     
 F F F F F F F F F F F F F F F F T F T F T F T F F F F F F F F F T F T F T F T F F F F F F F F F T F T F T F T F T F T F T F T F F F F F F F F F F F F F F F F F T F T F T F T F F F F F F F F F T F T F T F T F F F F F F F F F T F T F T F T F T F T F T F T F
  <DiscreteSampler_grid>
  grouped_processes
  1 # 1 for a reference and 2 for a running grid.
  10 # Attribute 'min_bin_probing_points' of the grid.
  1 # Attribute 'grid_mode' of the grid. 1=='default',2=='initialization'
  0.0000000000000000 # Attribute 'small_contrib_threshold' of the grid.
  0.5000000000000000 # Attribute 'damping_power' of the grid.
 # binID   n_entries weight   weight_sqr   abs_weight
    13   10   2.788723105896403E-018   6.885624067395374E-035   2.788723105896403E-018
    14   10   2.788723105896412E-018   6.885624067395425E-035   2.788723105896412E-018
    16   10   1.484947751528481E-018   1.524556204602860E-035   1.484947751528481E-018
    17   10   1.484947751528476E-018   1.524556204602849E-035   1.484947751528476E-018
  </DiscreteSampler_grid>
