  0.00000000022274622  0.00000000061911474  0.00000000091826187  0.00000000121937800
  0.00000000152894938  0.00000000173402274  0.00000000190906394  0.00000000211805188
  0.00000000238728254  0.00000000262705711  0.00000000288839822  0.00000000313855607
  0.00000000333698762  0.00000000350776209  0.00000000366805802  0.00000000380812880
  0.00000000394016477  0.00000000405347713  0.00000000411145502  0.00000000418355345
  0.00000000426026160  0.00000000434178394  0.00000000442521394  0.00000000450810496
  0.00000000468507164  0.00000000485278166  0.00000000501469840  0.00000000517439686
  0.00000000534261646  0.00000000550837047  0.00000000567295071  0.00000000582326886
  0.00000000597196484  0.00000000612412405  0.00000000628899050  0.00000000650987122
  0.00000000671563680  0.00000000692409135  0.00000000711880412  0.00000000730441818
  0.00000000750600342  0.00000000772729332  0.00000000795323591  0.00000000818916198
  0.00000000842978972  0.00000000866426760  0.00000000889850680  0.00000000912818209
  0.00000000935259076  0.00000000958385733  0.00000000973747982  0.00000000986759701
  0.00000001001075090  0.00000001016720881  0.00000001032405929  0.00000001046865775
  0.00000001060817945  0.00000001074648231  0.00000001089187546  0.00000001105719579
  0.00000001128790501  0.00000001151254480  0.00000001170730290  0.00000001188669204
  0.00000001204617356  0.00000001219921937  0.00000001236138201  0.00000001254858408
  0.00000001275326523  0.00000001296962528  0.00000001319609187  0.00000001341466512
  0.00000001364784275  0.00000001389771816  0.00000001417215977  0.00000001445937096
  0.00000001474015614  0.00000001501827204  0.00000001531695686  0.00000001565911253
  0.00000001600576790  0.00000001632370428  0.00000001663839938  0.00000001687991121
  0.00000001713458241  0.00000001740510466  0.00000001766839771  0.00000001790094779
  0.00000001823089454  0.00000001862261306  0.00000001908299772  0.00000001959483932
  0.00000002041508899  0.00000002242970417  0.00000002364431302  1.00000000000000000
  0.00813371117214813  0.01942797750040138  0.02822412814816578  0.03670958704120487
  0.04492794209517749  0.05263819912986338  0.06296647644655021  0.07301517934211536
  0.08155344594829392  0.08869429284431468  0.09575741778276295  0.10365958878895951
  0.11506353825562014  0.13061888859195189  0.14817291800749899  0.16445596511238414
  0.18107309688619097  0.19846225792713340  0.21523778922566056  0.22916954216273086
  0.24041517771964821  0.25157012430951520  0.26388548514915688  0.27673939155537536
  0.29005505657933761  0.29982397397777022  0.30973998770327277  0.31774152594871241
  0.32304778011264706  0.32822594832322394  0.33446154870403133  0.34173549401601422
  0.34821852025088629  0.35421749745908782  0.35945028198067580  0.36477509909660455
  0.37044122051274736  0.37505355179250971  0.38068510433901542  0.38587923531167284
  0.39014392002590170  0.39404940663633181  0.39853181146311634  0.40366352082824214
  0.40799148542929931  0.41199334494681322  0.41687430926216468  0.42549961570817751
  0.43754681925068395  0.44474379550254761  0.45298940360714490  0.46106970943650816
  0.46975249435356914  0.47894577854232401  0.49159853132187137  0.50518136705485306
  0.51791473980133196  0.53110031031829874  0.54512289425386795  0.56064671916670417
  0.57422948940642005  0.58812746591791265  0.60212606684703673  0.61617446000048159
  0.62895020361111120  0.63864366647455240  0.64593292275603764  0.65322073646192735
  0.66064960510588722  0.66828328548952365  0.67930464241845601  0.69417059262345571
  0.70951895685174049  0.72384858486845804  0.73600855569592860  0.74633392537556276
  0.75622642950873831  0.76732549836377117  0.77959036762810718  0.79474053945536793
  0.81134137227490233  0.82919570711975199  0.84597888595578530  0.86612644323347243
  0.88608003691854742  0.90534510341106833  0.91738875997271430  0.92530007545090587
  0.93205549376632124  0.93822321782784257  0.94434340597253474  0.95100237849931935
  0.95797036498745813  0.96529920980234130  0.98259580516655542  1.00000000000000000
 -0.00000015039528292  0.00009537555835681  0.00074661847614828  0.00186837096574393
  0.00333563569692774  0.00520450836239643  0.00791900221472699  0.01209647472172560
  0.01706956710183170  0.02110692866384368  0.02550413035106454  0.03112484021815684
  0.03867468392731755  0.04821676030755537  0.05890358935041477  0.06971504966168782
  0.08144481654964392  0.09209809108902876  0.10114662779604647  0.10989827968649431
  0.11999503362534945  0.13096723703877766  0.14194386261105285  0.15344563470560219
  0.16472402467041974  0.17588938201802790  0.18751545684293366  0.19974690062170306
  0.21286801637634886  0.22705029738645632  0.24216472120007751  0.25780771973649352
  0.27270760857438159  0.28657528064165183  0.30086272228342809  0.31208928338149178
  0.32373056148606300  0.33794035261347022  0.35174374767380012  0.36508715416114240
  0.38087306392309556  0.39406943335809008  0.40417786096713021  0.41489190772259377
  0.42605513710138898  0.43803778069105304  0.45080017515435999  0.46552817793835494
  0.47998313390584851  0.49758122222876144  0.51786133675953394  0.53705470202907069
  0.55213473911006639  0.56376228218105395  0.57479227245373554  0.58472486968246085
  0.59422034182263284  0.60439024202141978  0.61474080816272170  0.62652187205744170
  0.63742721716934203  0.64954560569691544  0.65844612359563792  0.66743874469544939
  0.67734628614257075  0.68821354556006364  0.70019259943804468  0.71258025983159057
  0.72538164366658298  0.73667969800093847  0.74722703143055236  0.75791932720656563
  0.76758026309153138  0.77616465291151171  0.78536228352857818  0.79457904788260658
  0.80321624366795130  0.81198683015649098  0.82187222771697466  0.83303305205709266
  0.84526315099404337  0.85653002293025593  0.87015418029233660  0.88046215569832453
  0.88846423471386948  0.89707307947850912  0.90560337302108285  0.91409791941701191
  0.92292575181302028  0.93328013629256079  0.94507882250878095  0.95459076342089810
  0.96457602025737565  0.97500479770905646  0.98578944249086942  1.00000000000000000
 -0.00423186374770472  0.01460884449105116  0.03055818055899028  0.04604196058089541
  0.06143889104118548  0.07666025228133845  0.09235965502919394  0.10698287528790708
  0.12097458392218365  0.13391936159738116  0.14615758472922694  0.15776787782871665
  0.16819447652787395  0.17724661414822446  0.18694093511082294  0.19932962348303571
  0.21453021452411011  0.23009505354146592  0.24018130483008657  0.25051342310566521
  0.26183783802065069  0.27149497500523140  0.27968709047012297  0.28973231412374256
  0.30139188684469986  0.30929793710770642  0.31719606053010674  0.32484164926969172
  0.33357092491419732  0.34440985730266449  0.35733236026615967  0.36805374017126996
  0.37903256788159212  0.38937464095249663  0.40473670578257087  0.41681383168793218
  0.42204277438899823  0.42786082896734701  0.43325590186587520  0.43828351618038219
  0.44291506903780919  0.44738550181603470  0.45233807773661666  0.45806340727923656
  0.46401372202414815  0.46986127558022178  0.47498409622444299  0.47901862492228264
  0.48367284010477646  0.49017474145864026  0.49706035613982463  0.50437379995385945
  0.51156534434726575  0.51965265881254297  0.52936693351472586  0.54191515584309968
  0.55510618925140065  0.56789907771363468  0.58261740230601289  0.59873306504673318
  0.61347354646638652  0.62574461223711852  0.63339273344130353  0.64085072531469334
  0.64821558926637934  0.65552101388179274  0.66532857610437623  0.67851582489478446
  0.69332229137755508  0.70818892715058956  0.72031780407541357  0.72905049828789148
  0.73712851379394484  0.74544291442167920  0.75517323776168266  0.76947001830093642
  0.77941843904410446  0.79010596010871659  0.80091134231186023  0.81119054765684973
  0.82084998428751377  0.82963111771691067  0.83968055170299372  0.85305223884500081
  0.86294701640054738  0.87369745126065057  0.88352652878550453  0.89421391811804718
  0.90653879063528220  0.92012376636679249  0.93417231278126889  0.94852096005960584
  0.96253628388545409  0.97515309735633049  0.98757646840243096  1.00000000000000000
 -0.00188475320200790  0.00894323325936507  0.01873770530272361  0.02688818023726636
  0.03444639650587825  0.04257816215167306  0.04959145094500658  0.05590031098604565
  0.06295621999895643  0.07155376522924191  0.07990625524856093  0.09122024098124244
  0.10470359058177300  0.10997976085258963  0.11426847101250281  0.11884070523166328
  0.12388481560257793  0.12969481379243511  0.13505406336516340  0.14046057237774459
  0.14564442395082944  0.15078187171777441  0.15637035227313575  0.16105976735898442
  0.16504330153968960  0.16820154846706875  0.17701709126551890  0.18677840322922135
  0.19530695361424069  0.20322866850623816  0.21216661133325079  0.22397183719572286
  0.23502784153682205  0.24670165782857079  0.26339007568771566  0.28495540499370303
  0.30725867608959151  0.32554344179293676  0.33834865122935637  0.34846617489197956
  0.35784088087210819  0.36678391493917006  0.37537603851421270  0.38315985568030486
  0.39163042203858522  0.40090555975898257  0.40818504359118291  0.41557162338144121
  0.42323653054817578  0.43155662865306038  0.44305439881514219  0.45560520678602651
  0.46780592358426720  0.48075157422178205  0.49410793040278445  0.50732694069871731
  0.51934260312619240  0.52906233039926009  0.54102483341663665  0.55138944065871254
  0.56109014194807727  0.57125779966900603  0.58294771844536653  0.59604761673150741
  0.60982975734097522  0.61984327322575339  0.63191189725082664  0.64289384006449424
  0.65274559789565323  0.66130753796025932  0.67150813705523704  0.68428179538828449
  0.69698460992331635  0.70959636779064927  0.72285187364294490  0.73543800212557897
  0.74928744860886765  0.76505422191544847  0.78289116059167230  0.79929304016065150
  0.81452371482964470  0.82753395450903711  0.84052065400678855  0.85368396766243337
  0.86726925334820826  0.88088837619609250  0.89380048051347250  0.90609905713813554
  0.91841863389722334  0.93097819023525630  0.94167826569746726  0.95206022082100317
  0.96262459185538340  0.97424953944781634  0.98740125585494576  1.00000000000000000
 -0.00459587414799493  0.01775631151257936  0.03286719162059581  0.04597142379881884
  0.05866930109240388  0.07159449867356010  0.08573039904046431  0.10473596060462192
  0.12435965109101388  0.14145369085169202  0.15790906464215687  0.17335270065206490
  0.18466064917444652  0.19546677176466276  0.20595378105501802  0.21499841507920631
  0.22504674352944407  0.23579255856987708  0.24452036771837674  0.25370739629313027
  0.26256148426668269  0.27271752854309317  0.28720421833424042  0.30038665723786612
  0.31472643862313970  0.32818224781198407  0.34025494215931557  0.35239459118295752
  0.36401788569992705  0.37346834653542071  0.38227592274480793  0.39075898346369731
  0.40058718613819411  0.41049678779865700  0.41919518545916645  0.42769089546227279
  0.43538068262902063  0.44759677309362661  0.46389598920461383  0.48260872518740866
  0.50139288211922484  0.51757355857951470  0.53022184842751952  0.53919261826570453
  0.54450193433592042  0.54872665867763182  0.55320155293491347  0.55801975010820948
  0.56285765405756405  0.56784188560377502  0.57236151876485419  0.57756500641135788
  0.58233829080634902  0.58639184857228932  0.59004560478325407  0.59389500317934918
  0.59873745276222645  0.60515110141434958  0.61485381180572674  0.62887017068203832
  0.64128999068736736  0.65421093132497909  0.66806875457580872  0.68493565696245362
  0.70003726614252337  0.71225268060298974  0.72151811646550135  0.73099580007887222
  0.74190761791204363  0.75332525267294093  0.76524416651413396  0.77903480728374497
  0.79279779326319766  0.80435758156369042  0.81693402432628026  0.83003438447863098
  0.83815769634635962  0.84640498294980271  0.85583401791088853  0.86467028811150592
  0.87326742496505116  0.88198472194908861  0.88889833631724346  0.89880059295153170
  0.90864237985666352  0.91890475568009156  0.92853781908278377  0.93854412697826550
  0.95014393135157749  0.96097131103097544  0.96787314920177736  0.97458430425905651
  0.98163305380595567  0.98803732425612578  0.99403147754023946  1.00000000000000000
  0.00748661352233152  0.01409906813515197  0.01934735586544561  0.02401514786402937
  0.02852713948987802  0.03240163142751432  0.03707326684353383  0.04325266331430072
  0.04985135634647221  0.05644816493661248  0.06182108524732800  0.06466123070001940
  0.06671551521431898  0.06915108847662570  0.07190518878427195  0.07493565975704272
  0.07798285470223268  0.08117371008168145  0.08446154819899110  0.08761358838287869
  0.09060074153252841  0.09283049957029481  0.09497535483226535  0.09691594581343564
  0.09894359941164958  0.10113696548345523  0.10357789494656022  0.10667803457352165
  0.10961122799053921  0.11251985459705555  0.11566655815671600  0.11988389386206974
  0.12338499936533667  0.12816647264842654  0.13768449144255615  0.14543777468486821
  0.15254378912371799  0.15914984937670520  0.16611053211348364  0.17483914818663338
  0.18169523574030380  0.18741421594950849  0.19240179282640527  0.19803891067754772
  0.20353249497704218  0.20924589191434301  0.21501452954133196  0.22064907676866496
  0.22667471674411280  0.23772157202085897  0.24904565263291908  0.25874142716541293
  0.26805875305952098  0.27710886958563663  0.28646496471800514  0.29665465524739065
  0.30662410352921621  0.31456912746657723  0.32033515961003539  0.32615728786986942
  0.33181990355517899  0.33777574100455077  0.34324132249244715  0.34890912438112548
  0.35549832651267976  0.36397177407310211  0.37154242904814622  0.38088186383294342
  0.39052278362739107  0.40502052597131533  0.41990491836809579  0.43404514813674377
  0.44777567743126651  0.46289768821970334  0.47970401494223053  0.49819854719242290
  0.51744494622924264  0.53575049358886673  0.55313810799397312  0.56681839346410223
  0.57636152262569051  0.58604143318872359  0.59585689018599131  0.60637386295942330
  0.61754756779144393  0.63491504853692249  0.65405317924467077  0.67264171286762153
  0.69201934454259806  0.71169917968526974  0.74501819015825665  0.77754573765800572
  0.80832815405755798  0.84126946963879512  0.89625049243874766  1.00000000000000000
 -0.00280860194598551  0.01393346417494119  0.02765339023794812  0.04151631101798060
  0.05157559218619689  0.06190636419133211  0.07245732206666364  0.08316676124233442
  0.09387450766426381  0.10444681918870315  0.11436469591776170  0.12418492404198025
  0.13429655400169394  0.14463433776550452  0.15092354139949268  0.15704391340149770
  0.16498607856283251  0.17301597718062717  0.18135731904527505  0.18929301979769819
  0.19646567527153871  0.20428311465866189  0.21391262906666877  0.22658225910473526
  0.23940942800592141  0.25305235112395846  0.27100912074415578  0.29199948144816090
  0.30701937016200420  0.31627935151390757  0.32377024458138565  0.33111774356583634
  0.33869150368852130  0.34715063663577383  0.35600486501586442  0.36435622506136439
  0.37883157928442907  0.39244628659268521  0.40403276622190198  0.41539812619333316
  0.42685520117017478  0.43808407531832444  0.44918427220752638  0.46151329498161647
  0.47521144183034264  0.48686667876756279  0.49672736976544773  0.50551625194731686
  0.51510649664151864  0.52520541291220801  0.53700251818977962  0.55235863764804005
  0.57181873894095914  0.58534605454517219  0.59068735521594007  0.59661404913712368
  0.60254256679162244  0.60789040658295923  0.61287239890943490  0.61889383617680727
  0.62415023987278817  0.62997391886167919  0.63612160422849506  0.64121618138090875
  0.64691567000853134  0.65610519327300176  0.66587447138000466  0.67332501468609407
  0.67984444541774125  0.68614717647243617  0.69392231613605238  0.70322694764055138
  0.71271364134134296  0.72307286034035234  0.73506144932662132  0.75108984074147522
  0.77120069951721004  0.78970801872444507  0.80366171740718373  0.81513975695359386
  0.82496953165866915  0.83442422984375642  0.84469494634417319  0.85522428421773189
  0.86518125967381387  0.87379155578677692  0.88581080730797968  0.89823645111176598
  0.91079037468352497  0.92525717301665855  0.93952278740845208  0.95476399323952066
  0.96887416919580627  0.98041769005069201  0.99030402722932798  1.00000000000000000
  0.64694925236586076  0.67645923436864264  0.70138619718493556  0.72534903035494969
  0.74861682003288399  0.76456469702065089  0.77865475125302819  0.79367955724587802
  0.80878205002809189  0.82310230469933920  0.83476784950017557  0.84484410090963769
  0.85231858783776782  0.85908772423737301  0.86548696324071916  0.87453067143867202
  0.88294575121791485  0.89101181786488626  0.89918810303730834  0.90687434077540041
  0.91375196029645211  0.91926192953173913  0.92434959721635490  0.92924343974942192
  0.93350695760551505  0.93724436610649420  0.93935517660236922  0.94146046928661831
  0.94366068397168845  0.94585429926498865  0.94777786788611418  0.94949127206898953
  0.95122194635416590  0.95290404895078040  0.95444449471224924  0.95563510150230546
  0.95662433456918461  0.95754045632648077  0.95840426661913103  0.95916224654467819
  0.95982603980137249  0.96037915541525298  0.96092845697635265  0.96146670821407454
  0.96205722119064452  0.96275404822956701  0.96346993281475246  0.96410223033900544
  0.96446224715993811  0.96486703777268124  0.96524423658430480  0.96562806410916391
  0.96601191716526447  0.96636362052268909  0.96667291559878554  0.96700081332357946
  0.96739297907585964  0.96783972374685934  0.96829363372609767  0.96875178952795860
  0.96924848818443232  0.96980037942471553  0.97046485465673271  0.97759883312383844
  0.98211742765330601  0.98249901159621744  0.98279232886194801  0.98302028224153182
  0.98322466466373559  0.98344324449922171  0.98367735290180169  0.98390173136167636
  0.98414255723553712  0.98439385542332447  0.98464262619072795  0.98485970273835333
  0.98509236833196334  0.98534650410063129  0.98566724051845200  0.98603814360292208
  0.98645842324300637  0.98694517003697568  0.98755143609785290  0.98824509716005782
  0.98897740723994743  0.98969637852239134  0.99040564060073011  0.99113190146560470
  0.99197707150001879  0.99281739895000953  0.99369357586841911  0.99462515143255847
  0.99563918724128275  0.99672591602119631  0.99805251482602253  1.00000000000000000
  0.14003202485791158  0.14482392566573679  0.15549453647093536  0.17287853768148553
  0.19299235858752520  0.21019339008119303  0.22450404907993207  0.23911858412183301
  0.25054826736514935  0.25549817910897155  0.25992445925987728  0.26368781404786279
  0.26790768289352834  0.27250270622993616  0.27707066351338566  0.28096763514926459
  0.28513402949475575  0.28926481519306874  0.29220623133077173  0.29476596204140937
  0.29795312502921734  0.30236560790381084  0.30642509591832989  0.30990909105832837
  0.31444049407114039  0.32082551379077351  0.32742077531750807  0.33478956761295592
  0.34373577897307123  0.35384609791111010  0.36366410513393838  0.37363609800907166
  0.38453151345698999  0.39492772912560864  0.40337123846359674  0.40946117940912941
  0.41531402792118666  0.42045261457933830  0.42565122118689563  0.43081613721101752
  0.43602897024413056  0.44193919478261134  0.44884854126233670  0.45687073022931957
  0.46642247037416190  0.47601025803561126  0.48413224115696085  0.49145204466923176
  0.49844731352809113  0.50523652341196656  0.51496545993560605  0.52272989858283492
  0.52878885299625000  0.53471561818483426  0.54044308486759529  0.54571802545226267
  0.55084295328418154  0.55588165338620066  0.56084934963765498  0.56582651297945774
  0.57113336547593252  0.57687015947485709  0.58265635997668530  0.58779271871109517
  0.59321569428383913  0.59882674253434931  0.60427522549970525  0.60990862908929433
  0.61562671266076652  0.62150002927611314  0.62997445093331128  0.63831515726324584
  0.64557201957470067  0.64938200571716531  0.65314779884234497  0.65774427445942307
  0.66275599605469071  0.66829708683285993  0.67405077702101435  0.67962139525238630
  0.68434797331823016  0.68876286269436593  0.69316027576571038  0.69738564001218217
  0.70144267664974469  0.70476675196094685  0.70862358568974071  0.71757059743219331
  0.72871604422350278  0.74088532962911768  0.75328652442138699  0.77446080682379814
  0.82022262154458481  0.86326754713487808  0.88196136011577053  1.00000000000000000
   4.4263930925478110E-039  -1.0000000000000000     
 F F F F F F F F F F F F F F F F T F T F T F T F F F F F F F F F T F T F T F T F F F F F F F F F T F T F T F T F T F T F T F T F F F F F F F F F F F F F F F F F T F T F T F T F F F F F F F F F T F T F T F T F F F F F F F F F T F T F T F T F T F T F T F T F
  <DiscreteSampler_grid>
  grouped_processes
  1 # 1 for a reference and 2 for a running grid.
  10 # Attribute 'min_bin_probing_points' of the grid.
  1 # Attribute 'grid_mode' of the grid. 1=='default',2=='initialization'
  0.0000000000000000 # Attribute 'small_contrib_threshold' of the grid.
  0.5000000000000000 # Attribute 'damping_power' of the grid.
 # binID   n_entries weight   weight_sqr   abs_weight
    13   10   7.753532362793376E-033   1.543944468871227E-064   7.753532362793376E-033
    14   10   7.753532362793605E-033   1.543944468871373E-064   7.753532362793605E-033
    16   10   1.310405315517697E-032   1.118812408060686E-063   1.310405315517697E-032
    17   10   1.310405315517686E-032   1.118812408060664E-063   1.310405315517686E-032
  </DiscreteSampler_grid>
