  0.00000000023930665  0.00000000037383767  0.00000000043391307  0.00000000049324911
  0.00000000056610353  0.00000000064418677  0.00000000071246126  0.00000000077859292
  0.00000000084673862  0.00000000091527807  0.00000000100035062  0.00000000109764804
  0.00000000119267937  0.00000000129799408  0.00000000140014552  0.00000000150300277
  0.00000000161901192  0.00000000175721956  0.00000000190300475  0.00000000202889648
  0.00000000213840051  0.00000000224918992  0.00000000237984756  0.00000000249890417
  0.00000000259385303  0.00000000267349653  0.00000000274566223  0.00000000281954485
  0.00000000290101517  0.00000000300936071  0.00000000314445005  0.00000000327563435
  0.00000000340364765  0.00000000353176800  0.00000000365884171  0.00000000378089778
  0.00000000389628113  0.00000000401575193  0.00000000413419457  0.00000000425742219
  0.00000000438881555  0.00000000453726036  0.00000000469287425  0.00000000485652664
  0.00000000503535686  0.00000000522650747  0.00000000541882936  0.00000000559308483
  0.00000000576167850  0.00000000593325947  0.00000000610292914  0.00000000624822142
  0.00000000639763686  0.00000000654293362  0.00000000668790551  0.00000000683972373
  0.00000000704357809  0.00000000721507375  0.00000000739969045  0.00000000758855387
  0.00000000777811515  0.00000000798823956  0.00000000819597506  0.00000000839786472
  0.00000000859276259  0.00000000881418486  0.00000000902423939  0.00000000924022902
  0.00000000947092579  0.00000000970139686  0.00000000992296639  0.00000001015485350
  0.00000001038042081  0.00000001060722699  0.00000001085478674  0.00000001116339076
  0.00000001152574006  0.00000001186502883  0.00000001216849816  0.00000001246952848
  0.00000001278954561  0.00000001313351477  0.00000001348085766  0.00000001382598830
  0.00000001419341427  0.00000001457901766  0.00000001506712675  0.00000001554180751
  0.00000001617355436  0.00000001696431620  0.00000001787278298  0.00000001892010506
  0.00000002010948213  0.00000002215592360  0.00000002369738054  1.00000000000000000
  0.00840181814870804  0.01917091472823266  0.03080029870004268  0.04074036869872901
  0.04942290375439536  0.05798630160423649  0.06900080084006645  0.07774107179995092
  0.08656374935225532  0.09527666173879475  0.10437373978445755  0.11565386284878426
  0.12740991330015294  0.13815603055534745  0.15008939730846174  0.16184567432489072
  0.17574247179006475  0.19168359459834852  0.20840097654780790  0.22412027868871548
  0.23611518007000448  0.24494047973703109  0.25322925941817376  0.26122675900550713
  0.26918068798084238  0.27675464438900399  0.28396338003103949  0.29136917774644983
  0.30090407488850146  0.31127575372259936  0.32088127660534582  0.33018691151210255
  0.34107342366718929  0.35211505842439739  0.36138737780800634  0.36971900846808370
  0.37865370877089150  0.38752758147418731  0.39566965342096616  0.40244300632299773
  0.40943302938415999  0.41791120205407700  0.42730090881486710  0.43569579497641148
  0.44295607031582668  0.44904624866892406  0.45613603700426014  0.46535893945070073
  0.47773276254246994  0.48925403610991219  0.49634834554714319  0.50343537862468146
  0.51121967685605685  0.51982099508685509  0.52863466139665061  0.53622734725285259
  0.54581481401371479  0.55617546785241856  0.56525361170858823  0.57352318988140805
  0.58354899251867243  0.59498624509716802  0.60707971958406826  0.61770624547414277
  0.62928982876061135  0.64212505759662131  0.65480666862739545  0.66844147928519226
  0.68546816901940866  0.70297566610612905  0.71910729812408458  0.73090721174008300
  0.73699821761382567  0.74429345567924654  0.75231235321948586  0.76168808085140582
  0.77332903120851237  0.78325049126295221  0.79206856942613824  0.80329269902855804
  0.81914683068289051  0.83529210985803426  0.85053657308855046  0.86260116635317641
  0.87373925068656966  0.88468512829281176  0.89716319364998243  0.91299509161337900
  0.92830270384019553  0.94166066861874798  0.95305781272648660  0.96314095459109705
  0.97226081490795246  0.98194001448851220  0.99125686303931848  1.00000000000000000
 -0.00000018181216285  0.00006977860093763  0.00053437090839923  0.00154620278409171
  0.00374549754664591  0.00661868159681660  0.00973416735508933  0.01291532372806143
  0.01622834868588433  0.02057967568713713  0.02576365903433343  0.03176590154454701
  0.03766523895638173  0.04429956176417064  0.05044457176663462  0.05587424427071255
  0.06113703234450105  0.06663159149011905  0.07223436552851187  0.07760021059645923
  0.08265815188000267  0.08862184455316176  0.09575637369156875  0.10302901444600193
  0.10953120444426381  0.11618244172491130  0.12340182493018996  0.13225873359510565
  0.14313652205640276  0.15451578386268125  0.16526023410151294  0.17482628439519227
  0.18357060831459276  0.19206922623693398  0.20140559769430053  0.21158149456522918
  0.22116298804427176  0.23041275508572079  0.24013914786756779  0.25120553605870299
  0.26266845998853072  0.27265386516819257  0.28220760913630394  0.29095474252992176
  0.30470499025495179  0.31947365730244154  0.33375547549581497  0.34705786093970331
  0.36004310862139516  0.37373621241857619  0.38782134918521660  0.40189073925204960
  0.41563869116258806  0.42888401343331756  0.44014116701581507  0.45104481952634451
  0.46219331998829849  0.47376659981289326  0.48495623761714152  0.49557127874488105
  0.50615159299079515  0.51787508266646842  0.53354263988161610  0.54934706987839876
  0.56447796261744032  0.57956765893881146  0.59362273695591727  0.60672259085872859
  0.62008062807102005  0.63327494980486865  0.64584055716632205  0.65854710715038811
  0.67303145029284994  0.68796379148726283  0.70358415556593845  0.71809461595314261
  0.73271631691169947  0.74784235764944762  0.76005342544855337  0.77297507439138691
  0.78672049503896990  0.80056730685356103  0.81457072609872072  0.82850466072836548
  0.84189604212647062  0.85595438188689210  0.86986019205514742  0.88354621507593445
  0.89703125469595824  0.91007394506335137  0.92379336325963102  0.93875880687666458
  0.95443876672119277  0.96998381254142441  0.98516590570284845  1.00000000000000000
 -0.00175765123308516  0.00822246870998877  0.01559528613820188  0.02375841958314042
  0.03448397956831282  0.04610018009098676  0.05672256711854270  0.06652664950610755
  0.07581458640327944  0.08308028673545470  0.09009838339766353  0.09799504202453937
  0.10708926514792330  0.11599652364958084  0.12525763819915967  0.13499735181852160
  0.14552621233879301  0.15634978761782736  0.16771540150581160  0.17917592110384511
  0.19040086121656791  0.20035965716148685  0.20948598564193011  0.21828147572817516
  0.22566457639651466  0.23217541843888256  0.23828880256031007  0.24465204452058312
  0.25390195678740773  0.26733303376274847  0.28138842053980023  0.29569522271004423
  0.31163004452418419  0.32911307055215999  0.34388625158991748  0.35737057124462068
  0.37002865468220253  0.38084505040557898  0.39238611548912766  0.40277897553726544
  0.41560131708509018  0.42727595267209434  0.43816619502277021  0.44752471499319102
  0.45663053686789584  0.46619154471043733  0.47663029641107491  0.48822358581152786
  0.49953871047247522  0.51030799750270017  0.52002002045290274  0.52855882057636461
  0.53792573496042961  0.54736258380596192  0.55677014217921650  0.56396064392519507
  0.56956354864234660  0.57518666978271726  0.58107142678183021  0.58699769830992277
  0.60279498837201340  0.61603674465967195  0.62745728061519546  0.63826690983276246
  0.64915159867708239  0.66067242971904994  0.67152071090755139  0.68258575481395434
  0.69193117289026795  0.70152912897955411  0.71125022225700119  0.72329005382673783
  0.73607057642350171  0.74979078731171511  0.76158329745334696  0.77348106238104797
  0.78548603371334558  0.79570528379656824  0.80601982875699152  0.81632524317635780
  0.82582897800409161  0.83443510757334927  0.84251121907424198  0.85001168426070839
  0.85762516708243952  0.86750619333320389  0.87831446601100793  0.88892010619984363
  0.90128787718078118  0.91453556126232416  0.92670721138491763  0.93812211851199823
  0.95123742045883497  0.96473141987094213  0.97922208353564544  1.00000000000000000
 -0.00203692694164395  0.01076444292094209  0.02134567894215080  0.03373511531219785
  0.04459256489817475  0.05611022287438544  0.06544087885254005  0.07461457589514796
  0.08388812388401337  0.09363524415590101  0.10315571867862870  0.11366062810325246
  0.12637772386783083  0.14003878313290199  0.15559536874258728  0.17045789790407861
  0.18302752907271491  0.19439412501056383  0.20459363459900648  0.21296256863392313
  0.21950540868769500  0.22486391083313134  0.22997758255792511  0.23549119743419691
  0.24328993652717965  0.25248673604352301  0.26090083487555576  0.26866580588018352
  0.27675356040529803  0.28617397658225768  0.29681218455802050  0.30824599073201570
  0.32130281107502662  0.33326615375779600  0.34411965370672759  0.35419545624890486
  0.36426780192892133  0.37384150820474005  0.38560492403303931  0.39741787507441856
  0.41021334436304024  0.42440593610062088  0.43766687663043913  0.44881841329239769
  0.46041889480075410  0.47274408202360096  0.48464692650121011  0.49585548868066803
  0.50650039091385457  0.51573320036271020  0.52900649816636958  0.54555351936334595
  0.56109222515079371  0.57435534348725148  0.58476576039071149  0.59352905792433652
  0.60224065557527662  0.61189714271003359  0.62220795758362502  0.63084122338303572
  0.63950046664035520  0.64926661758220794  0.66922427012421259  0.68369774198282363
  0.69425684269212529  0.70240085006737152  0.71072859069030236  0.71921201134578794
  0.72749997924960119  0.73658389842958261  0.74491644068374963  0.75351888275199164
  0.76315910051328928  0.77244580541270924  0.78292439787353818  0.79133810599706367
  0.80524323463099745  0.81734737619680375  0.82829251124518211  0.83789187913967889
  0.84619134638805171  0.85669348943909873  0.86804496436032041  0.87890704106010309
  0.88899325185332623  0.89961569760850080  0.91298888342698170  0.92535980801008177
  0.93758030667867476  0.94776119712907492  0.95592554318000256  0.96375629595868162
  0.97166591726337226  0.97981789943940811  0.99008557929297236  1.00000000000000000
 -0.00205236013767235  0.01013574857905311  0.01938161774704748  0.02835467423117893
  0.03684824040853490  0.04519711962930970  0.05157405399075980  0.05844322587590418
  0.06716117273062996  0.07771136166235768  0.08719778428991966  0.09644613508539046
  0.10581846362294217  0.11843535085773926  0.13221729985556915  0.14725454403723998
  0.16545641452320695  0.17518905696603734  0.18414151170963439  0.19257067759997040
  0.20149356270299315  0.21050805669512312  0.22132739128691045  0.23488399741662594
  0.24740917922038799  0.25760729133701954  0.26631756348398833  0.27436982944867971
  0.28144482458251835  0.28874331318642632  0.29713879789709197  0.30756289506602313
  0.31891724565667839  0.33097545940832213  0.34099916764596749  0.34965051968614047
  0.35865194418037660  0.36709765908195485  0.37492546675891747  0.38387064457929493
  0.39368951476265740  0.40770865523789762  0.42308564285972133  0.43672127863709248
  0.44800544307462631  0.45861850390178366  0.46972357547353588  0.48086609238605149
  0.49305283783521137  0.50531236016329295  0.51768185156601776  0.53003379576957854
  0.54149602953609843  0.55193230588881048  0.56299222183502928  0.57387190345032657
  0.58184874497731376  0.58994114306978152  0.59856984498691457  0.60893910889600400
  0.61999660731859496  0.63016215486194327  0.63934993396479811  0.64866069184982089
  0.65725554877383363  0.66528864047068448  0.67500670934551732  0.68759855288026950
  0.70068830494935030  0.71167443650453110  0.72024027156726100  0.72953502883359689
  0.73963760356228747  0.74870977975921360  0.75910389238361520  0.76840506846378021
  0.78508670426064775  0.79827308771358729  0.80886357420035992  0.81821052358859037
  0.82553282082492463  0.83375409814639201  0.84238995655809967  0.85063222928839832
  0.86541222109357907  0.88157942569940251  0.89659046158568778  0.91038197994235626
  0.92445135598013639  0.93926900794721135  0.95054353721009655  0.96074207749855078
  0.97104121997717863  0.98090408780330340  0.99049759047121488  1.00000000000000000
 -0.01280102472620794  0.09977817862717978  0.15622732837838169  0.19584594996223367
  0.22920961099591547  0.24935114411757775  0.26631390552215628  0.28283895224198508
  0.30200726090698049  0.31783330773244461  0.32897896118588638  0.34141132379297706
  0.35579395082582843  0.37009333550504847  0.38359476702938761  0.39948908559462665
  0.41744856957615828  0.43776331875226254  0.45704562226284867  0.47188163839074454
  0.48240002581580521  0.49090436209331156  0.49881798573738390  0.50697116269360498
  0.51705050980239686  0.52779757871851163  0.53799446132022100  0.54634358213431145
  0.55356750458164505  0.56190354719649660  0.57171808327839002  0.58446462770086383
  0.59731973608860012  0.60806019294318547  0.61792798689280759  0.62834663131932988
  0.63960545759721499  0.65043965199231635  0.66027690354270219  0.67043689341748802
  0.68114844034463506  0.69078667471510535  0.70050506335145257  0.70975310213318610
  0.71855427141499761  0.72737312428243095  0.73623502946941266  0.74427477550467547
  0.75174352863416738  0.75874528399364738  0.76550549881511021  0.77256763933487282
  0.77978562136902396  0.78697436360199569  0.79465353388485760  0.80288499915836631
  0.81093103223642560  0.81864699114928918  0.82597703618974194  0.83322909852659155
  0.84028807463222732  0.84680992057763305  0.85348662203008374  0.86026400052633378
  0.86673365302930672  0.87305905824712293  0.87897544679973683  0.88463240287856126
  0.89039647002061995  0.89656114909674500  0.90287141767198831  0.90913911255183677
  0.91525603347817652  0.92016636195313761  0.92404700814079077  0.92812295688105995
  0.93213950634784970  0.93602782876299417  0.93931423182460494  0.94247344643581998
  0.94565210712229952  0.94887855515009512  0.95196937895622913  0.95512842112770224
  0.95809217194959329  0.96095670354468632  0.96409703811788128  0.96794653927245244
  0.97237963103058245  0.97674241281956731  0.98066867995196583  0.98352614612746891
  0.98607324055068279  0.98917780410024003  0.99387710174950372  1.00000000000000000
 -0.00316591177112723  0.01138114989936876  0.02493625301319141  0.03931633988328805
  0.05473727483214811  0.06976281525771198  0.08289344673055694  0.09459512827260295
  0.10568752042553617  0.11491437524287815  0.12542344504715258  0.13649153003246373
  0.14996448770832838  0.16082946085823679  0.17117236045336021  0.18013542993319534
  0.18862614547040504  0.19827442553842711  0.21063085753532193  0.22255801842545198
  0.23226718948524411  0.23984922668743269  0.24774104874474234  0.25717346598756352
  0.26797738866121695  0.28212022235902645  0.29425856523997707  0.30517801125382565
  0.31611304654326461  0.32776146763546637  0.33861617616192913  0.34875792414451656
  0.35867017553276770  0.36769043122763495  0.37629790179997014  0.38354278862126356
  0.39094957998556051  0.39937175719570106  0.40809216687717065  0.41668264989068227
  0.42554373726425104  0.43506743944857285  0.44617207309664464  0.45892201165830782
  0.47128568893708978  0.48134039679142965  0.48940247082126831  0.49744027901744847
  0.50573394859897813  0.51352536457902209  0.52188802951057323  0.52963418378480620
  0.53778089314590916  0.54598704095049699  0.55525443873054736  0.56438213080721744
  0.57396652054663355  0.58432012349573892  0.59500855481749848  0.60598128990898037
  0.61462234290452245  0.62153665116243173  0.62906421044881478  0.63827597571694272
  0.64845474652275004  0.65651407940854212  0.66256531207248115  0.67157596830294186
  0.68431834793364554  0.69844078527324016  0.71261496554733061  0.72549090888863232
  0.73937035211668078  0.75264985765282844  0.76905794563428909  0.78257577546163004
  0.79472100200503615  0.80618413577286430  0.81634353693726225  0.82535686156346588
  0.83458461026516639  0.84407470869007561  0.85381696484271097  0.86544472448836440
  0.87952583310933596  0.89383995187900334  0.90461770403908781  0.91496157041263615
  0.92371491756256230  0.93232757067501804  0.94223411417913727  0.94979297755727665
  0.95867717196015789  0.96996051296397134  0.98358132048510238  1.00000000000000000
  0.64567254080462333  0.66728591984275021  0.68461454107697028  0.70966099913570091
  0.73713657065077853  0.75864751440463563  0.77735283199474492  0.79597914116260893
  0.81007428671622894  0.82143628480309872  0.83108140209198156  0.84042151987897218
  0.84870862967312977  0.85732032041741946  0.86436887789733963  0.87007175754262400
  0.87553447674305018  0.88112331694064916  0.88742897219623140  0.89383571323466104
  0.90065191933419619  0.90699875693186671  0.91236877165346064  0.91665161670805373
  0.92005308376358630  0.92314326664292112  0.92592457376886084  0.92830921278486278
  0.93054204400007201  0.93289781301526897  0.93555651764016190  0.93812719462737204
  0.94029642258139490  0.94234376901463790  0.94425159965000005  0.94583670307121581
  0.94741761353402199  0.94891212577885364  0.95039079152187655  0.95180992953792487
  0.95310600428863057  0.95431821633637814  0.95550505403968544  0.95674885223551942
  0.95784912568283020  0.95882445335417721  0.95966035428554641  0.96046599121283760
  0.96125685557476848  0.96199848237239249  0.96268952877782155  0.96330636481890852
  0.96390121611215462  0.96448180401486139  0.96503577252646278  0.96556421303733198
  0.96608075596170617  0.96660713658435016  0.96707763589359841  0.96752655720072411
  0.96795848483192615  0.96834953738743368  0.96869653563679781  0.96902548556036572
  0.96935279001678110  0.96967027415910334  0.97002713852213884  0.97043734437588880
  0.98182570476070985  0.98223485269899613  0.98255686173589540  0.98285222015965357
  0.98312785928338087  0.98342067556317569  0.98371863437312057  0.98402732632422518
  0.98436149969888764  0.98470003884342994  0.98504754320022203  0.98540255504994612
  0.98575995354470636  0.98614388055337554  0.98656229449859689  0.98705816387971701
  0.98761921462554225  0.98824495732143647  0.98892539126578616  0.98968709203665917
  0.99054160056649854  0.99135216670639326  0.99222977061756612  0.99314269002918787
  0.99427245775752282  0.99573045071196709  0.99762168856079947  1.00000000000000000
  0.11338645071179990  0.21858553752780266  0.24217931122116174  0.25215840026951286
  0.26078484290809506  0.26932277420970002  0.27753126745189299  0.28544792135067126
  0.29357422151474183  0.30123806463259201  0.30784741793202014  0.31839231590922301
  0.32942761840230156  0.34111749776086486  0.35082328663398693  0.35860132395972927
  0.36668222032480924  0.37429317524238154  0.38136320074463964  0.38888153379778956
  0.39665291517318091  0.40343337918002126  0.40956949432499268  0.41541840335272084
  0.42129385799268054  0.42742402032378646  0.43315840781711251  0.43855920024466005
  0.44324851835355555  0.44730657233108406  0.45140815140998297  0.45568654205785575
  0.45960765580897051  0.46417201738649450  0.46802519481276983  0.47151065675867665
  0.47486244948862777  0.47828192318301532  0.48257557726541117  0.48740772231164986
  0.49225102854165459  0.49706826805385518  0.50188880113762446  0.50635356372899587
  0.51010154814942055  0.51376833775787412  0.51720921771618278  0.52113721762228604
  0.52670162541743970  0.53269657327722830  0.53910614383317645  0.54544527292691680
  0.55207425575514513  0.55888283555861573  0.56568705277382381  0.57244490551268412
  0.57928116349584469  0.58596376964869956  0.59158499411119303  0.59757793668707637
  0.60369172246355252  0.61022207294109498  0.61724667282274492  0.62414500407432927
  0.63057806940396566  0.63651344273052324  0.64259435128588538  0.64941887046769642
  0.65628248031693448  0.66333924691972113  0.67068061404530843  0.67858600766094535
  0.68755905887402735  0.69734246592573690  0.70747881705070270  0.71693390455964434
  0.72631395883633731  0.73488312675889689  0.74201714721852707  0.75082809623096880
  0.76009634564462958  0.76812606772270453  0.77604283381826789  0.78404207829720951
  0.79323507896415013  0.80599187909213232  0.81535076371488724  0.82059700330168284
  0.82440589339497850  0.82932381490059937  0.83624235100004518  0.84468122112788924
  0.85418802583798215  0.86531794413791208  0.87617401543723106  1.00000000000000000
   6.0427111239853533E-027  -1.0000000000000000     
 T F F F F F F F F F F F F F F F T F T F T F T F T F T F T F T F T F T F T F T F F F F F F F F F T F T F T F T F T F T F T F T F T F F F F F F F F F F F F F F F T F T F T F T F T F T F T F T F T F T F T F T F F F F F F F F F T F T F T F T F T F T F T F T F
  <DiscreteSampler_grid>
  grouped_processes
  1 # 1 for a reference and 2 for a running grid.
  10 # Attribute 'min_bin_probing_points' of the grid.
  1 # Attribute 'grid_mode' of the grid. 1=='default',2=='initialization'
  0.0000000000000000 # Attribute 'small_contrib_threshold' of the grid.
  0.5000000000000000 # Attribute 'damping_power' of the grid.
 # binID   n_entries weight   weight_sqr   abs_weight
    13   10   4.311537477364671E-019   8.226377211293884E-037   4.311537477364671E-019
    14   10   4.311537477364438E-019   8.226377211292809E-037   4.311537477364438E-019
    16   10   2.873255704852191E-018   6.961087777279985E-035   2.873255704852191E-018
    17   10   2.873255704852391E-018   6.961087777281051E-035   2.873255704852391E-018
  </DiscreteSampler_grid>
