  0.00000000017548253  0.00000000081630759  0.00000000124113395  0.00000000159031543
  0.00000000188659027  0.00000000214763353  0.00000000238895631  0.00000000262435924
  0.00000000288325570  0.00000000317428172  0.00000000339785581  0.00000000359125056
  0.00000000377888289  0.00000000396736807  0.00000000415375869  0.00000000435396438
  0.00000000455752716  0.00000000476245374  0.00000000496154773  0.00000000514643379
  0.00000000532043386  0.00000000549131614  0.00000000566408493  0.00000000581872234
  0.00000000594610993  0.00000000608425915  0.00000000621297714  0.00000000633553344
  0.00000000645433619  0.00000000657391764  0.00000000670408526  0.00000000684115100
  0.00000000697867542  0.00000000711634565  0.00000000724310781  0.00000000737681060
  0.00000000752844161  0.00000000769966669  0.00000000786573694  0.00000000801535941
  0.00000000815106184  0.00000000827897565  0.00000000841459628  0.00000000855876912
  0.00000000870997692  0.00000000885891567  0.00000000900450477  0.00000000913872648
  0.00000000927152499  0.00000000940082474  0.00000000953734297  0.00000000969100942
  0.00000000985794411  0.00000001001577740  0.00000001016198961  0.00000001030845661
  0.00000001045243454  0.00000001059968622  0.00000001074554368  0.00000001089047696
  0.00000001105024522  0.00000001121771032  0.00000001139759430  0.00000001157325764
  0.00000001175274193  0.00000001191913105  0.00000001207684601  0.00000001223079952
  0.00000001238379393  0.00000001254655947  0.00000001272755526  0.00000001292222163
  0.00000001312075726  0.00000001330855432  0.00000001349740280  0.00000001369751367
  0.00000001392267754  0.00000001417043352  0.00000001442425310  0.00000001468022108
  0.00000001494453222  0.00000001521824733  0.00000001547693637  0.00000001573989814
  0.00000001605422222  0.00000001646749533  0.00000001695072393  0.00000001742355916
  0.00000001792205019  0.00000001845033765  0.00000001901273782  0.00000001969626345
  0.00000002061650359  0.00000002220607151  0.00000002383800016  1.00000000000000000
  0.01000518416610362  0.01481309804151036  0.01980256626410962  0.02560364480236972
  0.03035080450755071  0.03576642279709194  0.04341842528276396  0.05454075744101346
  0.06658591120468352  0.07666176969174020  0.08709506720265134  0.09695569396807266
  0.10671644926222733  0.11550722627511145  0.12462116608828502  0.13342828269015944
  0.14284875381352352  0.15283404303636444  0.16171350318032429  0.17146384768801928
  0.18396113376397213  0.19894618238173256  0.21237507673066156  0.22606893951870724
  0.23815080737883762  0.25067743313191176  0.26348436850864854  0.27660990258534418
  0.28984457668190960  0.30304064738320657  0.31625225714371213  0.32850871066203363
  0.33859904971125326  0.34710224757178876  0.35568445737996085  0.36471168857294689
  0.37481822057511310  0.38575998721512794  0.39737125783859506  0.41150840580868731
  0.42356249469669727  0.43467426828612837  0.44337544101759852  0.45216920959289841
  0.46139383873566164  0.47086002585737424  0.48181483668243014  0.49465949074465365
  0.50837903763319314  0.52133519488331348  0.53388513486647105  0.54596997073480735
  0.55724204993162985  0.56830521800618328  0.57935688215494408  0.59081481349756781
  0.60236680593990533  0.61414369914447242  0.62621410493722318  0.63834912864494608
  0.65057588409665001  0.66234083536800048  0.67450026342930358  0.68740146353811560
  0.70066090482340648  0.71468910390489526  0.72866567293096351  0.74234397101977501
  0.75527414227585454  0.76707390568505396  0.77804508018602081  0.78862851035674297
  0.79933976408088259  0.81020864247881241  0.82092227785443528  0.83142660195907936
  0.84142731532314063  0.85111425762754533  0.86083641706918679  0.87087234995557183
  0.88087405589789503  0.88912193049572508  0.89692526215470969  0.90389177583751734
  0.91203511126248493  0.92199824876440928  0.93209568983765900  0.94248592055661762
  0.95183737332020391  0.95941796950114167  0.96612978383639203  0.97353794767446900
  0.98103450231324218  0.98661511183115180  0.98974088225643586  1.00000000000000000
 -0.00001414056970829  0.00079839489550024  0.00370825258310674  0.00693143378021600
  0.01125676504178360  0.01634846273776134  0.02264784422891314  0.02879702949182561
  0.03568261887873366  0.04317686669845477  0.05016440536550977  0.05706240699756278
  0.06488075803189894  0.07387058885006892  0.08254011170273105  0.09180975794475980
  0.10160207920680454  0.11241655530279715  0.12382349349471859  0.13527042239444984
  0.14695022861061974  0.15858983850062289  0.17026016958972323  0.18257977163557865
  0.19656895051142093  0.21015198596861256  0.22325674583246885  0.23619582578700754
  0.24941508540328125  0.26324893945504391  0.27738870276309707  0.29041561179979031
  0.30210170419749832  0.31371575372023863  0.32449222440872005  0.33499066914581860
  0.34523448286128611  0.35595324806868861  0.36649907044512847  0.37509392745474190
  0.38359860009773367  0.39198471212379665  0.40026836649047853  0.40885984232997674
  0.41706260674067186  0.42450904397431116  0.43197965240480884  0.44061320378371732
  0.44988598452787143  0.45973231191853964  0.47072004531944350  0.48186024757099521
  0.49299847571041056  0.50402929457422818  0.51451598329688553  0.52406983260465101
  0.53280244782629882  0.54186124591385620  0.55250713513597760  0.56318865955492881
  0.57342299669836783  0.58336361728719166  0.59347874128775879  0.60437332344409456
  0.61555109545618691  0.62634024803095711  0.63693317280397221  0.64653874279007717
  0.65601886087797490  0.66558003953351275  0.67500498966429678  0.68509650426300328
  0.69425580809191312  0.70462049015078831  0.71549394417484335  0.72729830189996958
  0.73897761043494103  0.75023964556624922  0.76207608277422323  0.77432708510977688
  0.78635901984458423  0.79793181828276949  0.80860580476621646  0.82047628017468832
  0.83428383202028400  0.84865230891564436  0.86249045275948744  0.87639554699380340
  0.89033368147370417  0.90456939896559141  0.91981095022317660  0.93538315693920404
  0.95132422991850218  0.96746530969293132  0.98371312001211120  1.00000000000000000
 -0.00330595611698098  0.01225303466421211  0.02532547458228681  0.03777875279965748
  0.04918090099422699  0.06004002492870055  0.07135624728759817  0.08210203892490602
  0.09041832786141477  0.09779235343291962  0.10580302413315440  0.11444844757971120
  0.12308428057215011  0.13172212924305579  0.14010610430691101  0.14838774180813821
  0.15680168241358361  0.16559427158095355  0.17579758763511882  0.18640808061714928
  0.19680064537082378  0.20793055427811252  0.22013703393385045  0.23238778319330927
  0.24459790631793138  0.25736172468107521  0.26932230665141593  0.28236861855650403
  0.29457265776639990  0.30688989907777858  0.31950665064087286  0.33139555859981079
  0.34570709548398437  0.35934722983421852  0.37130006941495469  0.38217920485548673
  0.39241498663784841  0.40117721775338561  0.40869359078413786  0.41565500672989664
  0.42324881122866337  0.43237340998754498  0.44180923109674847  0.44995276546738594
  0.45844183600322547  0.46858664731173166  0.47991204896267176  0.49112982997665938
  0.50223786725141073  0.51431365757220249  0.52699535895141203  0.53997892185531582
  0.55136171307559390  0.56208673670240750  0.57252271837501023  0.58260898227467106
  0.59247586976329070  0.60248808537518961  0.61310100695508252  0.62366326354761492
  0.63245914535119419  0.64039994000573952  0.64879933987664995  0.65735890809357689
  0.66547876058140965  0.67371802573059192  0.68199564199662444  0.69041427476591477
  0.70361344972044915  0.71708785800126884  0.72844325982073732  0.73928564459551693
  0.75027436579442941  0.76112502121574177  0.77003680225023341  0.77665465786150989
  0.78435836328412234  0.79251385055377210  0.80025848280886314  0.80829412646530896
  0.81675986423546398  0.82474339219735771  0.83346807347629737  0.84531679436067886
  0.85835090974439610  0.87062036282571231  0.88330646707063432  0.89542371061878845
  0.90912544082450475  0.92258950720165123  0.93527161175119955  0.94749485227237507
  0.95967283482107968  0.97228299530353612  0.98567330238575446  1.00000000000000000
 -0.00258370245194490  0.00929493072570976  0.01960268260965057  0.02963931532648575
  0.04058373407889750  0.05148649806532763  0.06257305242004343  0.07328816474382081
  0.08384017174067597  0.09514816349324473  0.10768011048769723  0.12139679505664043
  0.13628274940377194  0.15185926816573977  0.16710201886191650  0.18091071231300293
  0.19349504619582888  0.20566394489984360  0.21779774388438239  0.22964752883489215
  0.24125536109030801  0.25341192049214972  0.26442541797188668  0.27799722430182794
  0.29087265961473874  0.30300602301496460  0.31586523563981034  0.32866392384959559
  0.34072420826330208  0.35238616758224339  0.36405148526150749  0.37690954360219164
  0.39132841744184049  0.40681118915270370  0.42344294878859939  0.43637065626612453
  0.44656978261951585  0.45604606172566248  0.46561654935330449  0.47589410162499923
  0.48581417938525912  0.49596763880813394  0.50667072818821968  0.51736870825101433
  0.52806149275103009  0.53782270479882155  0.54699065067518771  0.55643614965163379
  0.56594486452713189  0.57484295662107876  0.58291878405937392  0.58960665848945060
  0.59609227554285860  0.60126737368427186  0.60672063866123949  0.61425957906572215
  0.62181835648953643  0.62914611293272837  0.63693265499388751  0.64486361715121887
  0.65349355682587440  0.66283900798634177  0.67298749431221283  0.68328658840683254
  0.69288677279024924  0.70514936159654251  0.71686215505254625  0.72743843676574216
  0.73690868974662171  0.74642484347867377  0.75424770941836805  0.76174326274960047
  0.77021924156948873  0.77824309840526507  0.78586295097450398  0.79274639819794113
  0.79977218567278674  0.80775716114526808  0.81669110306140924  0.82572529094118952
  0.83473426504808124  0.84414826299926371  0.85377938160963684  0.86205550008554044
  0.87092647642315080  0.87966638170803813  0.88798531739216668  0.89716019968930516
  0.90858891573947709  0.92211579094795137  0.93596444086116648  0.95077839500890693
  0.96632694799672236  0.97937560986082894  0.99044810212174117  1.00000000000000000
 -0.00392025635298605  0.01274004130070032  0.02619049065072525  0.03785814106428693
  0.04958521397816840  0.06150289376518599  0.07306761345061720  0.08481084819064966
  0.09748246298587226  0.10915663764049248  0.11950118961526732  0.12870737760853115
  0.13710604866589252  0.14586844464252380  0.15499981839139401  0.16599054267986921
  0.17888212742929452  0.19173758285745601  0.20382501158098026  0.21585731602799965
  0.22768198362724121  0.23736877699600142  0.24486997077857833  0.25181557034525337
  0.25696391647505551  0.26374004614760332  0.27109866315163145  0.27912830645593056
  0.28746642240005593  0.29634633915484893  0.30389994704182421  0.31108092417479116
  0.32070894337744421  0.33282926921493405  0.34243830106383061  0.35242297321124166
  0.36362560201058775  0.37546744553279621  0.38725364048047861  0.39932183045893338
  0.41257112119726896  0.42280049802371983  0.43092035177782340  0.43987504461521759
  0.44872663575207544  0.45732337975962079  0.46617364251150906  0.47572851787782566
  0.48729765218170251  0.49857992488958874  0.51119358326740427  0.52077212338179546
  0.52779404645188444  0.53526522134123711  0.54263272209609537  0.54957144500674804
  0.55614101155920503  0.56265481871358713  0.56942917279811256  0.57582378019381564
  0.58285848830191411  0.59374526981469455  0.60650173208762048  0.61990515656575607
  0.63311454891304575  0.64526370989053894  0.65618611440858532  0.66646604754893080
  0.67614703986150204  0.68556201247216431  0.69535830878293359  0.70554553354331218
  0.71591425511552864  0.72724802716306802  0.73903713000848847  0.74978293990659473
  0.75967640437088968  0.76903235316794449  0.77859257743831922  0.78867519684016940
  0.79908525877948988  0.81022391504528313  0.82212826858859711  0.83443818961370420
  0.84744921043211829  0.86060600733152159  0.87529770794387585  0.89066790331373302
  0.90568388783810472  0.91980947457638318  0.93337106406631176  0.94698896722514925
  0.96031656572428337  0.97383728423717686  0.98702232127526435  1.00000000000000000
 -0.00730149955812225  0.14187496892970972  0.21799708133697221  0.26416976101948947
  0.29969862489636689  0.33047681301566290  0.35700869022170212  0.37973222338737567
  0.40249813348139601  0.42453738740491104  0.44598897646687063  0.46289108278054153
  0.47891691787511309  0.49565696388820646  0.51523018931215125  0.53296581448487257
  0.54727592134093050  0.55795077494898826  0.56922950502677516  0.58061156980000483
  0.59077830846458923  0.60036510983466151  0.61024884121634348  0.61998105968764883
  0.62981368506392621  0.63871036103931511  0.64751790857582370  0.65905103835118084
  0.67048879255056326  0.67978692594128365  0.68910589919260556  0.69778242976061189
  0.70610586810358922  0.71436893035839943  0.72199328306200539  0.72939896879276889
  0.73682926838082552  0.74452171818904522  0.75223926968339605  0.75980337463640091
  0.76747986557781867  0.77524091335518719  0.78262875000691556  0.78957996876691672
  0.79572091427569669  0.80142222357798920  0.80737001737022140  0.81325819281445855
  0.81834795548081407  0.82391779849274649  0.83025174375730471  0.83632689714024688
  0.84218612869691523  0.84795382611265890  0.85367183434121474  0.85922009987003301
  0.86513142142355515  0.87095418349057663  0.87602429666415671  0.88006663247842376
  0.88377975464936298  0.88761139421233748  0.89142932720943802  0.89540065829631543
  0.89990469147439234  0.90441882026381704  0.90839965221301500  0.91217399132428290
  0.91571792030097121  0.91850310656713963  0.92107691584349760  0.92396459350163929
  0.92754341626455683  0.93007989866419283  0.93229465322103422  0.93460021915227431
  0.93745633654522720  0.94100148049273458  0.94442337008783372  0.94749720959887751
  0.95039249138548887  0.95322671955308491  0.95606561955954894  0.95843846060734883
  0.96080809699532332  0.96305296739884549  0.96520501061642305  0.96746207326191858
  0.96983994430312981  0.97239406145136087  0.97493380045279054  0.97769525414471248
  0.98081897701238507  0.98529971576868602  0.99163063444604527  1.00000000000000000
 -0.00245136990136642  0.00895947104159359  0.02018852765245568  0.03112337722837320
  0.04227751885547624  0.05084591025585074  0.05951704636095739  0.06767023268273643
  0.07512419478337204  0.08266595431266920  0.09065831202237351  0.09996637236781590
  0.10968194952920551  0.11936881071015180  0.12955188618132857  0.14102633944683682
  0.15378176422364215  0.16896648424640953  0.18095208305213384  0.19332621539055139
  0.20450178514273168  0.21327642903259383  0.22191570455115375  0.23107449069170161
  0.24042255864186596  0.25029063429142612  0.26114353545708402  0.27217960356851101
  0.28392252061766415  0.29706141146372739  0.31056639974253675  0.32314753245875255
  0.33544451558198718  0.34806756268257089  0.35970515563087130  0.37076463666235593
  0.38164864515441255  0.39331415792330937  0.40494691710800024  0.41849701184583066
  0.43270262304992790  0.44712618840842838  0.45850361106260118  0.46530779292315183
  0.47207452871071304  0.47892397342686732  0.48598984491552499  0.49277957918793547
  0.49950420047038507  0.50591033805605090  0.51213939485806748  0.51774088098019733
  0.52618222493374978  0.53880451116765493  0.55346363441823176  0.56917342095783074
  0.58374737408005017  0.59488889962083591  0.60492452797251761  0.61564882562127665
  0.62641607977276859  0.63695895265406188  0.64785100866314604  0.65881917550491664
  0.66941513277665066  0.68054404835639759  0.69142902607757228  0.70270364412458963
  0.71655448812670641  0.72904488695617820  0.73796612606373690  0.74611412279500355
  0.75508771723207946  0.76496903947144734  0.77488945246722452  0.78436297885690887
  0.79350306037335505  0.80364830107346763  0.81378101406741554  0.82387906267003863
  0.83341691530450190  0.84256438181089810  0.85097726519632144  0.85991047907754625
  0.87019531580058551  0.88059981043861757  0.89189757472916431  0.90392440559191534
  0.91556941246650614  0.92706353544021847  0.93969376426570195  0.95232117513336279
  0.96500534359286771  0.97706138653600838  0.98880157396504864  1.00000000000000000
  0.64006273633946764  0.69036845574441785  0.72540928361961832  0.75628927871900875
  0.78065736057785462  0.80215308281909570  0.81971775258368196  0.83522072857255880
  0.84616542191807165  0.85750837433798377  0.86885121854169578  0.87883926448918170
  0.88718720430816722  0.89402548718582653  0.90061867297168308  0.90737882675044856
  0.91355839838135655  0.91846700482801347  0.92243959950290211  0.92608960224188019
  0.92977555779679966  0.93364772963231868  0.93706365647509926  0.93933527709125619
  0.94127012293277956  0.94329522342732608  0.94518243998744345  0.94687911921914136
  0.94846900646113141  0.94993057936181891  0.95131882006077839  0.95273736039262413
  0.95413466380704004  0.95535861431825653  0.95640400239004342  0.95735533064774037
  0.95823629747648709  0.95905415174470587  0.95984613554656151  0.96062674822578298
  0.96137120021284828  0.96206881667909849  0.96273873729992399  0.96334629339527933
  0.96392118791461601  0.96446952226422433  0.96497294582925530  0.96543833624898989
  0.96589352814230744  0.96634562896876974  0.96679727852800568  0.96722263116148322
  0.96763719635066703  0.96803558740588458  0.96841254630416351  0.96876538801991618
  0.96908748123701360  0.96938998494857398  0.96969834333736560  0.97001437307545713
  0.97040622225973849  0.97090810327836996  0.98173797336435498  0.98213939766917924
  0.98240250987248334  0.98262920776193818  0.98283838670242174  0.98304257376468529
  0.98326284333816949  0.98349239121905041  0.98373186361461695  0.98398292061547044
  0.98424782151264534  0.98454770493933108  0.98486451069510428  0.98519715710382816
  0.98554752062134132  0.98591879704500685  0.98630241624204529  0.98665078502762937
  0.98700635930273917  0.98738860941409878  0.98782431780515745  0.98830350050184324
  0.98880126687526049  0.98930159800341644  0.98986315771057454  0.99049374120312228
  0.99115427652970556  0.99185811062169738  0.99263748274577601  0.99353789037426310
  0.99457848940663052  0.99585086887924401  0.99752378255808105  1.00000000000000000
  0.00361824968369300  0.15884030398897664  0.24729933410102459  0.28507345013814567
  0.31750352358395412  0.34059195641898976  0.36062493961525771  0.37809486628693334
  0.39512387357705175  0.41011796880303902  0.42418975107771623  0.43762692683993065
  0.45022918201069861  0.46234740506352057  0.47429348090802176  0.48665358104092155
  0.49853401212888160  0.50867951172136305  0.51804440069686364  0.52571210963616610
  0.53224111985083800  0.53909341124240928  0.54577294182990455  0.55231553297551006
  0.55880867464976891  0.56472265824540235  0.57025510225166065  0.57622839265448844
  0.58298879448486141  0.59166825628183517  0.60110197306251245  0.61007685804578249
  0.61864720027368980  0.62717191848482068  0.63556732974636165  0.64305041553240083
  0.65000573322912314  0.65681599843604865  0.66312326278188072  0.66886782355502949
  0.67442492984183322  0.68011132049585632  0.68560942759552357  0.69076298654555235
  0.69561145471059105  0.70020109424467614  0.70470847883687870  0.70928199036232742
  0.71398618960084281  0.71884338370779810  0.72365456165222763  0.72840604229641748
  0.73248769588561946  0.73619870173339863  0.73953223255292710  0.74254885560126405
  0.74533985901658417  0.74791199067676939  0.75043704058417704  0.75325021417112181
  0.75576540008143367  0.75817341623618639  0.76066945425091248  0.76369806659041195
  0.76649865217868707  0.76898796542471848  0.77131801656177323  0.77389674727853530
  0.77662741485385955  0.77902167494806351  0.78131900611196603  0.78359076230259073
  0.78628427680291757  0.78913902280116155  0.79153417102927304  0.79502845361063967
  0.79879735573545663  0.80289549533252924  0.80731958019044214  0.81202296795890783
  0.81692127506769241  0.82175733955651087  0.82652814281317843  0.83132455185718090
  0.83636338896946960  0.84202921601600556  0.84863383036157025  0.85551130893222138
  0.86243608988831633  0.86890537440465621  0.87666056705847761  0.88627917965887726
  0.89721206207937643  0.90816981772035565  0.92093440495373502  1.00000000000000000
   1.5038940396871705E-032  -1.0000000000000000     
 F F F F F F F F F F F F F F F F T F T F T F T F F F F F F F F F T F T F T F T F T F T F T F T F T F T F T F T F T F T F T F T F F F F F F F F F F F F F F F F F T F T F T F T F F F F F F F F F T F T F T F T F T F T F T F T F T F T F T F T F T F T F T F T F
  <DiscreteSampler_grid>
  grouped_processes
  1 # 1 for a reference and 2 for a running grid.
  10 # Attribute 'min_bin_probing_points' of the grid.
  1 # Attribute 'grid_mode' of the grid. 1=='default',2=='initialization'
  0.0000000000000000 # Attribute 'small_contrib_threshold' of the grid.
  0.5000000000000000 # Attribute 'damping_power' of the grid.
 # binID   n_entries weight   weight_sqr   abs_weight
    13   10   5.737361091252310E-024   1.441123970109587E-046   5.737361091252310E-024
    14   10   5.737361091252265E-024   1.441123970109563E-046   5.737361091252265E-024
    16   10   2.850040818611905E-024   3.733840335977796E-047   2.850040818611905E-024
    17   10   2.850040818611881E-024   3.733840335977721E-047   2.850040818611881E-024
  </DiscreteSampler_grid>
